"CUS_ID","F20-","F30","F40+","M20-","M30","M40+"
2501,0.0992032731390902,0.461929569635183,0.0905308487249212,0.0482418515518032,0.156136822527657,0.143957634421345
2502,0.0344054353738704,0.140915821247723,0.184372327135271,0.0714443363265019,0.372537565036755,0.196324514879879
2503,0.0615095969734403,0.325459555318505,0.0730495187347269,0.0875282321655452,0.321239904571464,0.131213192236319
2504,0.317262271688532,0.164926275279871,0.154249503965767,0.136652694136566,0.121769808340807,0.105139446588457
2505,0.0342357724491864,0.13004196585956,0.178723155998681,0.0574087758127311,0.178479022033225,0.421111307846616
2506,0.0262006646206367,0.312285530035004,0.110214625015604,0.0271419005432049,0.258712590272539,0.265444689513011
2507,0.0167315624418166,0.0399274506005723,0.0902230912508647,0.0285895429528296,0.202386686026267,0.62214166672765
2508,0.00899630832121374,0.038504388928213,0.0505739568359002,0.0320404877394518,0.425290843382672,0.44459401479255
2509,0.0201078608475011,0.045802923145779,0.15503423279982,0.0393346515677694,0.174621512452035,0.565098819187096
2510,0.0174490267950473,0.0746492816298284,0.0511537195882169,0.0410609644959141,0.344552272106462,0.471134735384531
2511,0.638655858474838,0.0958481758425,0.0713837785151908,0.11675021227243,0.0548016907909528,0.0225602841040886
2512,0.054160620492661,0.187103823035278,0.0913120930350979,0.124190460877846,0.424346442322497,0.11888656023662
2513,0.00830119109608256,0.0342849896755926,0.107627337202028,0.0403221651689824,0.280246908947607,0.529217407909707
2514,0.115190648817999,0.585647225345222,0.0577302595199383,0.0344110193530464,0.151334959068016,0.0556858878957782
2515,0.0176561470975545,0.0498915906538226,0.11667421423839,0.0454311101976017,0.176244382816841,0.594102554995789
2516,0.0703979774319547,0.124787209675871,0.0774327261976424,0.129355972204952,0.343805521383646,0.254220593105933
2517,0.0397843982222973,0.331855130403262,0.123701743041024,0.0175212749255541,0.195824193654737,0.291313259753126
2518,0.450370980787918,0.238587662132777,0.0943367039120233,0.0574914225054329,0.0906452897063645,0.0685679409554841
2519,0.0427825833880645,0.830032645042201,0.022228868202308,0.00984782465951303,0.0625291669151166,0.0325789117927964
2520,0.0265706815020264,0.0507271370964876,0.02315429961341,0.0920729999486605,0.646964640777798,0.160510241061618
2521,0.0465664621030646,0.0875638511786647,0.32515208337193,0.0653060176166334,0.148202386068565,0.327209199661142
2522,0.336086358380225,0.221778945714746,0.172103176297811,0.0753913178587489,0.131329109329018,0.0633110924194512
2523,0.0607033852441075,0.409389447736997,0.0873805487244784,0.0217884234241651,0.267581397239042,0.15315679763121
2524,0.0672279470991796,0.151352669027792,0.23094154877228,0.0695204082143032,0.179045328629406,0.301912098257039
2525,0.116211912413051,0.0701529129425433,0.0821984762594175,0.36258601841123,0.306628519684272,0.062222160289486
2526,0.0993859337021413,0.200570539261075,0.0823867247605396,0.112478491695642,0.340982377301618,0.164195933278984
2527,0.514538581047068,0.18013864462045,0.0942343958574165,0.0505711114751314,0.100118861316731,0.060398405683203
2528,0.00924712077441486,0.0292800647499083,0.0666186382379946,0.057403213461896,0.223308447482247,0.614142515293539
2529,0.0639965552051342,0.0839260280395017,0.298953115059465,0.0726538440480503,0.120166797282081,0.360303660365769
2530,0.00565574336870916,0.0318458424671309,0.16151581432769,0.0286151446409127,0.122440424689494,0.649927030506064
2531,0.0371794867212284,0.146899921869409,0.154856319417525,0.091852330610621,0.284276269514736,0.28493567186648
2532,0.037306846646158,0.160377064686082,0.144198573937436,0.0666690851911753,0.258759862798483,0.332688566740665
2533,0.00571502256737621,0.016663285417035,0.0610991620868121,0.0122684977382508,0.0320788860691531,0.872175146121373
2534,0.247071114236953,0.0696607273890433,0.054014362556856,0.447770643826651,0.11185029942623,0.0696328525642673
2535,0.0471079137006018,0.116962047921591,0.135203111273184,0.0607187653897337,0.20201696946477,0.43799119225012
2536,0.137105143792687,0.242901116194218,0.127693646864039,0.0619433103788368,0.189143543499142,0.241213239271077
2537,0.0447014924453782,0.729442324925642,0.0829933671264586,0.00971367206222937,0.0744834221071687,0.0586657213331235
2538,0.237690762642822,0.126206823965784,0.072037470245407,0.100648626697289,0.286128155926925,0.177288160521772
2539,0.163392689121331,0.264280007643137,0.203674968041546,0.0490767609560335,0.167715803578189,0.151859770659764
2540,0.36141328224702,0.182867721988819,0.048522817475233,0.144743063122288,0.221304656802907,0.0411484583637329
2541,0.172118027029712,0.0681443024626427,0.0313812282639739,0.317995053274204,0.331476569943366,0.0788848190261022
2542,0.116148216057253,0.452774651239035,0.0814626351782252,0.0397754138530136,0.233628725929766,0.0762103577427078
2543,0.012968531666009,0.0291802196948506,0.0763357946275355,0.0131366446990064,0.252026625324537,0.616352183988061
2544,0.0986579891483379,0.143561800355742,0.116905101742218,0.249902211884601,0.152433652513618,0.238539244355482
2545,0.0269031312613237,0.31590521980985,0.0485466527155824,0.0148561512516775,0.378967833696612,0.214821011264954
2546,0.0353164779483127,0.0317108436856109,0.0115963818451626,0.242506357690582,0.598743532172949,0.0801264066573835
2547,0.111379920513943,0.185919865141578,0.226732690674193,0.0645708347262534,0.200124939544542,0.21127174939949
2548,0.0657341684017336,0.0929803111800056,0.115646558955974,0.23297526402004,0.383314995537633,0.109348701904614
2549,0.00852819937606188,0.0328656280107255,0.0448642313127768,0.0553239651178705,0.320088002619138,0.538329973563427
2550,0.0169244879871696,0.0262748952812885,0.0166096536885145,0.169834571018739,0.606634767260347,0.163721624763941
2551,0.113038767243656,0.205744378485675,0.076094439911168,0.170778780027047,0.251557675265606,0.182785959066848
2552,0.141182672620642,0.365098970290333,0.149685089828389,0.0681095673620392,0.117587048889855,0.158336651008741
2553,0.449995533911578,0.223675703431536,0.0437832092796782,0.126274483116254,0.132633579267302,0.0236374909936519
2554,0.0956507887498003,0.202452741878023,0.0971271761182577,0.138364115398506,0.366538782443107,0.099866395412307
2555,0.0208239739247685,0.0805194463505837,0.072889503790149,0.0565176400442573,0.546632484619215,0.222616951271026
2556,0.081435044050705,0.284116026987208,0.265931190727606,0.067171483297492,0.159102343155567,0.142243911781422
2557,0.311016856556474,0.241136713240931,0.286944416506401,0.0586199271358672,0.0708623445617708,0.0314197419985568
2558,0.0429395328002309,0.114967607112444,0.559398658924788,0.0482241182200894,0.115224646698763,0.119245436243685
2559,0.0648763102160988,0.470840739883135,0.146108675768374,0.0355222702848616,0.102850496231452,0.179801507616078
2560,0.00939071178661713,0.0847747146113479,0.0962516187839353,0.0305460622842306,0.161171502501962,0.617865390031906
2561,0.0286319699582752,0.0863241562811495,0.150163033495542,0.0315640051311512,0.13312342303434,0.570193412099542
2562,0.317630675112402,0.403174282810758,0.0468235118652781,0.037398832792765,0.165976238378685,0.0289964590401125
2563,0.225350585464737,0.199659856368342,0.24501509245222,0.109525410908715,0.116857326129987,0.103591728675999
2564,0.156104126420837,0.0783611799311675,0.0854010262813366,0.275286303123849,0.269046060863937,0.135801303378873
2565,0.0170411414256669,0.0545957735327664,0.078379548147352,0.0389053740711848,0.196538837773683,0.614539325049347
2566,0.0151268589448944,0.0352691869844087,0.0925428200960207,0.0977224693444658,0.263203606940279,0.496135057689932
2567,0.0360583758866954,0.134733347093193,0.120082769791135,0.0710428322606091,0.148849218683176,0.489233456285191
2568,0.00960725790148834,0.0495498441570513,0.0884722731052078,0.0340139349506918,0.228461099549337,0.589895590336224
2569,0.025759289038235,0.0945515012868502,0.217262331712346,0.026231416822918,0.193109214414035,0.443086246725615
2570,0.0366028465981653,0.51765925891249,0.10014226173251,0.0223083407230678,0.166402751514538,0.15688454051923
2571,0.122616538195783,0.0773157050383996,0.0393132387052679,0.33420451087971,0.300660263407284,0.125889743773555
2572,0.0854598896769262,0.111517106308473,0.311704763468709,0.157115898647123,0.128468863430934,0.205733478467835
2573,0.0861066962095954,0.340054219386025,0.103371856901688,0.0452327787606975,0.228019065133586,0.197215383608407
2574,0.0334325082719863,0.0577820588603442,0.0394419262995368,0.377615590064888,0.406070919203304,0.0856569972999406
2575,0.0227085064351853,0.0315196725737396,0.0173881166915166,0.157005073281325,0.664575348339654,0.106803282678579
2576,0.273634496525328,0.312610622117754,0.147364375361951,0.0747481416933374,0.101017295674239,0.0906250686273913
2577,0.0421784282655673,0.24991321212439,0.279309591316546,0.0314816357044396,0.161925775776883,0.235191356812174
2578,0.00350129055004394,0.0122979825222708,0.0478881436395773,0.0145439418564174,0.0630000156122165,0.858768625819474
2579,0.253347785225431,0.204640137295882,0.313877925335547,0.0398944562542635,0.0952398299738986,0.0929998659149769
2580,0.0729027011388012,0.276800749205604,0.163316033148105,0.036215782789956,0.192110127962364,0.25865460575517
2581,0.0168011329204426,0.051582408541571,0.0826718608282905,0.126585577300282,0.452092127703683,0.270266892705731
2582,0.110246775617828,0.584560525432833,0.0564134391036744,0.0316828704714449,0.164470613369026,0.0526257760051941
2583,0.0496463659002462,0.579840803510118,0.171823652543739,0.0171590913393831,0.104177737345012,0.0773523493615025
2584,0.243022664864877,0.648990151528652,0.0297103277677688,0.00948834453765734,0.0501840622310903,0.0186044490699541
2585,0.0248645365076988,0.0636720701260649,0.0829683206241625,0.0772356475227908,0.418920076039748,0.332339349179535
2586,0.0460463808511879,0.284572874953349,0.142186243368073,0.0423487665302286,0.17659154443799,0.308254189859172
2587,0.18013195813109,0.0878527010149903,0.0728931706095793,0.241409348646426,0.308417275299849,0.109295546298065
2588,0.0423620872961411,0.0373178365171162,0.0324841421744021,0.150720024086352,0.63007244316082,0.107043466765169
2589,0.0398918510837493,0.0863822131126687,0.0525089847852989,0.135478382666657,0.561086470456164,0.124652097895462
2590,0.0117695282646836,0.04980276332867,0.124092859834451,0.0611154081590218,0.167822028784258,0.585397411628916
2591,0.0852644229335443,0.120451671016817,0.25018473164119,0.0719463109008854,0.0955127490777026,0.376640114429861
2592,0.0234210504624563,0.0576930816805131,0.0396175235324948,0.127150093478382,0.598427869096343,0.153690381749811
2593,0.187923464159018,0.242913319296429,0.0796624526066645,0.199069562489404,0.185404813268848,0.105026388179636
2594,0.0317731872250839,0.0577464235381499,0.0638541013791582,0.0303389731630041,0.371351348440352,0.444935966254251
2595,0.105231991771921,0.123514675317524,0.194220180596118,0.149217673595632,0.178582219177355,0.249233259541449
2596,0.760594755350786,0.0789810674812172,0.0169483607514903,0.0991593010627763,0.0355719520844538,0.00874456326927606
2597,0.0116591593803911,0.0448872356754452,0.182103280136494,0.0390776904892471,0.195401216212217,0.526871418106205
2598,0.0174887439041966,0.096267570467815,0.130448696237685,0.0188661177467194,0.139046044108144,0.59788282753544
2599,0.212142533677944,0.229221958815713,0.117918295867361,0.146245698961335,0.178549250062363,0.115922262615285
2600,0.0326611168868023,0.0878656051537014,0.113260272782616,0.0844377099137151,0.589938493509728,0.0918368017534372
2601,0.0427331106681093,0.0887868506168648,0.239074233577317,0.0737374520012928,0.148157646492663,0.407510706643753
2602,0.0209384745460231,0.0852840215702822,0.111244940339626,0.0463167965758757,0.198242784052987,0.537972982915206
2603,0.0437488256810021,0.579031684946295,0.0410824990046377,0.0311295985771026,0.226647558600909,0.0783598331900536
2604,0.044812649857995,0.199632083914173,0.275929358268229,0.112027029659112,0.126928517869592,0.2406703604309
2605,0.0208348584376412,0.135964307666657,0.319119420587411,0.0498857688090912,0.182399537402297,0.291796107096903
2606,0.0441070183822131,0.0858724700143239,0.125968657938261,0.0512339937363994,0.242553745435086,0.450264114493716
2607,0.00674319329399448,0.0211937256661919,0.0598357831537185,0.0223691288620659,0.0998372815233782,0.790020887500651
2608,0.182198908717794,0.163232207200902,0.0770648827650259,0.154381308244645,0.240628687104941,0.182494005966692
2609,0.0206454238452399,0.0484276625436199,0.0564574053201567,0.0990286647588898,0.434643082581365,0.340797760950729
2610,0.0914621316510755,0.192654692275175,0.0558083213371403,0.157838161184578,0.306481594102658,0.195755099449373
2611,0.0222507993306104,0.0759844072360129,0.214829355637721,0.0446065821099406,0.0857115827443429,0.556617272941372
2612,0.051961416128232,0.24195361368135,0.141254386506613,0.0464677632114808,0.150690306123736,0.367672514348588
2613,0.429116093765306,0.361607116383453,0.0612146383964875,0.0560480534262889,0.0707196477405204,0.0212944502879441
2614,0.141593959842208,0.0956283056421745,0.072487093806495,0.165683324597252,0.24781326260739,0.276794053504481
2615,0.380190366572728,0.264680604378684,0.179943244263309,0.0516714060758049,0.0787105837522036,0.0448037949572702
2616,0.0144872158194356,0.0565616076356387,0.0727999089694341,0.0450095127749417,0.448361619764896,0.362780135035654
2617,0.156662763262649,0.31190881325934,0.254356636448328,0.0446475225804873,0.126230145170568,0.106194119278628
2618,0.0621517655732065,0.0807526155791622,0.0979605278898379,0.0626026249475823,0.42050790775958,0.276024558250631
2619,0.0234734356288563,0.0336304883652253,0.0186586456093467,0.0750707073349727,0.710906247893734,0.138260475167865
2620,0.0122740025266583,0.104566122804556,0.219113572529159,0.0303968637905065,0.295952826396032,0.337696611953088
2621,0.0340978851193657,0.0857100501802445,0.0595088254501457,0.122422804615671,0.558571160067068,0.139689274567505
2622,0.00810003106023391,0.0223090553359012,0.0428200506025363,0.0224536953752947,0.151444247402052,0.752872920223982
2623,0.206107614915151,0.220960462261755,0.0435734706734384,0.0714140320162417,0.375911125263317,0.0820332948700966
2624,0.0413809647236994,0.0588812388247646,0.100247448909447,0.0940277685929927,0.211634455151682,0.493828123797414
2625,0.0808653924657199,0.201215540795545,0.471565345363604,0.0365448563280519,0.0944969155452472,0.115311949501831
2626,0.0145852395410899,0.0381504606006266,0.0842985111845049,0.0370851751693313,0.16081662042647,0.665063993077978
2627,0.0620112821505454,0.147843280051585,0.295787453614252,0.0414571305507787,0.182748933247284,0.270151920385555
2628,0.108291230187763,0.12222052613049,0.0907927064225985,0.282505335159164,0.301540077864015,0.09465012423597
2629,0.0424116536777378,0.207830818914788,0.0702463989689543,0.0513027112537805,0.387456342769325,0.240752074415414
2630,0.127763338463762,0.141055218085554,0.138031818137502,0.0923199169715658,0.213294677402936,0.28753503093868
2631,0.0182414045448245,0.219411980964773,0.208370039924848,0.0336756533005829,0.264193566318781,0.256107354946191
2632,0.00870673595211671,0.0262282429924031,0.0663251011329894,0.0228673938167349,0.132009319254505,0.743863206851251
2633,0.137351587572342,0.407611464734502,0.0584410299578038,0.0944737714751899,0.217393447039598,0.0847286992205651
2634,0.0467537137641069,0.0725078445419966,0.255906702917388,0.0873207624865454,0.156216528477104,0.381294447812859
2635,0.0215133849717226,0.0781386357056675,0.0591970782964824,0.0402121958955587,0.621098611960334,0.179840093170234
2636,0.0235282307144903,0.072074704538833,0.150677690815107,0.0429375360149686,0.340984251447748,0.369797586468854
2637,0.0235755391209184,0.081265951510916,0.0339393526961473,0.0242671696681194,0.667880606775474,0.169071380228425
2638,0.0739680534012279,0.0510509360838899,0.084435044659781,0.318171785825368,0.215596087166222,0.256778092863512
2639,0.0872341293620915,0.0805520333931317,0.0486280822406075,0.361235802743245,0.328892526367057,0.0934574258938671
2640,0.0200860998556114,0.0336211379295305,0.0723161848006924,0.0342623315479253,0.125026758304295,0.714687487561945
2641,0.149461192162046,0.178547091318497,0.148411699595767,0.124575436788149,0.224773501221698,0.174231078913844
2642,0.0264219433350081,0.102375843933045,0.129943427901966,0.0455152016515335,0.213041897748196,0.482701685430251
2643,0.36017440741378,0.379413687525636,0.0266770432070209,0.116022685632367,0.0892857255751172,0.02842645064608
2644,0.00915684535308439,0.122905224552412,0.0474124070910619,0.0200107533697103,0.199908309757688,0.600606459876044
2645,0.0190924209444075,0.0712162058152741,0.0467959462547244,0.0477420137537748,0.267401936455494,0.547751476776326
2646,0.00748147925548614,0.0255521347837846,0.121296669421384,0.0290420481008844,0.0625049682877065,0.754122700150754
2647,0.0689704840222846,0.1118362362618,0.132052478505276,0.132612057602786,0.246451445460941,0.308077298146911
2648,0.190689421656583,0.253951644952236,0.336080121871991,0.0357483693496858,0.071357411349836,0.112173030819668
2649,0.0445429975073962,0.0623869029431434,0.116734378424966,0.0586197711750183,0.272099629810513,0.445616320138963
2650,0.0663926468450739,0.0586331148986168,0.204562083513851,0.0538227355472471,0.124946035782439,0.491643383412773
2651,0.0278470591503955,0.07459787683565,0.0378001086969767,0.0530348529560981,0.567179695195257,0.239540407165623
2652,0.0233231065937202,0.185923130734176,0.0600108058179585,0.0508933238322634,0.405649206818866,0.274200426203016
2653,0.288822638264977,0.244643739437009,0.11981864432614,0.0555865026348424,0.18101604164151,0.110112433695521
2654,0.00812373401373739,0.0432690812891618,0.0864718182228052,0.051899091320295,0.14027041711445,0.66996585803955
2655,0.369309454373769,0.257126973757952,0.0600336014329034,0.107707542520012,0.152996207207157,0.0528262207082066
2656,0.0138876077996008,0.0747342423765387,0.0628054691018757,0.0322029003730721,0.410869478312807,0.405500302036106
2657,0.0205619624448137,0.0426903238002861,0.194164396553656,0.0473496771771853,0.115091282875661,0.580142357148398
2658,0.179776239548621,0.19410266074443,0.147754766898582,0.22082004239631,0.139480498048157,0.118065792363901
2659,0.140834354864869,0.101737354581735,0.128625305033082,0.407842331637223,0.11412152056298,0.106839133320111
2660,0.0107783007342038,0.0320347995677686,0.0396060460085167,0.0401814648913441,0.235687377350201,0.641712011447966
2661,0.0064170033216225,0.0296478006803719,0.123685340988602,0.0385308354159523,0.107727432976524,0.693991586616927
2662,0.00826186308202637,0.0487245639065085,0.109165439946112,0.0148114911335082,0.129710067042333,0.689326574889512
2663,0.00779639045209844,0.0298785056641814,0.0526475992921351,0.0365680196163312,0.414819359258843,0.458290125716411
2664,0.0443612501925022,0.101862236141393,0.0400765199199953,0.114750814305509,0.533438910687131,0.165510268753469
2665,0.244704662954994,0.277927575339305,0.107132584550853,0.0678658954185965,0.184850375123665,0.117518906612587
2666,0.0163901167533998,0.0292543652003058,0.198100457235394,0.0402100960491093,0.051371034472113,0.664673930289678
2667,0.0569003129016495,0.139725485508937,0.458597076873196,0.0755801991261423,0.16250779699672,0.106689128593355
2668,0.0225776599101216,0.0811539143292512,0.421560660824655,0.0354664975716292,0.122053234192747,0.317188033171595
2669,0.0447283269973847,0.207586027830875,0.119056457429102,0.0295506072049211,0.201280401421513,0.397798179116204
2670,0.0115939701563086,0.0549269192139751,0.157163743612189,0.0284255552725183,0.189639448031556,0.558250363713453
2671,0.0423933110125649,0.0746752482817475,0.0340121860765664,0.107928190081014,0.328140258174368,0.41285080637374
2672,0.0108549903598989,0.0743788052496004,0.152736060592472,0.0302087161393247,0.186241118662185,0.545580308996519
2673,0.319432689843682,0.326250550037553,0.0517627326781277,0.107251476940155,0.152703822571624,0.0425987279288583
2674,0.0325422631572628,0.0455407776890836,0.0724641447867353,0.316779703618456,0.349757682476461,0.182915428272001
2675,0.532527334567074,0.181717749685628,0.0204292301972321,0.170865545156181,0.073173535579733,0.0212866048141509
2676,0.0235064866955922,0.0389121431514389,0.0575889605354792,0.146980345353491,0.430442690571223,0.302569373692776
2677,0.09317006056816,0.204383906158367,0.270365162516453,0.0730310170833678,0.215800031939692,0.14324982173396
2678,0.0479777148062081,0.168259270777849,0.181246256368859,0.0636834854607955,0.315474486750595,0.223358785835693
2679,0.00375848385711971,0.018022205690163,0.0501500660912529,0.0282558324010681,0.307973207487957,0.59184020447244
2680,0.0669099106491692,0.125470477723739,0.319200932703161,0.152738652762351,0.145276408832455,0.190403617329125
2681,0.055990156182092,0.173163992392967,0.100370866548177,0.0824685789320665,0.295736253452135,0.292270152492563
2682,0.0176501476279351,0.0450580115998865,0.143181238966077,0.131691607999838,0.20820682421666,0.454212169589603
2683,0.427160569157922,0.298622649359271,0.0551769210082387,0.0995103273574672,0.0942578976854898,0.025271635431611
2684,0.0149819210205203,0.0438071782774029,0.0546432041802024,0.0950368756729827,0.423385117169695,0.368145703679196
2685,0.143753185027438,0.109555862047896,0.147529893935748,0.0475386812887598,0.0922441428468344,0.459378234853324
2686,0.0169165704889467,0.146628249879418,0.184050925682358,0.0420775067067751,0.193673318655614,0.416653428586888
2687,0.294664677163317,0.214244297805514,0.0993963984246704,0.159990352217559,0.187511201760959,0.0441930726279812
2688,0.0520031080232251,0.168605124761785,0.0826535338369174,0.2347003784086,0.315311645746516,0.146726209222957
2689,0.155569080743791,0.627306190236252,0.0284780296766258,0.0414530090386297,0.118601940438534,0.0285917498661679
2690,0.012626922112263,0.0277899585711506,0.040723912236499,0.209510003449381,0.47769949781131,0.231649705819397
2691,0.0447004481465538,0.223376344627294,0.0759648087566081,0.055141513536179,0.316717331252065,0.2840995536813
2692,0.0514593275268969,0.108407901260466,0.214159540400019,0.0898176802435566,0.200911430375211,0.335244120193851
2693,0.0376760797191344,0.0745529959913476,0.236824637244224,0.0610691211012776,0.140249052506657,0.44962811343736
2694,0.0133922685861217,0.0321362066469607,0.0857167082066287,0.0496932332186812,0.182176242853407,0.636885340488201
2695,0.619200929130459,0.176614422757297,0.037899323555372,0.0866711350202678,0.0578522647380023,0.0217619247986018
2696,0.0249456569258979,0.113508106248355,0.308428102968622,0.0428610411737887,0.121946426874754,0.388310665808583
2697,0.0421627869669394,0.167313994090435,0.258682377366861,0.0472129565973736,0.150794267340491,0.333833617637899
2698,0.0229318814720067,0.0650383821782776,0.179878978276717,0.0610036824976537,0.21198377988821,0.459163295687135
2699,0.0227541446958762,0.124928320646541,0.288358820513384,0.038374493054544,0.0999040578137898,0.425680163275865
2700,0.00346735640841087,0.0338227931081231,0.0263676539760123,0.0111804308418583,0.318946824156548,0.606214941509047
2701,0.0242664788168925,0.0440499518167911,0.0873236399193999,0.124829854262721,0.262432770142292,0.457097305041903
2702,0.438976066801018,0.185454704965158,0.173066830324711,0.068049205425825,0.076391882993396,0.0580613094898922
2703,0.0799297194027227,0.0850617609329081,0.14206389806534,0.0976132198253923,0.298705052424604,0.296626349349033
2704,0.0359313482281245,0.204056148576351,0.457546217706043,0.0600256566619562,0.113379870824293,0.129060758003232
2705,0.0180333070333351,0.199783487906026,0.392131863133967,0.0255567650244607,0.134655075637341,0.22983950126487
2706,0.0235236945481986,0.0993097525321799,0.159435598005793,0.16029234579436,0.161251324578427,0.396187284541041
2707,0.0145930308356819,0.0275652690966475,0.0361376439523413,0.062046036844084,0.627011933491957,0.232646085779288
2708,0.364510470178696,0.372603756554642,0.0551489416753202,0.0567176049399131,0.11399833557761,0.0370208910738192
2709,0.0735458798168084,0.137965623247785,0.296495536185443,0.0734148993923899,0.113813513843363,0.304764547514211
2710,0.0764084583937147,0.115811114197509,0.204648456790013,0.0999524965803604,0.171830989089896,0.331348484948507
2711,0.0270514691117021,0.0810258039525976,0.178904731804327,0.0417842295055827,0.282225288296555,0.389008477329236
2712,0.133379661111595,0.0988957170560061,0.0948930300448193,0.14355059468963,0.373461606115158,0.155819390982792
2713,0.163787026303386,0.217014318096226,0.246611639087242,0.0639623363188875,0.1151034794187,0.193521200775558
2714,0.00519310890495124,0.0608135811392066,0.109990134652651,0.0258153512168244,0.173576033805023,0.624611790281344
2715,0.047125328077304,0.127088936836017,0.368611506918432,0.052854910409307,0.232146596369511,0.172172721389428
2716,0.0271880946522262,0.0635067792886929,0.105450646456696,0.087587640640101,0.394219590049501,0.322047248912783
2717,0.0114249026937858,0.039215861333229,0.032305308305603,0.0342140737165259,0.25859524737339,0.624244606577466
2718,0.0199727742673841,0.0571588468754637,0.269385385179109,0.0717614645006832,0.184148721783423,0.397572807393937
2719,0.0483084667745054,0.130494335514575,0.210027814628258,0.0694045993175327,0.313521761968593,0.228243021796536
2720,0.106622945302552,0.113674714477214,0.281569916974649,0.0875612546040021,0.209431125291409,0.201140043350174
2721,0.0203947039610093,0.0666715569577935,0.0968658660674652,0.0520824463274467,0.296865495629914,0.467119931056372
2722,0.281705457298569,0.507066031186539,0.114697872405277,0.0146744801835271,0.0564285462571149,0.0254276126689735
2723,0.0489130306881665,0.123801362035131,0.124010035751526,0.0793601083660874,0.187428907783709,0.43648655537538
2724,0.671281691854184,0.0878307832151086,0.0591981550642307,0.0894203787577629,0.0666310809787486,0.0256379101299652
2725,0.21232495456969,0.302663369388099,0.0728793326575224,0.198457478748581,0.135388077596164,0.0782867870399438
2726,0.0703987371741609,0.109302430848479,0.0707021725322128,0.189447337425795,0.486078148454267,0.0740711735650851
2727,0.00966102405943979,0.0436345705613415,0.0893039018346206,0.0401878134260442,0.288923312111218,0.528289378007337
2728,0.0214679771677508,0.0503204883437237,0.132932736791671,0.0576369041942501,0.128390553778277,0.609251339724328
2729,0.164617254391619,0.249911942210342,0.0909163936292425,0.101287347642152,0.256724018990841,0.136543043135804
2730,0.0269984947225987,0.0371158511376788,0.098971116460276,0.0783257736340379,0.387716541061653,0.370872222983756
2731,0.149824227192695,0.156754486085733,0.0719174532655491,0.181902183446981,0.321134226284543,0.118467423724499
2732,0.0358488346711016,0.0894127160560466,0.278488188477171,0.0461246653909724,0.121252075482773,0.428873519921936
2733,0.0616664207099581,0.151895513105916,0.15790484736696,0.163359140590212,0.370277468889722,0.0948966093372323
2734,0.034596496557835,0.653280326088388,0.0448150749791204,0.0152068334182691,0.145645493269875,0.106455775686512
2735,0.0532748598682828,0.437923193935112,0.138947025668572,0.0341722216347193,0.12226288883082,0.213419810062494
2736,0.0389958245424721,0.0924164337788071,0.0563917497662397,0.311568439532631,0.389790467646123,0.110837084733727
2737,0.138923814744825,0.121199825715974,0.254583184076511,0.142776491033128,0.167417042756433,0.175099641673129
2738,0.0389875601774136,0.115313912407187,0.128069632332987,0.064304609585933,0.172494274519565,0.480830010976915
2739,0.127585838089745,0.270874920787931,0.228461914391633,0.0417120843049051,0.219691970473235,0.111673271952551
2740,0.232992147103075,0.368458220359246,0.0553765272331638,0.0959611442808919,0.113202901374736,0.134009059648888
2741,0.0552132961397359,0.329832719157164,0.107938167796049,0.0384122894485363,0.3144084266688,0.154195100789715
2742,0.0662352180058354,0.0633010865818828,0.0468197400951638,0.211104651939885,0.47168644855402,0.140852854823212
2743,0.192336736871678,0.219060888248794,0.0949170153591843,0.119331547413394,0.215828911065083,0.158524901041866
2744,0.0333464657307036,0.077164520431612,0.0723756678090282,0.128010813823873,0.581394891699514,0.107707640505269
2745,0.0261282204611116,0.172076890068966,0.288100906136927,0.0821852440311033,0.197082386517775,0.234426352784118
2746,0.022645970113211,0.0826356431776628,0.109038064971119,0.0448966926359618,0.28254789789564,0.458235731206405
2747,0.0177306078955914,0.0275447067847934,0.0154475223930028,0.0891291571358926,0.649396040444885,0.200751965345834
2748,0.0110085883150639,0.0569446484807306,0.0780438553889312,0.0402950608200873,0.537254599701927,0.27645324729326
2749,0.238804872329707,0.0916146014871767,0.0551038413546988,0.287287912856936,0.239059818829049,0.0881289531424332
2750,0.0136481578961925,0.0664221601568058,0.394302069297158,0.0347896261487275,0.112727290708033,0.378110695793083
2751,0.240497871545601,0.201980369547905,0.0809193630918693,0.111252104888808,0.295296100590555,0.0700541903352619
2752,0.038963469661164,0.169914689500891,0.20339894719322,0.0961803252402681,0.180509173362278,0.31103339504218
2753,0.0639826313690333,0.0697152930744077,0.0190313455560931,0.349282918171312,0.449506276840781,0.048481534988373
2754,0.0180642616663519,0.232405459318127,0.117263028781956,0.0250950334775846,0.334244217152067,0.272927999603914
2755,0.00488915200825195,0.01243848634105,0.0469851516272681,0.0171609816799421,0.190517648672913,0.728008579670575
2756,0.0162892778615624,0.0308974640798632,0.0847243519386313,0.0271919010485647,0.0476141658587135,0.793282839212665
2757,0.0122288984450204,0.152729002244453,0.0280135033133693,0.0439141992503328,0.482110772567298,0.281003624179526
2758,0.095253588487823,0.262740012443964,0.183226164582523,0.0360915717826432,0.250327331578003,0.172361331125044
2759,0.0234769329877446,0.207611859284067,0.0969292416715469,0.0209416039133979,0.258994329840632,0.392046032302611
2760,0.442568966884753,0.087642187197998,0.0284521824039169,0.377716249987322,0.0517982651323559,0.0118221483936544
2761,0.155728468170741,0.153275414482325,0.0913970750704397,0.24131768626396,0.242117414479046,0.116163941533488
2762,0.0143088587065047,0.150444408233473,0.15074555377582,0.0335926312625207,0.365074328402748,0.285834219618935
2763,0.0489364248214943,0.196475415442728,0.288355970524752,0.065419310470039,0.191074009523422,0.209738869217565
2764,0.0175181473567914,0.0330914076964697,0.171015673274424,0.0274775727977806,0.123370731782264,0.627526467092271
2765,0.0337887656067942,0.149365471266599,0.195207791964828,0.0432892309329907,0.181812849885765,0.396535890343023
2766,0.035722618852746,0.136719244825852,0.0953279917821084,0.068218834524199,0.343586816960437,0.320424493054657
2767,0.0497041317172002,0.127305790317425,0.184080294875614,0.162220010721397,0.232251775322879,0.244437997045485
2768,0.0540626630883348,0.273993498200629,0.35999793130966,0.0331130691310356,0.105443043841718,0.173389794428623
2769,0.0446334581067367,0.325378408347956,0.131081380018338,0.0746031156123543,0.249874075458602,0.174429562456013
2770,0.00475595038322745,0.048981222031861,0.182643588598958,0.0309612530027403,0.149503580704133,0.58315440527908
2771,0.0360632716552288,0.156881896688061,0.446501506832317,0.0583179700334337,0.132040001897622,0.170195352893338
2772,0.0721517235928963,0.108081960094656,0.112616142830211,0.174948276170888,0.367323031331451,0.164878865979899
2773,0.0734385465648768,0.269272786127421,0.139825879993799,0.0491998718871499,0.302860871059021,0.165402044367732
2774,0.112487306844672,0.389030159539358,0.0867550876382727,0.0572893093779628,0.224727215080362,0.129710921519372
2775,0.00553310756529317,0.0241101544922028,0.0939578869251582,0.0144553443634822,0.111530753045966,0.750412753607897
2776,0.0114637206510199,0.0316974644967665,0.0521932173755258,0.0486739405140878,0.261066566897178,0.594905090065422
2777,0.00357198240311602,0.0152161301328862,0.0663625506382586,0.0159866407361001,0.0583493436189725,0.840513352470666
2778,0.0794470554243195,0.147690097575992,0.131691929529099,0.0995545041770252,0.185703064438856,0.355913348854709
2779,0.0526463789876643,0.106916898976023,0.302576207792289,0.112598391147972,0.156858833883825,0.268403289212228
2780,0.0506975190771765,0.25060900634254,0.269459544655569,0.0524543793659756,0.148329004255646,0.228450546303093
2781,0.0182111716100937,0.0413533083906574,0.0550953362203843,0.129333753735779,0.517057349115768,0.238949080927319
2782,0.0124096540712517,0.0565491087518789,0.204769455577773,0.0327603188451469,0.12278884771971,0.570722615034239
2783,0.265731972009952,0.44146904064634,0.10678954350039,0.0551620067980895,0.0928980765859806,0.0379493604592475
2784,0.0680307996198266,0.279236775652225,0.0528620678023906,0.126430011569615,0.395891403957335,0.077548941398607
2785,0.00481436177781672,0.0262321977510553,0.0614482983098607,0.0371188897926237,0.229093868076157,0.641292384292486
2786,0.0166721484603349,0.0706504405729104,0.0592195177177207,0.0630911710823896,0.361482422054723,0.428884300111921
2787,0.00792401706978583,0.0393373342061443,0.0847330051132175,0.0251510725742413,0.244577897161886,0.598276673874725
2788,0.0169119771295593,0.0627395716154138,0.152752514471308,0.0435234757753475,0.149988787116705,0.574083673891666
2789,0.0644983899330977,0.0754001265490277,0.260160977704542,0.094927526179707,0.217255108055414,0.287757871578212
2790,0.0556538724379596,0.147974890402644,0.0582872783328819,0.106215689512071,0.405275424112583,0.226592845201861
2791,0.182284907834862,0.0786504327098116,0.0504747156223647,0.448922882020278,0.170306098617337,0.0693609631953463
2792,0.567578931357282,0.264333944779732,0.0251092685256156,0.0466665265490446,0.0728435421706243,0.0234677866177016
2793,0.0105577888511612,0.0717180994162423,0.0472858860428317,0.0318396605667706,0.455503669719857,0.383094895403137
2794,0.500275656698078,0.214271454150794,0.0632731832598266,0.084251715928924,0.102877891574717,0.0350500983876605
2795,0.372913173100046,0.106490383803255,0.0564592997071788,0.318047705085924,0.118232247584654,0.0278571907189415
2796,0.0070291538087481,0.0343463696472742,0.123641640564257,0.0278667820868646,0.0934934529848558,0.713622600908001
2797,0.0321805733901609,0.0572374241835871,0.0787645963097572,0.106411182333463,0.176135310300207,0.549270913482825
2798,0.0117191326562575,0.129864816128795,0.172907743051915,0.0217011639940562,0.257967134150783,0.405840010018193
2799,0.0992768128035491,0.17232929351099,0.311076079539785,0.042820956330948,0.162371585667117,0.212125272147611
2800,0.00970904380581259,0.0344534262359967,0.0501955740567564,0.0511079875263202,0.24212121500091,0.612412753374204
2801,0.0138059614486494,0.0405359522518819,0.0290919586982123,0.0380215338176602,0.45316603577182,0.425378558011776
2802,0.0305407893750283,0.0835924808606004,0.0613622031083289,0.104336477774072,0.317143420140587,0.403024628741383
2803,0.0660751914090651,0.540699743629371,0.0872039566503242,0.0232398437747206,0.177057759894028,0.105723504642491
2804,0.0163897358958335,0.0808480657758032,0.120858075152283,0.0673207886367252,0.414632061650658,0.299951272888697
2805,0.228367562476798,0.184964317131604,0.267075752745588,0.0893849697854117,0.146273702937594,0.0839336949230044
2806,0.139739196791846,0.0890007877691926,0.0649871390785812,0.251803412179821,0.240364394743208,0.214105069437352
2807,0.0641362168968286,0.177224112821355,0.166625104918802,0.0817410692970577,0.202787781998272,0.307485714067685
2808,0.010695519335167,0.0422686168411721,0.0576459734945908,0.0307266886736656,0.285063168970185,0.57360003268522
2809,0.0418751067130237,0.0846451006427266,0.257734811504809,0.0625821798901759,0.114357808191539,0.438804993057725
2810,0.0110198189804335,0.0386745079543817,0.0664592073779564,0.0958643427786015,0.450449337728463,0.337532785180164
2811,0.0147636480530052,0.145711909864373,0.237504652884104,0.0561919624458682,0.246111455020034,0.299716371732615
2812,0.39453420724525,0.279181855430388,0.129918573918172,0.0788065001720814,0.0756672075401433,0.0418916556939647
2813,0.0642837233553175,0.100818290859666,0.155470518410455,0.11463658002949,0.28519956745782,0.279591319887252
2814,0.0218895470608206,0.207154623688208,0.243156983984244,0.0455904978025704,0.209073203829287,0.273135143634869
2815,0.0565556522015586,0.0958377762848526,0.148775726961969,0.0895672999810034,0.163940790473364,0.445322754097253
2816,0.224744251016099,0.170913077061409,0.283668046100144,0.0742768294801626,0.163432282800641,0.0829655135415442
2817,0.0775689325401674,0.334474511035834,0.118299564268733,0.060441201276241,0.26271530224743,0.146500488631595
2818,0.26795877537761,0.301980501232417,0.180141093933707,0.0558302427482235,0.109787957178216,0.084301429529827
2819,0.486929545945136,0.339375970005385,0.0492300962784757,0.0365584455963478,0.066093230523902,0.0218127116507537
2820,0.296903030167522,0.194108234773168,0.352928734040266,0.0451965242075985,0.0665085074619282,0.0443549693495176
2821,0.00520072724934952,0.0336189302707693,0.0302021037502561,0.0138646168749333,0.425140987473687,0.491972634381004
2822,0.189671913585544,0.205872198268526,0.166771812620669,0.064317373480111,0.262780887777586,0.110585814267563
2823,0.0660599011492546,0.100567660313564,0.109796621235669,0.101893303287985,0.217086878899375,0.404595635114153
2824,0.043098475349714,0.1469260041324,0.186153939104448,0.0475784110454044,0.252176313167402,0.324066857200631
2825,0.00636194051457906,0.0634946943312392,0.204156373884404,0.0260982093536083,0.0537194590993289,0.64616932281684
2826,0.0290970549304592,0.197629538279797,0.0553745451410966,0.0360506725050414,0.429677605732383,0.252170583411223
2827,0.112030971059617,0.405726126582899,0.114871927335052,0.0391510385227729,0.170614268932367,0.157605667567293
2828,0.0246051162532046,0.151162493372448,0.141537364543027,0.0589623002354774,0.381675645354629,0.242057080241214
2829,0.0278789767545938,0.037522440106049,0.0334800171614834,0.146495491980985,0.607576329805161,0.147046744191728
2830,0.0054361286797977,0.0321097992009852,0.10901637235859,0.0249457759349649,0.154997745535613,0.673494178290048
2831,0.354202163342746,0.436928793757694,0.07348934912109,0.0387744247876758,0.0600216158195247,0.0365836531712696
2832,0.0304292048410062,0.22371575929316,0.220995776800029,0.0313682743720909,0.259327737630567,0.234163247063146
2833,0.119550977539541,0.123498590804501,0.098375433400023,0.18350014600823,0.261167502859671,0.213907349388033
2834,0.0248293850276988,0.0725767261530052,0.0936359223578757,0.0417937261466443,0.258827986982697,0.508336253332079
2835,0.262543144773554,0.218616666283392,0.0404693635442439,0.186302404539723,0.212950789185157,0.0791176316739305
2836,0.0130848573834387,0.0280374158254688,0.0454604016820937,0.0415734862539297,0.250310562252289,0.62153327660278
2837,0.0580261328361781,0.233416208773685,0.331813985336662,0.0599385634381289,0.157514989714488,0.159290119900858
2838,0.152516250430225,0.214981706109755,0.224224574040333,0.0751022900113339,0.136976621931641,0.196198557476712
2839,0.139975466997618,0.186485825120008,0.138878917798908,0.0967176048121945,0.247013925594066,0.190928259677205
2840,0.124966302621553,0.0944918439415064,0.158617200246684,0.161180241722139,0.226432679916087,0.23431173155203
2841,0.462210343546248,0.102509049644909,0.0528225043260198,0.170439619181476,0.158426419002262,0.0535920642990852
2842,0.0073885957948106,0.0271695059180806,0.0254993920557787,0.0488849624495196,0.523513823749046,0.367543720032764
2843,0.14502237666482,0.110779316827854,0.159858027214861,0.143216650588126,0.205944303997439,0.2351793247069
2844,0.0266587988333101,0.0793464386577304,0.596100553050915,0.0279505186755079,0.0779702382670909,0.191973452515445
2845,0.178206671563967,0.327342994788285,0.189701068689977,0.157563649661453,0.108931113214755,0.0382545020815632
2846,0.0162452079160605,0.0500959850923903,0.051373301614297,0.0544126337212112,0.389861796930806,0.438011074725235
