"CUS_ID","F20-","F30","F30+","M20-","M30","M30+"
2501,0.0400013929658683,0.792063813704874,0.0471305037370539,0.0202648467807912,0.0674902393517165,0.0330492034596963
2502,0.0474468408602003,0.183205668069922,0.170213463078002,0.0435254361649774,0.315374725078656,0.240233866748242
2503,0.0387089500847318,0.121640664142048,0.0348149512339848,0.106350802556117,0.493282023711085,0.205202608272034
2504,0.204041885171846,0.125826398934006,0.0629521515651171,0.297594450564347,0.162672848841268,0.146912264923417
2505,0.0222425200331948,0.142377821231342,0.084696020044858,0.0554697948598964,0.264751458843042,0.430462384987667
2506,0.0107512219053644,0.519351763308582,0.0446451176939526,0.00693534895370072,0.281392118789424,0.136924429348976
2507,0.0144732132753717,0.0263930890162652,0.056729104874676,0.025829326689756,0.263944319252446,0.612630946891485
2508,0.00494602673018488,0.0166488934837688,0.0222936044041354,0.0136704217137368,0.563864842844106,0.378576210824068
2509,0.0191607845409758,0.0533530068686123,0.106988368705034,0.0269652800339212,0.180072436569141,0.613460123282316
2510,0.00439275464140263,0.0191092361404428,0.0196716789766913,0.0237725262030141,0.579942118336459,0.35311168570199
2511,0.229770831994111,0.0718605392748717,0.11825747235929,0.436574559055944,0.0852540820319981,0.0582825152837846
2512,0.0707901862471666,0.278217798354365,0.0386579611468937,0.165038011402708,0.365400417588419,0.0818956252604487
2513,0.0122485271451376,0.0522874993116971,0.108428528318304,0.0489129110748803,0.285685145779959,0.492437388370022
2514,0.0311776198911049,0.411550895570585,0.103051403254694,0.0771841431116483,0.243552631036809,0.133483307135159
2515,0.0202208673547212,0.0994779462388247,0.295365063833102,0.0589905790822541,0.18167261815309,0.344272925338008
2516,0.140896216428501,0.106790317132371,0.055065635003467,0.10554633072234,0.419482592053185,0.172218908660136
2517,0.0245696844909011,0.244005130289322,0.1379353245188,0.0171242266946993,0.24759239005272,0.328773243953558
2518,0.413070918065592,0.292401351452459,0.091301292465028,0.0426994811530789,0.098572925629989,0.0619540312338531
2519,0.022426448357832,0.872520517303893,0.00952613115627562,0.00334432997570382,0.0750515191714496,0.0171310540348456
2520,0.0199098989270923,0.128809936119458,0.00913433445825512,0.0413899929855864,0.684513832946851,0.116242004562757
2521,0.0229208452166992,0.0249259024017959,0.29549379888824,0.0306515091968804,0.0541755025984073,0.571832441697977
2522,0.102932989684179,0.231877050025846,0.302308348891134,0.0987544115230562,0.194908246715115,0.0692189531606703
2523,0.0654011552925997,0.574461459650366,0.0667261969959444,0.00765711537890365,0.191928871689064,0.093825200993122
2524,0.0864401486134322,0.156973741237761,0.151855966343416,0.066485445280756,0.181964214214979,0.356280484309655
2525,0.05795096255853,0.0744114249874122,0.120890610217397,0.227944028005716,0.421323318065124,0.0974796561658204
2526,0.0544157638298925,0.139699353470473,0.114700417704635,0.0686198185303328,0.352291622796809,0.270273023667859
2527,0.70023195445943,0.120189923519992,0.0429343377428347,0.0357132106336507,0.0623679724106259,0.0385626012334666
2528,0.00818840770886149,0.0181559317601056,0.0152543123435893,0.0474524297640018,0.198322356136212,0.71262656228723
2529,0.0500573525012545,0.0616522457023387,0.339266806452878,0.0808090104724389,0.123037473950786,0.345177110920304
2530,0.00233113144407107,0.0128177910234385,0.0902416635097622,0.0105044248651981,0.0792137312294615,0.804891257928069
2531,0.0963429532288896,0.147546359483453,0.207117096867025,0.0395510139621599,0.252656481738167,0.256786094720305
2532,0.0357406416836673,0.132477408933974,0.147162340861178,0.0913917851432858,0.251215523093958,0.342012300283937
2533,0.00248168168123779,0.00826097960193982,0.0228562852046659,0.00359947947689873,0.0203227055449346,0.942478868490323
2534,0.411346960599374,0.151480580205936,0.0592697197794107,0.210138201529666,0.120468524681644,0.04729601320397
2535,0.0394997587007759,0.0996518296470051,0.0454164515951553,0.0662335730444743,0.153101604036308,0.596096782976281
2536,0.0535740961871787,0.203425881661605,0.0982200172568898,0.0810371336233482,0.188268887122139,0.37547398414884
2537,0.0470741627929203,0.63122498732405,0.119798610383146,0.0101436477695831,0.125070302721877,0.0666882890084227
2538,0.492376468222489,0.145491940261392,0.0327374042677362,0.074979380670786,0.206902935819223,0.0475118707583738
2539,0.0693206460073256,0.348979186436957,0.122061137605462,0.0465759653079754,0.291575682319286,0.121487382322994
2540,0.530246244058664,0.178698996105533,0.0395832495110278,0.0636033027213807,0.146699468766663,0.0411687388367324
2541,0.114096085055076,0.0667409528817626,0.0270672932448176,0.362542094506475,0.340128821807132,0.0894247525047356
2542,0.263126488383956,0.223717355207228,0.0881593474567846,0.0200141964122277,0.343929427223485,0.0610531853163185
2543,0.011843159430407,0.0175279258585765,0.0777594576703481,0.0110496916259403,0.3786832020763,0.503136563338428
2544,0.0963672399449055,0.0668597080001449,0.0558856064086266,0.412936492833845,0.0946519485308544,0.273299004281623
2545,0.0128630954802815,0.240600176311613,0.0261562791392275,0.00667232509606088,0.455440697505198,0.258267426467619
2546,0.0472573833196716,0.0395568332158205,0.0154444856706048,0.449910711684657,0.396819801221875,0.0510107848873713
2547,0.185265170717017,0.247757266551012,0.0666829697552038,0.0441825785013071,0.310523229230543,0.145588785244918
2548,0.0869576892437937,0.0628809808344178,0.0533002644132688,0.514733607144193,0.23110860504002,0.0510188533243073
2549,0.0108651469234232,0.028870326218408,0.0488172405659298,0.0729875775771696,0.377939155841952,0.460520552873117
2550,0.0124941988272393,0.0266349271029202,0.0144735514138557,0.254980157117345,0.577897020737595,0.113520144801044
2551,0.0660742947498408,0.244204425792623,0.0879161517443694,0.150343398877061,0.217458745922946,0.23400298291316
2552,0.0688970444060555,0.419729204739274,0.111378165760308,0.0468308737540188,0.14304937576506,0.210115335575284
2553,0.622431802043216,0.109567718343102,0.0444483802305088,0.131176036394879,0.0829601647611544,0.00941589822713984
2554,0.0287801059924217,0.0953206888988289,0.03389510098654,0.145994800566325,0.560783097842999,0.135226205712886
2555,0.0083845156157535,0.0406040349819519,0.0220327865824048,0.0154683304001761,0.748661962854792,0.164848369564922
2556,0.0305639542084919,0.16320773012814,0.337491997607621,0.0441447482526409,0.263043352871658,0.161548216931449
2557,0.257029415551117,0.380539875986471,0.276651771515248,0.0264593640299439,0.0406612858846649,0.0186582870325558
2558,0.0222451166609085,0.0581489887912124,0.668106893878987,0.0535630770671697,0.120953537830702,0.0769823857710211
2559,0.0651367262237339,0.459836665011995,0.137179353566178,0.0342249924916392,0.0954410851577449,0.208181177548709
2560,0.00954266432673147,0.040914757485787,0.0475382997002902,0.0143330569246319,0.129548480032499,0.758122741530061
2561,0.00892185309825362,0.0677309336779661,0.0983806683153709,0.0185552013252064,0.0728345410206657,0.733576802562537
2562,0.372766379957565,0.340509150284366,0.0261906340221415,0.0226972319325489,0.21537332085938,0.0224632829439984
2563,0.143489691584969,0.306830514838167,0.302588529755298,0.107909613738204,0.0723669638582087,0.0668146862251538
2564,0.338197499706601,0.0646638229224549,0.0387718548802665,0.403330056872787,0.120913363952226,0.0341234016656643
2565,0.00970365988000819,0.062892478077235,0.0611010911937341,0.0446011158521961,0.26782896843138,0.553872686565447
2566,0.00741646341219361,0.0249507488560522,0.105218467203149,0.0520350364128706,0.0968121962328018,0.713567087882933
2567,0.0534559473898913,0.12595906855292,0.150343888812297,0.0442402957470379,0.141944686399821,0.484056113098033
2568,0.0274392520849818,0.0846840203902932,0.0723944023787653,0.0232643046357614,0.207506562268164,0.584711458242034
2569,0.0139339948089469,0.0468834794104306,0.149382885226515,0.0266030328304354,0.214019892313268,0.549176715410404
2570,0.0165143035444866,0.74559382349416,0.0251543336996304,0.00995213963196058,0.144315952675333,0.0584694469544297
2571,0.241095026361654,0.124408513959054,0.0498038582185188,0.211730076862259,0.245874473823702,0.127088050774813
2572,0.0531181582158553,0.0471007792003092,0.675625188298652,0.0494983124330317,0.0472254278950075,0.127432133957145
2573,0.050338815459239,0.389961521967905,0.0465167832572835,0.0438984608354524,0.314941410282647,0.154343008197473
2574,0.135778641843097,0.0848811103349295,0.0368394461235216,0.406248678005391,0.283248107101269,0.0530040165917926
2575,0.0418330910568046,0.0472318289944324,0.0267030709274691,0.205064504323055,0.604910143291397,0.0742573614068424
2576,0.353111095117236,0.279162448541473,0.0745436646548052,0.0660538183694067,0.154580075136164,0.0725488981809149
2577,0.0396297350666054,0.266305904288223,0.307554408577127,0.0228849682467072,0.202744390203177,0.16088059361816
2578,0.00114067945410521,0.00495810828936665,0.0195973179563379,0.00613198858557628,0.067035043269195,0.901136862445419
2579,0.261240905023342,0.102892688861501,0.437662364264157,0.0283899487376707,0.0473209698736332,0.122493123239697
2580,0.0647542537784624,0.21927660193491,0.289225812781157,0.0250743427460564,0.171947778285916,0.229721210473498
2581,0.00653711674584097,0.0271102781174572,0.0482348698138341,0.152196005290625,0.701533020232524,0.0643887097997193
2582,0.0439267209615812,0.50823712661224,0.0460482198591253,0.0525034661310285,0.321798140779263,0.0274863256567625
2583,0.0443113591056866,0.507684279894185,0.16157172041825,0.0220187227605415,0.193464228748141,0.0709496890731961
2584,0.212200123048345,0.557621911618682,0.0368689832923695,0.0264029572583042,0.144593883907689,0.0223121408746106
2585,0.00609976344239163,0.0329185522761025,0.0453917943720982,0.0447233291274916,0.489552908964334,0.381313651817582
2586,0.0919032523283248,0.219242490550159,0.210562594791282,0.054214618900983,0.171484667339945,0.252592376089306
2587,0.165493866678048,0.0832086718443796,0.0599582503943613,0.195725146327812,0.337507736390549,0.15810632836485
2588,0.0550400899214987,0.0634379047212832,0.0253515124267518,0.104469407246673,0.594440077534594,0.157261008149199
2589,0.0388102151809673,0.115978423450016,0.0296744917445734,0.0577034864054364,0.535029396847412,0.222803986371595
2590,0.00336310552583143,0.0276283830736994,0.0833718556823498,0.0264368446086307,0.0672884704570005,0.791911340652488
2591,0.0679216623542917,0.0584978077111205,0.130750094142462,0.0868143485856188,0.101605010917152,0.554411076289355
2592,0.0343409598345543,0.0504241561551102,0.0383701259860616,0.164857627299804,0.340118018820461,0.371889111904009
2593,0.253234314641356,0.149786735637014,0.0355294007502385,0.493706358907721,0.0533810213556487,0.014362168708021
2594,0.0133696490503744,0.066362159693692,0.0534626350572529,0.0391388919409267,0.492574005522368,0.335092658735386
2595,0.0644850537237533,0.0687550912329881,0.261105103467711,0.156206685138551,0.113154506456992,0.336293559980004
2596,0.760036632382379,0.0962050753170662,0.0135749525309591,0.0806116170354451,0.0442257685790059,0.00534595415514526
2597,0.00789317853549367,0.061945839011618,0.259644133279165,0.0229120794729063,0.113950710431097,0.53365405926972
2598,0.00682169768209698,0.0930257356572422,0.352719182600367,0.0133723140213917,0.135730637554695,0.398330432484207
2599,0.0953573406466996,0.193892961252499,0.18060900160852,0.296240724751199,0.142053032316777,0.0918469394243054
2600,0.0545752378529042,0.0578228383129895,0.121585847685648,0.0494863568837571,0.664509110914319,0.0520206083503822
2601,0.0593914110572677,0.0915376191763321,0.142910851942029,0.0406107528100246,0.11728509267046,0.548264272343886
2602,0.0153131268301711,0.101792045611416,0.182608843420813,0.0512647035062713,0.251493324256442,0.397527956374886
2603,0.0198747269443072,0.457337398073279,0.0207044899443369,0.0101154011853531,0.450514290515195,0.0414536933375282
2604,0.00852187578693864,0.264609220254352,0.203885668986193,0.0660795397641123,0.0704910530793221,0.386412642129083
2605,0.00569191900569192,0.0764247550764248,0.496704757496705,0.012293976012294,0.0643689110643689,0.344515681344516
2606,0.0622546853331289,0.138144417399141,0.0586199973444784,0.0627776538986744,0.396105129703231,0.282098116321347
2607,0.00307356042417875,0.0205574271707015,0.0462666203817093,0.0139224888680718,0.102479625329384,0.813700277825955
2608,0.213064582661843,0.170970763375364,0.0735987078582239,0.0995112531218216,0.310045231991719,0.132809460991029
2609,0.0342464525914213,0.0604004148283397,0.0909753083951595,0.049930749567029,0.261768794382516,0.502678280235534
2610,0.197439340708303,0.261774417361028,0.0678842875680627,0.0874655029646402,0.227851076349582,0.157585375048385
2611,0.0263114533415977,0.0634990214682488,0.264663514161234,0.0279772060550367,0.0868638791625479,0.530684925811335
2612,0.0613183071508388,0.397141271252731,0.0712416448685568,0.0134703196595818,0.145648700919951,0.311179756148341
2613,0.375447212598346,0.422823808633116,0.0770362773551564,0.0595118453491808,0.0499481157430951,0.0152327403211056
2614,0.239588960650441,0.0659679007661118,0.0538467453330461,0.242794490412452,0.225905292240588,0.171896610597362
2615,0.404852354989135,0.355516672944569,0.144037584993305,0.0228858005730008,0.0510867626053542,0.0216208238946364
2616,0.0143026672348224,0.0596564938880668,0.239138044177215,0.0287558638434146,0.31832203145544,0.339824899401042
2617,0.118805921940046,0.267373166339546,0.316765481162226,0.0389502393782907,0.144555225884027,0.113549965295865
2618,0.115322106959566,0.0838738742231633,0.0780754315227487,0.0404930070765147,0.507569765351143,0.174665814866864
2619,0.0284058292196796,0.0606652057209296,0.018504684604441,0.0254070477537478,0.771528672989749,0.095488559711453
2620,0.00967514105759767,0.0684451366010724,0.127189558587781,0.0120680077865907,0.374766105057684,0.407856050909274
2621,0.0155892974982071,0.0725193355136104,0.0299739894991049,0.0714970506394547,0.676228162301729,0.134192164547894
2622,0.00431022830263934,0.0216512162369287,0.0611610188904521,0.0165528627568278,0.118260008395753,0.778064665417399
2623,0.0484699904247015,0.172535160461962,0.0355737699342646,0.0388248995501714,0.585500865463613,0.119095314165288
2624,0.102415700514185,0.0264144591130814,0.0595805247355125,0.16760158337156,0.0995087746756128,0.544478957590048
2625,0.00739968082823359,0.0297306241914739,0.8383570877954,0.0121063408321866,0.0394248877241772,0.0729813786285284
2626,0.0185626763929814,0.0493930244123106,0.1117704077848,0.0457825259393963,0.373721402420538,0.400769963049973
2627,0.0199731595563329,0.0850535360101864,0.322658023038709,0.0277055050064395,0.187258128488345,0.357351647899987
2628,0.0745512945227986,0.0421580308745314,0.0367056437845923,0.402884475409209,0.29142409968323,0.152276455725638
2629,0.0275497322589247,0.325417523453072,0.035889011099503,0.044157522692747,0.411521154486889,0.155465056008865
2630,0.025398402281091,0.074298399154634,0.048528829467286,0.0817722849115411,0.284366284171319,0.485635800014129
2631,0.00987599207218874,0.147554206184305,0.274167104023353,0.0206361885728319,0.363435304751598,0.184331204395723
2632,0.00624288383982809,0.0270958638703467,0.0406638332051538,0.0179455364828741,0.233411603968894,0.674640278632903
2633,0.13172689172877,0.278958514879107,0.0477876330162198,0.112094952127501,0.34621500202221,0.0832170062261924
2634,0.0320213911674609,0.0742220932928661,0.354080650332782,0.0930437271957176,0.164644512443436,0.281987625567738
2635,0.023594149923265,0.0367778847672459,0.0163797259951087,0.029898884912325,0.74222148404095,0.151127870361105
2636,0.0167638152958459,0.125739213219604,0.154235574249206,0.0172167686246794,0.394079140689594,0.291965487921071
2637,0.0177730742264123,0.0681471977957632,0.0292599275468757,0.0134757428098134,0.563585870480223,0.307758187140913
2638,0.137824845967098,0.0658964803110762,0.117445733652952,0.166759739428114,0.213209456300619,0.29886374434014
2639,0.0493619252565435,0.0694765338737724,0.0683211940871473,0.244583772960816,0.446828460322916,0.121428113498804
2640,0.0104437464748973,0.0277343767046206,0.143348602915015,0.0416989605369332,0.110101661700714,0.666672651667821
2641,0.365519693756477,0.279698589186605,0.105819224225703,0.0813187161842105,0.0885443378706798,0.0790994387763246
2642,0.0357726978848709,0.0561541586127167,0.0829963197980354,0.0294036632751297,0.354813939107433,0.440859221321814
2643,0.533032401728489,0.183286557024693,0.0475238784300251,0.162106520699917,0.0571879298673259,0.01686271224955
2644,0.013285037486732,0.0958813151876332,0.0444978859534501,0.0388192876827572,0.21703538256674,0.590481091122688
2645,0.00834714051768005,0.0761308128663349,0.0420544447808348,0.0158708748736201,0.263310572168994,0.594286154792536
2646,0.00711817426392682,0.0306926104071535,0.0683610443059874,0.0754056600578086,0.0879470867074889,0.730475424257635
2647,0.143760452659034,0.110218041468614,0.17821865066584,0.140362777890744,0.24586250301542,0.181577574300349
2648,0.240833576229421,0.227481302949635,0.209434968627967,0.0260287117144283,0.104649582379339,0.19157185809921
2649,0.042754386808207,0.109707885511117,0.0755170528156603,0.0374432582137888,0.407745841247997,0.32683157540323
2650,0.0371888942883875,0.0364810577123832,0.150588252355311,0.0259238998561282,0.0856717560123336,0.664146139775457
2651,0.029199304256585,0.0950629104973876,0.0498329694493986,0.0370492592570527,0.637425346591135,0.151430209948441
2652,0.0118014402428144,0.398138152066157,0.0401300183440396,0.0257364982271759,0.25051555450121,0.273678336618603
2653,0.267112390017088,0.21864132966521,0.196538930091856,0.0443930058019015,0.141814120673597,0.131500223750348
2654,0.0143433625020473,0.066146422230599,0.056220999735276,0.0944826753257727,0.407141079810494,0.36166546039581
2655,0.328547734202089,0.160604206859968,0.0543038415702851,0.279448589222274,0.139628587711187,0.037467040434197
2656,0.0241791107073154,0.0632656507244362,0.0529809865576175,0.0410865638839429,0.514216407550301,0.304271280576387
2657,0.0101308440647951,0.0540825664312739,0.264962194763643,0.0301932911778067,0.133898262675207,0.506732840887275
2658,0.169230034782515,0.230009391520682,0.36601168527362,0.0411629285813357,0.0918259338384904,0.101760026003356
2659,0.0864540599780906,0.0716269324633328,0.0952175107080748,0.549247569801781,0.0854388707290441,0.112015056319677
2660,0.00406507875485149,0.0243593483431525,0.0438802321624024,0.0154572976078585,0.346723536663393,0.565514506468342
2661,0.00170691582850524,0.0136097778549056,0.046796126084993,0.00942867039209865,0.0881459185503398,0.840312591289158
2662,0.00372861099214316,0.0384727810247136,0.109934290077303,0.00726494929736032,0.0752162002416677,0.765383168366812
2663,0.00780986034434634,0.0514655185154091,0.0496047054439598,0.027497277438446,0.323979829089726,0.539642809168113
2664,0.0195883723542328,0.049475078669744,0.023544837974035,0.0796752699588471,0.618828180400655,0.208888260642486
2665,0.221777386085134,0.287272512053838,0.0639025196213586,0.0799438484198563,0.226142966410582,0.120960767409231
2666,0.0195119123827563,0.0454908743571978,0.234920352463796,0.0767634022976727,0.0728019227189781,0.550511535779599
2667,0.0306820183781403,0.176508349167318,0.514770269008496,0.0495303112782324,0.182994591681641,0.0455144604861737
2668,0.0280674954070179,0.0530476429366077,0.568074733238727,0.0514912923168516,0.10863899954611,0.190679836554686
2669,0.107050153727437,0.168898482608848,0.133098839702308,0.0446665592994956,0.223027748298141,0.323258216363771
2670,0.0142730752781585,0.0731710255653499,0.173049172999122,0.028388727356988,0.256821265903315,0.454296732897066
2671,0.0341647991038802,0.0791535853921426,0.0212790940846877,0.0621079588299843,0.462472252164914,0.340822310424392
2672,0.0042225444131761,0.143165829969213,0.0788785071330762,0.0143931859121462,0.292401229589569,0.466938702982819
2673,0.38528410160312,0.276620562252843,0.0545217579027499,0.0932506275454105,0.147351117965033,0.0429718327308437
2674,0.0164461194689488,0.0287022943741973,0.0380545685720996,0.379855663058607,0.426922003128552,0.110019351397595
2675,0.411808591890817,0.124908998583884,0.0264145525495949,0.350709490101569,0.0688744868928617,0.017283879981273
2676,0.0111221468419661,0.0355469682133343,0.0500246789780675,0.0804677312789686,0.539166627182618,0.283671847505046
2677,0.106163220106324,0.248764485678377,0.359447317796089,0.014531349307505,0.22114122227272,0.0499524048389853
2678,0.0565278954352417,0.190647969176462,0.0828031181356359,0.051176222582876,0.407571501450073,0.211273293219711
2679,0.011882004698627,0.0347848268559957,0.0726768650149064,0.0326020228314036,0.405382916180361,0.442671364418707
2680,0.0340791630117043,0.0499470665515351,0.242960326954151,0.0454806816810602,0.0930594773012752,0.534473284500275
2681,0.0183946128035316,0.0833100902737232,0.0477958037508173,0.119661440205285,0.363363918809027,0.367474134157615
2682,0.0253613924299783,0.0679535552444079,0.122553314544846,0.0740136511971672,0.227948739426319,0.482169347157281
2683,0.375782478644636,0.180871692888938,0.0627131628526801,0.154102455888342,0.190374905811456,0.0361553039139474
2684,0.0119361612035376,0.0387753491321852,0.0305204602958141,0.0364986589326501,0.56945059059892,0.312818779836893
2685,0.313891233416311,0.201710893489457,0.0543599035395617,0.0136677770556596,0.0975611178672023,0.318809074631808
2686,0.0331955361032735,0.235771226330636,0.183145070065459,0.0764543336836604,0.26913059090294,0.202303242914031
2687,0.0728929858442438,0.160299221726593,0.243473629817553,0.160146291172967,0.299000614215815,0.064187257222828
2688,0.0728969303416076,0.158519488460274,0.0891421686158508,0.296446466103834,0.312202554434612,0.0707923920438221
2689,0.237996558710682,0.613362425926808,0.0175524800949574,0.0191830305140374,0.0920382426721102,0.0198672620814047
2690,0.0164576991421595,0.0261856159086134,0.0189998150549716,0.282281256386123,0.493282254910086,0.162793358598047
2691,0.0448252412595539,0.358642977536279,0.0874638427253185,0.0374251846334625,0.260761231599245,0.210881522246142
2692,0.00883540975251501,0.0722149056059533,0.212734670560318,0.0448375793550936,0.166475638065673,0.494901796660447
2693,0.0791753393727051,0.0735624875941514,0.195099019938422,0.107014531338163,0.20638430817984,0.338764313576719
2694,0.0321593676442432,0.0429031773372529,0.127554349871738,0.0515428868989055,0.152821645835316,0.593018572412545
2695,0.597351019767944,0.176997806057353,0.0727264533805482,0.0824646978004457,0.0510124848424014,0.019447538151308
2696,0.0253145594148317,0.111786248818772,0.431090525529652,0.0286846269064628,0.204276305747638,0.198847733582643
2697,0.0150026677529068,0.102312329225791,0.280311011691997,0.028681705681255,0.171248493395521,0.40244379225253
2698,0.0212836963614891,0.058286400251408,0.160332183190034,0.144065420678037,0.198854098034377,0.417178201484654
2699,0.00950489028572169,0.0795638231579708,0.310818603325668,0.0225666139799538,0.0756339529551903,0.501912116295496
2700,0.00411215279692968,0.0222179722191147,0.0292025505749893,0.0058949432133914,0.278256624603696,0.660315756591879
2701,0.0229495704527558,0.0954101471646926,0.272548926094535,0.0494149120956053,0.221003990275347,0.338672453917065
2702,0.374878926465497,0.195880772134293,0.172889840206898,0.0690247727127756,0.124877874158181,0.0624478143223552
2703,0.0583953339766807,0.0825689467610304,0.0789798120356599,0.0776166216898703,0.325920812950453,0.376518472586305
2704,0.0163828613878839,0.192812744576546,0.548537128410984,0.0753018005895199,0.0884296231294697,0.0785358419055965
2705,0.0153510299298339,0.210751743130688,0.34709347577935,0.022156084212265,0.178964020236695,0.225683646711169
2706,0.00597511962782266,0.116900712303219,0.137438303496433,0.152809238250815,0.108228874437558,0.478647751884153
2707,0.0148403784769078,0.0604490850121968,0.0242332019431952,0.105340004819817,0.696967070128104,0.0981702596197785
2708,0.562075723382346,0.324509245689791,0.0276740465815523,0.0234573284001499,0.0454975429391327,0.0167861130070285
2709,0.0542432293119864,0.0860839650314383,0.0902116898901361,0.0833637806798783,0.156060651388725,0.530036683697836
2710,0.0350527097711596,0.068385408504479,0.137049872015097,0.0652404144352891,0.20109455742408,0.493177037849895
2711,0.0264163544241544,0.0911972415069525,0.279977847451356,0.0223602280073244,0.225754375954934,0.354293952655279
2712,0.123984861302051,0.0704285293442944,0.0571950305237368,0.0696960246737882,0.449262180132622,0.229433374023507
2713,0.408771359697842,0.186357130476629,0.143836637146347,0.0667371404708954,0.0720826519252286,0.122215080283058
2714,0.00159694254247266,0.0320942262866087,0.0598608472810937,0.0178179955250801,0.0548017041198848,0.83382828424486
2715,0.0195610252716417,0.121553725722672,0.258906603616987,0.0685699349306012,0.355035355342908,0.17637335511519
2716,0.0112967673100409,0.0592419621517244,0.0669979350865421,0.0585681231608396,0.569044864031562,0.234850348259291
2717,0.0132705716125282,0.104997567155963,0.0485324534210561,0.0320023908768587,0.376145297188652,0.425051719744941
2718,0.0279784283490835,0.142448660756445,0.202343951983741,0.120026799769842,0.212631388867915,0.294570770272974
2719,0.0527982283029803,0.181224572312997,0.265516286326316,0.0593975324959087,0.326002824677196,0.115060555884602
2720,0.02158758300508,0.0485094935349946,0.267972170324177,0.0591283618563425,0.234947126028692,0.367855265250714
2721,0.00523938894198207,0.0246901596826206,0.0507156720377012,0.0195910517291624,0.274557253222267,0.625206474386267
2722,0.225101152449177,0.513263089547615,0.12263218455551,0.0235459585760747,0.09360916803389,0.0218484468377339
2723,0.0428144728628662,0.0753287963945944,0.0437782380154183,0.0470511195207774,0.237449892139035,0.553577481067309
2724,0.655412776693589,0.0655894517228577,0.0324577576817251,0.175373485163317,0.0486341361673171,0.0225323925711936
2725,0.121751576762871,0.161584204916958,0.101974060134487,0.367475479253585,0.162781864088746,0.0844328148433535
2726,0.0490632149930244,0.0841605678171417,0.0323333695240539,0.141492510141805,0.630043053038456,0.0629072844855196
2727,0.0323057739214458,0.0852436911439829,0.104811923704771,0.100069368786872,0.448506104541024,0.229063137901905
2728,0.0130803028384241,0.0528315410201335,0.0756727956831495,0.0994556691563229,0.162472019984513,0.596487671317457
2729,0.247495462517684,0.171394417335018,0.0401563090714122,0.119062266837082,0.346716640581652,0.0751749036571509
2730,0.0243720949712591,0.0310779536465385,0.179897308050779,0.0557907957355956,0.221993568114166,0.486868279481661
2731,0.282722727331844,0.156869943236999,0.0345819143724584,0.132514961823747,0.244716006446031,0.14859444678892
2732,0.0345431303880577,0.0755932911828161,0.309797516672024,0.0610310802646671,0.133879502044506,0.385155479447929
2733,0.148253189134719,0.121809358148555,0.0572592651888968,0.289549394326405,0.326285609050341,0.056843184151083
2734,0.0105145441093501,0.760606656279797,0.0195684644617292,0.00561620256180912,0.147101677739352,0.056592454847963
2735,0.00607350389263419,0.277520254517217,0.203843210284102,0.0315914471935647,0.189702781730061,0.291268802382422
2736,0.0164829921686968,0.175282586632941,0.146862188612351,0.0693139913626985,0.327902494475862,0.26415574674745
2737,0.182591374252624,0.056022422543417,0.241160237729834,0.296032659303151,0.104030293295212,0.120163012875762
2738,0.0269661911278237,0.0880582465135794,0.164807035012522,0.0400471448565904,0.0905788020686026,0.589542580420882
2739,0.0365629358156056,0.144112639518739,0.332700818954787,0.0454734595514355,0.283916637537438,0.157233508621995
2740,0.173840435100556,0.347074881833869,0.0474895088052906,0.106248644432686,0.0838247475681127,0.241521782259486
2741,0.01391704107843,0.183894704581421,0.0915922610210702,0.0436681369854962,0.555879549035454,0.111048307298129
2742,0.0468287901415898,0.0579235873392421,0.0380636747831951,0.15579295956804,0.592216536737706,0.109174451430227
2743,0.105756577595955,0.323755272954075,0.121282387091428,0.057903132912965,0.265885561792241,0.125417067653336
2744,0.144195512272624,0.0696970852705604,0.0438330432297186,0.106831485555751,0.605894766180485,0.029548107490861
2745,0.0123696874865037,0.229129601456348,0.278645336782681,0.0614891704873942,0.138390647455688,0.279975556331385
2746,0.0313898691748131,0.142597702732241,0.115269344956342,0.019634434109116,0.314466660041462,0.376641988986026
2747,0.00967416348908417,0.0479662052794881,0.0153821598505768,0.00933714995194712,0.720936536109384,0.19670378531952
2748,0.0115795990485309,0.0459225650543064,0.0635607379940159,0.0294373231914015,0.694276551349597,0.155223223362149
2749,0.303525767085186,0.156728044888569,0.11908986357474,0.22708982262882,0.160586901203272,0.0329796006194125
2750,0.00607025330564491,0.0489650312094042,0.542071554560263,0.014809076454732,0.101315284818308,0.286768799651648
2751,0.413542460523641,0.192185643423936,0.0626349094988384,0.0182666298256857,0.278261725852616,0.0351086308752827
2752,0.0270880891736153,0.201098017422222,0.15614353558042,0.100662432765807,0.176387260907766,0.33862066415017
2753,0.120792472004925,0.0883972356073566,0.0145415578453503,0.212126440002457,0.539773215961306,0.0243690785786055
2754,0.0163029593051001,0.240044971985211,0.0820581689173545,0.0121158309985742,0.39562133043532,0.25385673835844
2755,0.00311289826182829,0.0127814548859955,0.0549196660177424,0.0057716390432471,0.0698793949905826,0.853534946800604
2756,0.00451041790565428,0.0167909877765347,0.0252689704559858,0.0178726325636557,0.0457515451678581,0.889805446130311
2757,0.00388683317086182,0.0912938054965487,0.0171989927973022,0.0427417880725579,0.452698388004094,0.392180192458636
2758,0.139752658284999,0.331842517549286,0.162732351697932,0.0163778243016351,0.242694574604584,0.106600073561563
2759,0.0227943738071051,0.159876075328441,0.0534571660517079,0.0212708391355601,0.451348441868209,0.291253103808977
2760,0.462987896176291,0.0584239299813795,0.027904346730771,0.388800079845566,0.0519602735616694,0.00992347370432285
2761,0.110432557951566,0.205528297174434,0.0408655244905707,0.218841417356569,0.241182090674223,0.183150112352638
2762,0.00820622772145712,0.103436689823752,0.136987517459938,0.0126496559148987,0.408836887750688,0.329883021329267
2763,0.0442173348632931,0.151555529904101,0.502844580634027,0.0455946939926346,0.138872434366792,0.116915426239154
2764,0.0471715377908008,0.0522471944813464,0.242572405338434,0.0302818337762993,0.145214564692657,0.482512463920463
2765,0.00442584164625729,0.179742377712746,0.229944253080328,0.0158645057735897,0.174554769764131,0.395468252022948
2766,0.0254183828089994,0.159284740780185,0.0586555941942344,0.0354994632007243,0.408681286967246,0.312460532048611
2767,0.0503306139562817,0.104317659982036,0.149435969839283,0.106299924019699,0.132804455523285,0.456811376679416
2768,0.0586807883146339,0.4526441910757,0.392558246013684,0.0122813228943389,0.0357285429938026,0.04810690870784
2769,0.034394290434033,0.175589834128353,0.237494748802793,0.0534590941565373,0.333747562301305,0.165314470176979
2770,0.00579367301658095,0.0650507218798927,0.194851221617712,0.052033453341794,0.140289849222763,0.541981080921258
2771,0.0375208070999794,0.146060513448934,0.557354622253403,0.0571984615634787,0.115228167005233,0.0866374286289706
2772,0.0576570444052072,0.102930290808609,0.040065616948618,0.11432928906568,0.58192893366805,0.103088825103835
2773,0.15418562500324,0.254551551254115,0.0597472867166251,0.0926639800986936,0.339575795252708,0.0992757616746185
2774,0.0343816164834993,0.183626168200273,0.0821799018706091,0.0797221040312157,0.332342022997854,0.287748186416548
2775,0.00281859814882579,0.0237292358265534,0.0383793052062901,0.00889036485246696,0.116893058787873,0.80928943717799
2776,0.00971448945453931,0.0328525502269432,0.0599332989941068,0.0921140924667419,0.390801462334581,0.414584106523088
2777,0.0034787001078397,0.0148341204598577,0.0399039102370212,0.0129545394015907,0.039556966226266,0.889271763567425
2778,0.027480703602519,0.110276922285626,0.0785675071963633,0.0436130934220323,0.135537544931298,0.604524228562161
2779,0.0263924698109071,0.0429375123704557,0.350061122421689,0.148514080792654,0.11909512105395,0.312999693550344
2780,0.0242814514301646,0.233218123357382,0.181591275152015,0.0209817148395109,0.112217729717824,0.427709705503104
2781,0.0138027992143005,0.0583255191084605,0.049691343239669,0.0722353964063206,0.517241715965853,0.288703226065397
2782,0.00905953110610487,0.0594971231553236,0.154304906476758,0.0230040476469469,0.0888767041144076,0.665257687500459
2783,0.0147871713575872,0.463213671420441,0.133927708447194,0.0387422642432025,0.238589266693161,0.110739917838415
2784,0.0966335124878735,0.199357601069931,0.0238547033620457,0.15354824126467,0.5070381571271,0.01956778468838
2785,0.00290960903757227,0.020928787957065,0.0487151137385755,0.0430628153050389,0.149760971982242,0.734622701979506
2786,0.0103423294441309,0.0375551186600138,0.0366024453860219,0.0460920620506494,0.409267173857792,0.460140870601392
2787,0.00498996800464591,0.0383389309720123,0.0755841705349345,0.0114150492279423,0.150022695777274,0.719649185483191
2788,0.0239683840007674,0.0903769662086492,0.158689642941457,0.0475222703495068,0.171057829913701,0.508384906585919
2789,0.063257910991675,0.046549599240538,0.264207449445454,0.0879847151736095,0.277876444883939,0.260123880264784
2790,0.0387509712114083,0.0700573525147346,0.0425128183499477,0.157528899442282,0.415638504522152,0.275511453959476
2791,0.387187805508581,0.11314176470921,0.0260276611095534,0.278289886217555,0.126289662248868,0.0690632202062326
2792,0.576251326127117,0.273044283485365,0.0192348907934776,0.0297533433973685,0.0813496325787732,0.020366523617899
2793,0.0107167461101049,0.0981709482794772,0.0430519279459156,0.0288324173621493,0.541278548021144,0.277949412281209
2794,0.419335862207636,0.444055988919641,0.032910030371039,0.0119810987034695,0.0755402070666495,0.016176812731565
2795,0.343735266139113,0.0451918454408213,0.0202893837778368,0.495829612010443,0.0751380453455546,0.0198158472862306
2796,0.012041612292908,0.0452481143508297,0.116193779691077,0.0211556711782241,0.161039632058135,0.644321190428826
2797,0.0304554631863105,0.0636828391728574,0.0757255646648772,0.143112659783207,0.339613434371984,0.347410038820764
2798,0.0135878209438947,0.0744452486038508,0.154717712057216,0.0148112408234019,0.461643032102266,0.280794945469371
2799,0.0931912384609009,0.194538258406202,0.227281693593036,0.0694885510190361,0.270689639475962,0.144810619044863
2800,0.0119900236846676,0.0241876344636846,0.0370499191900719,0.0641666895279098,0.202424106729512,0.660181626404154
2801,0.00987359178725374,0.0263758957289137,0.0736139225663719,0.0188166236645233,0.344752745316786,0.526567220936152
2802,0.0392227541551719,0.0633923948953768,0.0695333045845092,0.193505891906946,0.141366702214736,0.49297895224326
2803,0.0387271322444578,0.510008048226221,0.0315739255888566,0.00956115533697681,0.303909696504778,0.106220042098709
2804,0.0271791895690286,0.0976367159598986,0.133021984493107,0.127753325050917,0.365300440986906,0.249108343940143
2805,0.115813459981954,0.159582111903387,0.403235313553226,0.0666126153430488,0.128709374599773,0.126047124618611
2806,0.172945050731272,0.176052981417329,0.0744704893072096,0.178203174594672,0.137134660673802,0.261193643275714
2807,0.0757116261003209,0.116601593312984,0.168741942150413,0.036901122008419,0.177776282353221,0.424267434074642
2808,0.00557717962128,0.0390026733867359,0.0902772523860355,0.0414199448397059,0.23964491931864,0.584078030447603
2809,0.0403725019100354,0.0377126395145826,0.189202312357462,0.0698192126995165,0.0827683640422117,0.580124969476192
2810,0.0110539285006463,0.0376324943952251,0.0495083109715148,0.18993026709321,0.461069224067693,0.250805774971711
2811,0.0103779253578166,0.176712607286833,0.343390894808866,0.0583508803629827,0.125831954452364,0.285335737731138
2812,0.129403314741326,0.248444140871308,0.228266578778541,0.147525266121663,0.179245139269389,0.0671155602177725
2813,0.0117182061747102,0.118470487950124,0.113210930296637,0.0770044766126307,0.163062884016964,0.516533014948934
2814,0.00885743697919248,0.152369054572258,0.223103079722073,0.0461254151496846,0.31297657779525,0.256568435781543
2815,0.0492862360282599,0.136294839401156,0.206986380547885,0.0242853992884277,0.143065584227503,0.440081560506769
2816,0.290614743901411,0.181653247509642,0.359702882378646,0.0504594252078917,0.0924845049538392,0.0250851960485696
2817,0.0430369233102954,0.182071028203722,0.104138683349353,0.040044319079407,0.348341876326989,0.282367169730233
2818,0.143361058465712,0.220995764398846,0.210327204014734,0.0451693384323059,0.214288071081415,0.165858563606987
2819,0.523212603577008,0.26499679202742,0.0113878673461146,0.0914958367550318,0.0908118266502622,0.0180950736441634
2820,0.285039464486103,0.202697809242304,0.415517089982659,0.0249514696033266,0.0438709986687965,0.0279231680168113
2821,0.00729201552174696,0.0469042738197206,0.0311450759857041,0.0122409768494609,0.558918614179418,0.343499043643949
2822,0.12825974449225,0.107566882068169,0.11694020773987,0.0532204891976869,0.497838954311267,0.0961737221907567
2823,0.0820157942668452,0.14771528791524,0.0686644851213701,0.0921893881705169,0.375398160191687,0.234016884334341
2824,0.0123664998114019,0.171745676134534,0.138496765016102,0.0188084183370341,0.254650707798512,0.403931932902416
2825,0.00415121969938129,0.10079915876135,0.128896618531296,0.0168573243172215,0.0795482085124786,0.669747470178273
2826,0.0207336706056568,0.161132518915067,0.0522140899725048,0.0261068099461573,0.568925868842972,0.170887041717642
2827,0.278676764482229,0.183972021818201,0.0756268278719055,0.0473846369405852,0.285024791903909,0.12931495698317
2828,0.0138164507386833,0.131439865449174,0.0552396030605528,0.0387916402749642,0.583613054083782,0.177099386392844
2829,0.0091823424623842,0.0372750966588826,0.0222161517775878,0.15008137373479,0.654431267088759,0.126813768277597
2830,0.00519187306751778,0.0257524714253098,0.105790180138123,0.0196513866249622,0.165972651025572,0.677641437718516
2831,0.319799935488621,0.387654218414742,0.123717461675362,0.0341180587165198,0.0837904304786536,0.0509198952261015
2832,0.0127272599719206,0.197733454374163,0.316665102750357,0.0111551080392978,0.199116219031531,0.262602855832731
2833,0.0782391691660262,0.0925026011411084,0.0924898830091971,0.0748228021954022,0.303895223680033,0.358050320808233
2834,0.0157157451982947,0.0749475861170499,0.0967702390276308,0.0592232688739881,0.292076124084502,0.461267036698535
2835,0.369553797929649,0.234702465643076,0.0256960641372356,0.112716539262225,0.187843110656101,0.0694880223717128
2836,0.0105395515301652,0.0358650114875414,0.0310231571667052,0.0239154431166876,0.233589076376986,0.665067760321914
2837,0.0254937680906232,0.217257989218359,0.306060492599632,0.0495579024265641,0.250210855666735,0.151418991998087
2838,0.0791538059787921,0.139183983449649,0.238322591306027,0.115791379652877,0.0883305201173859,0.339217719495269
2839,0.398964097804624,0.220740006913138,0.0827613571589039,0.064512838955397,0.145235712113793,0.087785987054144
2840,0.200134263667975,0.0905656317402417,0.165607660434925,0.169376657926052,0.198680592360722,0.175635193870084
2841,0.416561233616296,0.111736586103774,0.10576423482981,0.129225270107733,0.171882214172814,0.064830461169573
2842,0.00352229847654676,0.0193925016015084,0.0247781429531924,0.0269119041433689,0.447919429472666,0.477475723352717
2843,0.256075242730859,0.0840625421943766,0.113634933318127,0.356727911555661,0.0806130420632956,0.10888632813768
2844,0.00727285068648732,0.0091653540558736,0.875589516270889,0.0113016041898726,0.0174721952335521,0.0791984795633255
2845,0.0922320943531243,0.167422532625498,0.188785171777831,0.371953016493086,0.150687427761982,0.0289197569884786
