"CUS_ID","F20-","F30","F30+","M20-","M30","M30+"
2501,0.0812300138575957,0.495539687084937,0.101617087371358,0.02758169570033,0.163205409454663,0.130826106531116
2502,0.0330163089535093,0.149916411469165,0.198246931107621,0.0740821446214991,0.361914579286737,0.18282362456147
2503,0.0451397859292559,0.425109630294481,0.0415817476508564,0.0491832306329556,0.365167218630678,0.0738183868617732
2504,0.402187180056526,0.140517233161702,0.122599176677179,0.171255443920802,0.0744916440013107,0.0889493221824809
2505,0.0380816421982968,0.148734937192071,0.152489669029259,0.0492212582828906,0.163633380184193,0.447839113113289
2506,0.0145101632377109,0.338548758382053,0.0874565717549822,0.0220132633852166,0.292022840931058,0.245448402308978
2507,0.00959366132108333,0.027271885975312,0.0887513702052306,0.0237980069414739,0.204807842732591,0.64577723282431
2508,0.00517867233301279,0.0302291203662016,0.027322319938969,0.0253559028610108,0.48530686965922,0.426607114841585
2509,0.0267824540136281,0.0399190947733371,0.167443603716048,0.0353517291993602,0.143191341773083,0.587311776524543
2510,0.0126707763894638,0.0869237923772883,0.0545035250946986,0.0275804298106534,0.374917848889653,0.443403627438243
2511,0.647055328136603,0.100717740456725,0.0798862506423317,0.113542705930405,0.0385879494234231,0.0202100254105121
2512,0.0438471917505205,0.167253653071278,0.059030597645055,0.144770733406219,0.483253044119276,0.101844780007651
2513,0.00608790453850411,0.0275860465765366,0.080761444174818,0.0229174955328555,0.274708250342724,0.587938858834562
2514,0.104599141812381,0.541574359234364,0.0607387427118178,0.0325135613891209,0.209431253157828,0.0511429416944882
2515,0.0124842099256435,0.0525243310764641,0.111282146320532,0.0328912064835434,0.206747116995366,0.584070989198451
2516,0.0783927841671631,0.115703625013707,0.0647898941457716,0.178054084088576,0.328534977501331,0.234524635083451
2517,0.0236891093280916,0.393307404617855,0.125402200477326,0.0147262239783422,0.221629131999739,0.221245929598646
2518,0.475176850768081,0.215256751301182,0.101283341502914,0.061600443915402,0.0841555319732095,0.0625270805392124
2519,0.0442915840770869,0.85753958761401,0.0162704799516073,0.00807035943782395,0.0535500750786841,0.0202779138407874
2520,0.0266445551157282,0.055582299893248,0.0180526979656744,0.109027313129551,0.604545873539407,0.186147260356391
2521,0.0144388247624789,0.0556445058386832,0.26818993739911,0.0326845930392236,0.122112291618248,0.506929847342256
2522,0.329758050677483,0.236174208396912,0.171881330804763,0.0738882321064195,0.126231986617839,0.0620661913965832
2523,0.0545764666003655,0.370042064477057,0.0811110927646719,0.0137208049479798,0.341592172108794,0.138957399101133
2524,0.0339889139330875,0.118342691854666,0.288222623000848,0.051061155244277,0.113432298341604,0.394952317625517
2525,0.106402361813849,0.0737737018724108,0.0676037405227958,0.414892345071767,0.266747186477107,0.0705806642420698
2526,0.0971924913783059,0.231790202700487,0.0734532613017375,0.092956310930009,0.345371809014664,0.159235924674796
2527,0.540082661237398,0.167723724783241,0.0910328537487428,0.0520524166301083,0.0905755285034117,0.0585328150970982
2528,0.00420012042281418,0.0158185934576513,0.0490664700909672,0.0374807552194705,0.193077310099483,0.700356750709614
2529,0.0678148246922688,0.0987182922272333,0.275215865500876,0.0580850327317401,0.125724384015364,0.374441600832518
2530,0.00265276421641371,0.0118902213257241,0.116332968446768,0.0139324103129667,0.0941582630053576,0.76103337269277
2531,0.0312968423857579,0.151557713462789,0.124637796474269,0.08264874681672,0.364564134302811,0.245294766557653
2532,0.0302009356669406,0.174272073274965,0.147646029329466,0.0610338749170531,0.280881285344463,0.305965801467112
2533,0.00151978964423438,0.00541745192537747,0.0444322284702638,0.00521635178113407,0.0227954720956633,0.920618706083327
2534,0.214042286823064,0.0627883377298648,0.0536320494187303,0.523649311688365,0.0849591909269337,0.0609288234130426
2535,0.0493565972009346,0.110550372564807,0.154281912786026,0.0440997803327454,0.182078355033065,0.459632982082422
2536,0.14270249556282,0.253064500806903,0.106305616618211,0.0624766424708975,0.204024191221658,0.23142655331951
2537,0.0274275970171403,0.785401285487411,0.0816045014365577,0.0060098372182558,0.0616381022687585,0.0379186765718772
2538,0.22935432863314,0.104986829164059,0.0659614233586814,0.114376146110309,0.320675959219277,0.164645313514534
2539,0.15033856897263,0.268078416094969,0.237530054157726,0.0406749225014057,0.157899601970769,0.1454784363025
2540,0.395529842056558,0.151595539554146,0.0335755092221028,0.174982591503655,0.204096965709509,0.0402195519540288
2541,0.121887590361219,0.0534057642360439,0.0140744944961716,0.485160495502462,0.279083348234163,0.0463883071699409
2542,0.0910837560960821,0.470233343843793,0.0512486182172561,0.0280340069157982,0.321980033313458,0.0374202416136122
2543,0.00789662942930075,0.0206134057154943,0.0749894815472691,0.0067464059704391,0.262156129898146,0.62759794743935
2544,0.0918620196759817,0.133527708610189,0.110278486433149,0.223182122017753,0.164462160605975,0.276687502656953
2545,0.0315118584289736,0.288825353963172,0.0483442554386308,0.0144219663864868,0.427743878956175,0.189152686826561
2546,0.0309536096563536,0.0340320645203238,0.011983300823009,0.268443516152144,0.578723637569512,0.0758638712786581
2547,0.0698482599615456,0.145968111837114,0.326230053625525,0.0401744227614441,0.182275114100477,0.235504037713895
2548,0.0625244635471793,0.0751944949007891,0.0936994379544283,0.218645967057541,0.453791640795938,0.0961439957441247
2549,0.0073957726278321,0.0446237453352514,0.0343723211427199,0.0414026307531179,0.349233409300851,0.522972120840228
2550,0.0150563356764989,0.0265753077418452,0.0168259912237121,0.183179559091879,0.578790678590591,0.179572127675474
2551,0.166597335951054,0.231981782282063,0.0431927031084128,0.181536238158797,0.229817689098221,0.146874251401453
2552,0.141980361476773,0.377047254684255,0.161127165873746,0.0445787250157032,0.136457574675124,0.138808918274399
2553,0.519242694710594,0.188933986366491,0.0399650706293846,0.103325361899676,0.127020252359599,0.021512634034255
2554,0.0935677728766061,0.176507244936966,0.103847840299978,0.129980174140238,0.411928576578035,0.0841683911681771
2555,0.0122221977096452,0.0666013437975067,0.0533224434065259,0.03597131187152,0.66135201109031,0.170530692124493
2556,0.0826127362826143,0.280036836362995,0.293559573542303,0.0433186084057585,0.165789439124243,0.134682806282087
2557,0.307611782633356,0.223936940251873,0.349036591975625,0.0397462369189832,0.0571014118142681,0.022567036405895
2558,0.0321921026181402,0.0736768928432242,0.69717619177689,0.0276375374805424,0.0748807257303178,0.0944365495508853
2559,0.0733433598108138,0.48281888364879,0.128147430683052,0.0260456545717634,0.110064610393064,0.179580060892518
2560,0.00692023823516487,0.0980277259894231,0.0957637308950254,0.0217281617911412,0.202813252939868,0.574746890149378
2561,0.0161779742347207,0.059494994201353,0.166702878895274,0.00933548246445219,0.12331555134665,0.62497311885755
2562,0.330965582172703,0.371903169714164,0.0391953707624706,0.0356021861843336,0.200279117339886,0.0220545738264435
2563,0.302491358053011,0.165888681596496,0.257603265944677,0.0771694537266633,0.0939430869902858,0.102904153688866
2564,0.132789111356029,0.0713785835975379,0.0737883780508668,0.392627308912612,0.177577996543984,0.15183862153897
2565,0.0225265349706452,0.0835830468122559,0.0798290626656627,0.0365140395378399,0.204957985391485,0.572589330622111
2566,0.0105308967630506,0.0320189534223135,0.0968368447836757,0.0866147605292075,0.334076336954265,0.439922207547488
2567,0.0305738070646379,0.135952593850238,0.119153172396724,0.0449162856039959,0.16339717678175,0.506006964302654
2568,0.00770840674073477,0.0453356929753186,0.0660348329849579,0.0219847206273488,0.265164697251285,0.593771649420355
2569,0.0235905459419701,0.075132467360372,0.196072538919393,0.0131335019629498,0.167085796793059,0.524985149022256
2570,0.0207738612852844,0.608482080932826,0.0859338825830077,0.0100100733972179,0.138668580417181,0.136131521384483
2571,0.114417148408122,0.0835916182657393,0.022692727531819,0.339426006109058,0.314631073709156,0.125241425976105
2572,0.0705936033961712,0.069231158441289,0.380512273455339,0.11005654927021,0.118964882663226,0.250641532773765
2573,0.0772677108805288,0.318726308905733,0.0750350977483322,0.0313152687287145,0.300336631330358,0.197318982406333
2574,0.0259046486782269,0.052343318628758,0.022365887943216,0.468313257178832,0.3611333735608,0.069939514010167
2575,0.019207465636159,0.0300914872026449,0.0146401900604241,0.146780603671781,0.679051136252992,0.110229117176
2576,0.29893285116019,0.327552922591026,0.117476259983076,0.0744250605329313,0.0910913572022876,0.0905215485304886
2577,0.0431426708358159,0.214698379770229,0.282797391234746,0.0268922623866118,0.18726220558479,0.245207090187808
2578,0.00118912579738818,0.00583940027069354,0.029420772222453,0.00683240122484026,0.0673076241400726,0.889410676344552
2579,0.278790680824095,0.203111824432795,0.309356908815549,0.0382099037316939,0.0908196306044442,0.0797110515914221
2580,0.056579109148941,0.289708321772729,0.166568414962965,0.0231800485112351,0.227616284020005,0.236347821584125
2581,0.00646308028897637,0.0373046767509574,0.0848136877404938,0.0853540804117914,0.474181727585957,0.311882747221824
2582,0.122566827311458,0.52329970847716,0.0720992370540556,0.0295268334396317,0.194637317190365,0.0578700765273302
2583,0.0488633496875814,0.576922353932591,0.161684307178271,0.0159282529077612,0.105228276347122,0.0913734599466728
2584,0.296785663868401,0.57576471947325,0.0320484470259676,0.0138100532801865,0.0642066215924054,0.0173844947597885
2585,0.0160113685842682,0.0630324829801509,0.0539524710864985,0.0574130226286975,0.518276537383193,0.291314117337192
2586,0.038671861499541,0.303764130060499,0.121156767460954,0.0350981941657511,0.223064108386913,0.278244938426342
2587,0.199914902868276,0.0669460683570056,0.0448662788843408,0.337641760411323,0.249895751143534,0.10073523833552
2588,0.0508560763465731,0.0317554262694808,0.0187022055288601,0.233721538769061,0.539394339198009,0.125570413888016
2589,0.0463299382702801,0.0834272012152507,0.040071533550424,0.147540241675033,0.588665134468718,0.0939659508202941
2590,0.0134124258320332,0.067648156596264,0.145767360581203,0.0671697328727275,0.188114237585984,0.517888086531789
2591,0.09435035979359,0.116895413257009,0.289976919340438,0.0287546235077512,0.0748086056898474,0.395214078411365
2592,0.0155267266414515,0.0482289505998148,0.0187329167644161,0.166617690710129,0.592437182573609,0.158456532710579
2593,0.202237763632652,0.201784772472304,0.0677163261244263,0.176500103218786,0.263129272774311,0.0886317617775214
2594,0.0253928088929768,0.0561297706781148,0.0512898096615772,0.0256494822137076,0.449218354092257,0.392319774461367
2595,0.0923254662133431,0.104424633862162,0.234924969573795,0.203307105141279,0.158060072123046,0.206957753086375
2596,0.816958003922587,0.0527594462202449,0.00960035851587013,0.0921200105523215,0.0245171122835578,0.004045068505419
2597,0.00668565084164661,0.0333626324045181,0.180358870157579,0.019883235552221,0.16133496777789,0.598374643266145
2598,0.0134096471906281,0.102141844932568,0.117534654554734,0.0129019219459306,0.153915148814951,0.600096782561188
2599,0.227928961280901,0.225215827469832,0.0929520049839272,0.193948703480027,0.173114653944795,0.0868398488405165
2600,0.00936385640142297,0.0446332983905062,0.0694768351308763,0.0318028423220766,0.77347187603693,0.071251291718188
2601,0.0269174028767335,0.0678655978507409,0.203000204310499,0.0265475842756768,0.123124592369418,0.552544618316932
2602,0.0214749606292753,0.0827736007423129,0.0965673569628875,0.0335391643146921,0.212841228585983,0.55280368876485
2603,0.0375375153455606,0.552006032311546,0.0389625041721174,0.0224069317269541,0.289944175433277,0.0591428410105444
2604,0.0457587599953132,0.141365236595775,0.324906223498432,0.122881329094393,0.0997736218418142,0.265314828974273
2605,0.00154854051459834,0.0552027765996015,0.2372469066019,0.0217294618720048,0.26000384754969,0.424268466862205
2606,0.0322978428015501,0.0821517433459027,0.111633852138591,0.0309598428359897,0.22247299524224,0.520483723635727
2607,0.00655344358690065,0.0221343164334338,0.0658805228845774,0.0207783580753801,0.110422318376384,0.774231040643324
2608,0.210033249524341,0.180573705243387,0.0702362135520143,0.158961383971127,0.238257942371089,0.141937505338042
2609,0.0179592915800577,0.051465317772418,0.0496505639200765,0.103531487507712,0.417676697586929,0.359716641632807
2610,0.102821432236089,0.201226453787998,0.0511060654837154,0.165995038464404,0.30696629363245,0.171884716395343
2611,0.0202446368263295,0.0692885918923479,0.189197584721573,0.0317726623211904,0.0845026169967223,0.604993907241837
2612,0.0672520527284512,0.27487522810234,0.122117878803794,0.0347299689296585,0.156815514295977,0.344209357139779
2613,0.449937597669828,0.348664631751826,0.0561955358568054,0.0572493420840838,0.0702290807667934,0.017723811870663
2614,0.130834633933975,0.104595117270333,0.0730058499780912,0.145207524394684,0.286462338734158,0.259894535688759
2615,0.466548963106668,0.239391566234421,0.151831454688478,0.044454880115999,0.058549952286078,0.0392231835683557
2616,0.00795467709030145,0.0542147382059768,0.0662253535717615,0.0439470524635409,0.502377133587695,0.325281045080724
2617,0.17386964863299,0.311921920982817,0.276294157227328,0.0354865012312139,0.122553032408941,0.0798747395167105
2618,0.0600535938811565,0.0694994308335293,0.0938800678616478,0.0610957230946483,0.446556302042554,0.268914882286465
2619,0.0323918059102002,0.0382309546635461,0.0158759892035361,0.0836400695784839,0.69450920778968,0.135351972854554
2620,0.0105263817999525,0.10282339758977,0.244729960797738,0.022225024316878,0.295950237561802,0.323744997933859
2621,0.0246527715879587,0.0760618369422135,0.0313898081556736,0.108799792593856,0.663085836678426,0.0960099540418726
2622,0.00228186793162331,0.00960157933586552,0.0203395412313384,0.00995592152447437,0.140639259037289,0.817181830939409
2623,0.253880221923081,0.201421499505626,0.0424203611260527,0.0805850058936403,0.354098668741919,0.0675942428096806
2624,0.0164286762655384,0.0400118517046075,0.105226391555866,0.0408047498254091,0.163043851657864,0.634484478990714
2625,0.0836468725556994,0.186912719330067,0.547390547957152,0.0298469288495163,0.0722063276577197,0.0799966036498458
2626,0.00642530003693242,0.0229897939617473,0.0526234525963014,0.0205018117681414,0.187722727659371,0.709736913977507
2627,0.0612876017747915,0.14643182286152,0.356938987232856,0.0231968643107184,0.167388470022508,0.244756253797605
2628,0.0995507333818628,0.12209154268423,0.0670558889379046,0.356390775880006,0.29051843386418,0.0643926252518168
2629,0.03133280326021,0.224545728769206,0.0564103977735594,0.0365548879619179,0.404438356195005,0.246717826040103
2630,0.146863339777994,0.120479734341025,0.136439843101891,0.0804166017997468,0.232620164674269,0.283180316305074
2631,0.0165892092606003,0.208934328872216,0.190365866597115,0.0214599866620207,0.32638967483131,0.236260933776738
2632,0.00414311937156459,0.0166193111980771,0.0601132475278486,0.016841204441196,0.148511100305347,0.753772017155966
2633,0.123828826581927,0.393675756041177,0.0661818637543359,0.079236163719235,0.252087055285996,0.0849903346173288
2634,0.0366418000419639,0.0802076494600419,0.253068214507377,0.0695955610529038,0.16770021132488,0.392786563612833
2635,0.0209393354062808,0.0747748301918243,0.0568710098356856,0.0295706336946174,0.642777703240525,0.175066487631067
2636,0.0277627609339018,0.0633201975529558,0.133695494632724,0.0429848174936293,0.331340285547089,0.400896443839699
2637,0.0139792330844723,0.0772506760374073,0.0229923138924508,0.0248543376564618,0.696596565751933,0.164326873577274
2638,0.0605087825425841,0.0447176692211935,0.0727426015857777,0.286333690904917,0.181379393368306,0.354317862377222
2639,0.102414029804505,0.0668891864142417,0.0475135788271354,0.414405437877759,0.289229097664959,0.0795486694113989
2640,0.0150593978334451,0.0338550633592852,0.0520338274579457,0.0224031546374886,0.133705735238946,0.74294282147289
2641,0.184409189358239,0.199479125252568,0.15010577737733,0.126392155296751,0.180497254800152,0.159116497914959
2642,0.0117574025493836,0.0773655898970462,0.109354431831606,0.0228902765504038,0.2505244909386,0.52810780823296
2643,0.385339107248358,0.352209783065148,0.0262121100699859,0.122826021468684,0.0900089579182975,0.0234040202295272
2644,0.00571191216896503,0.113528945956748,0.0365067547995009,0.0138106767200159,0.26629956997218,0.56414214038259
2645,0.0237861397081282,0.0702536749276891,0.036380579189973,0.0564008077593871,0.296884216412175,0.516294582002647
2646,0.0027619240677615,0.015180884696497,0.0751983021352396,0.0136664097399712,0.0489569845360103,0.84423549482452
2647,0.074396297441861,0.105520798700592,0.115983503876334,0.116788554087122,0.259449948753338,0.327860897140754
2648,0.135208474636202,0.247453119127026,0.498123511588228,0.0115533268719976,0.0330352800754277,0.0746262877011188
2649,0.0364201939873689,0.0529772393547212,0.0871339435517353,0.0464970298753426,0.237547279511772,0.53942431371906
2650,0.0532458490823979,0.037173357062837,0.214333532640103,0.0462464776365906,0.10143404252579,0.547566741052281
2651,0.021478578444088,0.0863462200652777,0.0401874575230191,0.0487077565397002,0.563184215661423,0.240095771766492
2652,0.0155324582742884,0.160732879007015,0.0500689329627535,0.0343865547356132,0.480591801581548,0.258687373438781
2653,0.263675130432913,0.235493304142752,0.128275625357699,0.0583172042552216,0.191893357823802,0.122345377987613
2654,0.00411053609126097,0.0433673231275071,0.0799481692216404,0.0406992579969209,0.159816684807776,0.672058028754895
2655,0.433978733507584,0.227402762672396,0.069492095869754,0.0930708629041048,0.138252743994854,0.0378028010513067
2656,0.0094220289978312,0.0615717843606235,0.0524515410977391,0.0261263148359706,0.448501524988076,0.40192680571976
2657,0.0126373720209453,0.0339469655916651,0.186662145757106,0.0193694546919927,0.10167996033026,0.645704101608031
2658,0.158262928074969,0.169592213585509,0.149054675003111,0.305125218422257,0.119434114971151,0.0985308499430023
2659,0.146056723255884,0.0700388185400482,0.0816715822389873,0.556905497211488,0.0730240661853868,0.0723033125682056
2660,0.00810522462235863,0.0347533044616885,0.0421128492048471,0.0289995153342008,0.267343846548149,0.618685259828756
2661,0.00345524535260152,0.0199071699965888,0.0851711971233345,0.0150075271701662,0.081818362156273,0.794640498201036
2662,0.00491991372537461,0.0457522131512035,0.101044703232025,0.0104533446824522,0.121528149679841,0.716301675529104
2663,0.00581545745088372,0.0289156573353541,0.0429411797912612,0.0299939436818024,0.411896837199754,0.480436924540945
2664,0.0339050469543408,0.105433327732763,0.0288705009606543,0.083024878319321,0.591918558243552,0.156847687789369
2665,0.242318560437056,0.281967444186444,0.113304850070805,0.0579339798565527,0.186323978363,0.118151187086142
2666,0.00267994790112186,0.00820787224809536,0.0792740328738676,0.00675060227682467,0.0183759894085635,0.884711555291527
2667,0.0697917262478269,0.13423313714347,0.437494818624515,0.0633629487170039,0.186481258114628,0.108636111152556
2668,0.0101925271807692,0.0617767424837538,0.441927730417113,0.0145780207590887,0.114841960498572,0.356683018660703
2669,0.0508562605180044,0.180890342474755,0.118149991309934,0.0293278587930152,0.234207723735285,0.386567823169005
2670,0.00826035244087818,0.0508511405477459,0.152284194434234,0.0186673851531629,0.18702717747807,0.58290974994591
2671,0.0296922419560248,0.0834849125235828,0.0445859758396533,0.0950826250286251,0.365555962708584,0.38159828194353
2672,0.0050196903856959,0.0479143147434708,0.126113063259909,0.0140456887350202,0.192300283941235,0.614606958934669
2673,0.324789299411524,0.304310978809062,0.0584677717787145,0.116818496338892,0.154620202093239,0.0409932515685694
2674,0.0239756859034289,0.0466804715509548,0.0668039507775942,0.216339579123609,0.403518704940066,0.242681607704348
2675,0.569244730481476,0.171884464154068,0.0187524905853984,0.156541211125656,0.0708686779830274,0.0127084256703739
2676,0.024950578657143,0.0368560303905725,0.0533976024649523,0.127879402392858,0.447117525699356,0.309798860395118
2677,0.0687223289718895,0.195467817970352,0.319841306019548,0.0440035394871089,0.255192369797289,0.116772637753813
2678,0.0432612737527108,0.178065816698314,0.211968375193969,0.046194012382426,0.304202062247195,0.216308459725385
2679,0.00271255220760724,0.020698203790568,0.0405751004659309,0.0207886457769147,0.323876125896064,0.591349371862915
2680,0.0623573034557905,0.100336944969281,0.338257467726553,0.210546576971153,0.131799820451402,0.156701886425821
2681,0.0298480363257534,0.165289105150608,0.117175474855385,0.0467093108529747,0.364786718517743,0.276191354297535
2682,0.011788341740129,0.0327576240375439,0.113875103019947,0.14906492548558,0.221813381026652,0.470700624690149
2683,0.477111558425427,0.259343457584412,0.0279515600810914,0.132796883788877,0.0899554138197998,0.0128411263003932
2684,0.00914968305650164,0.0403008957832376,0.0391830421311262,0.0808052240394216,0.468455764850764,0.362105390138949
2685,0.121867160416462,0.0717111869601959,0.151880496884324,0.0316630052720709,0.074543698146458,0.548334452320489
2686,0.0146590872786933,0.145429277398902,0.134715229138999,0.0351023573353356,0.195336630750142,0.474757418097928
2687,0.353751131940763,0.206552355466163,0.0938196629389708,0.15957190906575,0.153698525829595,0.0326064147587585
2688,0.0290669329812044,0.152701506930452,0.0649969505679673,0.243051691092662,0.385336285571221,0.124846632856494
2689,0.161424005447763,0.602011531724619,0.0333059668282155,0.0429901364878768,0.1338544218728,0.0264139376387265
2690,0.0118151878092112,0.0243609810740596,0.0345779987917505,0.227727452944444,0.430982574261393,0.270535805119142
2691,0.0392023893559042,0.215063088770256,0.0803019840217388,0.0525198840012406,0.386064804003731,0.226847849847129
2692,0.079186462605521,0.106173392492958,0.229884536754797,0.0586151256779546,0.229155297479165,0.296985184989604
2693,0.0368366134600564,0.0696989957992867,0.205435230750158,0.0406530907667216,0.151522249348698,0.49585381987508
2694,0.00726831109372504,0.0237943400671608,0.055121664536351,0.0411600603237634,0.211865762812933,0.660789861166067
2695,0.576574541876596,0.168676911952793,0.0516241345872093,0.111049991564076,0.0699467601098251,0.0221276599095005
2696,0.0191335792641283,0.0755390960762591,0.29383391262754,0.0235730908332806,0.116486254377486,0.471434066821306
2697,0.047958693211366,0.156107173489603,0.26345068985784,0.0326691660203395,0.186404221977425,0.313410055443426
2698,0.011122294387055,0.0406112865943498,0.234007810125333,0.0322628341769009,0.245783703614037,0.436212071102324
2699,0.0114421655017542,0.118683963683519,0.400449600449593,0.00783891916330363,0.064742586474854,0.396842764726976
2700,0.00189259140083324,0.0353514342614738,0.0243217930275092,0.00563306984481506,0.352576200516872,0.580224910948497
2701,0.014405492496423,0.0457906253025513,0.0915463218662858,0.0951970456482003,0.301257547084014,0.451802967602526
2702,0.425528063619795,0.177494922326178,0.191574356132857,0.0659835041402132,0.075635549654204,0.0637836041267538
2703,0.118484327261703,0.0830313565633757,0.155265440935094,0.0981785897850458,0.234729131685449,0.310311153769333
2704,0.0337562562011985,0.191418357735929,0.52809038875408,0.0346269444996426,0.09790795245711,0.11420010035204
2705,0.0153008110381277,0.139921052261784,0.419555013803916,0.016902233154332,0.135874928252415,0.272445961489425
2706,0.0123692260671905,0.078371261201054,0.202657546933039,0.133077046566156,0.190689738828332,0.382835180404229
2707,0.0122154128355173,0.0378219641064293,0.0251864298147931,0.0623651400996989,0.612761048570777,0.249650004572784
2708,0.377378113152395,0.362939859471107,0.0689727504768427,0.0573422965823894,0.103375018993193,0.0299919613240728
2709,0.0653819644248578,0.174667632258574,0.32684200722734,0.0321468222933618,0.110579237185212,0.290382336610654
2710,0.0728105436099979,0.0531243640219095,0.226038486935415,0.0520732473496766,0.0895434427136318,0.50640991536937
2711,0.0385722231355172,0.0700364125281698,0.151411420239327,0.0495626107037458,0.286785447567263,0.403631885825977
2712,0.134605859676282,0.0803929408473036,0.0859454323861854,0.278412053344388,0.276931568181723,0.143712145564117
2713,0.139328318356035,0.232488894970988,0.253726435423247,0.0471885323277263,0.113257737001869,0.214010081920135
2714,0.00394397852706674,0.0575850952199532,0.130744081417307,0.0132814881493509,0.161545279353986,0.632900077332336
2715,0.0270135255566252,0.0986721871808079,0.409643852381475,0.0308625744924846,0.234983483865723,0.198824376522885
2716,0.0312993318998237,0.0712858920820179,0.0811774216377626,0.0636171922410329,0.392234827509728,0.360385334629635
2717,0.00950701498197624,0.0392100419275024,0.0374922236963377,0.0307293629977545,0.291138782800641,0.591922573595789
2718,0.0186479178545575,0.0472348067145176,0.261787395869619,0.0566620070225014,0.15906824504519,0.456599627493614
2719,0.0289210232423397,0.106092292794356,0.197247143614179,0.0472402153376965,0.353556417885044,0.266942907126385
2720,0.0978593402715314,0.0957400296375548,0.248821070436768,0.090450617571347,0.245114968329468,0.222013973753331
2721,0.0149842242470555,0.0500960525669314,0.0900282131039998,0.0376409230097025,0.347341717915124,0.459908869157186
2722,0.28797503087024,0.48880498838857,0.127322555802497,0.0119635129644793,0.0614084767661944,0.0225254352080181
2723,0.0491658795041121,0.149636667009589,0.11242552701862,0.0486282724558571,0.207561977810247,0.432581676201575
2724,0.691816830546401,0.0892462635299603,0.0541886739913837,0.101396073426061,0.04418950487292,0.0191626536332738
2725,0.276056288777164,0.275303490419859,0.0662327942476865,0.224003685548473,0.10447412059706,0.0539296204097573
2726,0.0442560886807973,0.0795421909275145,0.0401742503815843,0.126378324908451,0.657643399806467,0.0520057452951856
2727,0.00428637376472768,0.0381188544020224,0.0613248850677663,0.0284217281542161,0.309710392544723,0.558137766066544
2728,0.0179471025456536,0.0335489998293277,0.129092868523816,0.0405970568404375,0.117068688681158,0.661745283579607
2729,0.153538661871981,0.220639081177971,0.0826419334515149,0.113739005254476,0.283460941828661,0.145980376415396
2730,0.00948811011939786,0.0271683739318203,0.0637261554182132,0.0486264726139391,0.456912264059272,0.394078623857358
2731,0.177815911927737,0.162278781549968,0.063920963209372,0.162203941722681,0.335054203010684,0.0987261985795578
2732,0.0170940456519906,0.0643954020142537,0.276922873776456,0.018847211738461,0.0987487776584531,0.523991689160386
2733,0.0431377789037262,0.134845218782314,0.120394955395081,0.163493975047838,0.439998651083242,0.0981294207877991
2734,0.0310681618949687,0.717662857380946,0.0398403660199247,0.011402792028003,0.125885287370303,0.0741405353058538
2735,0.0390002941713807,0.466673518743571,0.137939837369067,0.0225316248621242,0.14418565993124,0.189669064922618
2736,0.0329096567192474,0.0777212135219313,0.0466402415453151,0.414942847052237,0.332600467856766,0.0951855733045028
2737,0.17338209901218,0.101365098762295,0.296809577108911,0.0497422292201768,0.198541759337599,0.18015923655884
2738,0.0228852364048763,0.108054795855568,0.12399126608221,0.0537758961798291,0.164966890052901,0.526325915424615
2739,0.135462019947742,0.242055035398664,0.263791461142592,0.0398612090174518,0.231152587874177,0.0876776866193737
2740,0.249710555386756,0.336075022326021,0.0622950495488817,0.0851922560642763,0.117027390795315,0.14969972587875
2741,0.063426528910658,0.302706790026127,0.119538032192401,0.0285563702263138,0.341907767213706,0.143864511430794
2742,0.0527783874044059,0.0649589980034162,0.0370905055925426,0.188325021214162,0.498788389541279,0.158058698244195
2743,0.204933501784627,0.237832827172802,0.107462955590206,0.108288771614793,0.204556648571462,0.136925295266109
2744,0.0205546571102804,0.0795690109205897,0.036231530125058,0.118082060131088,0.648956674743095,0.0966060669698889
2745,0.00288772456496199,0.0405122713098286,0.325351621399694,0.0556705383764667,0.361001583115411,0.214576261233638
2746,0.0153243847482215,0.0775882432316414,0.111970230545833,0.0298245674007212,0.298441759612538,0.466850814461044
2747,0.0173229965565423,0.032259225854289,0.0115845990596537,0.0866325143766926,0.662960554054473,0.189240110098349
2748,0.00608077981780816,0.0436469366959114,0.0541074903595897,0.0313711962000641,0.659694763886809,0.205098833039817
2749,0.202521674408186,0.109295865923465,0.0561748125849861,0.335920136433149,0.217421856502212,0.0786656541480015
2750,0.0102784208316045,0.0587904897468088,0.366706634247031,0.0310430566572072,0.126823755361806,0.406357643155542
2751,0.216365251246582,0.150263359643201,0.0458103527778891,0.116031070460179,0.427515406727693,0.0440145591444562
2752,0.048095249081471,0.167697465574386,0.178602279749001,0.0699801022413013,0.170190477241428,0.365434426112413
2753,0.0505376453671527,0.0688356586544918,0.0174940353628317,0.359199103535406,0.451551318593918,0.0523822384861994
2754,0.00920654008206259,0.232102396892473,0.0581950823890222,0.012359666721618,0.497363260312411,0.190773053602413
2755,0.00197699157407072,0.00736506030235036,0.0430402789165665,0.00982997135881436,0.227826782794737,0.709960915053461
2756,0.00455896963809947,0.0119626575473896,0.0614711284620668,0.0103812221682193,0.0330557877336305,0.878570234450594
2757,0.00855797791148959,0.129248893841206,0.0211335890663324,0.0291549873533042,0.553403748796495,0.258500803031173
2758,0.0802681455655467,0.27114440531827,0.194184795802859,0.0233420102178744,0.286088974959965,0.144971668135484
2759,0.0193544080902336,0.201709927002241,0.0884158092199534,0.0157121527240408,0.280874768182976,0.393932934780556
2760,0.340077482253353,0.0677620031313332,0.0291992867433254,0.512346828532964,0.0417097880932056,0.00890461124581913
2761,0.182408906166671,0.131968970847037,0.0713557713878254,0.311726501606076,0.202275453103225,0.100264396889165
2762,0.00540185152673032,0.107373814461116,0.0909162787409997,0.013379145390859,0.428449682542244,0.354479227338051
2763,0.0537477117250148,0.165713541259066,0.313585683725142,0.0523869856233258,0.223369348272733,0.191196729394719
2764,0.00941137794173866,0.0211458312733015,0.147766944026879,0.014621026375626,0.0948449419427261,0.712209878439729
2765,0.0189225684292374,0.157865003305417,0.232275493902152,0.0219443612256055,0.181128770627551,0.387863802510037
2766,0.0316291221217903,0.123487298922237,0.100909768010194,0.0432988035778413,0.399204750356373,0.301470257011564
2767,0.0121025411931918,0.0253209930532958,0.04258898673685,0.470355241941894,0.22295455640942,0.226677680665349
2768,0.0444358182435011,0.247513856190605,0.410636406290427,0.0149354749231203,0.0898521098934559,0.192626334458891
2769,0.0462161006497015,0.309148735767395,0.0858596894110109,0.0782216495758911,0.341397761023947,0.139156063572055
2770,0.00210767381778645,0.0322949482678132,0.167349669948447,0.0151051684406626,0.158934158398858,0.624208381126433
2771,0.0263914414362756,0.126734342929219,0.488633539538728,0.0236876157375464,0.121174357426859,0.213378702931373
2772,0.044432828946089,0.0523242274176567,0.0767766536582069,0.179009272784177,0.487744421427291,0.159712595766579
2773,0.0573239868890652,0.308099303045428,0.118020264439342,0.0239732876342849,0.353402636801868,0.139180521190012
2774,0.104640247826359,0.388215066431858,0.0929051976701404,0.041081206586393,0.275116998935716,0.0980412825495334
2775,0.0013980505906104,0.010166198512971,0.0791383340242366,0.0051237235503499,0.074180524783052,0.82999316853878
2776,0.00815183467925731,0.0284619719257677,0.0524387342230859,0.0399345228112389,0.262409730891088,0.608603205469562
2777,0.00108084644945295,0.0113459629916928,0.0696417295106514,0.00855957239848869,0.0584167274311741,0.85095516121854
2778,0.071756339544893,0.140332388815285,0.132484422809284,0.0800689035518816,0.168827811352503,0.406530133926153
2779,0.0299477500871562,0.0419288767047254,0.319743653995317,0.121325567640794,0.159103953720876,0.327950197851131
2780,0.0491311165817436,0.232361795225241,0.287793728517727,0.0436511340418182,0.121833773938186,0.265228451695285
2781,0.012394752914779,0.0273178582816395,0.0464868064725295,0.0950838668590435,0.548200480846796,0.270516234625212
2782,0.00537094287630668,0.0254112264352921,0.190665789832745,0.0149855823462244,0.0930120396542692,0.670554418855163
2783,0.317180518889719,0.391188805860317,0.120078018330956,0.0517871251109582,0.082529964073429,0.0372355677346216
2784,0.0546497395493031,0.284157647190505,0.0506612244182333,0.112331100932225,0.422766496879457,0.0754337910302769
2785,0.00173528093825111,0.0109808687883553,0.0373330775191696,0.0240915281594411,0.266411421912755,0.659447822682028
2786,0.0136963929255852,0.0803652376259821,0.0553374884480777,0.0563203049089091,0.445509067668153,0.348771508423293
2787,0.00450809179643942,0.0335478213486422,0.0905310012974426,0.0181448504529278,0.244566665925939,0.608701569178609
2788,0.0140886252672339,0.0540203059267713,0.106254572179915,0.0275246311783553,0.14297443814662,0.655137427301105
2789,0.0564014838855843,0.0653654402009941,0.307928314629601,0.0641384339658117,0.210043030931407,0.296123296386601
2790,0.0707066357642813,0.141137691280513,0.0461153872266726,0.0877439924409284,0.435308169555958,0.218988123731647
2791,0.176611538183564,0.0483447925639866,0.0224501848341804,0.620043004886905,0.0941631311604087,0.0383873483709554
2792,0.580937140192221,0.236126478964693,0.0262169494004258,0.0531534479961691,0.0813437416357748,0.0222222418107163
2793,0.00612930675566699,0.0612646673511514,0.0388852783341443,0.0178998434292324,0.493802982894934,0.382017921234871
2794,0.483767961903514,0.234549988424745,0.0514537012866269,0.0987696628928566,0.103625882474638,0.0278328030176193
2795,0.366607478716795,0.102097782153319,0.0348939637776363,0.393500484495854,0.0866285640614252,0.016271726794971
2796,0.00247991006346492,0.0208982097408469,0.105659895423319,0.017697150952112,0.100657383768334,0.752607450051923
2797,0.0350863565772328,0.0514951519696911,0.0672799898743289,0.102763259230045,0.178805111478908,0.564570130869794
2798,0.00692531467992625,0.137252081020282,0.232771147631592,0.0101258902752212,0.286157908216962,0.326767658176017
2799,0.111360225445965,0.168273988525018,0.362139846447147,0.0236117602343763,0.1388491322135,0.195765047133993
2800,0.00563990502925514,0.0226928847224786,0.0389182787368992,0.0333453678697296,0.227693010702475,0.671710552939162
2801,0.0110712497802124,0.0437709042654181,0.0227242404568288,0.0278924535331069,0.497590150591908,0.396951001372525
2802,0.0201756532722581,0.0848043989212552,0.054182784832764,0.0780381466452367,0.390634225233209,0.372164791095277
2803,0.0816792606974674,0.519821698299365,0.0895542738168683,0.023421021904524,0.18703481341795,0.0984889318638256
2804,0.0144064442277348,0.0688270706763924,0.121409213936293,0.0383474951472863,0.43033680432108,0.326672971691214
2805,0.264238865061234,0.168796148486448,0.288367800391534,0.0775442105141866,0.12696184131407,0.0740911342325265
2806,0.127372509266961,0.0813028697153395,0.0594424034703313,0.259140604005136,0.249253183286002,0.22348843025623
2807,0.0749478147660609,0.17938775228635,0.180314896331789,0.0749112390061973,0.194405889506781,0.296032408102821
2808,0.00834420539298322,0.0436640067882644,0.0549893921204649,0.0248112268943777,0.308457420994021,0.559733747809889
2809,0.0335748125304394,0.078337374622533,0.308475711143408,0.0441191218890636,0.0952545341993158,0.44023844561524
2810,0.00815270659075911,0.0444725017362116,0.0693514584277188,0.0785531559247162,0.463756279330412,0.335713897990182
2811,0.00811045870102261,0.136818348604086,0.213351016373756,0.0322336913432787,0.31753767810337,0.291948806874487
2812,0.381935734619322,0.303348469380897,0.122168304642383,0.0770506465562072,0.0760341246199887,0.0394627201812023
2813,0.0764744888941652,0.119389407584185,0.160289267648707,0.127151803347032,0.297592010225061,0.219103022300849
2814,0.0189096968573667,0.240008887839244,0.199241559923813,0.0369969219674359,0.222704897011803,0.282138036400338
2815,0.0386578274051528,0.0961053944029014,0.142639461219204,0.065763934446104,0.175259690671145,0.481573691855493
2816,0.190585333611867,0.168928657287453,0.341071317114024,0.0744199749910312,0.157709111964611,0.0672856050310135
2817,0.082995043443953,0.298609874734961,0.118172943409781,0.0546865658515729,0.308669992446169,0.136865580113563
2818,0.27000551323781,0.261959774237058,0.198361213606712,0.0515774437137021,0.1345503103418,0.083545744862917
2819,0.489725128353815,0.325236771345207,0.0504315491262393,0.0470885262380852,0.0698799619284024,0.0176380630082511
2820,0.351631115603746,0.201076423313702,0.338557479684698,0.0286281290352227,0.0505875376185788,0.029519314744052
2821,0.00237326967050559,0.0274346294074784,0.0141757868412293,0.00681360057653564,0.476615772597631,0.47258694090662
2822,0.167196323113097,0.164743884996754,0.202374416617659,0.0570663696181367,0.286314236468668,0.122304769185686
2823,0.0519752141172851,0.106925239609589,0.115420795980615,0.0870355942254476,0.250528399175849,0.388114756891215
2824,0.0339738312508244,0.130359941249547,0.19475534512685,0.0374244276004046,0.286460704272113,0.317025750500262
2825,0.00282634501579073,0.0223006990744895,0.168007554785774,0.00786909726527116,0.0208076129901815,0.778188690868493
2826,0.0221115843109663,0.173786027196609,0.0440602955076091,0.0306610409946553,0.517662860322918,0.211718191667242
2827,0.0997625751527486,0.388837205047243,0.135002421116094,0.0340008104338707,0.190420023851236,0.151976964398808
2828,0.0183049076273704,0.136734643516005,0.156207885948447,0.0353115664731184,0.444022248289427,0.209418748145632
2829,0.0255971447182912,0.033235040418998,0.0314537738807197,0.151094811338657,0.617052843420753,0.141566386222582
2830,0.00271772196344275,0.0229484508143493,0.104926173255776,0.0210251369275064,0.155580796660913,0.692801720378013
2831,0.338965564516714,0.43226887874857,0.0879624553424039,0.0442396679885432,0.0623810640767803,0.0341823693269881
2832,0.0258413200126219,0.234182116536208,0.235675204492612,0.0207069230038655,0.277158775336192,0.206435660618501
2833,0.158008646685393,0.124298241243889,0.0871998855838828,0.197772673835688,0.24495342296252,0.187767129688628
2834,0.0133614835780777,0.066623082092088,0.0846469252473734,0.0220007576947339,0.270639698328728,0.542728053058999
2835,0.255418451690653,0.21394011997263,0.0334709936369978,0.168104954314699,0.258211934221302,0.0708535461637189
2836,0.0109605779167374,0.0269286483322496,0.0384107548174229,0.0443720802800196,0.249165877102564,0.630162061551006
2837,0.0457030449379505,0.218396298585623,0.33956575290174,0.0469231863434073,0.177123269241594,0.172288447989685
2838,0.147499968947428,0.231431956637589,0.25573903721552,0.0691282671404797,0.106643919690744,0.18955685036824
2839,0.145221744558047,0.172307197972293,0.126140033818178,0.0906637504337784,0.277964514720185,0.187702758497519
2840,0.137035712000379,0.0841080536548737,0.157359193381093,0.21002182884248,0.173716355405002,0.237758856716173
2841,0.457755530280325,0.111609741319779,0.0571658699793853,0.156048484178716,0.160921940079378,0.0564984341624172
2842,0.00522793839943819,0.0269707334395889,0.0191881128156183,0.0275391699738513,0.579680281409441,0.341393763962062
2843,0.115177032665963,0.115823435409172,0.117599658094294,0.0302328668231431,0.431045082710928,0.1901219242965
2844,0.0220515066192111,0.0913049899753396,0.622998337512811,0.0151151265565487,0.0627209879443609,0.185809051391728
2845,0.200564844829506,0.376877760831036,0.151085356817174,0.169437372934327,0.0824113712307576,0.0196232933571997
