"CUS_ID","F20-","F30","F30+","M20-","M30","M30+"
2501,0.106137906796895,0.319798278157561,0.174578376056573,0.0821472532573946,0.192839357290284,0.124498828441292
2502,0.0949425601872967,0.173474026481296,0.168808464303429,0.120969922006226,0.247114845498094,0.194690181523659
2503,0.0681461480590348,0.280711196624788,0.162776710344891,0.0790989616828889,0.244018403457123,0.165248579831275
2504,0.24114757766164,0.155169195224336,0.120152868116768,0.173845486865143,0.156340016457762,0.153344855674351
2505,0.075668959199708,0.110031456361231,0.197058525068816,0.13665674201189,0.176473519084939,0.304110798273415
2506,0.0736170991441362,0.316613212281105,0.20114661057738,0.0949519562759442,0.194394958011783,0.11927616370965
2507,0.110201964149337,0.151170412847247,0.0628198985254056,0.138007177345925,0.152592565970625,0.38520798116146
2508,0.0715325697778418,0.119282541796238,0.127606169690244,0.115719582325634,0.263147568701554,0.302711567708488
2509,0.106328133479459,0.142089432672476,0.157649331101816,0.133185474333864,0.134366107395899,0.326381521016485
2510,0.082489221395958,0.178126118235241,0.130155085042928,0.110137011938445,0.225970555964827,0.273122007422601
2511,0.396114066749369,0.0986490145896053,0.112948931170011,0.18806874146627,0.13249258322096,0.0717266628037846
2512,0.121438342250233,0.232847264881311,0.17083205723874,0.168722490105858,0.250050931087782,0.0561089144360754
2513,0.0623485911624909,0.12034205425982,0.170070903524126,0.135918127577628,0.260620987777496,0.250699335698438
2514,0.0875252443596231,0.351478886676872,0.151794700079928,0.0812301201994444,0.227763240314439,0.100207808369694
2515,0.0915508164715755,0.137251864930722,0.172392436582038,0.110568389222547,0.180872165162692,0.307364327630425
2516,0.113238930505133,0.153944825417103,0.114600853370575,0.141481815644371,0.24981700439306,0.226916570669758
2517,0.0899599402024976,0.325496404923791,0.216543044156623,0.0687729875866017,0.143614465596999,0.155613157533487
2518,0.286844091655537,0.211396652827801,0.154106504241835,0.116960879314419,0.154371824072135,0.0763200478882737
2519,0.0932400101832432,0.556506524573999,0.140751806177953,0.0541915962258148,0.113170889930734,0.0421391729082556
2520,0.0817104693331249,0.119039534584812,0.0724895028695324,0.131264392217291,0.370492753510212,0.225003347485028
2521,0.137287526133016,0.11820500378867,0.220226698354259,0.172546482408358,0.111158980971919,0.240575308343779
2522,0.253618088910689,0.178917462191665,0.187987737292702,0.123887751305766,0.167245433890176,0.0883435264090022
2523,0.112341503844021,0.36808693695943,0.187400095629784,0.0618930549267722,0.211459998125266,0.0588184105147267
2524,0.119765870123867,0.154010350755472,0.157567251425458,0.1629810903956,0.138769005381845,0.266906431917758
2525,0.118085710266793,0.124937038893891,0.177362663642974,0.21695854562836,0.28452247019745,0.0781335713705311
2526,0.119209888610472,0.21495663348733,0.120514199046092,0.121729160479425,0.261536371670779,0.162053746705901
2527,0.304842376214764,0.135031899625511,0.159375062430005,0.11248084885988,0.180798530214505,0.107471282655336
2528,0.0511172074031683,0.0754118771664918,0.110302159172141,0.114750898032167,0.265358272164387,0.383059586061645
2529,0.130424959230736,0.118620391329274,0.243559970399821,0.132929549537492,0.159404859515116,0.215060269987561
2530,0.0524014459646439,0.0912696370158555,0.186022979744617,0.112382607035007,0.122109518997886,0.435813811241991
2531,0.126631420792878,0.189712951717856,0.192692359170184,0.164419915372008,0.183711642805522,0.142831710141552
2532,0.096847985108587,0.1943683164014,0.191537825916634,0.129659963902872,0.234333802635655,0.153252106034852
2533,0.0796761497098077,0.106393273344273,0.156547433394032,0.0864613442641933,0.0460765386141605,0.524845260673534
2534,0.184552277406451,0.0470212971087796,0.111533939410855,0.355895651317203,0.189381886807202,0.111614947949509
2535,0.127612066573542,0.174853929827343,0.167848265276279,0.11216778633054,0.147958649861967,0.269559302130328
2536,0.163255973716556,0.194773360937203,0.175666450241691,0.115213159409402,0.189460552563851,0.161630503131298
2537,0.088806874116982,0.47642206551323,0.248034799514266,0.0571634167484278,0.114175082778114,0.0153977613289802
2538,0.190594963118161,0.135086291930535,0.12789703159494,0.128548871964119,0.258439253171314,0.159433588220931
2539,0.156771579719398,0.237937556667842,0.198607470887013,0.0813186722544893,0.179375693731454,0.145989026739804
2540,0.240374646293244,0.194946357579889,0.0950416511903315,0.156558608512283,0.226302932126728,0.0867758042975248
2541,0.170588991144161,0.148639204958821,0.0669173272376483,0.198474586232088,0.229336192331095,0.186043698096187
2542,0.0228314574847965,0.265258425384616,0.196619864093484,0.0796563811526107,0.278736437557361,0.156897434327132
2543,0.0705773181935807,0.064581861478811,0.13037758882639,0.0660068078558697,0.303433503658558,0.365022919986791
2544,0.133604362375053,0.12723226405462,0.103958672550923,0.237281351796541,0.163779747590795,0.234143601632068
2545,0.0940463080501444,0.282660453120782,0.140140617442326,0.0669779166836099,0.282611051413213,0.133563653289925
2546,0.120693043299052,0.119786641524472,0.0665490570695071,0.260610799063753,0.29394414450925,0.138416314533966
2547,0.196800663143216,0.165964847795668,0.250290940506925,0.146533480781648,0.189648505119873,0.0507615626526687
2548,0.100292782841176,0.125655796631036,0.137875936195663,0.224272381658738,0.260829597038298,0.15107350563509
2549,0.0611332649884863,0.122608815095337,0.0958109113627388,0.117810905942846,0.226195193936004,0.376440908674589
2550,0.0940560749301187,0.138658086058416,0.0578252808009968,0.0337608978182296,0.388863968534188,0.286835691858051
2551,0.171077375335367,0.238854207730274,0.0505846830086218,0.209726297863208,0.0589330026568892,0.27082443340564
2552,0.133717946011315,0.298783295612347,0.191100752965749,0.108678142861381,0.158153273935195,0.109566588614013
2553,0.210068770639295,0.181995738037442,0.135298212565324,0.165667177336811,0.22685294855,0.0801171528711274
2554,0.112873327350356,0.193619253183168,0.164697156275592,0.128648402048414,0.283013343258732,0.117148517883738
2555,0.0687080239660662,0.16185429980544,0.164088474250149,0.102557986399205,0.31974199585272,0.183049219726419
2556,0.133202407693014,0.24463835654508,0.247988300928751,0.130086167392653,0.163380940172141,0.0807038272683612
2557,0.232454721654998,0.183257738184146,0.266894674680124,0.109639405252032,0.146341168055759,0.0614122921729398
2558,0.109014578326244,0.15948850852748,0.371950010241365,0.131575743628487,0.139816112805231,0.0881550464711924
2559,0.113960722060071,0.306854134055935,0.202106399640545,0.0844616663319757,0.151180273933863,0.141436803977609
2560,0.078113140066959,0.221259719032963,0.177284452170052,0.129096688306522,0.192265872412906,0.201980128010598
2561,0.123505645027938,0.176376043248036,0.208364455955485,0.0810722184085401,0.125885387224866,0.284796250135135
2562,0.0340367988423356,0.344370105044882,0.174467599517759,0.0937523092583759,0.297065665977668,0.0563075213589789
2563,0.104984503540324,0.170958751364006,0.273324743031704,0.133021553222868,0.176453890961566,0.141256557879533
2564,0.15953191691399,0.107523631496483,0.0891769322181192,0.218818573602688,0.246376543039654,0.178572402729065
2565,0.0743028446676877,0.136493636141173,0.137247256369343,0.101137452913089,0.203565644562175,0.347253165346532
2566,0.0720956835089651,0.0897596335897047,0.112817071842446,0.161473471870831,0.194911352380793,0.36894278680726
2567,0.0691548236115963,0.170448037706165,0.172345746519906,0.112929856496929,0.202166144764152,0.272955390901251
2568,0.0766630792471124,0.171232910585533,0.183193333039326,0.11391253350748,0.255118149735706,0.199879993884842
2569,0.0953689284110103,0.172409622598237,0.202421206831462,0.0868791871339674,0.164216995313446,0.278704059711878
2570,0.0515997128241649,0.352415032294498,0.258403696288552,0.0534885883878837,0.125068884936644,0.159024085268258
2571,0.117403946723622,0.135854429533583,0.10365890425873,0.214426416658607,0.274457077485432,0.154199225340027
2572,0.106283378381467,0.129359701419455,0.256242201522365,0.146297456851094,0.174085897360635,0.187731364464984
2573,0.153273817048338,0.279823947210976,0.187027075069306,0.102178528330078,0.224758657671857,0.052937974669444
2574,0.112173237098591,0.146152568757085,0.0945636379616622,0.275246294126772,0.273631437571141,0.0982328244847501
2575,0.0837293477498203,0.112186300546023,0.060465749048149,0.16667779782294,0.40350719110832,0.173433613724747
2576,0.197941461391189,0.230158799073159,0.17194394400482,0.129748247258374,0.152768157302277,0.11743939097018
2577,0.0882533194591735,0.228834578228031,0.25839771940739,0.0706230433865384,0.172735543070119,0.181155796448747
2578,0.0907291989887002,0.148197407434399,0.168554031720316,0.0932214596884477,0.0831637595136434,0.416134142654493
2579,0.193154158881435,0.206021461971549,0.280513182995431,0.0687974828297902,0.160198093024743,0.0913156202970515
2580,0.137324603989299,0.235034174409834,0.235264265601876,0.08991167825495,0.202020504863035,0.100444772881006
2581,0.115823000281915,0.192009653961559,0.145632434444781,0.185967147289694,0.0876309872656952,0.272936776756355
2582,0.134161776474777,0.35511956808278,0.137070470457905,0.0811940144187721,0.207965854641956,0.0844883159238102
2583,0.0981601341008332,0.281928217926808,0.241138753570084,0.0745858010125516,0.2073326775628,0.0968544158269233
2584,0.205982478378075,0.432610423061015,0.108239373273299,0.0546401421224491,0.146932133519059,0.0515954496461028
2585,0.0780212608684398,0.135251337816195,0.124039957208168,0.124715797021611,0.281396867197191,0.256574779888396
2586,0.108363909066449,0.19715806300568,0.201463524549953,0.114775905706421,0.175958294827415,0.202280302844083
2587,0.201619257530316,0.107108053716196,0.103600259393432,0.220970606158163,0.225954614970683,0.140747208231209
2588,0.100080115470017,0.139153464272067,0.101181961339938,0.0972926850474158,0.37260259922627,0.189689174644292
2589,0.106740693119059,0.17598259162455,0.119317364622884,0.176006752494165,0.296602034484995,0.125350563654347
2590,0.0601526735961931,0.159798941480877,0.140421817404327,0.129224261451532,0.118900753752874,0.391501552314197
2591,0.152024438866198,0.132232233764491,0.192881323893748,0.12775543248614,0.143074043618628,0.252032527370794
2592,0.0713908250419105,0.16304820082941,0.0965336599141658,0.102159379991464,0.361064767979902,0.205803166243149
2593,0.146135427407691,0.194098482346612,0.161386014692735,0.185774428515474,0.205259548685147,0.107346098352341
2594,0.0950066545811712,0.146579211496749,0.11605767675095,0.0844659979952902,0.286503097482942,0.271387361692898
2595,0.111587401264471,0.109736915135617,0.161932010583908,0.185005429853999,0.223838957574873,0.207899285587132
2596,0.081666429126208,0.21931052805961,0.143925766226231,0.231950516493243,0.240608906795494,0.082537853299214
2597,0.0864619140684637,0.137479113163994,0.199186081077979,0.130950047880191,0.178307411097158,0.267615432712214
2598,0.0735776456331297,0.186260363789708,0.204624506293336,0.0642833795738504,0.180420806489304,0.290833298220672
2599,0.189036569034651,0.195771856110024,0.169473072428729,0.140157131106664,0.172918148912684,0.132643222407247
2600,0.0698886026748466,0.165562689932294,0.169248077993641,0.0754326124172063,0.392428686966525,0.127439330015486
2601,0.122324340838888,0.0208733554051673,0.211736332088113,0.159674487623916,0.224514443857634,0.260877040186282
2602,0.0928784627559977,0.188210902085227,0.1885923170265,0.129489435508684,0.184822926292291,0.2160059563313
2603,0.0336426552830649,0.468357983495684,0.142012451385914,0.0616066012645713,0.241615426313964,0.0527648822568023
2604,0.0791043296212579,0.162851029964793,0.258524007765183,0.148202102291209,0.143712452169461,0.207606078188096
2605,0.123513903581096,0.235280104085132,0.236278678203961,0.159910736860214,0.054717344031296,0.190299233238301
2606,0.102242386896873,0.158367611759771,0.176296234659454,0.0881451356711364,0.207813550148279,0.267135080864486
2607,0.0655939545438432,0.0860721904192091,0.0911755117068041,0.0946208275440725,0.0919234002113889,0.570614115574682
2608,0.145059231876785,0.137586576202783,0.113639106055568,0.194924323276047,0.268279770164852,0.140510992423965
2609,0.0695412640065617,0.12257755839982,0.0895085768342847,0.117293468955683,0.301779625062787,0.299299506740864
2610,0.125741628654251,0.195154606224918,0.0882873264862175,0.175061912505851,0.210355288594997,0.205399237533765
2611,0.0860414790558996,0.122442316132199,0.266673788776724,0.137981080182815,0.147025880404556,0.239835455447807
2612,0.132852973966407,0.276451451121376,0.200859583509345,0.0882212054814844,0.139977588429099,0.161637197492289
2613,0.265241775407053,0.280175360472169,0.13856442537738,0.104546886095578,0.155821742033132,0.0556498106146888
2614,0.135487671270907,0.141003613610016,0.116227313766163,0.148241645494299,0.226285262171795,0.23275449368682
2615,0.256668568022728,0.229278003907412,0.188431875604159,0.110748857695094,0.123602711547472,0.0912699832231353
2616,0.121315305287555,0.217894691290504,0.177415300505586,0.129484731143346,0.125230593771425,0.228659378001584
2617,0.168480853736858,0.238854080905994,0.227989752776667,0.0973332280319923,0.161440073933692,0.105902010614796
2618,0.104031300060107,0.149817295530252,0.14389823732501,0.0864816147969751,0.31428062475193,0.201490927535725
2619,0.0859933050039002,0.109682071650131,0.0712052071867535,0.0986579428745583,0.428692628543879,0.205768844740778
2620,0.0554377500525991,0.173716938688422,0.230724182547262,0.0883249367904344,0.276376951314657,0.175419240606626
2621,0.0652014231865296,0.157403543137921,0.124096924349162,0.126402176502387,0.352618597754521,0.17427733506948
2622,0.0722957258508154,0.107833424381886,0.0479711249578754,0.0914785977161868,0.103973449551487,0.57644767754175
2623,0.119698676385304,0.269273515911482,0.116001116381397,0.0833806867141089,0.322247643530754,0.0893983610769547
2624,0.130203127229724,0.115769108476858,0.0992728339298594,0.151363261300851,0.147318383262132,0.356073285800575
2625,0.125763110879664,0.178461460502763,0.368808611822979,0.100563231082228,0.153422820969252,0.0729807647431148
2626,0.0996332407120547,0.1583604050532,0.191661849457791,0.14923864020913,0.0675590213747318,0.333546843193092
2627,0.130388869583985,0.131967490638327,0.267321501187662,0.11496290636225,0.198988879887588,0.156370352340188
2628,0.113808498190614,0.147236960628275,0.162190609094693,0.220202600799215,0.247805362527263,0.10875596875994
2629,0.15390145946178,0.308145638065441,0.179872517009526,0.158416906491387,0.0451958889725152,0.154467589999352
2630,0.168897600478446,0.166808383670764,0.130227374077327,0.125537314700518,0.172069172854883,0.236460154218063
2631,0.0610013671153596,0.212426738365065,0.241990812834862,0.0989610993248393,0.219788891285957,0.165831091073916
2632,0.0959444813559472,0.118430236240598,0.174661459027654,0.133742228290186,0.207564958191753,0.269656636893861
2633,0.134772932388861,0.332560564459477,0.110714139023795,0.101006600436106,0.21550025736627,0.105445506325491
2634,0.106443062243071,0.127927305504451,0.239491863834012,0.134061224021595,0.173901721870064,0.218174822526808
2635,0.0779755522838859,0.160477622875741,0.134522465215537,0.0904309632491934,0.362468989096184,0.174124407279459
2636,0.103325707361811,0.147768615943771,0.19932430553581,0.124504072507995,0.226487050164501,0.198590248486111
2637,0.06152113499224,0.175703338209882,0.109313487970053,0.031759889102713,0.426225672875481,0.195476476849631
2638,0.115548773083689,0.0621358161719336,0.104687133851699,0.231785989662752,0.235950733265986,0.24989155396394
2639,0.130011063798118,0.130840166599369,0.0845732504691915,0.259393764652679,0.263971964063855,0.131209790416787
2640,0.0894710149122502,0.102079534362073,0.117535470377731,0.102354397579881,0.15801427102851,0.430545311739555
2641,0.138018108959078,0.152006563674977,0.157301086529454,0.154357098642066,0.211954316256884,0.186362825937543
2642,0.104099452191148,0.1609187109088,0.141864088986621,0.116749334983278,0.116735918451666,0.359632494478486
2643,0.120495446347992,0.311775270648585,0.111705610683578,0.147631631530801,0.222088221252986,0.0863038195360573
2644,0.0800076386863415,0.312590732900122,0.191386055879672,0.106889246988102,0.202401501537368,0.106724824008394
2645,0.0846489689299546,0.153184157308453,0.0861248328256923,0.0964476820075392,0.234832586885465,0.344761772042896
2646,0.088571117975531,0.118975185598336,0.180726197903062,0.166119967630687,0.108907091163829,0.336700439728555
2647,0.147280155047598,0.150153293080424,0.146054940764058,0.14858305859044,0.207270736486464,0.200657816031016
2648,0.184496730243588,0.115274570552797,0.308151476679552,0.114102732265087,0.139035149975124,0.138939340283853
2649,0.0927056710431237,0.134996112737063,0.189858041012348,0.106137348786213,0.216303321501838,0.259999504919414
2650,0.148314621277155,0.0282081212430194,0.162328653796833,0.144854201412672,0.20758297337139,0.30871142889893
2651,0.0869612376444689,0.160142284028833,0.111221166941836,0.0835805961820916,0.364240339623543,0.193854375579228
2652,0.0908114921356034,0.276921155635152,0.143019455752545,0.100298645354672,0.265168140448317,0.12378111067371
2653,0.234231458553125,0.197809428435536,0.166305828954473,0.0961190222643621,0.191779608966512,0.113754652825992
2654,0.0717782472836772,0.138759725345971,0.117469623825777,0.118272764545084,0.136902662310584,0.416816976688908
2655,0.159830787666933,0.223572857511193,0.143882496165728,0.134228013213127,0.239677143587739,0.0988087018552805
2656,0.0634591104638353,0.162929970418567,0.1570963415541,0.0632126839309355,0.281252201726542,0.272049691906019
2657,0.1323411400861,0.147659972759009,0.309821363891147,0.184876554367579,0.125615443302318,0.0996855255938464
2658,0.156988829852869,0.140082818359407,0.162757453880686,0.19365376946736,0.186909448461667,0.159607679978011
2659,0.0917552444751995,0.142924973623615,0.248086635698916,0.176219450071492,0.192211336697191,0.148802359433586
2660,0.0834231374180082,0.140584816010824,0.0942144250376513,0.11439536001966,0.232075254142398,0.335307007371459
2661,0.0493020126549935,0.0814593091482462,0.152986665812488,0.123778865478463,0.20282077204632,0.38965237485949
2662,0.0861979959216296,0.187164273837621,0.220162987112291,0.110607541123682,0.139145651147461,0.256721550857315
2663,0.0724301762210201,0.135997805827524,0.12787142586712,0.122218152019771,0.277305642390899,0.264176797673666
2664,0.0925488292291176,0.163728552071739,0.107609124858214,0.144156034019212,0.334742656863983,0.157214802957735
2665,0.198565281147477,0.221344035969952,0.15515702369524,0.116965571668703,0.201144816341056,0.106823271177572
2666,0.138053164029608,0.153854317963083,0.275635076189488,0.196949343452135,0.131659235425639,0.103848862940048
2667,0.0863470049016462,0.141909247657366,0.313851225212887,0.120087501217766,0.204211873962765,0.133593147047569
2668,0.10779741815218,0.150145621498537,0.397754737423232,0.125834261005658,0.167144540191714,0.051323421728679
2669,0.0897927844498437,0.210512368171529,0.176018018754939,0.0781285857176017,0.209388671597354,0.236159571308733
2670,0.0627266463620192,0.120171627775657,0.203850062754687,0.0866092288427881,0.196022258104966,0.330620176159882
2671,0.1056351695794,0.112858618005371,0.0854699402997919,0.151894150913021,0.266690558182433,0.277451563019984
2672,0.127772475155099,0.209497082275801,0.177251164467045,0.169114901921737,0.0796481267369932,0.236716249443324
2673,0.152947700322055,0.270205150609041,0.119092478412216,0.121406072129012,0.230673655348855,0.105674943178821
2674,0.108699985587245,0.112965461244721,0.0775131072196465,0.23748498217137,0.227399920768528,0.235936543008489
2675,0.114880780218506,0.227435095517089,0.125321694628985,0.221229542914691,0.228068851847319,0.0830640348734103
2676,0.098076418383014,0.132516701184919,0.141732168702165,0.1470269632126,0.199871948247789,0.280775800269513
2677,0.217323341015607,0.22027978348102,0.176876172816953,0.0419708271514063,0.149060172979784,0.19448970255523
2678,0.107077490048157,0.216208595816446,0.172211306196445,0.11490532718211,0.246689965556255,0.142907315200587
2679,0.0434753196938847,0.0867017117039961,0.115825271089002,0.0889340446727932,0.230659262699141,0.434404390141183
2680,0.151506706101049,0.14161826474542,0.225444596090076,0.187213581852552,0.108660036327688,0.185556814883216
2681,0.118479666354733,0.258894792633311,0.165211848883378,0.125877350389648,0.163073140071354,0.168463201667576
2682,0.0964375646726434,0.0698612049148614,0.0118633098652572,0.249264958454349,0.241679112970068,0.330893849122821
2683,0.185925401463926,0.25015653326676,0.143420046333113,0.101216912777895,0.225919704809865,0.0933614013484409
2684,0.0670278992770618,0.151763787466905,0.131769424967998,0.108271884953799,0.286289452613712,0.254877550720524
2685,0.182665449424126,0.132578674079149,0.157497155773679,0.094463687765416,0.135823012220563,0.296972020737067
2686,0.0846868722157961,0.197722495814016,0.224348667296923,0.119006631693579,0.173616611653112,0.200618721326575
2687,0.221591700940824,0.158537348933925,0.143437473426197,0.167194551411688,0.214481736722615,0.094757188564751
2688,0.0901191907621747,0.220276253458057,0.137109320209138,0.193722468695474,0.220307519063793,0.138465247811363
2689,0.0489725882066078,0.42567207167414,0.115842352912404,0.0821379887580387,0.247019586955072,0.0803554114937371
2690,0.0668729793470773,0.0968860793533565,0.0923639066341433,0.217355292092125,0.257337422920479,0.269184319652818
2691,0.107846635838352,0.219250623990219,0.15330535026978,0.12255245087551,0.276918837890093,0.120126101136046
2692,0.161984385377464,0.105000579260418,0.194001097368118,0.162911637609017,0.132159327272224,0.24394297311276
2693,0.104512138728469,0.11646238513735,0.187719699639622,0.130230601703277,0.164501281660703,0.296573893130579
2694,0.0832886670757889,0.129009082185383,0.153476369887061,0.108126130345989,0.151443934988559,0.37465581551722
2695,0.291308012451486,0.193477992619099,0.124332332404559,0.162136329147804,0.163972902920077,0.0647724304569753
2696,0.0953274945968459,0.155894677086303,0.234294783820044,0.116775133431677,0.162172411252991,0.23553549981214
2697,0.102243611126117,0.176250975943365,0.253403886526655,0.108328805705091,0.153539363225233,0.206233357473539
2698,0.0971688647254095,0.0737041105337262,0.243593704277524,0.165228783087104,0.283977708442507,0.136326828933729
2699,0.0896850511048386,0.142149880564848,0.276079679739125,0.120285285032432,0.161501765961396,0.210298337597361
2700,0.064965411720244,0.198658835622492,0.132435862190387,0.082066346650006,0.230239207025971,0.291634336790901
2701,0.0726072966054089,0.115154507719094,0.144711037850774,0.124677237851201,0.218385957101992,0.324463962871531
2702,0.266147071701249,0.165665521115469,0.208579160352132,0.126581293417562,0.146660903931997,0.086366049481592
2703,0.124916890337389,0.131472176095704,0.128515885611738,0.133308693311329,0.210395982093241,0.2713903725506
2704,0.0730776492581188,0.183796349221182,0.388034263168836,0.114339632718772,0.146663083212652,0.0940890224204392
2705,0.0984624596182334,0.29658464581977,0.299535715069772,0.0946197758990069,0.0709497176063416,0.139847685986876
2706,0.0625672855392204,0.144893377392835,0.117556910298208,0.18855130705274,0.124662954925174,0.361768164791823
2707,0.0820979930685953,0.153207444924733,0.0928174150237559,0.0434519947572837,0.317276551018366,0.311148601207266
2708,0.114580488633593,0.275525021085246,0.173551745966368,0.10186120956033,0.251480304557075,0.0830012301973886
2709,0.138787785239765,0.142558034515669,0.177772834237548,0.143923372200351,0.144179362282341,0.252778611524326
2710,0.124499235052006,0.104992494106343,0.182140308232313,0.130773999785295,0.192252367397445,0.265341595426599
2711,0.0869530651229994,0.130880447211989,0.213736417530595,0.117902133672955,0.236388537096585,0.214139399364877
2712,0.17209247609801,0.132947687614168,0.111027523859825,0.176536483320395,0.276259896299839,0.131135932807763
2713,0.184234370536446,0.179126360683811,0.220247248245755,0.122586488547332,0.14717012896272,0.146635403023936
2714,0.0690304018296018,0.204157372467199,0.225725371486235,0.12734269357026,0.160223725437728,0.213520435208975
2715,0.0846893170557692,0.143428254133148,0.342691645559221,0.100185845324225,0.178859148863968,0.150145789063668
2716,0.0906527520984314,0.139672744929101,0.130317078184327,0.140676371299289,0.248128107864386,0.250552945624465
2717,0.0856637732163984,0.155730596903646,0.100606644673864,0.0897046764303699,0.216589727708348,0.351704581067374
2718,0.0721387830970002,0.0804106256239766,0.184404732707569,0.149202780792993,0.227987139601398,0.285855938177063
2719,0.123591561974284,0.253990512506091,0.263400960353714,0.151503187804449,0.166611979985765,0.0409017973756971
2720,0.183971104911872,0.118971720197853,0.211983847411486,0.15586802822043,0.201154456081176,0.128050843177182
2721,0.079054422943227,0.135706284735249,0.156341324781622,0.109108940255304,0.260822985484687,0.258966041799909
2722,0.202308455589669,0.332896116394054,0.20487138094708,0.062878114468923,0.140525502341993,0.0565204302582803
2723,0.177572340681017,0.176720852177246,0.231527838291178,0.210083895701915,0.117384482203651,0.0867105909449931
2724,0.394952478341057,0.0713516566554438,0.103113405611707,0.180430999942142,0.159525000104279,0.0906264593453705
2725,0.0923178126963126,0.160438438619665,0.177191013083859,0.144418996116985,0.24452733889298,0.181106400590199
2726,0.0589226383630687,0.174695487413384,0.157223397369898,0.0780435574446306,0.405614505245469,0.12550041416355
2727,0.0685986950290823,0.133078044186496,0.174230195760569,0.117939325592819,0.222651996431813,0.283501742999221
2728,0.0865233053415985,0.103660382645409,0.138808808315528,0.134709791040155,0.163763482294842,0.372534230362467
2729,0.178305822487418,0.220122206645431,0.13905071034991,0.13246371395347,0.19970208919707,0.130355457366701
2730,0.139601379652982,0.125653756710359,0.121611760144161,0.192114704090172,0.163123790751891,0.257894608650435
2731,0.149340711571861,0.15287747932831,0.120226877976376,0.173302261167035,0.266575151347956,0.137677518608463
2732,0.0946777625894922,0.105672967604086,0.184847502816421,0.13112922781094,0.15707157754446,0.326600961634601
2733,0.031838673050444,0.212704993387423,0.19548129315395,0.137216648568884,0.261530310120726,0.161228081718573
2734,0.0820228247340522,0.422666096986467,0.168116065648343,0.0577224460800428,0.174742190977755,0.0947303755733395
2735,0.128464357343308,0.290436635938669,0.221844668908715,0.101195136711952,0.192751857209758,0.0653073438875974
2736,0.0544998496396459,0.139284384884011,0.111197097738188,0.203234591197352,0.332743391268264,0.159040685272539
2737,0.170995084991076,0.115133663007242,0.191286909609299,0.193682602697389,0.145777811954073,0.183123927740919
2738,0.094122794917834,0.159867543474563,0.185780846253019,0.127327823825005,0.139590917109256,0.293310074420323
2739,0.154222241091603,0.232274301891077,0.232135883872966,0.07666258964055,0.199221088348626,0.105483895155178
2740,0.140342686466338,0.293604796147181,0.122791257134702,0.117289095742895,0.178046627257554,0.147925537251329
2741,0.109141214710739,0.303092208233173,0.159576013226396,0.0840861427921153,0.21917238400958,0.124932037027998
2742,0.107413458753092,0.135094744339302,0.102596544152729,0.148345372638464,0.327037857203957,0.179512022912456
2743,0.173777849346659,0.148517121377949,0.129021338045311,0.175063596888539,0.228375258182554,0.145244836158988
2744,0.0727327435910046,0.13097513066368,0.117735914053295,0.121545099996865,0.359805773974627,0.197205337720528
2745,0.108854843650125,0.176411832394479,0.18749702630294,0.198319827983491,0.082690020772008,0.246226448896957
2746,0.0830987250615773,0.153675753607893,0.172194273022862,0.119884566511895,0.258519426285925,0.212627255509847
2747,0.0791269040985651,0.110566621793378,0.0697020968504492,0.121071093297589,0.388341338306956,0.231191945653063
2748,0.0769332856337708,0.166016397822911,0.148597842225225,0.126819200374192,0.272971567972419,0.208661705971483
2749,0.212645619536851,0.131351451314734,0.0966601199831261,0.207984981360634,0.218637135787621,0.132720692017035
2750,0.0954233851847937,0.175426648094296,0.342131234149481,0.130270870844317,0.144868407420551,0.111879454306562
2751,0.0589526561256503,0.24556792193148,0.14880124787478,0.0934424462725396,0.306360380770243,0.146875347025307
2752,0.0916013197655156,0.188755425106588,0.180445935480054,0.13544363752769,0.167452774299612,0.236300907820541
2753,0.121179665478538,0.194877042439633,0.086908436092881,0.0985995341093476,0.366762202532654,0.131673119346948
2754,0.0984198817469733,0.41549613800395,0.268732258312429,0.0965281980737673,0.0572025708183303,0.0636209530445499
2755,0.0923616386811981,0.128164452872232,0.169501989232503,0.11927436853625,0.117480863975899,0.373216686701919
2756,0.0887998955788509,0.0830247975954033,0.131226784915098,0.0980738190440942,0.114151957876233,0.484722744990321
2757,0.0608133810762465,0.260125357094343,0.118213337831733,0.10903974159273,0.334227604060168,0.11758057834478
2758,0.129018176537472,0.187419883735358,0.230697781813821,0.0960615992545306,0.257082927066877,0.0997196315919404
2759,0.0881938892251855,0.261344184207619,0.184823731445306,0.0753374947870141,0.225512581259308,0.164788119075568
2760,0.203721132722407,0.169632579013425,0.11897483797369,0.278736691620771,0.166202183575839,0.0627325750938675
2761,0.143640111544985,0.163146593355146,0.141304864285612,0.188762626424839,0.234730314591149,0.12841548979827
2762,0.0716621729479026,0.268994864101833,0.267513321397322,0.0811264430178184,0.158202452161661,0.152500746373463
2763,0.136683199648724,0.229292610393695,0.261418351776751,0.14267093721763,0.162850386630897,0.0670845143323018
2764,0.096439123658736,0.100572704554295,0.101904232386847,0.10543291595766,0.143666759467645,0.451984263974817
2765,0.105917491259013,0.210994298333073,0.229548960367819,0.113369422358067,0.0956541298410003,0.244515697841028
2766,0.0767129887530001,0.202982274582939,0.142623068132797,0.100978287907866,0.279595576506156,0.197107804117241
2767,0.0774408462232841,0.204104839903576,0.172219563879348,0.116229815282674,0.174059753260882,0.255945181450236
2768,0.108479204022615,0.264318461498794,0.307385073426095,0.0854395024449737,0.131525738696403,0.10285201991112
2769,0.0986319327125456,0.235138776358514,0.198565119216161,0.139648403446901,0.219690790440237,0.108324977825641
2770,0.0447059805256925,0.082337717531538,0.158579510239073,0.123927401683358,0.206846851171774,0.383602538848564
2771,0.11424716171866,0.216856445381831,0.279372655374225,0.138395072611895,0.152914645553079,0.09821401936031
2772,0.142506077737299,0.122725266099625,0.152111876394454,0.212441764168034,0.199987563777138,0.17022745182345
2773,0.103710611682448,0.287334768832637,0.190520184979983,0.073718018468103,0.226585024768857,0.118131391267972
2774,0.118305307178029,0.248796128863405,0.17521603228197,0.103225479808264,0.243294957229775,0.111162094638557
2775,0.0826049917447123,0.13893382510673,0.145318035360199,0.096826930913961,0.160690089096547,0.375626127777851
2776,0.0662845381211021,0.105427114227486,0.111970168629908,0.116545164655147,0.2572422674734,0.342530746892957
2777,0.10472958277943,0.170060499307307,0.197253366373552,0.146937194214227,0.145699549446337,0.235319807879147
2778,0.129600608256462,0.132780959673176,0.15034388442779,0.145261670099528,0.189890357907391,0.252122519635653
2779,0.0643899391786577,0.0988498065814244,0.213583397862345,0.169066493799169,0.237525116617257,0.216585245961148
2780,0.103666802349814,0.23253598582462,0.236373388918585,0.109164798411564,0.150348126237681,0.167910898257737
2781,0.065353896321881,0.107603854211607,0.0625274102883565,0.108379896206505,0.323264573474441,0.332870369497209
2782,0.0672793679043906,0.0762195220969886,0.225656631934004,0.0952309380731264,0.154752040733369,0.380861499258121
2783,0.124751858771118,0.242023536371614,0.221913750899147,0.118464665399806,0.20853169484333,0.0843144937149835
2784,0.0861984672356971,0.277241357369273,0.129983736762563,0.128692983539163,0.281492257227339,0.0963911978659638
2785,0.0696572075296213,0.12734938096215,0.109079531771533,0.164527729458612,0.201486173453267,0.327899976824817
2786,0.0712711606578292,0.152403847842874,0.151332749011421,0.132109187922578,0.284963779037409,0.207919275527889
2787,0.0702373774778828,0.150637339132436,0.140848077824435,0.08926561289365,0.204653084718108,0.344358507953489
2788,0.0923075950008166,0.128350662734208,0.185287529318194,0.122825633726776,0.171938156253373,0.299290422966633
2789,0.113384195067632,0.108288270095652,0.238263619569319,0.134753329397042,0.174134718278612,0.231175867591743
2790,0.110746632601949,0.196435591389639,0.0848139144113665,0.138058142398243,0.251821091879908,0.218124627318895
2791,0.180974258378985,0.0937617930615831,0.0881136592997786,0.293670931894559,0.21562931408826,0.127850043276834
2792,0.299574951862481,0.268804073925161,0.0981778693685626,0.101822062562306,0.172330472445086,0.0592905698364027
2793,0.0597378343783446,0.178524589190262,0.101758916953582,0.0849186555899149,0.324136779428383,0.250923224459513
2794,0.249799584047771,0.191069892075531,0.150658070291912,0.142825843937312,0.195364276762626,0.0702823328848475
2795,0.208897937586849,0.120063862504159,0.137276575623464,0.253758053952802,0.20300880376493,0.076994766567795
2796,0.0744612750871298,0.13401805038226,0.0746468310641649,0.0643515261872521,0.127084351989365,0.525437965289829
2797,0.10390337451298,0.112475947440595,0.123694515623428,0.170690605540557,0.176278661333523,0.312956895548917
2798,0.0423972475883754,0.178447968798087,0.258916656728448,0.0669389764317914,0.259087332879306,0.194211817573991
2799,0.146161340486597,0.0767998272425031,0.266127983758116,0.10059309260258,0.232450506856598,0.177867249053605
2800,0.0701375547943749,0.135153927432752,0.0947379437134576,0.10194524831043,0.229645944758819,0.368379380990167
2801,0.0963591100820266,0.155435738392097,0.0624144102043268,0.087301680151466,0.257006102343767,0.341482958826317
2802,0.0688056919201368,0.117223290865884,0.112825082228002,0.143130391598986,0.277695715021169,0.280319828365821
2803,0.113222899431198,0.444031061009129,0.214351438355662,0.0626236919967665,0.123359792829314,0.0424111163779299
2804,0.0836741996083084,0.179652452217165,0.195424469043223,0.132484445541499,0.23504008078263,0.173724352807174
2805,0.13661666462113,0.151142772295059,0.267126641872743,0.133923773693182,0.199581569737308,0.111608577780578
2806,0.187216487502161,0.114969170317357,0.0671177011942518,0.216218063076037,0.205538554177551,0.208940023732642
2807,0.112803488827574,0.186024062366249,0.196382702118684,0.124486974793096,0.184888384807125,0.195414387087271
2808,0.0887703785290659,0.153862071399627,0.161284287639045,0.136598742371903,0.285700307739066,0.173784212321293
2809,0.1225162624504,0.103498754829779,0.209799523906823,0.157506420739552,0.152237869120476,0.25444116895297
2810,0.0581683246013751,0.143505883047868,0.101112382656614,0.125538200545449,0.272052570085664,0.299622639063029
2811,0.0932560659159327,0.283043003487755,0.310030689702354,0.140962453030075,0.0375118561022813,0.135195931761602
2812,0.130314424872929,0.154463875693192,0.265713340943103,0.147177351090032,0.200286442762952,0.102044564637793
2813,0.107416348917631,0.139252822259954,0.117026042864101,0.0710175296288437,0.280394168517877,0.284893087811593
2814,0.0643639688169611,0.236976638347886,0.329383655966086,0.0781204642932583,0.186924185758043,0.104231086817766
2815,0.127750048152255,0.156194665999056,0.208183543643618,0.146639753607125,0.167480783717259,0.193751204880686
2816,0.202350322254033,0.148742537278155,0.239592396498499,0.136908228570802,0.199348849453528,0.0730576659449832
2817,0.09642753883504,0.268555334224046,0.167129002602179,0.104603326483546,0.242891051481512,0.120393746373677
2818,0.216692781035418,0.215112453894935,0.181156849463727,0.106833916139561,0.173856142216231,0.106347857250128
2819,0.285654012752623,0.237378730092719,0.148768211086567,0.106139312440473,0.163131189557649,0.0589285440699687
2820,0.250877250921527,0.170234262437555,0.288295697053259,0.11153223442971,0.110123883512061,0.0689366716458881
2821,0.0608253085314963,0.14809126298811,0.118618583608651,0.0793134360516836,0.288246113461451,0.304905295358607
2822,0.175075102766501,0.223700615890875,0.180966750824913,0.0970875267791053,0.227255350096039,0.0959146536425665
2823,0.0974584767690846,0.135505677386863,0.177255831415041,0.138105947474239,0.214743937256029,0.236930129698744
2824,0.136989051319502,0.210587261666601,0.234364026096679,0.145298213692974,0.119031037575091,0.153730409649153
2825,0.0634753200119182,0.102835635197053,0.179555432547983,0.114304975989945,0.0992668160243258,0.440561820228774
2826,0.0733427746735592,0.29663318998047,0.136433169196818,0.0745963242606082,0.26522655289079,0.153767988997754
2827,0.122880481678556,0.255959590409854,0.203239266616569,0.0866871040229512,0.22365640506871,0.107577152203361
2828,0.0811770228043233,0.214665684488414,0.200266710676046,0.114684307799528,0.224667973882459,0.16453830034923
2829,0.0191631630047254,0.119594044269853,0.0925699034854787,0.118900702929683,0.423178414322974,0.226593771987286
2830,0.0846655964550236,0.210188148471163,0.22611657094566,0.153931964115979,0.10202174979044,0.223075970221734
2831,0.240901066064073,0.264883448807784,0.160461818428657,0.111346585660383,0.146684323982856,0.0757227570562476
2832,0.0822609684181706,0.228085201835474,0.254656763834025,0.0774252262501217,0.20461847415849,0.152953365503718
2833,0.143165987914926,0.118495981602758,0.096340011786059,0.191956124945102,0.260845609451143,0.189196284300011
2834,0.119324563018889,0.15765343740308,0.134301244063301,0.126437394446424,0.218072374568954,0.244210986499351
2835,0.153959477076412,0.202954289326053,0.11777176054697,0.169316720893185,0.23613900817143,0.11985874398595
2836,0.052157802146605,0.102892302783647,0.107787844976755,0.0957760432722595,0.250207535750499,0.391178471070235
2837,0.100910062425287,0.249215475870853,0.274645567355428,0.100723306735157,0.145348402828602,0.129157184784673
2838,0.169450880702214,0.113299247599432,0.201062908109358,0.14684937613285,0.206703826777911,0.162633760678234
2839,0.126738522966984,0.11602022727121,0.144253980507597,0.150578731356659,0.260585517657041,0.20182302024051
2840,0.153106951268589,0.116610999921029,0.16248640906404,0.169875322508836,0.173547680015475,0.224372637222032
2841,0.204109405588762,0.154105145352797,0.136134901528342,0.176724476467883,0.223496241430691,0.105429829631524
2842,0.0494236229083116,0.101383177007113,0.0810321960637061,0.0974609110243088,0.391736588487874,0.278963504508686
2843,0.152109888540699,0.157526460475712,0.0422885687125415,0.179321131784353,0.218989058484199,0.249764892002495
2844,0.102742238717129,0.0879643280442203,0.409177153820204,0.0967580352631615,0.128263248938082,0.175094995217203
2845,0.0791317810329071,0.0795883962385657,0.335921218244597,0.21846398801141,0.23150816666833,0.0553864498041912
2846,0.0752527612495372,0.121132385476854,0.0812516115030018,0.102777299494445,0.261957207904108,0.357628734372054
2847,0.0775198450203231,0.160918886417074,0.11731044997366,0.117040076455382,0.261793662523433,0.265417079610129
2848,0.306328823094627,0.048712870517093,0.248295330478826,0.0833623521772136,0.198462029707405,0.114838594024836
2849,0.111278667840514,0.199353437308183,0.118145795245375,0.144466539655509,0.199106449130813,0.227649110819606
2850,0.0684485043556576,0.108653985431378,0.0997272526168777,0.101701449913486,0.125251062113654,0.496217745568946
2851,0.0448628689965833,0.0880298757799372,0.107452695593125,0.0724926612180141,0.229307683960995,0.457854214451346
2852,0.152799969989159,0.0766366455024297,0.277846236977619,0.151426729783474,0.154008059156688,0.18728235859063
