"CUS_ID","F20-","F30","F30+","M20-","M30","M30+"
2501,0.106185380865558,0.230177574304633,0.146456787105166,0.0593646460810976,0.230774781998863,0.227040829644683
2502,0.0208688093552557,0.0850967896085178,0.152578613592413,0.0879531759983182,0.498275720677842,0.155226890767653
2503,0.069062125940519,0.402891183923069,0.107495327740864,0.0482467989666315,0.299127154159684,0.0731774092692326
2504,0.308023107818753,0.194975942605434,0.195952064441834,0.0920402000006316,0.0865257197110558,0.122482965422291
2505,0.0237699023532422,0.0931705263154902,0.219737662351159,0.0411735824632366,0.129460318909085,0.492688007607787
2506,0.0257685595210031,0.24021549553173,0.15008800924666,0.0532802588637532,0.266632114003368,0.264015562833486
2507,0.00999155157992405,0.0426065012075327,0.127496742663757,0.0167078488386414,0.133888817442357,0.669308538267788
2508,0.00965329275874684,0.0463300827100744,0.0526737128440253,0.030129886718771,0.398367854553763,0.46284517041462
2509,0.0104369002223563,0.0331152933821806,0.121604138933672,0.0274049978340802,0.132400916885591,0.67503775274212
2510,0.0174995733240881,0.110435382160279,0.0539268672057769,0.0257418330942806,0.272926679041101,0.519469665174474
2511,0.737843963535957,0.0825720430710999,0.0492036885246953,0.0767200009500777,0.0426636017530727,0.0109967021650973
2512,0.0503054283992639,0.157213788878157,0.11904346682001,0.09577603575947,0.462672636031903,0.114988644111196
2513,0.00468396383997327,0.0254565628198443,0.0916536785484955,0.0269137969692323,0.2815147990666,0.569777198755855
2514,0.156339509573745,0.611108001057232,0.0402815741881893,0.0195442089080588,0.146048527451912,0.0266781788208635
2515,0.0124799843164763,0.0343236489511589,0.0594467305343414,0.0312482298041301,0.188376041054358,0.674125365339535
2516,0.0458178856980672,0.141139148835187,0.0786046619841002,0.160675375033564,0.246506125161894,0.327256803287187
2517,0.0472633015527142,0.36537933539819,0.106025629025501,0.0273185468928132,0.23453148232932,0.219481704801462
2518,0.447153849871848,0.170861293418262,0.129082128495012,0.0745210220169796,0.0997743323579474,0.0786073738399511
2519,0.0484591442718968,0.790405613688786,0.0346145593105368,0.0177946524123259,0.0668675643776018,0.0418584659388527
2520,0.0274643077523439,0.0316517627082817,0.0314732006060144,0.168873346265565,0.518771402659829,0.221765980007966
2521,0.0850941927501371,0.160353886058902,0.310593611048635,0.0930643274921185,0.189477847149123,0.161416135501083
2522,0.512404209877225,0.173314832306004,0.0902278838021003,0.0604738904638624,0.107863533619317,0.0557156499314914
2523,0.0521881224582209,0.329385841805352,0.0720567891125744,0.038376879673603,0.354323126442054,0.153669240508195
2524,0.076460162913386,0.175240496293739,0.226544416635402,0.066258440756313,0.196467532263266,0.259028951137893
2525,0.188616753206709,0.0742687019859505,0.0719262500266585,0.377482815856958,0.242857154345853,0.0448483245778699
2526,0.101906727906748,0.177430723150364,0.0718923253337563,0.149147981301431,0.401033953604742,0.0985882887029583
2527,0.372525009088493,0.20611777783459,0.158258942499368,0.0504257645157336,0.133970580361141,0.0787019257006746
2528,0.00495700661997912,0.022894149266876,0.0995720326800606,0.040268312189648,0.250604574120043,0.581703925123393
2529,0.0692512645580701,0.0933936276287031,0.274910405957961,0.05961750492653,0.126711107811425,0.376116089117311
2530,0.00532143208509907,0.0369968791776475,0.196600920008149,0.0345646003255703,0.123198741133845,0.603317427269689
2531,0.0202423616491274,0.139842184413121,0.101882331317408,0.113359477112743,0.350650257976954,0.274023387530647
2532,0.0444896241190816,0.170365764491413,0.0919311406317345,0.0443474579726151,0.30771721194579,0.341148800839366
2533,0.00294208556396737,0.0164750081722015,0.0749033735489195,0.00918719348871242,0.034765753900739,0.86172658532546
2534,0.163704641082348,0.0353204116892798,0.04779253753963,0.600263281639945,0.0667708697379512,0.0861482583108457
2535,0.0279332860588071,0.0916466080869045,0.228802076249165,0.0380364213928518,0.248751243374014,0.364830364838258
2536,0.224487357607191,0.268040449331176,0.129282550062009,0.0656784125439925,0.184267944353361,0.128243286102271
2537,0.0555728128629166,0.684932086950297,0.100776022386236,0.0131067227579489,0.0900341220238198,0.055578233018782
2538,0.141077291303286,0.110848886687678,0.106768113783861,0.101751672504896,0.260277533829155,0.279276501891123
2539,0.229620485962082,0.176852680781643,0.247553907062394,0.0474718546719526,0.151977293678688,0.146523777843239
2540,0.286718536432774,0.133357533065396,0.0554372527056324,0.278033463912712,0.211157987658073,0.0352952262254138
2541,0.168303940400244,0.0533983389098368,0.0319563234113854,0.464861852396693,0.225037045546066,0.0564424993357754
2542,0.0699877879036214,0.503189514204751,0.0747106541941553,0.0421007601331476,0.264284086512763,0.0457271970515621
2543,0.00680184608811422,0.0238906519293945,0.0511479712872072,0.00685705906013783,0.162752985631853,0.748549486003293
2544,0.0596239671073685,0.189191261497878,0.127144986568405,0.205793787445678,0.181810476362214,0.236435521018458
2545,0.033896302654575,0.218730377401092,0.0819614513467669,0.0158636685734859,0.517861343781593,0.131686856242487
2546,0.0273570587123612,0.0271562373578919,0.00893123681937825,0.21180625882262,0.633841319355691,0.0909078889320568
2547,0.0851348432509627,0.122452531161694,0.384601649720349,0.0596236451503367,0.132305337361439,0.215881993355219
2548,0.0378354999674515,0.096397249660447,0.169620513052473,0.210614097190412,0.338635920143482,0.146896719985734
2549,0.00351074285463354,0.0339364972890846,0.0358152022339891,0.0422029963160842,0.328155666490122,0.556378894816087
2550,0.0322020131910624,0.0316425221988698,0.0195200694417615,0.146626210575024,0.585564683920186,0.184444500673096
2551,0.155004702890864,0.225597725134501,0.0746361468732212,0.210417316793077,0.197528290680174,0.136815817628163
2552,0.188276373183997,0.315930125757292,0.172676310390758,0.0672796847949138,0.133729879020764,0.122107626852276
2553,0.305486508682352,0.300469466423047,0.0528546711296015,0.163038710166792,0.14293650503153,0.035214138566678
2554,0.121735142111501,0.237402114941498,0.161478107542319,0.111837639468941,0.305503433036073,0.0620435628996676
2555,0.0172188346907281,0.109579793725634,0.103019271227585,0.060957369209093,0.531080741015196,0.178143990131764
2556,0.158226592623954,0.363699872119014,0.206197782785626,0.0621654573025908,0.101296426679039,0.108413868489775
2557,0.249679174822054,0.222963576160295,0.302046432178002,0.0930908807667298,0.100925769626853,0.0312941664460657
2558,0.0389675416296558,0.106734585650859,0.648666665777944,0.0236359015725655,0.0785815120824418,0.103413793286534
2559,0.068006616674685,0.421523490562558,0.15374986854112,0.0289629774999116,0.128018657042587,0.199738389679138
2560,0.00824844394785751,0.152214469645979,0.11015501819081,0.0373654670081653,0.222569201420795,0.469447399786393
2561,0.0300623114440156,0.0535625894949884,0.196326566270879,0.0237588805804379,0.187367710447022,0.508921941762657
2562,0.258072563486589,0.432933559396276,0.0520333700170952,0.0553670385929923,0.17717484243454,0.0244186260725073
2563,0.231682556113678,0.16257822409674,0.190567435158866,0.155668266736161,0.164010329729107,0.0954931881654476
2564,0.0954985994522224,0.101064051585965,0.0821224583681474,0.179317834838708,0.278827474232029,0.263169581522928
2565,0.0168985727916502,0.0504109789034131,0.125696548354616,0.0329938957869301,0.186223694678263,0.587776309485128
2566,0.0158377506996923,0.0433451974038396,0.0721754482908492,0.0821476608798162,0.316938644695849,0.469555298029953
2567,0.0263949963460317,0.11023869953854,0.10431821849048,0.0907524772664713,0.178716458908801,0.489579149449675
2568,0.00237072563457865,0.0347191481721252,0.0882686189193471,0.0289439828822962,0.303610101170534,0.542087423221119
2569,0.0275388744722345,0.110200548527929,0.26681397139215,0.0198165045585321,0.206118668833975,0.369511432215179
2570,0.0504295689949283,0.400648709801719,0.0925901905546567,0.0287278282935076,0.219498895043886,0.208104807311302
2571,0.0720293798554094,0.0492492962160802,0.0259358005262719,0.436976324121492,0.259707394476238,0.156101804804508
2572,0.0924095398148573,0.137265511266146,0.179973247190718,0.20785239141603,0.140687655162874,0.241811655149376
2573,0.114795318927739,0.302958767495647,0.142268515490644,0.0369762600315931,0.19604693286009,0.206954205194287
2574,0.0155714232322084,0.0395719653337233,0.0366767891094165,0.310519963079839,0.50231838779038,0.0953414714544329
2575,0.0206923392523436,0.0325422877500113,0.0128179597555575,0.167858921318098,0.632654390334888,0.133434101589102
2576,0.192413208222242,0.31580562599386,0.246094051930247,0.0822753635232706,0.0736747697758731,0.0897369805545075
2577,0.0529673526305312,0.208338747898185,0.288066024345976,0.0342226644156591,0.151184334174898,0.265220876534751
2578,0.0037623402974277,0.0184561965716101,0.0859616895364985,0.0177049559685391,0.0697393112965562,0.804375506329368
2579,0.212002794485369,0.273243010888833,0.26157829596586,0.0544256561207453,0.13821079104142,0.0605394514977721
2580,0.0816678655387458,0.294356373037995,0.121571389434452,0.0378025324660612,0.262138828969041,0.202463010553705
2581,0.012877112911349,0.0439846519202632,0.0815779497295488,0.0705704178536711,0.380872378786789,0.410117488798379
2582,0.155107567868191,0.539804380719876,0.0601928140203427,0.0289146827770868,0.137565896397596,0.0784146582169072
2583,0.0550003333056311,0.633027859540774,0.16363458898065,0.0153946734382278,0.0795115189766312,0.0534310257580854
2584,0.184558364997754,0.735853870223477,0.0218715145409608,0.00477227412817899,0.0377116981209686,0.0152322779886601
2585,0.0342045379188457,0.0974117838552361,0.0857720425275957,0.0896955819465058,0.414538747959885,0.278377305791931
2586,0.0327339660398189,0.317164928555169,0.132921926199466,0.0435539567891361,0.203395825208774,0.270229397207637
2587,0.198271639186268,0.0742950173036697,0.0712302286092388,0.359632858378586,0.20989426742075,0.0866759891014868
2588,0.0448300256637823,0.0312755005315561,0.0297170903633053,0.3004520421575,0.499641162397208,0.094084178886648
2589,0.0336756930398726,0.0560581293517082,0.0564367110887274,0.217273980727479,0.564249419309858,0.072306066482354
2590,0.0127179534402509,0.0590604761451433,0.123996982316194,0.0744754235742508,0.234659617543751,0.49508954698041
2591,0.0906765159953352,0.10548506482176,0.354766346491406,0.0524557693226846,0.0819384905141295,0.314677812854685
2592,0.0185012184676521,0.0661264673352217,0.0259046588116257,0.15999525617732,0.613042527879789,0.116429871328391
2593,0.100357710600175,0.206985822388744,0.0930236382967968,0.0772239527229562,0.306712096407521,0.215696779583807
2594,0.0488792859647324,0.0510511829900911,0.0642250288100518,0.0213087205585757,0.335566535361812,0.478969246314737
2595,0.0943112274284106,0.135884954679836,0.147944563986836,0.199184164814541,0.177470618274194,0.245204470816183
2596,0.660292168392388,0.0820809803614774,0.0187855236334251,0.192886514374019,0.0331955356613105,0.0127592775773801
2597,0.00703746549118702,0.0238759502087872,0.0930870945276948,0.0250923318904568,0.237198911475044,0.61370824640683
2598,0.0203144581570238,0.0986674395949684,0.066158139273016,0.0176482657120468,0.157466772754899,0.639744924508046
2599,0.327929450216009,0.234760369469214,0.0796091872226872,0.0674629291117224,0.197231291209024,0.0930067727713441
2600,0.0129421398285679,0.0793074005021571,0.0805507956836379,0.0847905119878465,0.640760990055426,0.101648161942364
2601,0.0383346284378376,0.0812612262974945,0.239195377137669,0.0495957601120544,0.16047968807419,0.431133319940754
2602,0.0139715928979114,0.0813445627647266,0.099319710397205,0.0366804422679902,0.198105220163041,0.570578471509125
2603,0.0604941749219386,0.590397361688646,0.0479375535874927,0.0413407480982859,0.177246724063738,0.0825834376398988
2604,0.0726785681667293,0.125043074441948,0.330629992705856,0.136072668177199,0.158331080815951,0.177244615692317
2605,0.0327349031052807,0.17504950501187,0.196402786152719,0.0606571783991507,0.263420380661452,0.271735246669528
2606,0.0249217734250287,0.0634292293931946,0.166535868640733,0.0268866457253227,0.183698206872101,0.53452827594362
2607,0.0081722655884951,0.0167463881277355,0.0623412434091949,0.0236641521327574,0.146353898121987,0.74272205261983
2608,0.110387766643032,0.174967012447098,0.0751019463071258,0.224761789918757,0.212771576223123,0.202009908460864
2609,0.0133142418632441,0.0500838344455116,0.0386002016925464,0.119479697185073,0.48980686530407,0.288715159509555
2610,0.0508358350264224,0.122605838057125,0.0461039614118835,0.222800916283352,0.396936146295352,0.160717302925865
2611,0.0133348491166048,0.0947144375314193,0.223538361518412,0.0697707635038449,0.0768267397173237,0.521814848612395
2612,0.0465708324133099,0.183395940362419,0.179193023576852,0.0753635829695016,0.210369504095383,0.305107116582535
2613,0.435423724103262,0.331593930862551,0.0530568977925419,0.0618162808403295,0.0933958004600139,0.0247133659413016
2614,0.106481252024815,0.0873900154410575,0.0617739404243374,0.119466714842052,0.280206486106547,0.344681591161191
2615,0.397772957776141,0.182345656658708,0.192872387083665,0.0759455106840351,0.0884038285520596,0.0626596592453913
2616,0.0129602589401878,0.0540657206909094,0.0327567489990527,0.0404268991253685,0.500112664925548,0.359677707318933
2617,0.146531774129779,0.351001276298323,0.240511494963619,0.0544199444313931,0.12329796212674,0.0842375480501466
2618,0.0440105095400788,0.0949522690674695,0.100047130403819,0.074798358151263,0.42485857956711,0.26133315327026
2619,0.0284411282050313,0.034481033694931,0.016817395802544,0.16302802579993,0.598035914313171,0.159196502184393
2620,0.0108169172091734,0.0830512064208031,0.188348121517932,0.0406042266124771,0.392338360385834,0.28484116785378
2621,0.0314486137391599,0.0765572380826281,0.054538840051088,0.151148191683945,0.576547885386075,0.109759231057104
2622,0.00414687250585398,0.0146963380933976,0.0234036301365129,0.0153842783833163,0.180767767314865,0.761601113566054
2623,0.335571132640788,0.220562515113028,0.0455660759267003,0.0856366999442782,0.260647048585407,0.0520165277897979
2624,0.0228266697604317,0.0724731831375689,0.100730740909888,0.0459851014455285,0.321923418847151,0.436060885899432
2625,0.138419802887621,0.35484671110563,0.288792454256141,0.0341371007101935,0.106894591979222,0.0769093390611926
2626,0.00715356999081151,0.0315366423623016,0.0634536319376556,0.0251861507311741,0.133041894167483,0.739628110810575
2627,0.0960123820404588,0.201031000071104,0.313903042432055,0.0463449815992743,0.164819752668559,0.177888841188549
2628,0.0990212372282625,0.188908721195699,0.133267166327048,0.22138164937877,0.294317143262894,0.0631040826073267
2629,0.0378660618902836,0.118174071731951,0.106960126184383,0.0390909544861166,0.427802268678964,0.270106517028302
2630,0.21978982095363,0.146278194392691,0.192062551604722,0.0751992756652266,0.170624387713354,0.196045769670376
2631,0.0235749590084502,0.177392758876631,0.197939457378553,0.0427117215692675,0.235237016019852,0.323144087147246
2632,0.00457737717186396,0.0239422013221906,0.0584433172288809,0.0198895879366105,0.0992259389892852,0.793921577351169
2633,0.141298814332808,0.418583586058232,0.065240615933003,0.0770581795185403,0.228403977737864,0.0694148264195525
2634,0.0515883107554889,0.0731207624015743,0.241335842601579,0.0583265605202573,0.135258239629562,0.440370284091539
2635,0.0155008803133982,0.0647856368082756,0.088453585862963,0.0267938763607687,0.62744369367466,0.177022326979935
2636,0.0240595557534423,0.0563675412391036,0.167861026246358,0.0820694000931339,0.246929197162879,0.422713279505083
2637,0.0254490041011832,0.0886059971031929,0.029868536247076,0.0352388244612828,0.692864726791661,0.127972911295604
2638,0.0455232340437354,0.0358653336582123,0.0889867726808164,0.325862485650603,0.210012599794392,0.293749574172241
2639,0.0814167456618302,0.089701964470814,0.0331838810347864,0.504230225836063,0.218248984399295,0.0732181985972115
2640,0.0185502711251367,0.0298866251334201,0.032867210937101,0.0219562362015884,0.117857183394425,0.778882473208329
2641,0.0692724451504956,0.135110851275313,0.171921870598209,0.105836211554077,0.314215422727459,0.203643198694447
2642,0.0142202755426374,0.112470999271094,0.0953719745041816,0.029815455207506,0.176368235809046,0.571753059665536
2643,0.220143248655921,0.53925124170861,0.0176043392214698,0.0892160197449512,0.0994940537050058,0.0342910969640428
2644,0.00501418823726927,0.135509906074618,0.0423768153761445,0.0115456504613122,0.256901720894159,0.548651718956496
2645,0.021007351435435,0.0690261400359518,0.0356855317173821,0.0665493669251953,0.291935890412557,0.515795719473479
2646,0.00411359514462747,0.0140173337427595,0.143813823761444,0.0109022438658132,0.0392813902881405,0.787871613197215
2647,0.0430371558540676,0.102492311936397,0.139975955966989,0.114742226055076,0.219920102406799,0.379832247780671
2648,0.171686922366069,0.235763540401608,0.447031056395873,0.0509291535512091,0.0450062299814206,0.0495830973038206
2649,0.0418746787114149,0.0411587516691893,0.114108222668979,0.0759936685370637,0.261684475138366,0.465180203274987
2650,0.0641103135242101,0.0725805642593786,0.191238567397106,0.0599543715543823,0.153303341734039,0.458812841530884
2651,0.0178958898657515,0.0704985884014181,0.0352914278107759,0.0577549080035979,0.544535743536274,0.274023442382183
2652,0.0203062935349335,0.115275337270652,0.0465748321820678,0.0452903094055453,0.562582091523637,0.209971136083165
2653,0.405425499331249,0.18742324744673,0.0917375259944481,0.0538251746679655,0.189217703969686,0.0723708485899215
2654,0.00346340030850019,0.0290369880459936,0.0679578430950271,0.0251956496427957,0.0898427064757605,0.784503412431923
2655,0.348932761519144,0.236319656623105,0.0738993994797285,0.103437162765339,0.184408368686366,0.053002650926317
2656,0.00782305740846774,0.0651433473984952,0.0558205787381456,0.0226153974097049,0.435767464716669,0.412830154328518
2657,0.0166538133046804,0.0279185989624683,0.131925725776205,0.0383571810985979,0.124117687958475,0.661026992899574
2658,0.132792157756047,0.129248791877962,0.06749034645809,0.464057759008866,0.106388997260063,0.100021947638972
2659,0.172855445718987,0.0960480737688965,0.133682214367466,0.46185943841663,0.0701882948069351,0.0653665329210848
2660,0.0131311861881665,0.0292078138122873,0.0386655089748206,0.05713942721258,0.215724405167511,0.646131658644635
2661,0.00790398714022368,0.0335224812983894,0.144401817290625,0.0448290289620273,0.116214092114729,0.653128593194006
2662,0.00671921231357603,0.0585223285458251,0.0818596131263585,0.0152410779672954,0.196374081207871,0.641283686839074
2663,0.0035054594950327,0.0194567766797039,0.0395571650850682,0.035816592896018,0.457775728847877,0.4438882769963
2664,0.0463299893972252,0.106982951667168,0.0385106689088927,0.104309599645073,0.581838149295571,0.122028641086071
2665,0.198408392928517,0.242845932477024,0.154588362758348,0.0732451769570694,0.206788022513813,0.12412411236523
2666,0.004687571005591,0.0108616572230268,0.0833341453831596,0.00906612585638725,0.0202972509156781,0.871753249616157
2667,0.0567953252577219,0.118223605060066,0.392067399843019,0.0808117454010969,0.193343451741083,0.158758472697013
2668,0.00965424188054945,0.0646379465218122,0.312042217588856,0.0165309083216959,0.101061675159128,0.496073010527959
2669,0.0197658288338457,0.203860202357294,0.133780382576134,0.0203594391552024,0.232188485079433,0.390045661998091
2670,0.0059696752118273,0.0368088836698033,0.136173951418336,0.0212354053470421,0.161253701678167,0.638558382674824
2671,0.0392583859518998,0.0617702393540614,0.0369954244614022,0.113123907942083,0.266808456637995,0.482043585652559
2672,0.00978260067867591,0.0408402512614331,0.161964825866848,0.0198659908829367,0.12657033336084,0.640975997949266
2673,0.23829952691116,0.37808381160552,0.0520837888485725,0.117263653831009,0.176939732900854,0.037329485902884
2674,0.0331459928256276,0.062929918449743,0.0849332685511211,0.271002540375962,0.327257085551081,0.220731194246465
2675,0.433162315127791,0.234571533295451,0.0222771180791704,0.211662954576574,0.0670392605946035,0.0312868183264104
2676,0.0351217395856899,0.0450196357708892,0.0740831178935365,0.195883003717681,0.39667272832039,0.253219774711814
2677,0.0980974382966757,0.142203703485907,0.235062886023625,0.176738176169074,0.17905109048913,0.168846705535588
2678,0.0362523133836164,0.124609527304095,0.221706470898455,0.0547830893697015,0.338840633514085,0.223807965530047
2679,0.00211097167933359,0.00979311394920376,0.0358982325543972,0.0243110546940378,0.308033505629196,0.619853121493832
2680,0.078530905336131,0.116503726201647,0.310651631180354,0.254324235584819,0.11992148996596,0.120068011731089
2681,0.0750878311167574,0.232058016103675,0.118156131328908,0.0494395801999241,0.31072571365862,0.214532727592117
2682,0.00899691530362548,0.0283219794581453,0.143410139881047,0.161076904604443,0.15469845864028,0.503495602112459
2683,0.490656070753774,0.278930565378675,0.0581499502823702,0.0832551042438929,0.0688945792293173,0.0201137301119706
2684,0.0132688530187933,0.0387340848158845,0.0579614845717073,0.0772836937751634,0.391422631091553,0.421329252726899
2685,0.0678456907064957,0.0587798748045094,0.21326473795261,0.0434923175635219,0.0659928809315437,0.55062449804132
2686,0.00547166656616612,0.0936577679932058,0.144260081549511,0.0145064667543041,0.16577789216152,0.576326124975292
2687,0.551625631237583,0.140583503499761,0.0417686719227557,0.136638862305918,0.109935188367547,0.0194481426664361
2688,0.0314857713243703,0.207749304238467,0.0690094449459738,0.15678114510568,0.311228480209991,0.223745854175518
2689,0.0848148413418538,0.63317272942566,0.0428139323261091,0.0497885844712337,0.160716733057194,0.0286931793779495
2690,0.00901153774431476,0.0304116749296222,0.0621501028154972,0.175879773256279,0.413624015460025,0.308922895794262
2691,0.0374483172798663,0.152478077218977,0.0545607257483827,0.0398612176348423,0.434326648945073,0.281325013172859
2692,0.0830980664335836,0.0796595945943993,0.213484885467926,0.114236316917063,0.178143201700321,0.331377934886707
2693,0.0146688827901187,0.0616556673181956,0.181915540104471,0.0339628209544303,0.0880558467190105,0.619741242113774
2694,0.00636448862210437,0.0318216667354888,0.0517968249369078,0.0353676768239415,0.191339358833901,0.683309984047657
2695,0.603812212560015,0.165876837278933,0.0389045455116186,0.0964408130999714,0.0705809591945303,0.0243846323549316
2696,0.0150354047834523,0.0976209558702705,0.204131548882366,0.0323742687210097,0.0797391153880852,0.571098706354816
2697,0.0460605158944324,0.210573363035243,0.260793653145418,0.0444437653857545,0.121244984063527,0.316883718475625
2698,0.0105648018911273,0.0479756963161156,0.173498191202263,0.0238342378214905,0.309991174151731,0.434135898617273
2699,0.0198857974384817,0.169686882228552,0.336672993090562,0.0245579693727168,0.100567948753611,0.348628409116076
2700,0.00173476015157059,0.0360972449848985,0.0170413626388997,0.00922375357972737,0.422438737044932,0.513464141599972
2701,0.0188100813581196,0.0187437091557164,0.0519084620452959,0.158084747978472,0.262274096368009,0.490178903094387
2702,0.517218150163463,0.135992779889996,0.146118543059815,0.0893643315968364,0.0635371553336736,0.0477690399562156
2703,0.0762370202641331,0.084012872980806,0.190552026904778,0.096137407868713,0.295483414066702,0.257577257914867
2704,0.0325184919141069,0.16272846934777,0.553995063865675,0.0418441646611638,0.102892907382295,0.10602090282899
2705,0.0171220960456189,0.162835511275745,0.365652424502051,0.0218397325645206,0.13304931710886,0.299500918503205
2706,0.0354781129261675,0.0712792451554944,0.182988748559209,0.172574846919557,0.146484678627894,0.391194367811678
2707,0.0115130485234345,0.017999258790326,0.0293432763886443,0.0443007548966394,0.578215801354231,0.318627860046724
2708,0.234554546399126,0.346617502621645,0.0862836215512109,0.106918817397596,0.18345396358018,0.042171548450242
2709,0.0476375375200198,0.138778614590038,0.424122340245536,0.0667464078066518,0.0798290444188424,0.242886055418912
2710,0.0851310294368266,0.126575355715002,0.279932002522372,0.0596916785571017,0.151562358294715,0.297107575473982
2711,0.0212159083556826,0.0843709591984636,0.112599047918573,0.0556449744480482,0.311976894297873,0.41419221578136
2712,0.126362967823079,0.118847555411105,0.0860315313505694,0.283223856862276,0.268844660947487,0.116689427605484
2713,0.0848321986639336,0.194290542899284,0.265138880162801,0.042247436699407,0.139378976139435,0.274111965435139
2714,0.00566260284543778,0.0714443969180656,0.115976995491012,0.0188479273676587,0.31174664869744,0.476321428680386
2715,0.0408250304303273,0.0943179825115765,0.466732778061065,0.0505809810016985,0.203064769108259,0.144478458887073
2716,0.0375636164676806,0.0579310161148659,0.119979957715133,0.0769839557731549,0.303088454239661,0.404452999689504
2717,0.00727582577222072,0.0186827936158102,0.0186393113032027,0.0209370393233518,0.168958725852037,0.765506304133378
2718,0.0116155581657033,0.0253580665704169,0.212036066916031,0.0444748734785327,0.192701224131748,0.513814210737568
2719,0.0370968695542567,0.119532567804443,0.154397311684736,0.0583122764016853,0.350341765389856,0.280319209165023
2720,0.249009997652754,0.133235311945282,0.232531033743364,0.101185462328742,0.168868264349868,0.11516992997999
2721,0.0343333158438744,0.0979654179767388,0.112153337261534,0.0715621771449013,0.284595400110325,0.399390351662626
2722,0.278237894669166,0.485564279099164,0.125017461828187,0.012740528009391,0.0652935553762497,0.0331462810178427
2723,0.0497315082119084,0.132049810601623,0.26282921558841,0.0823288414654262,0.141785390164889,0.331275233967743
2724,0.633434535401564,0.0911912933479031,0.0896904697819002,0.0868521693387483,0.0660080126379665,0.0328235194919181
2725,0.19916089735451,0.426369553970375,0.0529726831103582,0.101984645271772,0.155537832375371,0.0639743879176141
2726,0.0627548980755763,0.0742021529918577,0.0620363706940732,0.156889367626221,0.598774924185212,0.0453422864270599
2727,0.0026752904004317,0.0213702999368765,0.084780071227333,0.0193006484895598,0.226793303419085,0.645080386526714
2728,0.0154234294487244,0.038570669841145,0.131999950033856,0.0254586485132869,0.0751449317985343,0.713402370364453
2729,0.143060755086834,0.246619323475345,0.124069207204813,0.080774656571763,0.248953313280203,0.156522744381043
2730,0.01858327860826,0.0405238267522308,0.075969305403402,0.0774494903027919,0.555313496031817,0.232160602901499
2731,0.0951003308892863,0.11441631733912,0.0835374708111573,0.262621096673894,0.361021078856773,0.0833037054297693
2732,0.0259112546783929,0.0903176906444198,0.256394433352986,0.0240130611623376,0.0963494912327332,0.507014068929131
2733,0.0361106688567917,0.129817530429126,0.177151748243157,0.163880740806938,0.404961309654121,0.0880780020098654
2734,0.0613005172066434,0.509147874738172,0.0655800073455508,0.0259712943622084,0.213922609491359,0.124077696856066
2735,0.135987595111596,0.488669548896691,0.0914401659660008,0.0237066565602366,0.104452842845899,0.155743190619576
2736,0.033290866041035,0.0409871208592516,0.0208881697814964,0.578143476056925,0.276456390255297,0.0502339770059955
2737,0.109613279450167,0.243827567154984,0.228363597497877,0.0699377072957245,0.186255880550445,0.162001968050802
2738,0.0381757406435379,0.110681092876301,0.134788024394892,0.0563396486522611,0.281540519058551,0.378474974374456
2739,0.201308408573425,0.314145557480576,0.172751174590783,0.0256182477227893,0.217675990733225,0.0685006208992006
2740,0.187381336289646,0.452527192226584,0.0703068179306605,0.0828634570556818,0.125351378549977,0.081569817947451
2741,0.0805400629526873,0.359010785848878,0.0850813490400548,0.0371993716091645,0.239597756497865,0.19857067405135
2742,0.0738539688401244,0.0654771274390868,0.0430708734225061,0.184181392291826,0.479072492684764,0.154344145321693
2743,0.173820188528748,0.183633537937785,0.0883205930004581,0.165221466866768,0.21804221989329,0.170961993772951
2744,0.0115090607785789,0.0663909176538056,0.0656908471125165,0.122947851746039,0.479754015388247,0.253707307320813
2745,0.0200719305934556,0.144092250490175,0.328764270783647,0.0646483212449253,0.249100548047883,0.193322678839914
2746,0.00926215675983556,0.0316613990886253,0.0672300225896215,0.0360963477937762,0.275863744631731,0.57988632913641
2747,0.0273527377651476,0.0238590426549172,0.01236852991512,0.209255494638871,0.495098309467764,0.232065885558181
2748,0.00641543102593746,0.0570377708642211,0.0648367993767777,0.0442507104267812,0.480879713457825,0.346579574848457
2749,0.196525858194699,0.0428457317970901,0.0335585602282201,0.367205761924194,0.2413960588156,0.118468029040197
2750,0.0142047883722408,0.0860718955789116,0.322567293629661,0.0423241993572786,0.111636283052052,0.423195540009856
2751,0.138277699416579,0.199737845600281,0.101347165820836,0.220247323545503,0.235700604483215,0.104689361133585
2752,0.030282478230819,0.139760526229208,0.216613545116766,0.0937424405640531,0.18567963235261,0.333921377506545
2753,0.0421700019235931,0.0491008675201651,0.0209020278785494,0.444147313882374,0.36810982172352,0.0755699670717984
2754,0.0170861794240514,0.221809908907305,0.131723591690855,0.0244635238787025,0.410111665169673,0.194805130929413
2755,0.00306496678346701,0.010852182789094,0.045426179504115,0.0197441619842005,0.335191334926186,0.585721174012937
2756,0.0111038037168734,0.0233180162669685,0.102402966001269,0.0112133393094289,0.0281488544249715,0.823813020280488
2757,0.018417089820947,0.12020026881416,0.033684362928699,0.0315732363193727,0.60593419710867,0.190190845008151
2758,0.0609025462805322,0.197478679177453,0.181986655670665,0.0391914288588784,0.35737451594269,0.163066174069781
2759,0.0212613385086554,0.225562337552376,0.131546113281622,0.0178320938060992,0.255266554197744,0.348531562653503
2760,0.375693496765849,0.104413784821753,0.0345933214757665,0.404533311576239,0.0660446605699995,0.0147214247903936
2761,0.178868355538466,0.107504215529526,0.110392749716567,0.308044271000107,0.187559204620173,0.107631203595161
2762,0.00848758320556161,0.155894273979566,0.121951998413022,0.0457313306057931,0.467328188161629,0.200606625634428
2763,0.0423932215386576,0.194771030324368,0.181373216753437,0.0582739867843009,0.249394174268833,0.273794370330404
2764,0.00466943629178958,0.0150987494248434,0.0898434414217574,0.0141877273428914,0.0649541311288258,0.811246514389892
2765,0.0831104028518634,0.120642535159849,0.177185189738291,0.0576566189637315,0.210361331663084,0.351043921623181
2766,0.0251245142312541,0.120046240040339,0.103894752907921,0.0715460329008183,0.431780047662163,0.247608412257504
2767,0.0252465542601775,0.132247683448004,0.131643649771908,0.244626867912336,0.321974155394327,0.144261089213248
2768,0.029627775840868,0.190071123266475,0.248033913247127,0.0373927742799888,0.179722268490087,0.315152144875455
2769,0.0439305933456959,0.28824600864884,0.102608417646667,0.111571094341442,0.293836784984104,0.159807101033251
2770,0.00197989209993199,0.0331137583821723,0.151305991986002,0.0226420142372614,0.191668404466496,0.599289938828136
2771,0.0238870520633528,0.149967433779653,0.412120727247583,0.0545263224167973,0.14098080580681,0.218517658685803
2772,0.0612988776178843,0.0923958670618154,0.15720790119627,0.218643037045326,0.288540628153807,0.181913688924897
2773,0.0341076715907991,0.246641104990824,0.156896369958577,0.0188640356089383,0.415282262001769,0.128208555849092
2774,0.166074479252887,0.475592122109168,0.0660287184255708,0.0375518753437517,0.182999334829755,0.0717534700388671
2775,0.00326582663840899,0.0172154158421438,0.122140654102131,0.00901107468011749,0.118393890968678,0.729973137768521
2776,0.00822546583058451,0.0289697015986423,0.0493736796784003,0.0408532216309426,0.250220196828339,0.622357734433091
2777,0.00150601152999206,0.0117635134989624,0.0801505878564653,0.0148107909072987,0.0799137767291622,0.811855319478119
2778,0.135266059796858,0.144183419950676,0.152527612656707,0.122866696636311,0.198743044099502,0.246413166859946
2779,0.0639080832955765,0.138633911452953,0.357845614118445,0.0857508196965853,0.144597450229771,0.209264121206669
2780,0.0603528163395687,0.256481485888739,0.249736190040823,0.0618016198644353,0.159485729772751,0.212142158093683
2781,0.0148739978922825,0.0342883796543162,0.0640258871081419,0.205630457683223,0.457429481432201,0.223751796229836
2782,0.00982446838159865,0.0451052759344764,0.262762767331109,0.0206476310131568,0.179252969046016,0.482406888293643
2783,0.627007104578251,0.20625571227072,0.0655768963765384,0.0544549390043433,0.0345780564679761,0.0121272913021713
2784,0.0534448810204387,0.303425077425303,0.0809893944324684,0.0674284380814517,0.384418041785689,0.11029416725465
2785,0.0036530392299057,0.0214904909335927,0.0453359879587555,0.0243159926619488,0.342945719449925,0.562258769765872
2786,0.0138497051985956,0.0748235867664327,0.0537070417018375,0.0542286895892656,0.368029279342564,0.435361697401305
2787,0.00522806261606601,0.0373338670499503,0.0571553427763985,0.0306769530350496,0.301796003773624,0.567809770748912
2788,0.00776540730145967,0.0354851168259293,0.115455807627479,0.0251043015976476,0.108014463878936,0.708174902768549
2789,0.069380325476347,0.0679811524962162,0.273872875948221,0.0766686720294956,0.222806867786817,0.289290106262903
2790,0.0444722637127059,0.157899319564708,0.0797872554710093,0.0759186134866841,0.482141758377137,0.159780789387756
2791,0.0701749129169901,0.0548484970742384,0.0692417806967503,0.55905866606067,0.186676496966606,0.0599996462847446
2792,0.544100402202041,0.290901874599867,0.029547195941138,0.0517656081672885,0.0639084946931848,0.0197764243964809
2793,0.00744671466389278,0.047867578309739,0.0411692171492211,0.0211490867016,0.493588609064066,0.388778794111481
2794,0.396910747128751,0.0823840118944083,0.0852063324898843,0.281191249828119,0.107948532472434,0.0463591261864034
2795,0.299580766215445,0.154360547230546,0.10789029915172,0.297863770034022,0.111460291938744,0.0288443254295235
2796,0.00226745053085121,0.0213480601677839,0.109782329306422,0.0185781182428621,0.0839400625411504,0.764083979210931
2797,0.0221314848010151,0.0437299694900125,0.0669017099691544,0.0826136955214392,0.103893674189202,0.680729466029176
2798,0.00851876909126656,0.122009444582968,0.161908779040709,0.0215881445788815,0.237501432943378,0.448473429762796
2799,0.102282270775384,0.147082350639392,0.359353392555138,0.0231136571501968,0.136339997753418,0.231828331126472
2800,0.00511887784087356,0.0398174563777508,0.0815767091066045,0.0368842224725898,0.312201520907716,0.524401213294465
2801,0.0107768853841523,0.0397371480350641,0.0145565230103392,0.0287174623138531,0.537316351391848,0.368895629864743
2802,0.01406167378078,0.0625550687684598,0.0420721313130095,0.050592426909738,0.556863581064257,0.273855118163756
2803,0.0780292523863973,0.514504203364232,0.138290129170915,0.0250203142987932,0.155335691302696,0.0888204094769662
2804,0.00734347899733492,0.0606414941204962,0.0999829564760883,0.0310280974686678,0.435062636643008,0.365941336294405
2805,0.223144800916227,0.229456134397619,0.22907284567283,0.109187625989483,0.142947056643774,0.0661915363800665
2806,0.128838005087999,0.0620275367571755,0.051302945397631,0.376531643167967,0.239393924858505,0.141905944730724
2807,0.0479656654368985,0.167656397510287,0.169192143491017,0.112104738470539,0.247086800974776,0.255994254116484
2808,0.0110744066267458,0.0449495246940953,0.0450290417999205,0.0212972879121207,0.313549629189842,0.564100109777276
2809,0.0320154617112239,0.0920951805457316,0.300925623551002,0.0305790874796026,0.109040763724455,0.435343882987984
2810,0.00748011727407662,0.0528591772927891,0.0772991963931192,0.0617101710083185,0.450212413444841,0.350438924586856
2811,0.0103452595601749,0.146386506333138,0.146218713411133,0.0298277797410033,0.391149824840608,0.276071916113942
2812,0.548983069017627,0.179270096540365,0.122089292491637,0.0656689182442182,0.0586340090815296,0.0253546146246227
2813,0.123735992875232,0.0825581346455196,0.148857012187935,0.133399920812266,0.310592129951288,0.20085680952776
2814,0.0292483617969202,0.205718252584438,0.289381568910527,0.0394379061760666,0.17823932218989,0.257974588342158
2815,0.0278104646588892,0.0678478530192301,0.112652842423859,0.121792425607828,0.16467416006063,0.505222254229564
2816,0.221791672231839,0.135112070481645,0.217553550699258,0.0858242042737039,0.221281412919123,0.118437089394431
2817,0.0718349727362506,0.440461310608859,0.132887031826852,0.0671735328091178,0.21962027476191,0.0680228772570115
2818,0.373225195018327,0.3266581732186,0.117712780000337,0.0483795074115042,0.0865277641967042,0.0474965801545284
2819,0.394645576114358,0.376331129805268,0.11311979450622,0.0231531387321653,0.0725797879933462,0.0201705728486426
2820,0.264700929205783,0.192382160540393,0.34108556061463,0.0754607732003631,0.0709041625020699,0.0554664139367604
2821,0.00319832427108685,0.0323080078579328,0.0245483118560851,0.00761809916703411,0.418525921785384,0.513801335062477
2822,0.184587550183364,0.268504472698676,0.207052129264309,0.0523939102066946,0.173988192197115,0.113473745449841
2823,0.043608692064211,0.0656960086133819,0.108150336496319,0.0993653210515221,0.150774731243255,0.532404910531311
2824,0.059673088651774,0.104841633494362,0.218417005620578,0.0735314326502466,0.295463890174284,0.248072949408755
2825,0.00322526390524711,0.0246090656326597,0.16553368358913,0.0158981901530625,0.0346484602497828,0.756085336470118
2826,0.0233621050146932,0.206599545255297,0.0401791150595717,0.0364350959349231,0.432369799412395,0.261054339323121
2827,0.0505284128471369,0.530270676257989,0.123470130869941,0.0242060906532608,0.135633157620876,0.135891531750797
2828,0.0188876937676372,0.151918812699177,0.152866183212817,0.0479031575026906,0.354914393666034,0.273509759151645
2829,0.0726827006960101,0.0401255812303137,0.0321605370104684,0.155837789784408,0.536270246774796,0.162923144504004
2830,0.00311050510901271,0.0432914908689749,0.121161643863327,0.0272114157657893,0.155434789134038,0.649790155258859
2831,0.309472568932983,0.43547436052828,0.0862841953963519,0.0530855411840991,0.0725278259824566,0.0431555079758289
2832,0.0497690454387548,0.166600176463798,0.210571129434884,0.0402985498867978,0.354562641591099,0.178198457184667
2833,0.0956672521355788,0.121122373009427,0.111519162900075,0.275390075200326,0.240973030997098,0.155328105757495
2834,0.0176239416200559,0.0542529591193013,0.097355215973808,0.0268873173438883,0.258699871926923,0.545180694016023
2835,0.230419102218131,0.186058569844476,0.0561729478695384,0.224623874822727,0.238155943989024,0.0645695612561043
2836,0.0110017539281695,0.0260991983410782,0.0549244706633644,0.0512598222453685,0.321117759569691,0.535596995252328
2837,0.0960822665950885,0.231608385877385,0.30825445927487,0.0544028341639968,0.139725005153934,0.169927048934725
2838,0.17072257954313,0.273484494095322,0.15651655184921,0.0685915580889101,0.156056020381218,0.174628796042211
2839,0.0641010786390439,0.127462975257751,0.175195926292598,0.104293788376656,0.28895308723157,0.239993144202381
2840,0.0821441156589987,0.0757552246412047,0.149596300082236,0.176441628878662,0.164448829922649,0.351613900816249
2841,0.480742239165058,0.0949663418296401,0.0349678092452767,0.197566612372597,0.147519816781148,0.0442371806062797
2842,0.00598453679541165,0.0257445375029702,0.0186051485787456,0.0485390509545303,0.627815296403604,0.273311429764739
2843,0.0628909270366379,0.118657083358738,0.139583028084593,0.0466063507930301,0.263943450322482,0.368319160404519
2844,0.0389797812411591,0.157466337367766,0.402211769240066,0.0176231457375137,0.129374045669844,0.254344920743651
2845,0.210881853095147,0.373926082717196,0.176048830780423,0.101141756654897,0.0887561122167877,0.0492453645355498
2846,0.0049193515564602,0.0221988084953287,0.0279218913737391,0.0470702674912984,0.408016451794464,0.48987322928871
