"CUS_ID","F20-","F30","F30+","M20-","M30","M30+"
2501,0.0719086518818425,0.424818342663736,0.127106028906309,0.0372007851593348,0.145354973612284,0.193611217776494
2502,0.0622628849158914,0.16271970919914,0.121310126433433,0.100749369649798,0.368249336989326,0.184708572812411
2503,0.0537840932805318,0.418350731559084,0.0824321907392642,0.0615329285157584,0.245457890598745,0.138442165306617
2504,0.37257982960046,0.145635317240663,0.125304964805815,0.134070194352695,0.122070234836027,0.100339459164341
2505,0.0439344653185552,0.136170844890275,0.178040856405672,0.0667791304876378,0.144493691746233,0.430581011151627
2506,0.0208317514761899,0.347531488328985,0.12197255610638,0.0349867555618999,0.198621176181229,0.276056272345316
2507,0.018279006025258,0.0419610616584826,0.123866148981778,0.0313779604473216,0.149812408948555,0.634703413938604
2508,0.0152561167643166,0.0539998590868837,0.0548956889724349,0.0407072763659313,0.413370208901913,0.42177084990852
2509,0.0266115782401422,0.0573047207014438,0.160040232833248,0.0552622077523702,0.150016552443384,0.550764708029412
2510,0.0156753188396749,0.0574262358700425,0.0474193621073001,0.0359102460619343,0.325865164049193,0.517703673071855
2511,0.738341483043982,0.0744541585495301,0.0404493760874261,0.0925632660760596,0.0409874251713307,0.0132042910716715
2512,0.058102677074025,0.165780083975673,0.0789290011085508,0.110583311469321,0.452672221011094,0.133932705361336
2513,0.0111053091739971,0.0252398114701336,0.0586046807964828,0.0479512371794979,0.361210695572384,0.495888265807504
2514,0.0815505234698695,0.698760894479125,0.0372302936479545,0.0229295945653359,0.11475063053278,0.0447780633049353
2515,0.0186688358444397,0.0392732961453559,0.0625895714893656,0.0364498415409978,0.170959137528277,0.672059317451564
2516,0.0660780505581146,0.0964745148451166,0.0702655919779021,0.138214066552872,0.408423677808077,0.220544098257917
2517,0.0354461156098368,0.429150081493766,0.0865384986370308,0.0197028526515969,0.143238854624986,0.285923596982783
2518,0.407189495021022,0.260722355534475,0.12729558309271,0.063903897316222,0.0712290806582993,0.0696595883772711
2519,0.0383136448442985,0.863826921998237,0.0187021176959481,0.00725623558142045,0.0395026845378467,0.0323983953422492
2520,0.025891672636272,0.0356180460549366,0.0292751103755506,0.0983566076866585,0.625628975758843,0.185229587487739
2521,0.0711829209112819,0.114499694891921,0.353050040607562,0.0947654934766886,0.132314999475533,0.234186850637014
2522,0.324293835457171,0.178460509377786,0.168060707501998,0.0880810597317212,0.131348348625282,0.109755539306042
2523,0.0480140852462614,0.518600049354211,0.0536963961595985,0.0273948343149159,0.180182505162965,0.172112129762047
2524,0.0709215593971658,0.183011374529244,0.232292858071234,0.08362830039577,0.168736586609007,0.261409320997579
2525,0.0989087935462306,0.0759762976628392,0.109936060796104,0.266933425386977,0.364829994014948,0.0834154285929012
2526,0.139162296148463,0.220731627441241,0.0779403545286744,0.117963412192209,0.305091446653385,0.139110863036027
2527,0.554534574879084,0.144227074944151,0.0894518651568608,0.0422000403731309,0.0902096834325897,0.0793767612141845
2528,0.0130228379139455,0.0258786369816507,0.0665535211428957,0.055172989005889,0.2027385418187,0.636633473136919
2529,0.0866950103278266,0.129432535756865,0.287015032750765,0.0902118939507052,0.125369011124345,0.281276516089493
2530,0.0138576604510806,0.0500953235279529,0.238508151661534,0.0520420223915709,0.126617655077435,0.518879186890427
2531,0.0370079063618584,0.170436971069505,0.118417116667731,0.0911777832315012,0.281117634325764,0.30184258834364
2532,0.047946560175313,0.20187713733598,0.121533656042849,0.0497090662444405,0.199659732348712,0.379273847852705
2533,0.00709999832102587,0.0225164962254722,0.0697402458302128,0.0152007587354785,0.0489751622558803,0.83646733863193
2534,0.256262527720904,0.0921363146660607,0.100955422114581,0.32196075627014,0.107126801123604,0.12155817810471
2535,0.042751934563926,0.115025254184497,0.180648103987697,0.0573884607621816,0.192184777830561,0.412001468671138
2536,0.137610340885222,0.276186310817225,0.123148717468147,0.077693595836281,0.165295234014844,0.220065800978282
2537,0.0623439916019073,0.72924798017881,0.0705388748562619,0.011295777787354,0.0741096583746149,0.052463717201052
2538,0.264184988687566,0.124152625263532,0.0743150350423544,0.0950131827227787,0.247791938652535,0.194542229631234
2539,0.239992599222748,0.263776854217853,0.187865933488101,0.0532594723690005,0.13748243145536,0.117622709246938
2540,0.265339077826749,0.116422642779171,0.0735831197689496,0.177947284922158,0.307966110472641,0.0587417642303304
2541,0.149767111626283,0.073855196254667,0.0557176395255509,0.309963928469889,0.341706194792467,0.0689899293311423
2542,0.0907075427987611,0.474202060069558,0.0745145892018308,0.0535842546564546,0.225504277834542,0.081487275438854
2543,0.0178686507797565,0.0354552249261533,0.0755719427016244,0.017278699298141,0.147799449036135,0.70602603325819
2544,0.0787614722240152,0.150163549205622,0.146205174210163,0.266061819124867,0.146930045444459,0.211877939790873
2545,0.039612833336939,0.340064700597361,0.0895318902472472,0.0221815346985076,0.317181448702048,0.191427592417898
2546,0.0424964643691803,0.0479041913570339,0.0283629967362912,0.214735498924214,0.572486452578314,0.0940143960349672
2547,0.0830236127899831,0.166343212181082,0.351014560732346,0.0703124793917071,0.126273769013322,0.203032365891559
2548,0.0558630182880804,0.0871654716864885,0.123690868439096,0.283083720644832,0.341335196527932,0.108861724413571
2549,0.00915305025449859,0.0373875558334037,0.0410029850167423,0.0519182364308757,0.291343933022128,0.569194239442351
2550,0.0175626927924965,0.0184885229196448,0.024230707260945,0.153017981791808,0.600020330224737,0.186679765010369
2551,0.161714165502992,0.2035806267075,0.0960825050472553,0.203592430505559,0.191416969412127,0.143613302824566
2552,0.118010992620429,0.336516842818396,0.206474485272071,0.0550380462137457,0.12528100746324,0.158678625612118
2553,0.39621195555624,0.270860827652159,0.0508734796982539,0.125028785879343,0.123619675276147,0.0334052759378576
2554,0.118663877486999,0.29173712270614,0.106766620038088,0.118225341031968,0.266234549126096,0.0983724896107085
2555,0.0231638217730449,0.143175836767901,0.128774404095838,0.0649680790150595,0.421885162095427,0.218032696252729
2556,0.0821798443420472,0.333948210783126,0.293560624238029,0.0629470116482896,0.0973807887261873,0.129983520262321
2557,0.36700674081608,0.207161176259341,0.269222033687504,0.0680983160703837,0.0592172196520939,0.0292945135145975
2558,0.0368429385730199,0.10712019790184,0.640041365560373,0.048145686679566,0.0786050350139963,0.0892447762712052
2559,0.0691705926142928,0.453101200047415,0.180650140896394,0.0297533828462386,0.0929769739296645,0.174347709665996
2560,0.0171094165958799,0.128001171491538,0.100883384464852,0.0368954420072805,0.161008725032896,0.556101860407553
2561,0.0277063742090738,0.083701733278105,0.205623810575906,0.0350005049413611,0.148351136511548,0.499616440484006
2562,0.250026458786202,0.393084368309486,0.0441908201523588,0.0652091157379687,0.201328137116077,0.0461610998979082
2563,0.294010441146336,0.170108437047375,0.193952308977433,0.147932133255406,0.126953224775406,0.0670434547980425
2564,0.174102038401088,0.0980134048196286,0.0861958622487868,0.255634169813135,0.247107536966925,0.138946987750437
2565,0.0229263533957603,0.0679563307298724,0.119505119692652,0.0540946802969231,0.203020631786776,0.532496884098016
2566,0.023729156699216,0.0517684372890439,0.11559053326115,0.0770490401174921,0.184438094264864,0.547424738368235
2567,0.0415575913925577,0.135638460970073,0.12885163350576,0.0706356409251947,0.146419345043143,0.476897328163272
2568,0.0114080879721363,0.0663878626449529,0.0933994878467298,0.0372886588196316,0.251096970856929,0.54041893185962
2569,0.04726208249349,0.125195964234112,0.209992241363893,0.041351113106655,0.167609084926492,0.408589513875358
2570,0.0516825586794711,0.556096627823326,0.0717687057496429,0.0247462995183632,0.135925369707033,0.159780438522164
2571,0.0771834297303564,0.0752812187320642,0.0477755412597223,0.251270405810642,0.350239907693175,0.19824949677404
2572,0.101348377725741,0.109893884694671,0.287479137574722,0.132337390288475,0.117919414515489,0.251021795200903
2573,0.0782003109093009,0.281948432735272,0.109178874741179,0.0409600096561163,0.17563128395516,0.314081088002971
2574,0.0365859403949072,0.054685907449678,0.0533376364297037,0.199180577130509,0.540358077430441,0.115851861164761
2575,0.0239686231335924,0.0270918391793024,0.021319858294397,0.124074320359667,0.668235538029199,0.135309821003842
2576,0.290482943920438,0.345156110505041,0.184599515645187,0.0716442553650728,0.0472801740665295,0.0608370004977325
2577,0.0407378610205165,0.279438391779711,0.365319902477131,0.030291617589844,0.110807458339107,0.173404768793689
2578,0.00720297505672956,0.0187507240026677,0.0585461526867745,0.0191131905775918,0.0778280726266637,0.818558885049573
2579,0.297617315367054,0.19786874291549,0.208145035652601,0.0747596674656386,0.127130946090624,0.0944782925085928
2580,0.0689658625220149,0.32710080381413,0.141908119370127,0.0318235454697282,0.176378636223233,0.253823032600766
2581,0.0134874831072831,0.0436191022133614,0.0740797121915569,0.0787633600370751,0.391566547269152,0.398483795181571
2582,0.206204911393422,0.491304558289125,0.0675221303342918,0.0432189125500148,0.123321319427562,0.0684281680055848
2583,0.103472701041999,0.546690055122248,0.190046972655778,0.0240412678726977,0.0729974499116027,0.0627515533956749
2584,0.196853625551982,0.661601257436636,0.0440890541934342,0.0158082567551191,0.0531719378207018,0.0284758682421275
2585,0.0239922054011365,0.0692533948968401,0.0712734014915016,0.0922518031252259,0.414449252847887,0.328779942237409
2586,0.0484247113881587,0.240528083611854,0.110808067334423,0.0387764276719749,0.151172846997894,0.410289862995697
2587,0.197236954869548,0.072400210517085,0.0668880837354133,0.226121457364648,0.328953776706272,0.108399516807035
2588,0.0316448231918592,0.0301257522953497,0.0323306329799141,0.136580599835212,0.682193365869776,0.0871248258278895
2589,0.0663288973476151,0.10058707990525,0.0634186344411994,0.152379185002675,0.504860157805788,0.112426045497472
2590,0.0157917855144613,0.0567134456191304,0.117732872106477,0.0891237425933827,0.210475766284036,0.510162387882513
2591,0.0820862392979228,0.119039342842954,0.343129916416943,0.0745035219574158,0.0874101546818412,0.293830824802923
2592,0.019188128420319,0.030889947784682,0.0284360166293508,0.107473178586862,0.69736810626576,0.116644622313027
2593,0.162346904943339,0.225813444222453,0.0952305551944605,0.142579594271152,0.224063815440229,0.149965685928366
2594,0.0495894022444427,0.0794710875330645,0.0701327289266557,0.0442994355686978,0.284502141149125,0.472005204578014
2595,0.141850008131584,0.109243517632521,0.188769480084413,0.215230832519658,0.157678665731001,0.187227495900822
2596,0.669396806959816,0.092530637182485,0.0218221591334207,0.151783385530989,0.0485969467788975,0.0158700644143911
2597,0.0157350874951454,0.050775014827132,0.177892581041687,0.0424616966914398,0.16500219354634,0.548133426398255
2598,0.0223643079655236,0.098469959200257,0.0947249984687456,0.0247364436504601,0.150136472885519,0.609567817829495
2599,0.25611050704414,0.305414941520217,0.0753504440117828,0.0890251108575194,0.185581667811923,0.088517328754418
2600,0.0270391695925428,0.0817420705307507,0.110730070102668,0.102249675136911,0.524053812037751,0.154185202599376
2601,0.0502499559014367,0.0963058102526064,0.227419075249173,0.0549276832883366,0.132433876453086,0.438663598855361
2602,0.0230711817387747,0.116735790475438,0.144685867781359,0.0545770822682263,0.193577916940958,0.467352160795244
2603,0.0405714361276301,0.656986523480017,0.0318805092081518,0.0292995830928042,0.157996780987936,0.0832651671034609
2604,0.0506260938580578,0.125380071551734,0.335330824520028,0.177680019771443,0.13889247524272,0.172090515056017
2605,0.0357467288118345,0.155951552239159,0.271354490220988,0.0644652590689719,0.171699250520211,0.300782719138836
2606,0.0452053824942754,0.102000801578504,0.17049205236711,0.0543885155992559,0.187460643181205,0.440452604779649
2607,0.0151150055456521,0.0252286349875754,0.0639184945218216,0.0398401528672117,0.168496446181491,0.687401265896248
2608,0.169045443577501,0.189326240694328,0.0734670567109242,0.155174704396173,0.20417991016144,0.208806644459634
2609,0.0204929305575601,0.0391163505099881,0.0483077799088611,0.104319300740342,0.523518301081582,0.264245337201667
2610,0.0817883658923634,0.193065500161638,0.0718132391247348,0.173960851893029,0.311286505959394,0.168085536968841
2611,0.0280496050040178,0.16459703994175,0.318725887174101,0.0819813787019835,0.0772087664283699,0.329437322749777
2612,0.0447848554920765,0.207068235475285,0.149665621338435,0.0635133765068068,0.196297868138856,0.338670043048541
2613,0.536705794913221,0.293407261560302,0.0341569002696627,0.0566961983198888,0.0642086032688048,0.0148252416681204
2614,0.123929392934304,0.104048442344015,0.0735243906007235,0.138986665645444,0.25799681291943,0.301514295556084
2615,0.478584942583075,0.200688772551067,0.133361680506611,0.0599903880598527,0.0823411821547528,0.0450330341446412
2616,0.0240851008554955,0.0576975453778123,0.0827608520456809,0.0603653261912998,0.348217754371954,0.426873421157758
2617,0.261343343748852,0.371590554290165,0.149831335930784,0.0459740516734943,0.110382552237807,0.0608781621188972
2618,0.0825238636978386,0.108387166123797,0.0838318436411355,0.0888023665782589,0.411319942274353,0.225134817684618
2619,0.0173301563877522,0.0218019292950652,0.0189424710794283,0.0812389198616097,0.69534868655149,0.165337836824655
2620,0.0241751624386932,0.117615835303187,0.213621268638128,0.0514428346127568,0.321467072071849,0.271677826935387
2621,0.0445378116455164,0.104837221730591,0.0541388018458918,0.131914762685009,0.535957049718035,0.128614352374956
2622,0.0083456612450257,0.0167379022213373,0.0431255725884396,0.0229299901161556,0.11767823652412,0.791182637304922
2623,0.296347615511541,0.286621808180598,0.0421394779013067,0.0815860694830891,0.236304697133565,0.0570003317898997
2624,0.0453850293639518,0.0757147736840418,0.126885636158804,0.0755105456244511,0.186376913553804,0.490127101614948
2625,0.119460449511329,0.280508493499501,0.401110516497204,0.039094403355183,0.074758666868873,0.0850674702679104
2626,0.0144754351660867,0.0369260654885047,0.0739162354489766,0.0332755862120639,0.150153719630771,0.691252958053598
2627,0.094461276032193,0.202570119854016,0.336669755764847,0.0586557939952349,0.122149378075524,0.185493676278186
2628,0.141194084830982,0.23700757564509,0.0714531620704316,0.192560715141477,0.257235581024564,0.100548881287454
2629,0.0339835646178213,0.16719594940138,0.100142486616215,0.0445538891185264,0.309699386446199,0.344424723799859
2630,0.139792848760933,0.0983798827866334,0.126253141991814,0.0956834754227487,0.221515041993453,0.318375609044418
2631,0.0257764796868896,0.235767924299003,0.252821173280179,0.0464470840118436,0.178491045223875,0.26069629349821
2632,0.0125864151831976,0.038178109068958,0.0637207165907146,0.0332800482253527,0.149841237177803,0.702393473753974
2633,0.130684087871423,0.414574049737427,0.0785194652824349,0.0815614781361354,0.192279509377974,0.102381409594606
2634,0.0478020720048994,0.100789115569519,0.272487758437617,0.0944370593804587,0.143317031036091,0.341166963571415
2635,0.0399392089788055,0.114208041495171,0.0821449388112964,0.0641043718207853,0.473658006680115,0.225945432213828
2636,0.041170360009756,0.0839229422008005,0.184418418099696,0.133663597357882,0.273687570295153,0.283137112036713
2637,0.0359748211363053,0.072085872576941,0.0374639373448193,0.0496220676593645,0.627044183603895,0.177809117678675
2638,0.0771714772737532,0.048080334485022,0.121994167512784,0.284173739479628,0.220089130755316,0.248491150493497
2639,0.103271140623274,0.0860722151817972,0.0578964723351777,0.255518357651575,0.3803916108625,0.116850203345677
2640,0.0241993332324857,0.0369471058101269,0.0678850870642322,0.0397321983988712,0.111375312196288,0.719860963297996
2641,0.233914771262607,0.153568391957526,0.169430245213124,0.100204427744731,0.208472615075894,0.134409548746119
2642,0.0265744063418612,0.107616120063782,0.109146659407032,0.0432034275518431,0.190646004965414,0.522813381670069
2643,0.370832503306562,0.407685602151188,0.0197671735719868,0.0849903144460323,0.0854795319637928,0.0312448745604378
2644,0.0125039364685798,0.194125585152859,0.0678619999759423,0.0270257856560437,0.206912600198353,0.491570092548222
2645,0.027420166972632,0.0596558744583597,0.0434180757023175,0.0636525634511284,0.388935588175204,0.416917731240359
2646,0.0128139255721144,0.0376036237736257,0.187607807198365,0.0429861198845461,0.0801179971575712,0.638870526413778
2647,0.0575141165515847,0.0823773278259809,0.134532608905513,0.117715045666659,0.256885740420556,0.350975160629706
2648,0.205003204310885,0.230618329775154,0.362179841542174,0.0636889508880915,0.0624331465616804,0.0760765269220143
2649,0.0439794558261164,0.0591229959764861,0.101589496513839,0.0801236121607316,0.27340079084537,0.441783648677457
2650,0.0671627091656489,0.0693119939015199,0.179507398189034,0.081462221933618,0.160150343887887,0.442405332922293
2651,0.0193101668351839,0.0540823937711655,0.0474487300294694,0.0673794740744288,0.495608343938587,0.316170891351166
2652,0.028111073359621,0.1696519780047,0.0770735437275197,0.05877061499485,0.371076367695968,0.295316422217341
2653,0.362752607701471,0.222353056353257,0.08530115708059,0.0631227300833205,0.150797536526501,0.11567291225486
2654,0.0112694706288061,0.0401184544471633,0.0641161097168784,0.04128890333508,0.142973857200226,0.700233204671846
2655,0.51809914528679,0.190161990271751,0.0324816914039146,0.107724348313533,0.121906904280076,0.0296259204439354
2656,0.0242265057616336,0.0916186197234857,0.0657750849539036,0.0469266111522844,0.425567374161809,0.345885804246883
2657,0.0218564649046622,0.0555154278830072,0.182962761618068,0.0515331163797376,0.13744095557369,0.550691273640835
2658,0.175092286290962,0.138464589307816,0.12815171709675,0.244652860675102,0.187054224608384,0.126584322020986
2659,0.276193961971303,0.132790050254163,0.109717255793208,0.323458294144063,0.0899736491506566,0.0678667886866057
2660,0.0159164287015589,0.0320248257081964,0.0526512083645094,0.0446165248545638,0.232430624022021,0.62236038834915
2661,0.0158363710468371,0.0512011608163619,0.177149616436101,0.0533033845537842,0.128141224398787,0.574368242748129
2662,0.0123339557159852,0.0726731979312539,0.122226432331884,0.0266827234455345,0.155796372266064,0.610287318309279
2663,0.0109931307206949,0.0389453778607241,0.0659481077373282,0.0497871083457687,0.280875216970533,0.553451058364951
2664,0.0476726997468805,0.116721179754601,0.0471761271786746,0.106585204282009,0.50158366210683,0.180261126931006
2665,0.235251119424011,0.265078966797422,0.155981552220357,0.0848525283993141,0.158758496601067,0.100077336557829
2666,0.0171547903537443,0.0371963056236192,0.171782800971581,0.0365338993498764,0.0535847255903909,0.683747478110788
2667,0.0483805836285738,0.169543222974093,0.396446870550153,0.0695776608806533,0.17318285132298,0.142868810643547
2668,0.0212897979816483,0.0851856605988665,0.339873506705446,0.0387660270562885,0.0992468996473257,0.415638108010425
2669,0.0565384756954501,0.289445301785013,0.145534569800713,0.0287836668501354,0.137285126682221,0.342412859186468
2670,0.0164889601156325,0.0569086392523367,0.172393607222379,0.0443241196736429,0.172694153194774,0.537190520541236
2671,0.045321560257133,0.0702393205675184,0.0552026507329967,0.106397420895456,0.257243089769549,0.465595957777348
2672,0.0175505351893758,0.0771663276369586,0.161579687424541,0.0338521332063145,0.13904506049546,0.57080625604735
2673,0.271475077158557,0.302070789188653,0.0567472519488879,0.111014067176068,0.192847317193367,0.0658454973344674
2674,0.0280359651352248,0.0523766880694816,0.0859110960090263,0.209211197207793,0.347858662825025,0.27660639075345
2675,0.604072553458699,0.182653789057939,0.0146082594388659,0.138986839424883,0.0398149542211164,0.0198636043984966
2676,0.0303420411470816,0.0601906585454151,0.0974791881682439,0.161051235060483,0.397013601859738,0.253923275219039
2677,0.105499298820042,0.148928675987508,0.274437050985195,0.136170794298767,0.193620019596005,0.141344160312483
2678,0.0441668415825664,0.113766320482718,0.199265036782515,0.0754601510388499,0.322876720578593,0.244464929534757
2679,0.00749628047963192,0.0120914987739834,0.0327329726263269,0.037158781190204,0.335438732573414,0.57508173435644
2680,0.0898965090842195,0.1095490077955,0.335544643913218,0.202504509659751,0.109455810375119,0.153049519172194
2681,0.0468301297357679,0.212076087971675,0.10880978191975,0.0566355355566883,0.255495860505133,0.320152604310987
2682,0.0186898490721873,0.0355069521214201,0.130201515087441,0.118307188471206,0.170912066048049,0.526382429199697
2683,0.52996394305965,0.181667797240029,0.0529078033884793,0.107498755011858,0.0996826815603565,0.0282790197396269
2684,0.0209679182056137,0.0444639061218832,0.0588194853643045,0.0653465535149846,0.399985081206658,0.410417055586556
2685,0.126400682414401,0.10201742617798,0.237240068575554,0.0512229078283883,0.0923376692854078,0.390781245718269
2686,0.0178199088500409,0.116903512338059,0.155048924717509,0.0337625578158158,0.16552334872316,0.510941747555415
2687,0.302429382754937,0.210421635625957,0.0935122242343013,0.169175345314057,0.172657262491021,0.0518041495797268
2688,0.0393809248878123,0.169722610982408,0.0864115556820611,0.146045426715945,0.345323484737688,0.213115996994086
2689,0.128545686446705,0.611108552637495,0.0509286385167423,0.0486316791750387,0.11878652429803,0.0419989189259885
2690,0.0170652433083539,0.0340159703897684,0.0560693553048615,0.203700990328501,0.483478977459718,0.205669463208797
2691,0.051044327477676,0.208483781479743,0.0978222173541965,0.0429589013686598,0.275351734160661,0.324339038159064
2692,0.0660464797353277,0.104383415017913,0.235015458311427,0.0923072598036785,0.158463733553393,0.343783653578261
2693,0.0347858258945719,0.070439679760778,0.153212233791087,0.0688791916636878,0.120622197132389,0.552060871757487
2694,0.0125042607797119,0.0281444697611671,0.0541568644862586,0.0559383433616746,0.265724933752679,0.583531127858509
2695,0.665648711573736,0.152761178929281,0.0352101867349933,0.0693894032551897,0.054893025028443,0.0220974944783573
2696,0.02917482207558,0.154797012589989,0.306505270798318,0.0487369167164704,0.0932916134510835,0.36749436436856
2697,0.063180013583765,0.232329628116562,0.268136693015816,0.0573571510793544,0.125677644888867,0.253318869315635
2698,0.0200276719523951,0.0632097604790863,0.196235082385255,0.0523031779181533,0.276269706818372,0.391954600446737
2699,0.024428961290742,0.202452719150147,0.396938429990154,0.0298713664868266,0.0721770404490263,0.274131482633103
2700,0.00594526628670061,0.0445506605176676,0.0312924367171489,0.0163497418433996,0.290268191230829,0.611593703404254
2701,0.0268679434134661,0.0385176663734414,0.110816785467353,0.0905960272551935,0.190399870024437,0.542801707466109
2702,0.514585573032733,0.149360241505837,0.130227565788476,0.0738910143653939,0.0732176886677716,0.0587179166397873
2703,0.0770285433482428,0.0795624018747113,0.134723841368631,0.125408033711548,0.361390118665873,0.221887061030994
2704,0.0464244075233016,0.211725399346489,0.51071082503682,0.0557239271759193,0.0773611142689409,0.0980543266485294
2705,0.0185208483085653,0.181051380862937,0.397084715096475,0.0318017791022302,0.100732776774006,0.270808499855787
2706,0.0296530397058519,0.0741451403909892,0.187249074630441,0.190285940163254,0.148330853130527,0.370335951978936
2707,0.0148503154476235,0.0197072094108598,0.0250285481102678,0.0610639848862774,0.733315842790323,0.146034099354649
2708,0.339107366696952,0.29878051741358,0.0655254306367201,0.101727926725394,0.152311286767637,0.0425474717597168
2709,0.0511373029020406,0.169727682806125,0.327071817827824,0.0863732526391581,0.0916341494343507,0.274055794390502
2710,0.069886734726597,0.115173569161475,0.289125389252884,0.0752249854315688,0.143845831295535,0.306743490131941
2711,0.0678146048343983,0.126391042604656,0.122848187482643,0.0748277763028007,0.294268389415919,0.313849999359583
2712,0.168884267298114,0.124204600259463,0.0819137965811862,0.183669669218626,0.324019819070662,0.117307847571948
2713,0.0950774395614861,0.174398119972601,0.289230351287434,0.0796861730117841,0.11685146068184,0.244756455484855
2714,0.010195836961217,0.102553752445515,0.197624460912282,0.0309221420021457,0.174109657743621,0.48459414993522
2715,0.0322889515690468,0.115988706463768,0.379676261329872,0.0696750196419765,0.217490319559423,0.184880741435914
2716,0.0302717584767835,0.0492460776126471,0.0741027500490173,0.0841524793813338,0.414643643989992,0.347583290490226
2717,0.0143890733999293,0.0320581625995333,0.0363009044842183,0.0379920606698077,0.211391617207509,0.667868181639002
2718,0.0286078115643073,0.0575966768268146,0.215857695125659,0.0882846146974634,0.201559230445937,0.408093971339819
2719,0.0490206542621782,0.138422105821156,0.170919003065179,0.0774675171253585,0.286437314002234,0.277733405723893
2720,0.222579675674165,0.111269038913284,0.196740574187247,0.104599175747482,0.193604626509796,0.171206908968025
2721,0.0305568450900832,0.0834684450555643,0.121868093332161,0.0710536386885219,0.240678873020048,0.452374104813622
2722,0.268104903781979,0.48952374888944,0.124867751758619,0.0171818121791764,0.0648358671206612,0.0354859162701243
2723,0.0530623819442969,0.178719421118163,0.271336907633847,0.0738809234977637,0.119219757211119,0.303780608594811
2724,0.633980879781962,0.102907605854548,0.0543142517511291,0.10360591474176,0.0799951129436952,0.0251962349269058
2725,0.264596966280102,0.44784186405208,0.0356932737817373,0.0998049671211743,0.104944722102228,0.047118206662678
2726,0.0642668587839064,0.106805258236465,0.0812634659273235,0.164447908246079,0.504682696572053,0.0785338122341743
2727,0.0118850118673494,0.0432071889481221,0.0962747302310719,0.0570129140483089,0.310555674960505,0.481064479944643
2728,0.0292590621842392,0.0701000980030895,0.182499057687532,0.0647590932180165,0.106223910130071,0.547158778777052
2729,0.237152804835417,0.265747269413259,0.0689502171365761,0.0884156785186759,0.237110008464876,0.102624021631197
2730,0.0275799112859338,0.0504847683552683,0.123470257267264,0.0868182940526341,0.317054417469072,0.394592351569828
2731,0.113970835814198,0.146266999736648,0.0856367927092126,0.219522052390219,0.317715514232899,0.116887805116824
2732,0.0404194256754627,0.101060696634827,0.29552913785444,0.0484252323022863,0.108124393502804,0.40644111403018
2733,0.0545020174718096,0.126658822183942,0.144273159943183,0.241814204643474,0.348149153833894,0.0846026419236982
2734,0.0211761573889407,0.793160098396801,0.0352829899221746,0.0072658292798475,0.0751404753968484,0.0679744496153875
2735,0.0539720802072038,0.396355552791154,0.146846583298251,0.0285959676797476,0.11717588182704,0.257053934196604
2736,0.0467068045101804,0.0940772546317085,0.0640297355464882,0.261721653472198,0.429081032500122,0.104383519339303
2737,0.119342490673034,0.200035398186958,0.254917027895702,0.0983560965343001,0.157849045905198,0.169499940804808
2738,0.0391840872786192,0.0996335103388051,0.136024529470748,0.0477512939881008,0.178273047972439,0.499133530951287
2739,0.244340207700168,0.379130907089868,0.108618919460916,0.0382129587871811,0.159471383758066,0.0702256232038005
2740,0.204485120876137,0.370887333838666,0.0880052854870967,0.097226424298421,0.123416207395583,0.115979628104097
2741,0.0759609698463697,0.301162792076833,0.124970458221263,0.0701516315869669,0.227608716807803,0.200145431460765
2742,0.0635110077235128,0.083862333436589,0.0648879205641327,0.143538746347847,0.469573188090117,0.174626803837802
2743,0.203178155288215,0.181610387269344,0.112801558619063,0.143355396962174,0.208095136437305,0.150959365423898
2744,0.03001434807788,0.0687590035259073,0.0726923610027724,0.148492691248517,0.525722202698911,0.154319393446013
2745,0.0282661599589875,0.157178657926518,0.323900932684944,0.0841923092241815,0.180105456415375,0.226356483789994
2746,0.0222105829863799,0.0616562711910112,0.108771869431943,0.042632194940645,0.198062183141522,0.566666898308499
2747,0.02429301703613,0.0280319466726795,0.0209799634927437,0.0674184210822874,0.593190835999755,0.266085815716405
2748,0.0136891133045958,0.0566114567632173,0.0677837990424406,0.0614348103028561,0.525566537357433,0.274914283229457
2749,0.287714183457323,0.112052575068684,0.0515772673276412,0.245281880629468,0.200758141932558,0.102615951584327
2750,0.0184792365718425,0.100845323543668,0.325088543657229,0.0498035403254606,0.128520079672915,0.377263276228884
2751,0.183739616960587,0.214252630681493,0.122055988199059,0.136348345741762,0.242784218375856,0.100819200041242
2752,0.0370844030498558,0.135544499282894,0.224442360469482,0.126946325622735,0.161026651578522,0.314955759996511
2753,0.0618127787631046,0.0762753865436859,0.0419289514869316,0.221386654617666,0.505743688683009,0.0928525399056028
2754,0.0313618747598071,0.26952440792484,0.131297648534065,0.0357955867151567,0.308496575609668,0.223523906456463
2755,0.00495533014392927,0.0123365361074085,0.0407763834405986,0.0184474271513493,0.188336130489645,0.73514819266707
2756,0.0169676351495664,0.0363538911893592,0.111215147066142,0.0270680777626361,0.0573855143708224,0.751009734461474
2757,0.0238518762448669,0.196591867580059,0.0571413033646531,0.0541716791932449,0.363835642753635,0.304407630863541
2758,0.0714588879191446,0.259891409296542,0.176030156072426,0.0403717550396199,0.258062837054222,0.194184954618046
2759,0.0303835696497596,0.240873928119632,0.0897701399017261,0.0228424810082814,0.208879137948878,0.407250743371723
2760,0.519320109358052,0.145656540978119,0.0466254732220461,0.193453839054172,0.0762978411836191,0.0186461962039923
2761,0.125128805380605,0.111282929987516,0.0913223269332305,0.218242049756925,0.321528397863369,0.132495490078355
2762,0.015909194247305,0.117546066889411,0.136830120151322,0.0538866543681076,0.379211810147532,0.296616154196322
2763,0.0514223776644244,0.214833974892559,0.219158640607766,0.0593758710467117,0.178061444749692,0.277147691038847
2764,0.0198949641223813,0.0309841189331134,0.120871980639513,0.037095405548583,0.0983327935836566,0.692820737172753
2765,0.0525192816476865,0.162058785296294,0.217665840344999,0.0502620153776977,0.167215979171202,0.350278098162121
2766,0.0389236978616302,0.165112704508933,0.102025224486663,0.0640022932232682,0.333948793594718,0.295987286324788
2767,0.0423340288855842,0.130037240814942,0.177833085729433,0.220229754640724,0.224603883412052,0.204962006517265
2768,0.0405987856516429,0.250519088390687,0.344001960771985,0.0445348270861366,0.103299469786141,0.217045868313408
2769,0.059119837557557,0.36531117862025,0.119956372899715,0.099982488013433,0.219375672425111,0.136254450483934
2770,0.007049034057189,0.0480069126962022,0.131500059013884,0.0450436471236849,0.183368758170764,0.585031588938276
2771,0.0289943015946064,0.160250320201731,0.471569086088699,0.0690682522747431,0.0922019628542507,0.17791607698597
2772,0.0551888149350487,0.104856314937169,0.150810385766137,0.211168275789933,0.280191199886845,0.197785008684868
2773,0.0653701922702226,0.300299205713545,0.146192254598446,0.0415239025419015,0.299032613977217,0.147581830898668
2774,0.0963436097118919,0.535445391994902,0.0639278871363977,0.037008131080334,0.150252406939536,0.117022573136938
2775,0.00898019035962423,0.0302125379621704,0.10918226515916,0.0218728754523807,0.136776973384176,0.692975157682488
2776,0.0151256472970206,0.0449155611580369,0.0769168459832946,0.0688300011902879,0.249797989823539,0.544413954547821
2777,0.00632109069223432,0.0217530610669364,0.0778918626022759,0.0272600701543368,0.100695114693198,0.766078800791019
2778,0.177458797162482,0.124312116727017,0.159322048619439,0.119970894784342,0.163836935296676,0.255099207410044
2779,0.0630712353109555,0.109024177055681,0.338425850632409,0.127030725856793,0.137755442705085,0.224692568439077
2780,0.0489774029769648,0.208492106456904,0.303044000101272,0.0684233720640766,0.130986726796079,0.240076391604703
2781,0.0160594002560616,0.0314716217156409,0.0629317539877345,0.18232213130665,0.45454911208519,0.252665980648723
2782,0.0213378509842527,0.0649539745335485,0.239951395120328,0.0392100069045574,0.167913121300414,0.4666336511569
2783,0.37320958164372,0.308950307292282,0.100971036814772,0.0933295652166828,0.0876115218644884,0.035927987168055
2784,0.0938914057919419,0.247532543580171,0.0661410424831754,0.0974719300446296,0.387092140228993,0.107870937871089
2785,0.00667649861137722,0.0196469951181199,0.0428522767908297,0.0360181305068387,0.282978794297598,0.611827304675237
2786,0.021157552953525,0.0917980617103673,0.0672026468622383,0.0733496949086243,0.352558389545436,0.393933654019809
2787,0.0103331394278821,0.0340646936644914,0.0548028721407725,0.0300932400826046,0.16640369310841,0.70430236157584
2788,0.0197979389971467,0.0710554539555718,0.185393916721669,0.0492355300729854,0.118518882349598,0.555998277903029
2789,0.0674058919585766,0.0832338988127746,0.288095383004723,0.0982032886758341,0.20389258184838,0.259168955699712
2790,0.0824199732690903,0.152011690219726,0.0815687664069031,0.11309340840658,0.380726416177554,0.190179745520147
2791,0.177027646401166,0.111078839067644,0.0765845096718542,0.272147391669438,0.288545931076087,0.0746156821138104
2792,0.540766841567226,0.297732751814444,0.0224387622716943,0.0459517160273409,0.0735749043112526,0.0195350240080425
2793,0.0156687027259607,0.0688601393827667,0.0611095369916285,0.0387659382478634,0.405579024422411,0.41001665822937
2794,0.477428147003298,0.140828473038447,0.0665502556435466,0.124585563311169,0.142218417579336,0.0483891434242036
2795,0.400788485184823,0.134066649651294,0.0739703532653588,0.245896988419086,0.111889607532701,0.0333879159467379
2796,0.00798837611362771,0.0270378698494896,0.103937687679551,0.0304606566587313,0.12738326107185,0.703192148626751
2797,0.0465653416536872,0.0757995712110846,0.10471101632745,0.113102393806665,0.161219337474445,0.498602339526668
2798,0.0202957137989844,0.227312282685618,0.16020724645517,0.0206243906977979,0.212388969766949,0.359171396595481
2799,0.164951234842318,0.168806816742475,0.302049565575196,0.0389806189263727,0.13287736854814,0.192334395365498
2800,0.0136934569851427,0.0314409241046133,0.0696131536649873,0.0411987880843846,0.1862731545762,0.657780522584672
2801,0.0121014914358597,0.0263070175865977,0.0262167875989272,0.0311251753559432,0.424022224212289,0.480227303810384
2802,0.0244241299629296,0.0685693044188857,0.0693948832376442,0.0750702680231122,0.34160710674071,0.420934307616719
2803,0.0593434383975559,0.621176123643119,0.0998219049235475,0.0164236323445994,0.112045193182607,0.0911897075085716
2804,0.0192917010415886,0.0855482347724561,0.1268096249961,0.061352834349868,0.323195594063982,0.383802010776006
2805,0.25384005241841,0.182755778443389,0.240245829213422,0.103034256532911,0.129070458007105,0.0910536253847644
2806,0.0901602700465707,0.0659269567092087,0.0651182628237932,0.34150050490258,0.284637659917471,0.152656345600376
2807,0.0817187619412832,0.163296383359763,0.197842751553726,0.102682914328668,0.190291486561383,0.264167702255177
2808,0.0137497797686666,0.0369422201801319,0.0538124049221339,0.0318975129686645,0.199041864691919,0.664556217468485
2809,0.0497392464492138,0.108266511421828,0.373348712977543,0.05946731884693,0.0854278894151139,0.323750320889372
2810,0.0122805847417917,0.0375052411034716,0.05859894823742,0.0993879970815319,0.423213215028326,0.369014013807459
2811,0.0163196318920486,0.157583105405117,0.163822630428541,0.0423178241700818,0.262771691751424,0.357185116352788
2812,0.486686939890937,0.239102093877438,0.117987529436462,0.0630274976423371,0.0615586979582957,0.0316372411945291
2813,0.147926525266904,0.105552883842513,0.124951950898022,0.135509247597992,0.291615151962196,0.194444240432373
2814,0.0268918640867955,0.233773048044329,0.249404882669566,0.0424245379937608,0.153402784561892,0.294102882643658
2815,0.0297868064270234,0.0666923766512501,0.136407534960116,0.0741865122645264,0.146992754308743,0.545934015388342
2816,0.263095793993479,0.170070025640371,0.243420748514082,0.102577327760772,0.157299516346383,0.0635365877449126
2817,0.0642332183600062,0.503866183906297,0.0931976822594627,0.0678677679264025,0.160550462915378,0.110284684632454
2818,0.281261156818856,0.415723345983475,0.13676087746598,0.0342473658369791,0.0616862450701625,0.0703210088245476
2819,0.36778782283073,0.421056178861267,0.0629301702382569,0.0305222579192435,0.0856799903875044,0.0320235797629989
2820,0.328740497751618,0.22906510871546,0.272856375404137,0.0679764482692354,0.0626898289306602,0.0386717409288892
2821,0.00934466636236332,0.0492469085644875,0.0383451347089116,0.0175728964329149,0.327677616842566,0.557812777088757
2822,0.199504513677701,0.307657751645443,0.165791969444432,0.0567436013467215,0.152056910155412,0.118245253730291
2823,0.0473189466436004,0.0797698114013203,0.105255973413867,0.093711146031677,0.181742662278482,0.492201460231054
2824,0.0404516901964586,0.107890452158619,0.209216390543078,0.0716176833004173,0.245366334950446,0.325457448850982
2825,0.010613201096159,0.0712460064923176,0.222818954049795,0.0418444184749484,0.0757920755998693,0.577685344286911
2826,0.0405686414164066,0.200685756137989,0.0616895556656077,0.0647739572736478,0.397303600835811,0.234978488670539
2827,0.0898095936539529,0.574530329081113,0.111932527088229,0.0175380074469578,0.0946899570498235,0.111499585679924
2828,0.0224547475973199,0.149262731493163,0.106665609562073,0.048410300193261,0.312180857176336,0.361025753977847
2829,0.0443852129220924,0.041729344744821,0.0454215521079426,0.174535945300593,0.573205809825145,0.120722135099406
2830,0.0100148547593605,0.0457781308961668,0.142362702057343,0.0487129786779593,0.160569801731127,0.592561531878043
2831,0.346115592113204,0.41952054860249,0.0889573453141619,0.0489947005609093,0.0553584965201277,0.041053316889107
2832,0.0407874350549244,0.302293116727529,0.206878221200793,0.0340386072992292,0.216036487295184,0.199966132422341
2833,0.13560760003847,0.109152936744712,0.133169491130563,0.170302264582554,0.278849059177458,0.172918648326244
2834,0.0218480328732227,0.0640064600260614,0.121154701819463,0.0446850500116101,0.190060302487588,0.558245452782054
2835,0.198052911930473,0.277288699782523,0.0677852861483121,0.140260698960096,0.201555352069683,0.115057051108914
2836,0.021413642738902,0.0544471111746539,0.0731015388851538,0.0708876658580316,0.316177682273636,0.463972359069622
2837,0.0512692624409013,0.262872008596836,0.318322488000446,0.0625991215511619,0.141149379571005,0.163787739839649
2838,0.23110859401144,0.222126272193477,0.166412232340569,0.10797596155708,0.113605951737327,0.158770988160107
2839,0.0844400184610431,0.162941861474762,0.195445276352729,0.136874460329929,0.212286730621281,0.208011652760256
2840,0.130559186624188,0.080373506517298,0.122812438583975,0.213603273375813,0.214081045849492,0.238570549049234
2841,0.416079273015136,0.129927015521831,0.0680962852997987,0.120019759080038,0.16415938284335,0.101718284239846
2842,0.0114681076388468,0.0375268335019175,0.0349799788089145,0.0543695286691417,0.460738132960526,0.400917418420653
2843,0.09775736566839,0.134186451375425,0.152336850414554,0.0905833103545042,0.192185092072273,0.332950930114853
2844,0.0427042877578053,0.121839820492994,0.465272006123451,0.0302920676055704,0.0890822907972631,0.250809527222917
2845,0.234498564919503,0.383028193494133,0.141650979431413,0.129199361755216,0.078960499110445,0.0326624012892907
2846,0.00901168531054314,0.0195065089823051,0.0342636055951741,0.0373493948126536,0.305416036789187,0.594452768510137
2847,0.0159166751635588,0.0442463493506444,0.0414249808184752,0.0477868249649394,0.418846271080801,0.431778898621581
