"CUS_ID","F20-","F30","F30+","M20-","M30","M30+"
2501,0.0681880762352262,0.396235160387549,0.143648117519309,0.0374363245685787,0.169702200704391,0.184790120584946
2502,0.0535959564910807,0.14301139009262,0.108086178613931,0.0984588584994126,0.427318859295913,0.169528757007042
2503,0.0479735625324681,0.405504283540062,0.0811058994564801,0.0530624157321204,0.29628423160507,0.116069607133799
2504,0.334000239776499,0.166122156968811,0.126102692088524,0.133454560980866,0.116270973763146,0.124049376422153
2505,0.0356599457231321,0.124580355915155,0.164016453262608,0.0574931471545976,0.13894048397352,0.479309613970988
2506,0.0158676491729105,0.356521673200491,0.124805259876482,0.033106368415691,0.225445244450422,0.244253804884004
2507,0.0132850200780553,0.0401340254084211,0.128109691007159,0.0219031354372182,0.138954354903009,0.657613773166138
2508,0.0113325017433345,0.0486442365415642,0.0420367412244824,0.0298676043704813,0.464876760279776,0.403242155840361
2509,0.0174498072971458,0.0434298874176881,0.127054933284642,0.0386383310051016,0.12780794173904,0.645619099256383
2510,0.0110407372077994,0.0512036161354472,0.0380012722579898,0.0254550939864368,0.342508070714107,0.53179120969822
2511,0.680656741744107,0.0784537433997083,0.0466519121482817,0.129683077244975,0.0497445476115719,0.014809977851356
2512,0.0544771682019144,0.179316307264964,0.0726908195870408,0.104556092138586,0.469588044025912,0.119371568781583
2513,0.00951326670574991,0.0265131808599114,0.0594106832021149,0.043935208068815,0.383166963220725,0.477460697942683
2514,0.0774719769184335,0.675401291455298,0.0388466022493215,0.022737643974441,0.144546098577019,0.0409963868254873
2515,0.01598259377994,0.0416333332579021,0.0586986684228658,0.0351217561851218,0.197066456656027,0.651497191698143
2516,0.0642367749375923,0.106457070281323,0.0661987307251183,0.156266866620927,0.371641890829276,0.235198666605763
2517,0.0362213901762442,0.407383862743717,0.0887759998095549,0.0242871180163697,0.184938399164515,0.2583932300896
2518,0.41273631623554,0.229621856713632,0.145604600664574,0.0647052541267312,0.0737850195762646,0.0735469526832583
2519,0.0358981627884216,0.859957864458453,0.0195856974785339,0.00757521086185511,0.046759270998821,0.0302237934139156
2520,0.0260488480615369,0.0393914982763867,0.0279289805223127,0.116402853404217,0.593447124608834,0.196780695126713
2521,0.0841920311449704,0.119862751293482,0.358855510344441,0.0912191663831811,0.136313223970087,0.209557316863839
2522,0.321932058029298,0.169780277376885,0.155128572210238,0.0918040287058335,0.147038447351371,0.114316616326374
2523,0.0473888885875882,0.523196296856195,0.0487010091664324,0.0283750561765568,0.202915188728609,0.149423560484618
2524,0.0752608700993174,0.201105301988445,0.190605381927261,0.0784855549028055,0.191310144877092,0.263232746205079
2525,0.110869371056689,0.077586402948246,0.110943509959365,0.247169267240124,0.367106476633479,0.0863249721620965
2526,0.121052015918899,0.18758966357536,0.0809528600205797,0.127111237062428,0.363774037802428,0.119520185620305
2527,0.517778906012179,0.151035817379683,0.104171838697623,0.0408746803772453,0.10270325810328,0.0834354994299905
2528,0.00883170001265044,0.0217835853570458,0.052999425346313,0.0444152553093999,0.205672020775821,0.66629801319877
2529,0.0825058898279479,0.120323948430976,0.288245119638443,0.0879825026788965,0.134635079430721,0.286307459993016
2530,0.0107067484309379,0.0444471114593287,0.232209929022898,0.0425700234459112,0.119972105705332,0.550094081935592
2531,0.032220227382987,0.176029461183495,0.106214442178396,0.0862425778003019,0.315282951706944,0.284010339747875
2532,0.0489289410515091,0.198902617556892,0.0961878235654387,0.0419627847666507,0.222169501604687,0.391848331454823
2533,0.00360272749972392,0.0184623086880307,0.0533639165450961,0.00910195429519288,0.0435831721980725,0.871885920773884
2534,0.248292729276045,0.086937462072862,0.103581070480888,0.328632028494803,0.094446303615582,0.138110406059821
2535,0.0300559082023385,0.100099104061395,0.180738012502729,0.0444392958370958,0.212135914099232,0.432531765297209
2536,0.143709545141786,0.283501059402222,0.125132057011053,0.0823359452796447,0.179079564674269,0.186241828491025
2537,0.073514457082592,0.687763617028874,0.0808857699776149,0.013151411573428,0.0945710873129795,0.0501136570245113
2538,0.258555718729876,0.139287106662253,0.0820449862322408,0.0965724194186246,0.228773779920178,0.194765989036828
2539,0.232387793204858,0.237283533293643,0.193686376953484,0.0555118907620659,0.168014502784682,0.113115903001267
2540,0.268619715826194,0.107620888990209,0.0758111130745371,0.20844908119587,0.283588825262055,0.0559103756511346
2541,0.145910797027667,0.0612960734299962,0.0524769939498081,0.399197292168395,0.283213920631033,0.057904922793101
2542,0.0884234804943485,0.464136880917573,0.0688661806942898,0.0467331167048786,0.268282292072165,0.0635580491167459
2543,0.0116497710570814,0.0279519660115254,0.0646099664223398,0.0106839494513183,0.142679110083202,0.742425236974533
2544,0.0664577112005727,0.148201612821337,0.135950198001648,0.2807086410063,0.1441327786598,0.224549058310342
2545,0.0344100780873659,0.271532407199101,0.0955501973079663,0.0183101529442585,0.414619112022538,0.165578052438771
2546,0.0393489134873317,0.0455735694144718,0.0244556490839175,0.228134726902061,0.5711126965932,0.0913744445190177
2547,0.086257009415251,0.146837200826432,0.355563314497494,0.0637745346192043,0.126238956896101,0.221328983745518
2548,0.0473956414703871,0.0828157601039115,0.116721538466508,0.336872602281668,0.307936823645809,0.108257634031717
2549,0.00625870747081979,0.0364028025640411,0.0381080008638678,0.0486967103856107,0.322688521034145,0.547845257681516
2550,0.0215125824653144,0.0201481642392997,0.0236036409781869,0.166748810787179,0.585697562342786,0.182289239187234
2551,0.181312494954734,0.220066230383712,0.0951106073262977,0.208771113137667,0.160552379902171,0.134187174295418
2552,0.111851851830042,0.329057038109823,0.208670161228733,0.0484101774625907,0.14094200475591,0.161068766612901
2553,0.354837324496429,0.272439163266557,0.0572954957240783,0.155507186654807,0.127440231622414,0.0324805982357145
2554,0.108167875112768,0.281143581218407,0.110405774021615,0.114320253282653,0.299569957878669,0.0863925584858883
2555,0.0172478213241482,0.139006587101103,0.110829781623286,0.050408089230966,0.491998232675188,0.190509488045309
2556,0.0927075423556162,0.338619098522587,0.280481926840619,0.0578528717789988,0.101389011647066,0.128949548855114
2557,0.335842368931034,0.218596411979082,0.282665469602899,0.0720673417344523,0.0645307038449273,0.0262977039076047
2558,0.0289033449240091,0.0865864570949473,0.703930368807318,0.0345752668017794,0.0681006961035216,0.0779038662684246
2559,0.0687167221882849,0.43456158327596,0.180575261426677,0.0273099550780311,0.101716274732186,0.187120203298861
2560,0.0148292807892787,0.135901830357015,0.0946739862854428,0.0336793471056626,0.185774495489668,0.535141059972932
2561,0.0211711865790983,0.0702255771658566,0.20963478626851,0.0284274286555339,0.172420032634743,0.498120988696258
2562,0.228096571610808,0.39723253890813,0.0412556820608122,0.0653538703671877,0.230236701185772,0.0378246358672904
2563,0.271872156919213,0.170341209669311,0.182257100103581,0.182871561328828,0.136829888102324,0.0558280838767438
2564,0.182250002850284,0.105551023311645,0.0805424216926698,0.260774616225591,0.221557072182227,0.149324863737583
2565,0.018438907971696,0.064109182262114,0.14185934259135,0.0511249134556898,0.223924839453806,0.500542814265345
2566,0.0186268477331279,0.0504286642815345,0.108057095032009,0.0585314116026534,0.166483633412334,0.597872347938342
2567,0.0347717591796677,0.123023047775264,0.128979306465803,0.0712064309924671,0.165621676120216,0.476397779466582
2568,0.00728211059307644,0.0613774524603988,0.0931593508334259,0.0309622260553341,0.307273110909372,0.499945749148393
2569,0.0422737146606094,0.121552535262045,0.20763380360728,0.0362795870936519,0.184158202773249,0.408102156603165
2570,0.0516316276567391,0.568512341851639,0.0527958441197127,0.0216255501539776,0.15657900795637,0.148855628261562
2571,0.0741318586447565,0.0709105494521858,0.0409360638310892,0.273919290356098,0.315173475719374,0.224928761996496
2572,0.0991413408610345,0.111068016144962,0.274423477122785,0.131302963797211,0.108720364862924,0.275343837211084
2573,0.0737409852495385,0.29110676692656,0.109364128995472,0.0352102929709259,0.186591483416517,0.303986342440988
2574,0.0341744761325981,0.0513010011756119,0.048618589584906,0.198562405198858,0.556939132339999,0.110404395568027
2575,0.0267932230054534,0.0314375132946557,0.0195416274419416,0.150166517819118,0.634113977633898,0.137947140804933
2576,0.255459930887502,0.336644536453325,0.222406364845835,0.078604785341903,0.0480131528772176,0.0588712295942169
2577,0.0433485853110911,0.268919137368192,0.383428664367145,0.0281182798526741,0.112589511245637,0.16359582185526
2578,0.0050068581949534,0.0186408952535667,0.0599165555691186,0.0164890890350489,0.086837498607448,0.813109103339864
2579,0.277235580789184,0.196543141880722,0.221828052078309,0.0822592505492758,0.137348119141412,0.0847858555610982
2580,0.0710210864758882,0.326677419261996,0.142943090883951,0.0284515958082423,0.202644519287927,0.228262288281996
2581,0.00854011421769764,0.0363741461456072,0.0691127392961395,0.0637777448541297,0.442446179209065,0.379749076277361
2582,0.193913475173398,0.478957336170857,0.067832495521794,0.0480974360740803,0.138660378932718,0.0725388781271524
2583,0.105368584577425,0.557242252775197,0.185261704193213,0.0235479811161482,0.0775862279981635,0.0509932493398524
2584,0.161079135261122,0.690781004112671,0.0438263880245316,0.0140309758199222,0.0613627115944649,0.0289197851872889
2585,0.0197333624636682,0.0727548879043192,0.0636164495445189,0.0875611687017293,0.431717819421636,0.324616311964129
2586,0.0477018781640395,0.256182157627966,0.126945866486764,0.0417380919822196,0.168141637752306,0.359290367986705
2587,0.19600580693294,0.0729862399901935,0.0665714042120915,0.277229189548422,0.280101225812198,0.107106133504155
2588,0.0354113108636756,0.0329901086711615,0.0279329699765108,0.208089340016391,0.607976933668146,0.0875993368041153
2589,0.0594216714817201,0.0904282305308535,0.0556859995039365,0.168445404670098,0.520459578762922,0.105559115050469
2590,0.0120347228029597,0.0529506937555835,0.107861980054512,0.0806973591008831,0.209055503055582,0.537399741230479
2591,0.072961543584834,0.0924458199471707,0.369898652851649,0.068329581085477,0.0855654502898896,0.310798952240979
2592,0.0201936214486633,0.0358552895270303,0.0219678868098144,0.14376668857611,0.641801035710873,0.136415477927509
2593,0.151994224765003,0.224608540059489,0.0952177065810561,0.12563821219672,0.254262754356872,0.14827856204086
2594,0.0476503827779166,0.0783065559492744,0.0696875239269854,0.0386189416649521,0.290705955801891,0.475030639878981
2595,0.123874483810027,0.0982095306672492,0.178176342232409,0.252708077601188,0.138356235039054,0.208675330650073
2596,0.61557828581509,0.1010148111515,0.0216052561278104,0.200315412894139,0.0456759796563749,0.0158102543550867
2597,0.0105349167531317,0.0386701499186542,0.142614950653229,0.028628377445581,0.160437948395459,0.619113656833945
2598,0.0183514828602324,0.0998886913329314,0.0911216997125854,0.0216820695300556,0.178453723599153,0.590502332965042
2599,0.270378315948518,0.311520732098667,0.0706918407892147,0.0733275183159659,0.193487278464149,0.0805943143834852
2600,0.0184314418949496,0.0727452295406753,0.0959250863635112,0.0846327736216267,0.592346732491717,0.13591873608752
2601,0.0449362404358848,0.0834510098972561,0.211787123401444,0.0398770928379998,0.134766503938571,0.485182029488845
2602,0.017162314322605,0.124490095533175,0.152398095975813,0.048393281260777,0.217374337220284,0.440181875687346
2603,0.0413617378832476,0.639138499615912,0.031319085108214,0.0272719265417894,0.183937397076769,0.0769713537740677
2604,0.0462132268264534,0.116006773947404,0.335790428622774,0.180310083771681,0.146114439177162,0.175565047654525
2605,0.0299207070380559,0.154762005228643,0.257050393967406,0.0510109573630898,0.173497600641814,0.333758335760991
2606,0.0362281973295056,0.0954014295764282,0.170753081748944,0.0425558673542782,0.196374071470461,0.458687352520383
2607,0.0121871049261595,0.0228035830451468,0.0570610301609482,0.0365068982929532,0.200114255352279,0.671327128222513
2608,0.131759179207568,0.20125626771308,0.0728052897685975,0.17872683839652,0.200257951987382,0.215194472926852
2609,0.0192257350852686,0.0456218146297935,0.0456526575198632,0.105437088563821,0.507656034509546,0.276406669691708
2610,0.0723858486278513,0.174027306858629,0.0676729730169306,0.178824305523288,0.362109322499694,0.144980243473608
2611,0.023010558922169,0.166791743679882,0.320413220280511,0.0869547786182862,0.073890113114604,0.328939585384548
2612,0.0363424358603679,0.205402021465692,0.152298925645767,0.0596243907588112,0.243777214035079,0.302555012234284
2613,0.519075939854686,0.29447925814302,0.0372671908615015,0.0633181386974573,0.0706885665577987,0.015170905885536
2614,0.125869423952939,0.0913033666751527,0.0655290730865112,0.132830533174116,0.290096353435124,0.294371249676157
2615,0.477350524719094,0.187004377546482,0.14140467194944,0.0614911802573121,0.084932379535914,0.0478168659917584
2616,0.0235924249467064,0.058194198375218,0.0772560628892362,0.0498153700323317,0.354356192059958,0.43678575169655
2617,0.231305104862216,0.381500383385998,0.158502257116487,0.0531196739025413,0.117790872469525,0.0577817082632322
2618,0.0850271270084377,0.12215550379694,0.0793104408906915,0.0879013199518424,0.420500614202485,0.205104994149603
2619,0.0193814414339756,0.0270425235237431,0.0180678502204699,0.0987130257339277,0.661872920329647,0.174922238758237
2620,0.0207795242683386,0.0925322576388886,0.172932186298879,0.0447355137640284,0.402934903375226,0.266085614654639
2621,0.0351118001252479,0.0924151605600918,0.0425892805635425,0.122183516609228,0.595586195477834,0.112114046664056
2622,0.00496979023885748,0.0128493553562319,0.0333132457841309,0.0173132207203127,0.123527137267065,0.808027250633402
2623,0.281265182469613,0.28447775950524,0.0436959224148884,0.0862403119762694,0.251171995339712,0.0531488282942765
2624,0.0385870814230106,0.0660600654513343,0.110221078923324,0.0608461781305681,0.211372744539883,0.512912851531879
2625,0.10679167604377,0.275144570560573,0.423145380299322,0.0337388653164819,0.0814235302222796,0.0797559775575726
2626,0.0104755583838051,0.0379541168042092,0.0772326364699316,0.0301363195072587,0.180045609086154,0.664155759748642
2627,0.0899617930944311,0.201951029594274,0.361278740103198,0.0556237337063448,0.120685867029686,0.170498836472067
2628,0.132619030086945,0.228658047958758,0.0719676967285206,0.190875356025524,0.275852075363922,0.10002779383633
2629,0.028768419073778,0.148467665046241,0.106612553668504,0.0368421869962249,0.366922593503516,0.312386581711736
2630,0.132243325591327,0.0958375653694205,0.12243173225933,0.0923227688287622,0.22790080400592,0.329263803945241
2631,0.0235395796766842,0.201054357310785,0.248645619366641,0.0458076728401607,0.198566680207145,0.282386090598585
2632,0.00842718481183665,0.0361522996823335,0.0503806834307923,0.0261216781103249,0.150357471776462,0.728560682188251
2633,0.13161669775742,0.387635796200113,0.079436316105785,0.077253638890275,0.23035841800339,0.0936991330430174
2634,0.046911695675254,0.102819024673463,0.271468888851502,0.079229617208329,0.137535565584259,0.362035208007193
2635,0.0349928254199817,0.0912836647423331,0.074131877248829,0.0532162537740756,0.540570066155201,0.20580531265958
2636,0.0382081527228506,0.0876079782725696,0.205737410434023,0.136000711707251,0.240476077316973,0.291969669546333
2637,0.0358425797849165,0.0753290992228844,0.0314726394956416,0.0511252997457918,0.634786142430321,0.171444239320445
2638,0.0716853739124041,0.0446431552965189,0.142999673700754,0.248401960559471,0.212426006093679,0.279843830437173
2639,0.0905724911959619,0.0927315905525418,0.0534089131503646,0.331887040127682,0.31489657626704,0.116503388706409
2640,0.0178131973282898,0.0295643294809402,0.0550463820830308,0.0320586589055158,0.106973822811744,0.758543609390479
2641,0.214079614132353,0.158854602780498,0.184179085296887,0.0893159677126643,0.220924849195788,0.13264588088181
2642,0.019830395748726,0.097072235521121,0.0801475527907377,0.0322172766595442,0.200120212498251,0.57061232678162
2643,0.339365173532351,0.435196677991856,0.0200561527977516,0.0912934747846639,0.0836290087589074,0.0304595121344701
2644,0.00888692400812381,0.186789793631839,0.0621557062796712,0.021983292342743,0.24144894730186,0.478735336435764
2645,0.0241382264248866,0.0630872756382732,0.0391943261294407,0.0563362634504512,0.371411230213888,0.44583267814306
2646,0.00882345822936271,0.0287975072464804,0.1885205233024,0.0330220765352227,0.0710119638507563,0.669824470835778
2647,0.051512433486632,0.0842150502883343,0.153335520088833,0.10934669980761,0.259884850515092,0.341705445813499
2648,0.212490241009274,0.213124336341568,0.395499972710988,0.0650899355978939,0.0555512295534518,0.0582442847868238
2649,0.0413388594328018,0.0554782059933493,0.0948912028277901,0.0796633537202254,0.308849260465382,0.419779117560451
2650,0.0597794940293555,0.0633345606616251,0.158907708368923,0.0678943548490201,0.16514795464884,0.484935927442236
2651,0.0152704039392787,0.0564436522081175,0.0461865947415561,0.0621128873088634,0.516011020731226,0.303975441070959
2652,0.0223662820530836,0.163053362397998,0.0611229767109056,0.0454332473078572,0.431064048696406,0.276960082833749
2653,0.424469009532481,0.187755048292898,0.0805803987498852,0.0602867495786445,0.15349390448953,0.0934148893565613
2654,0.00785808672581891,0.0373365342644422,0.0531854367043737,0.0337544039190977,0.15595310360827,0.711912434777997
2655,0.470261272078778,0.176004456196547,0.0361483559995797,0.145207297078426,0.142076560079725,0.0303020585669441
2656,0.0204151950142289,0.085047410748737,0.0547669973348508,0.0362109499072828,0.48862673477549,0.31493271221941
2657,0.0150454180153158,0.0451386139975191,0.160880546547602,0.041423342433196,0.151506920964374,0.586005158041993
2658,0.163855541160168,0.138537074603723,0.11776679689499,0.276241338738554,0.167468876779547,0.136130371823018
2659,0.258663896373373,0.12219673030608,0.0994844997501627,0.399215882120373,0.0660972972781953,0.0543416941718156
2660,0.0120773928508111,0.0275917328066264,0.0507687954894507,0.0385843574251021,0.240393394564556,0.630584326863454
2661,0.011952110716593,0.0425434947788347,0.161314477241025,0.0408110982660909,0.124714543820271,0.618664275177186
2662,0.00864764919769379,0.0679904854851275,0.104061611468904,0.0209258075761095,0.170509109366432,0.627865336905734
2663,0.00728483139791026,0.0348541829577145,0.0574654586529786,0.0435090550620603,0.294662417679328,0.562224054250009
2664,0.0410089781685835,0.10477480243601,0.0403846158825505,0.0930666912563381,0.564351718551606,0.156413193704912
2665,0.211112323275677,0.245431948337532,0.173246709040674,0.0891913017320622,0.179249450948609,0.101768266665446
2666,0.00985219301477765,0.0225532373152706,0.129455197605881,0.0202216373822676,0.0376368392929977,0.780280895388805
2667,0.0374417737274778,0.16371412488342,0.407163478836471,0.059591693371715,0.190003024168642,0.142085905012274
2668,0.0145767543812244,0.066891071111427,0.317755138080491,0.0270950804479079,0.0894543175574275,0.484227638421523
2669,0.0454670411190083,0.289158855547189,0.165781087868417,0.0275550126445247,0.152112092905703,0.319925909915158
2670,0.0119172191746484,0.0492171037698482,0.164989060270188,0.0361245865082018,0.174345868824044,0.563406161453069
2671,0.0420336734593537,0.0648938277633361,0.0472258542364472,0.100303576098795,0.261209267790144,0.484333800651925
2672,0.0129036635286974,0.063197650375082,0.145709664941229,0.023879903197887,0.133272061136129,0.621037056820976
2673,0.247467699316265,0.30694748090544,0.0597034293789209,0.115219508275188,0.210616200466733,0.0600456816574533
2674,0.0221575932221077,0.0539538561059859,0.0825410322754453,0.216563378346045,0.366021843121405,0.258762296929011
2675,0.527281096712217,0.1884013280175,0.0170094521647381,0.203527621534272,0.0402976007206162,0.0234829008506569
2676,0.02775860186866,0.0634894701106254,0.0986267406826937,0.161713476836639,0.415143626933499,0.233268083567883
2677,0.111674853726177,0.128878501741622,0.274896310370877,0.158074468238621,0.205307264247886,0.121168601674816
2678,0.0388780868129987,0.101852862757469,0.174394115162231,0.066842968431454,0.382742258743556,0.235289708092291
2679,0.00677239328950712,0.010747269222818,0.0305841696435649,0.0356846257098035,0.358655665745786,0.55755587638852
2680,0.0924870341349994,0.0923399487251549,0.327391449031672,0.222339887448452,0.0965739244097689,0.168867756249953
2681,0.0442102781188862,0.214218870207582,0.0942236948073955,0.0448177031900095,0.305820729799961,0.296708723876165
2682,0.0138214622695108,0.0312042134431103,0.131281726005509,0.107533012218013,0.15653924499537,0.559620341068487
2683,0.543318872562559,0.163165880943083,0.0580218422708841,0.115321054250282,0.0934824161740626,0.02668993379913
2684,0.0181274833825823,0.0408509720056704,0.0506548808180118,0.0502121793452394,0.423933114165204,0.416221370283292
2685,0.108518862824278,0.0901851256324227,0.24052813465341,0.0398281933021308,0.0830260693861674,0.437913614201592
2686,0.0114705564005769,0.106543399544453,0.145252713256285,0.0231039578992312,0.176678166819196,0.536951206080257
2687,0.32817132165096,0.190305990076944,0.090380232308635,0.172301107558547,0.173947048950602,0.0448942994543122
2688,0.0327664729695156,0.186993068104361,0.0804237783716598,0.124956870471313,0.35018700145305,0.224672808630101
2689,0.102391061311898,0.629749506711186,0.0548955014607625,0.0438562192104979,0.132165800247984,0.0369419110576714
2690,0.0156802215934796,0.0354553805214678,0.0592851124585726,0.211887391893064,0.457930497697192,0.219761395836224
2691,0.0474089743199245,0.193490416417412,0.0883740403806732,0.0329607568301956,0.33181514112171,0.305950670930085
2692,0.0533828993104894,0.087656854479315,0.231761086366132,0.089232577192025,0.152356516364578,0.38561006628746
2693,0.0241903206986318,0.0616447622390871,0.123199086792913,0.05526842925792,0.107863040909617,0.627834360101831
2694,0.00972569023728376,0.0277181728180264,0.0448292270935088,0.0433895339254415,0.249362410804547,0.624974965121193
2695,0.645705965069514,0.151634147976055,0.0403782289953604,0.0774544576017206,0.0602512099434716,0.0245759904138786
2696,0.0234746366897287,0.1534745814417,0.291951994000991,0.0387077496727759,0.0874095151369939,0.40498152305781
2697,0.0518260001503246,0.243720026238533,0.272432791354964,0.0510676706974065,0.124333544665271,0.2566199668935
2698,0.0130937626377543,0.050427480153831,0.173495874009763,0.0368741702179018,0.338886580284707,0.387222132696042
2699,0.0181187360668673,0.20437280787037,0.43066308801298,0.0195392341684134,0.0648743353777051,0.262431798503664
2700,0.00399769214554793,0.0390583128704166,0.023692680179293,0.0116888498312754,0.343660141522296,0.577902323451171
2701,0.0209877627959166,0.030650371839421,0.113615529480944,0.0854436794670657,0.196385495900006,0.552917160516646
2702,0.521756056198831,0.133928808049031,0.127366211511481,0.0856190247582618,0.0777636892102565,0.0535662102721381
2703,0.0736124999025335,0.0807488868239273,0.131612971145897,0.117348586147047,0.378115856743288,0.218561199237308
2704,0.0357556790035316,0.181639009810182,0.587890094499611,0.0447544455225887,0.0685568821132397,0.0814038890508465
2705,0.0154268280268218,0.174147599457199,0.356431000694919,0.0265906581002939,0.110825765042413,0.316578148678353
2706,0.0277873548354375,0.0668738078640542,0.190198568164414,0.196688247887258,0.132569310277752,0.385882710971085
2707,0.0124220438569262,0.0189887864812534,0.0208330460065329,0.0621647134216007,0.737666516240958,0.147924893992728
2708,0.32544581561674,0.288202969491148,0.067813569911946,0.118169505974523,0.162313699126459,0.0380544398791846
2709,0.0417354841865609,0.150697914443824,0.328708449416535,0.0880579531227111,0.0924096487997683,0.2983905500306
2710,0.0606351812609357,0.111592562548624,0.302524447536661,0.0576902832235539,0.141852925394373,0.325704600035852
2711,0.0588842582996522,0.137914206827299,0.1127765390954,0.0726740962250577,0.306417520309513,0.311333379243079
2712,0.175676174772829,0.124945845243884,0.0702808871509901,0.22631809135039,0.294221217020873,0.108557784461034
2713,0.0903697980078136,0.157820032300308,0.27742772281295,0.0690426460764757,0.124673254625825,0.280666546176627
2714,0.00727304653110804,0.0957651209223411,0.177624967346968,0.0235755844623474,0.193180918185038,0.502580362552197
2715,0.0247786827623335,0.101689191216399,0.383978210898456,0.0679887908212783,0.251892552285833,0.169672572015699
2716,0.0276611882564267,0.0490273062459786,0.0715540116218642,0.0792852415099241,0.408143761736992,0.364328490628814
2717,0.0104510379021159,0.0276199831373942,0.0297881626819047,0.0277564756182343,0.197684712645327,0.706699628015024
2718,0.0232909081590089,0.0460609423876031,0.184828582448032,0.0753240530331539,0.215267060827287,0.455228453144915
2719,0.04582856177216,0.14405374847048,0.157188149734358,0.0694670047450938,0.321138124510812,0.262324410767096
2720,0.233777149363105,0.10890679140531,0.202987265562343,0.104714669088228,0.1908898626572,0.158724261923813
2721,0.0271138785518394,0.0848260553227431,0.114313363668633,0.0628960046748213,0.24266765250836,0.468183045273603
2722,0.250420368866047,0.478183009494304,0.135130378621077,0.0173437032108042,0.0813064728989483,0.0376160669088196
2723,0.0492137928308724,0.163337049362117,0.303751356931724,0.066133646143358,0.113490078159959,0.30407407657197
2724,0.5992643137651,0.103317648685534,0.0605177185781822,0.124661512904862,0.0823350151890346,0.0299037908772867
2725,0.229102613471095,0.480646771065861,0.0368635225524753,0.0949796471711969,0.114501378175225,0.0439060675641469
2726,0.0509078953345245,0.0804455821508045,0.062621867840019,0.135121343803912,0.612671735007452,0.0582315758632881
2727,0.00904690797048567,0.0395527583749331,0.0982109409557338,0.0523064102793377,0.325951744594287,0.474931237825223
2728,0.0210057316670639,0.0613465771746619,0.156795781492438,0.0465604432554343,0.0836687964499129,0.630622669960489
2729,0.235037100418711,0.255838400559727,0.0681842826453802,0.0823456560259503,0.265278377596456,0.093316182753776
2730,0.0220679870255094,0.0509142921014405,0.129673256300352,0.0825551336057261,0.353951409923723,0.36083792104325
2731,0.103983808115623,0.129861997791736,0.0790977213345674,0.249290766280968,0.329735357482804,0.108030348994301
2732,0.0328696908773888,0.0955843196959846,0.298088595349951,0.034097107832755,0.0975313846267467,0.441828901617174
2733,0.052646119169007,0.122706442982775,0.12265268347623,0.254426515330862,0.375149795344881,0.0724184436962454
2734,0.0225591199281695,0.757129217726517,0.0354161789101833,0.00807938092300022,0.108118027819522,0.0686980746926081
2735,0.054476710356308,0.392762623905105,0.144806825711207,0.0239891224995001,0.127546624218617,0.256418093309262
2736,0.0429094227214454,0.0914757536082221,0.0574963054382438,0.295326202819518,0.410094010413706,0.102698304998865
2737,0.113954582500647,0.235441099417387,0.256876849805962,0.0795229649540862,0.165502287157952,0.148702216163966
2738,0.03811538938829,0.0959536118059536,0.142320885385038,0.0409806030498444,0.22058685009454,0.462042660276334
2739,0.241770233883054,0.360186841159371,0.109854527527889,0.0346704213117899,0.187268300593792,0.0662496755241051
2740,0.175143058998957,0.403841551473106,0.0984891082650641,0.0959559931505601,0.123705245867747,0.102865042244566
2741,0.0659096539507036,0.285332928486714,0.112501478038171,0.07095946274802,0.253585806737659,0.211710670038732
2742,0.0604246751652616,0.0814708180116621,0.0581910853245119,0.119582381871283,0.516984132846147,0.163346906781134
2743,0.179923762341533,0.194937007173057,0.113293181999013,0.149940845150586,0.209247164760639,0.152658038575172
2744,0.0254910954164577,0.067087904308398,0.0640143660684535,0.149603450607898,0.51795331623888,0.175849867359913
2745,0.0201259519222941,0.146909192145446,0.355541456466687,0.0683341780347901,0.179260417773721,0.229828803657063
2746,0.015360757251407,0.0455425028142923,0.0877016477643737,0.0329254565144119,0.203091392418994,0.615378243236521
2747,0.0230078772703142,0.0314307920279938,0.020077361786367,0.0632204334167353,0.561695638795698,0.300567896702892
2748,0.00948478293639139,0.0554964154484629,0.0595701108179217,0.0537067813295828,0.535953919362427,0.285787990105214
2749,0.290305308304259,0.0905636771622883,0.048874804519467,0.279371027641462,0.19257731224928,0.0983078701232437
2750,0.0143403979929883,0.104846913886527,0.315481129945905,0.0443508275046403,0.126831766997729,0.39414896367221
2751,0.180335092518173,0.22046278277898,0.136604841045218,0.133311545024556,0.226839647620985,0.102446091012088
2752,0.0295154853675278,0.131286967260346,0.217381776838391,0.122661402139581,0.162388009974586,0.336766358419569
2753,0.0574027763791321,0.0730754841592918,0.0389640318570611,0.231708230092575,0.50569806980745,0.0931514077044892
2754,0.0274258843057097,0.259354982964249,0.117570595350852,0.0260063664693947,0.395567257899501,0.174074913010293
2755,0.003357772656688,0.0120735365936038,0.0423708232601066,0.0162307718048928,0.208696332041102,0.717270763643607
2756,0.00977753985850418,0.0249957856294159,0.0890548549044743,0.0152131194504255,0.0430268210857586,0.817931879071422
2757,0.0232160117846605,0.169162446644418,0.0532341967027396,0.046340215945261,0.427793432205344,0.280253696717577
2758,0.0624809100051453,0.253194761771869,0.169837910698411,0.0325396976638791,0.313173774895373,0.168772944965322
2759,0.0285814897426348,0.243667358547988,0.0943384376705679,0.0225040349882702,0.256605336565519,0.354303342485019
2760,0.482656516084067,0.152837201935636,0.0539128197497257,0.202244524271884,0.0879870051527079,0.0203619328059794
2761,0.11920456976559,0.106901743577141,0.0828103384274212,0.272541530604093,0.279096031748971,0.139445785876783
2762,0.0103598870057848,0.0994115953921752,0.116189546409151,0.0462297687964677,0.470009382101832,0.25779982029459
2763,0.0471288614873106,0.213696472122153,0.205993349601029,0.0531269510771685,0.199625702838409,0.28042866287393
2764,0.0134420447899172,0.0232785065864802,0.10316078091426,0.0280056076459162,0.0831458715205498,0.748967188542876
2765,0.0513381805840892,0.150665429071385,0.215035958861579,0.0446959767664689,0.18677417225321,0.351490282463268
2766,0.0313211415542553,0.167265615233922,0.0935614837876337,0.0536464874724031,0.403087896980843,0.251117374970942
2767,0.0329007790000407,0.121868951170924,0.161028777422567,0.255126890439468,0.240846377073908,0.188228224893091
2768,0.0322534625234713,0.244555911965283,0.336826911696459,0.0373530283865275,0.107459121643062,0.241551563785197
2769,0.0532862902293774,0.31473545897717,0.132196108790001,0.109983324748848,0.258094772174187,0.131704045080416
2770,0.00415257029145466,0.0413153408281529,0.121912764802617,0.0404014626646431,0.213169398872038,0.579048462541095
2771,0.0257659318330457,0.154956240432213,0.461374940282893,0.0648706374215304,0.0973086620503306,0.195723587979987
2772,0.0451349498052869,0.0995944378121845,0.141751314139211,0.221386305190741,0.297453096996347,0.19467989605623
2773,0.0561929550575442,0.264648705698174,0.131826393173415,0.0296685764379624,0.396721779545387,0.120941590087518
2774,0.0910792859413432,0.519208618711317,0.0613909296863443,0.0374547171691499,0.180326093901493,0.110540354590353
2775,0.00515768834220578,0.0241957300250723,0.0889041814299783,0.0144853800043805,0.144296638976775,0.722960381221589
2776,0.0105339819593595,0.0421027108184997,0.0759036157919741,0.0683959742053125,0.280536266510786,0.522527450714069
2777,0.00365419725205657,0.017750328211423,0.0655144070911884,0.0221464014376161,0.106996495394376,0.78393817061334
2778,0.179715390362131,0.12271851523676,0.154038416248498,0.116998234794464,0.163477982154632,0.263051461203516
2779,0.0643614040046292,0.101603567367301,0.355107261629256,0.12422970374566,0.13262968688685,0.222068376366304
2780,0.0447975456388233,0.220419947587891,0.25831776282336,0.0601214985535663,0.138724534782729,0.277618710613631
2781,0.0140375696101864,0.0320719469136666,0.067491496887821,0.215267679948986,0.425671966388973,0.245459340250367
2782,0.0164722975216933,0.0601938428273258,0.253286395935432,0.0286989843218966,0.18695718382057,0.454391295573082
2783,0.349805891947861,0.301708346550064,0.111672335229776,0.11312174360747,0.0879166542691279,0.0357750283957016
2784,0.0922250459219379,0.231091566461187,0.0657560237367514,0.0808301209837602,0.441214068967264,0.0888831739290998
2785,0.00480220926121739,0.0175412056610859,0.0352039346237382,0.0284036407867474,0.323072230977009,0.590976778690202
2786,0.0159476834660181,0.0849604286735965,0.0541202571997365,0.0578357246728755,0.372175912551399,0.414959993436374
2787,0.00651976473251969,0.0318519607190605,0.0444056072874435,0.025111242300465,0.176754831548154,0.715356593412357
2788,0.0142156512887631,0.0582636645347902,0.185071991734878,0.0401640269231367,0.111604763589181,0.590679901929251
2789,0.0666743977753649,0.071788450432628,0.280603782200312,0.08912053716517,0.229197076386685,0.26261575603984
2790,0.0689284347286591,0.138565634066526,0.0867829487609705,0.109523793958001,0.42803782185084,0.168161366635003
2791,0.131822357114226,0.110413606686274,0.0848040991069728,0.301353472597517,0.298592188179219,0.0730142763157908
2792,0.512195187195031,0.325799760740559,0.0240136265110629,0.0446334887154858,0.0749233496456253,0.0184345871922357
2793,0.0115700611486776,0.0604275754768588,0.0516704629063787,0.0284316694578192,0.467176866071812,0.380723364938454
2794,0.451725639505907,0.116463652692828,0.0757074615499558,0.155597482373587,0.148407701919429,0.052098061958293
2795,0.371397017192771,0.127209183665356,0.0822838195119326,0.286688095468777,0.102370176648155,0.0300517075130078
2796,0.00436431344905648,0.0222329028883073,0.0921039209757194,0.0226053534423719,0.131837084234596,0.726856425009949
2797,0.0381414280835804,0.0762536272209892,0.0980343384959847,0.105492778090127,0.155145373214115,0.526932454895203
2798,0.018922424602567,0.184252514426731,0.158052208119228,0.0207477279550328,0.269047412738118,0.348977712158323
2799,0.159764283735105,0.156083057593342,0.316645081672954,0.0328675732478134,0.144607406769171,0.190032596981614
2800,0.0103973907901003,0.0310685094426948,0.083206636486502,0.0359361858956873,0.214418507661126,0.624972769723889
2801,0.00853286777581777,0.0238195004931189,0.0215509996179445,0.0216979660764123,0.428860541483529,0.495538124553177
2802,0.0181103777258972,0.0578250858733109,0.0610414858800896,0.0609383442578546,0.403964123755924,0.398120582506924
2803,0.0534824747276602,0.611498360320278,0.102405037961123,0.0145861641955322,0.132002330754225,0.0860256320411822
2804,0.0137493463964482,0.0757509858312367,0.116379987645723,0.048753869564266,0.359536167769405,0.385829642792921
2805,0.216969769486295,0.203329372343152,0.251669822458956,0.108894291353316,0.125452124356701,0.0936846200015795
2806,0.0919592398742501,0.0651542613422842,0.0594099782469389,0.400345880995845,0.244440076189145,0.138690563351537
2807,0.0730040251502993,0.151213419132851,0.198179337654942,0.102426605106234,0.211948898826857,0.263227714128817
2808,0.0112323306515865,0.0363469086826153,0.0523868317578823,0.027594731755566,0.210824524379409,0.661614672772941
2809,0.0465035106929649,0.0940501263598655,0.36727473637281,0.0433340374111183,0.0796873566170146,0.369150232546227
2810,0.0103426576505961,0.0435436147627705,0.0588739538184433,0.101332387614787,0.428299737912751,0.357607648240652
2811,0.0113986156821952,0.161195269852893,0.143646120398359,0.0298067855893526,0.3217103928284,0.332242815648801
2812,0.463816774408741,0.212464648269234,0.142185945461674,0.0733650474738492,0.0771013917981101,0.0310661925883912
2813,0.143214046344373,0.0971007714759184,0.122951254721355,0.14680612759382,0.281666873213252,0.208260926651281
2814,0.0229070667738465,0.219872033693987,0.281760959752695,0.0374975497872397,0.163311702452606,0.274650687539626
2815,0.0196451519165207,0.0598409986564216,0.120682791052268,0.0626097480812066,0.146684405584506,0.590536904709076
2816,0.31082362731949,0.15010989302866,0.219131741795742,0.0964944940723586,0.166225631707381,0.0572146120763692
2817,0.0571692505087625,0.508808863240078,0.103399927080721,0.0683242642237356,0.171140361074992,0.0911573338717103
2818,0.280532049847534,0.425195049574974,0.127729336779,0.033463332837567,0.0682648481430495,0.064815382817876
2819,0.34382496154095,0.423395977310666,0.0673015277990409,0.0291758703376119,0.106988656092616,0.0293130069191147
2820,0.315424032527453,0.22598847356156,0.285222833257761,0.0755270022243569,0.0591310397760939,0.0387066186527752
2821,0.0072687003161438,0.0511487080123405,0.0343055318185963,0.0126874612862127,0.363213290718102,0.531376307848605
2822,0.180573591181787,0.30029774569267,0.184477632862646,0.0536286519380462,0.165638318404809,0.115384059920042
2823,0.0386144174735524,0.0750685293927844,0.0939034312564987,0.0926067932962433,0.18622756445218,0.513579264128741
2824,0.0352917566762319,0.0936873622109816,0.205618065908741,0.0665160825994323,0.28529736451045,0.313589368094163
2825,0.00646636130654467,0.0531842483984362,0.177869610969596,0.0307080119132553,0.0712078891489535,0.660563878263214
2826,0.0348228023625154,0.201731344628444,0.0520530735852962,0.0560831538030431,0.435929291187683,0.219380334433019
2827,0.082555304160874,0.581904419621823,0.113202916942338,0.0159280757869459,0.104964864380524,0.101444419107495
2828,0.0159285136442191,0.142019596877824,0.0857801157198328,0.0365749686614934,0.362916166280408,0.356780638816223
2829,0.0535559573571557,0.0422608773166489,0.0384897346377932,0.178814443683933,0.56525164252723,0.121627344477239
2830,0.00698776292308696,0.0467214842514612,0.141389517033931,0.0440349969738029,0.162261408961592,0.598604829856126
2831,0.324334307511151,0.403534639131582,0.1017930171854,0.0552942971651662,0.0686320640697665,0.0464116749369344
2832,0.0416320352667057,0.241663729660172,0.225356581953184,0.0319189313298232,0.276794674326791,0.182634047463324
2833,0.110301831134044,0.106374159906995,0.152534575139853,0.1794030011738,0.266130419291565,0.185256013353744
2834,0.0150272926376379,0.0541236780886111,0.125847123904204,0.0365942335838218,0.20377118154489,0.564636490240835
2835,0.207775286196889,0.264153867925691,0.0751877332826292,0.129221553772223,0.222426328159935,0.101235230662632
2836,0.0184666996043285,0.054097326111055,0.0691581511600188,0.0628768363041145,0.36124536622082,0.434155620599663
2837,0.052738575452761,0.258442007048384,0.303984046204842,0.0573935655293682,0.155467311409039,0.171974494355605
2838,0.223808803500956,0.238619468288617,0.148217475550872,0.10789115038306,0.113852597613231,0.167610504663264
2839,0.0756048637166067,0.159378649956818,0.20374237732816,0.136447380311736,0.216063177272996,0.208763551413683
2840,0.116616309775907,0.0715582955748532,0.121761979506504,0.240649026632714,0.178719367355382,0.27069502115464
2841,0.417557504802546,0.130823449832872,0.0677097486452594,0.117052432315956,0.173254415586025,0.0936024488173409
2842,0.00799615241968207,0.032609291486507,0.0285677958230381,0.0454928352045902,0.499693782700473,0.38564014236571
2843,0.0820733175999649,0.132901769432507,0.141491772809116,0.0679151357629443,0.198432829049829,0.377185175345639
2844,0.0391226941599467,0.104186487653326,0.469550680253857,0.0214429622045844,0.0907252117528162,0.27497196397547
2845,0.22405173489127,0.368926387115674,0.149341643100882,0.139943954323052,0.0801321053216846,0.037604175247438
2846,0.00644486647189034,0.0192177912966915,0.0299077503903832,0.0351910714813874,0.35798491088447,0.551253609475178
2847,0.0129950029892867,0.041305938309814,0.0330210288872363,0.0380715214982508,0.440069810748274,0.434536697567139
