"CUS_ID","F20-","F30","F30+","M20-","M30","M30+"
2501,0.0483161823017629,0.577282734428916,0.115102478099734,0.0272411979561518,0.136065914535054,0.0959914926783812
2502,0.0603828750494941,0.161541993813491,0.0994151220116719,0.0757542301621338,0.423763583358419,0.17914219560479
2503,0.0362574289946353,0.270979933467426,0.0563192092239557,0.0611993729849398,0.434219839374642,0.141024215954402
2504,0.259002412535755,0.162493594362014,0.0862485093852881,0.194925179807933,0.135635603979893,0.161694699929118
2505,0.028200843986477,0.130774629590712,0.109537264377555,0.0544575297791734,0.168926009140187,0.508103723125897
2506,0.0088782578372802,0.464911590903366,0.0838015611466945,0.0156072317266142,0.25611139251787,0.170689965868176
2507,0.0110841089097967,0.0331997907241998,0.102627842776119,0.0179364697634425,0.163959831351441,0.671191956475001
2508,0.00656249089701453,0.0303513764611963,0.0235459434638745,0.0164055580180071,0.571874689724634,0.351259941435274
2509,0.0136049273872487,0.0374687129712222,0.0938544705700673,0.0260918703094341,0.11714765191205,0.711832366849978
2510,0.00484345639106942,0.0251193509996474,0.0214844932332483,0.0173493064990557,0.456971419907419,0.47423197296956
2511,0.422907048284675,0.0784801753234446,0.0716648974964854,0.322537578993614,0.0756128008619725,0.0287974990398087
2512,0.057142753412724,0.234214709103992,0.0459383974118233,0.118320589795879,0.449528760103526,0.0948547901720554
2513,0.0111627307996356,0.0351983182244371,0.0633305108895683,0.0488419940651018,0.406096554171294,0.435369891849964
2514,0.043590940683162,0.580104215866117,0.0561997548604458,0.0361304628544328,0.218892994244185,0.0650816314916571
2515,0.0170239713690996,0.0666578262709976,0.0995069126242693,0.0443061721014651,0.237743899357545,0.534761218276623
2516,0.0896376978677319,0.105663155035878,0.0546755416932998,0.151602093541533,0.398528620657378,0.199892891204179
2517,0.0296681561249646,0.336966896476768,0.099107640632299,0.0255413853696884,0.24236832685162,0.26634759454466
2518,0.407446545264533,0.241894519319332,0.148390609500455,0.0544167127928603,0.0761245285188206,0.071727084603999
2519,0.0258326897635592,0.878523169305299,0.0132471853845275,0.00449781596336591,0.0571137372720802,0.0207854023111678
2520,0.0239512870139603,0.0707615244669849,0.0179474220634409,0.0877095555281322,0.628146662658558,0.171483548268923
2521,0.0691848091240164,0.0725808914123039,0.385942494854177,0.0652347774903846,0.0995289474470237,0.307528079672094
2522,0.183395580750602,0.174391308429401,0.209945063832477,0.110405054451749,0.196444948117068,0.125418044418703
2523,0.0483778561549651,0.609545891013477,0.0413043305034642,0.0164763474289005,0.17871228639816,0.105583288501033
2524,0.0821268482025387,0.21028001711255,0.135111451706648,0.0727924247607596,0.208703632261161,0.290985625956343
2525,0.0799196325138391,0.0755572466043817,0.126863620440954,0.184360584672145,0.423012798109787,0.110286117658893
2526,0.0857916940205624,0.147839534857508,0.0986684544096981,0.106189142066924,0.417179134813168,0.144332039832139
2527,0.595237333563435,0.131825237170904,0.0783474169997044,0.0352064791302277,0.090406696431553,0.0689768367041758
2528,0.00691719402424373,0.0165819521464379,0.0220636161309523,0.0368968942136776,0.188550921884266,0.728989421600423
2529,0.0704876540973024,0.0974230616887117,0.310594106560194,0.0949907576291222,0.143215832839036,0.283288587185633
2530,0.0064641939748487,0.028498080995473,0.179435573130566,0.0240885252688407,0.100950246296558,0.660563380333714
2531,0.0477161261778469,0.187162963321339,0.122041608460931,0.0580725094100989,0.320563851836187,0.264442940793597
2532,0.0465567845551143,0.180754016261187,0.0893228510517752,0.045214743473233,0.231748832486185,0.406402772172505
2533,0.00170343569108723,0.0118603473824902,0.0271105030171327,0.00393290885583719,0.0319812903828562,0.923411514670597
2534,0.314242025124614,0.128055748385649,0.109705314795699,0.22714866012631,0.0973956542231632,0.123452597344565
2535,0.0238558586655456,0.0900997906167903,0.106100391220203,0.0416424476033299,0.200346249160276,0.537955262733856
2536,0.0941231581154773,0.268388883217999,0.117304853990239,0.0946243438617082,0.197574091290899,0.227984669523677
2537,0.0811222964361701,0.624306669794908,0.0971769281772453,0.0139041529985496,0.133180374902352,0.0503095776907751
2538,0.380649584117699,0.169673337304961,0.0605722126371344,0.0879226825702114,0.194035169408375,0.10714701396162
2539,0.152285065421323,0.270088251232866,0.159146542844227,0.0580000389460295,0.257384122441133,0.103095979114421
2540,0.351391621944515,0.115460505405821,0.0734909228951481,0.157209592114513,0.243477338360024,0.0589700192799798
2541,0.12174653938065,0.0534250829892804,0.045591155182415,0.461368841309753,0.262630733230091,0.0552376479078115
2542,0.136366185515436,0.352765038346439,0.0684279311164047,0.032364021956854,0.354537998458251,0.0555388246066157
2543,0.00945259134273483,0.0205607800571903,0.0657063967535041,0.00801218489327456,0.188809828805092,0.707458218148204
2544,0.0656521006557137,0.103164745402619,0.0958883907289759,0.37266177659048,0.113471631238916,0.249161355383294
2545,0.0211125488780937,0.218349198674544,0.0679853076872095,0.0110481886191626,0.506606985092383,0.174897771048607
2546,0.0441411598486247,0.049625036909893,0.0255559000795474,0.314585784522128,0.492130527819437,0.0739615908203704
2547,0.12725953499794,0.179650187323227,0.220081924986887,0.0573606478841217,0.18378930995238,0.231858394855443
2548,0.0502317877515262,0.0645936418420568,0.0708823456945826,0.511138075517023,0.2315225300479,0.0716316191469114
2549,0.00621401246716568,0.0334626700153791,0.0391268841285794,0.0546266210044244,0.373277243370104,0.493292569014347
2550,0.0192211653805039,0.0207335092999578,0.0208129554046994,0.218537115428384,0.569267846542572,0.151427407943883
2551,0.156585056392451,0.249990586193216,0.10176546793399,0.195881687642315,0.142314539600266,0.153462662237762
2552,0.0752580891827595,0.351061051562854,0.180841367317482,0.0374525002538906,0.16094192605487,0.194445065628144
2553,0.41559572107715,0.201957709754571,0.0628319461980169,0.185574790117627,0.113051013487559,0.0209888193650765
2554,0.0634685294279542,0.208075244279652,0.0706335021750948,0.125769059518086,0.429648477968039,0.102405186631173
2555,0.0101607035126021,0.0974813122969259,0.0573642282436196,0.0249008181913798,0.646966813133465,0.163126124622008
2556,0.061829374635384,0.268841502000761,0.322992026800879,0.0485144792548475,0.148390547391749,0.14943206991638
2557,0.311514467930808,0.276724470089384,0.289336099153564,0.050339918871846,0.0521385475257653,0.0199464964286327
2558,0.0184375349951661,0.056030511567241,0.76637824223786,0.0319684680515051,0.0667732451699368,0.0604119979782908
2559,0.0672161529418516,0.428561755749797,0.173572755687623,0.0264718543639311,0.100787083421929,0.203390397834869
2560,0.0137788924710357,0.0950943709643309,0.0685643344275312,0.0228115191728075,0.182763156388349,0.616987726575946
2561,0.0110928027164367,0.0654964410448915,0.17450848532888,0.0218574972117986,0.150343665217234,0.576701108480759
2562,0.236120344998619,0.371954599596826,0.0307543861992033,0.0488418093316366,0.2820708104646,0.0302580494091155
2563,0.219000183912965,0.215424108025004,0.204194415722195,0.2044647696086,0.114738694084884,0.042177828646352
2564,0.283020550178651,0.0953286083892002,0.0570352614590162,0.339223842048734,0.146339117559233,0.079052620365165
2565,0.0122853106908404,0.0648919212020622,0.131965416489296,0.053248029633676,0.277860912809555,0.45974840917457
2566,0.0107434679142645,0.0386649710378673,0.108375741884289,0.0361319387452635,0.0957615216035212,0.710322358814795
2567,0.0366853825308785,0.116257376015045,0.145341834691574,0.0563031911859779,0.172909706443495,0.472502509133029
2568,0.0104799567103617,0.0761320138210004,0.0866899560356968,0.0238246028966086,0.330121390635119,0.472752079901214
2569,0.030334296565823,0.0893605595337275,0.170354300744754,0.0353509947653816,0.206281204144519,0.468318644245795
2570,0.0342997462011535,0.689690105918057,0.0242675120131391,0.0128048225456201,0.151311579207565,0.0876262341144655
2571,0.107323632448781,0.091664649937942,0.0439316778011662,0.236335471974361,0.280625329614428,0.240119238223322
2572,0.083933502727529,0.0818013671968522,0.423775642470294,0.0840514971002239,0.0725120689870377,0.253925921518063
2573,0.0535635313672665,0.331498219093246,0.0765205964704266,0.032495373721438,0.235399319182504,0.270522960165119
2574,0.0692058007815095,0.0653736410732973,0.0467480476701086,0.228034109212109,0.499514851561755,0.091123549701221
2575,0.0376894625673894,0.041105168803996,0.0227663935325164,0.193355261987159,0.589960393236955,0.115123319871984
2576,0.284801504143451,0.326286015944035,0.186334060558619,0.0829948502957683,0.0646315842016253,0.0549519848565012
2577,0.041309860459123,0.277071625703481,0.405760952849903,0.0225163672217201,0.124452994662486,0.128888199103286
2578,0.00234689824661374,0.0120027427454218,0.0376010197000314,0.0100277316886448,0.0959828161028363,0.842038791516452
2579,0.285016871719112,0.145126941583954,0.288919599056417,0.0750044006752627,0.106863406279774,0.0990687806854799
2580,0.0680855158773909,0.297466560600062,0.193328655633831,0.0223122225822056,0.203463915169739,0.215343130136771
2581,0.00449801712318205,0.0269167060020521,0.0564306582116335,0.0695733665059625,0.63900895409372,0.203572298063449
2582,0.123941930022728,0.473647818803162,0.0645042309355424,0.0675869029875799,0.214203650134379,0.0561154671166083
2583,0.100866335030609,0.533134786275167,0.181679915101348,0.0262536901890043,0.112051656563794,0.0460136168400778
2584,0.136215495692394,0.648666181634335,0.0511472238486182,0.0217280902437725,0.109338202597277,0.0329048059836037
2585,0.00908576989804495,0.0529476054857804,0.0456781526941284,0.0655424326662408,0.472744756049262,0.354001283206543
2586,0.0656523068082677,0.238935389537703,0.167904603538907,0.0478625288071313,0.17497385650302,0.304671314804971
2587,0.181834044324655,0.0757583130687557,0.0620259457314831,0.275137887026954,0.277039292382792,0.12820451746536
2588,0.0419009668322836,0.0451596366887884,0.0226026076005475,0.220151323513386,0.566964671911424,0.103220793453571
2589,0.0563820186403159,0.104645983961372,0.0398681592017595,0.120911599741054,0.532495066838227,0.145697171617272
2590,0.00599756297332773,0.0390993525734772,0.0881998685471616,0.0527088519097972,0.13950228584712,0.674492078149116
2591,0.061036145249486,0.0611268259842964,0.296281851289585,0.0768195454161889,0.0932557567743016,0.411479875286142
2592,0.0261691652292131,0.0380978467544073,0.019383682430331,0.194628808322422,0.486304688498283,0.235415808765343
2593,0.217828885219341,0.225525174084618,0.077667383943283,0.231032489786227,0.18113142274502,0.066814644221511
2594,0.0302575649780715,0.0857268764455174,0.0663126458282224,0.0419737659232704,0.343672627915385,0.432056518909533
2595,0.0947885880035278,0.0699754830796171,0.202145259753349,0.272148019824764,0.103927260416209,0.257015388922533
2596,0.602050089127335,0.117992189661065,0.0194794344029654,0.200579543334238,0.0479382538911713,0.011960489583225
2597,0.00720515748827674,0.039788480325945,0.158236680274472,0.0184109342702953,0.120124374171438,0.656234373469573
2598,0.010783764005558,0.102366945802895,0.157766717177274,0.0178506274985401,0.207977225152493,0.50325472036324
2599,0.2039592130101,0.321537639345724,0.0939897733420743,0.106671993112977,0.195028055928239,0.0788133252608865
2600,0.0201774190621222,0.0579209652485637,0.0947575255263988,0.0581931380482961,0.67368192094303,0.0952690311715891
2601,0.0455925391702352,0.0737747904714727,0.162880173472893,0.0265570436341898,0.121124207377629,0.570071245873581
2602,0.0127462365339081,0.138533498212168,0.190424378702616,0.046456723802191,0.25593619063029,0.355902972118826
2603,0.0294482521718842,0.577941760506526,0.0235383266146136,0.0160691017290478,0.295770663847254,0.0572318951306746
2604,0.0220100431533758,0.146894795613877,0.30509218276806,0.153315684463051,0.125117082111569,0.247570211890067
2605,0.0140289850772759,0.116931904158595,0.332955401557601,0.0237961979679975,0.110001121883168,0.402286389355362
2606,0.0405391884247271,0.119022261519277,0.124256661543162,0.0454578148525981,0.273485361690551,0.397238711969686
2607,0.00716284019720094,0.0222871401284907,0.0465739238677313,0.0283071989528741,0.213125671753779,0.682543225099924
2608,0.129913492138198,0.215696170562966,0.0728124123658974,0.1594071202368,0.226240077187436,0.195930727508703
2609,0.0255894730615792,0.0586454089702984,0.059451044561481,0.0824986017493573,0.413654760258806,0.360160711398478
2610,0.102323306352668,0.20524518941172,0.0737180518145107,0.136766276189053,0.355713303247759,0.126233872984289
2611,0.0240530072127314,0.150279674354769,0.346184063115831,0.0690936597901359,0.0748407055997765,0.335548889926757
2612,0.032939546026963,0.268622909103144,0.116128257468098,0.0321304517468648,0.272923280447482,0.277255555207449
2613,0.482375964078925,0.323547014574022,0.0464808315424127,0.070488305363121,0.0637700750451615,0.0133378093963579
2614,0.169457583294601,0.0737947116240681,0.0564354021298459,0.162661068558133,0.307102412886082,0.23054882150727
2615,0.486970562627633,0.221344352145515,0.13831358627313,0.0429666782676826,0.0741950698120817,0.0362097508739575
2616,0.0236482026175886,0.0600593936663744,0.138534032122575,0.0363377603404244,0.307158412347852,0.434262198905185
2617,0.194706784738335,0.364850544735665,0.187465888121215,0.055997507872395,0.135187170390101,0.0617921041422886
2618,0.119300156951093,0.1304794658543,0.0682351992875373,0.0700458499094977,0.450565001854896,0.161374326142676
2619,0.0219650783766444,0.0410514826264918,0.0180368289424483,0.0654372401594688,0.695287461383483,0.158221908511464
2620,0.0167830693470724,0.0665637414356311,0.119781262336287,0.0253193801584905,0.485085302458869,0.28646724426365
2621,0.0214771395272766,0.0784363850519983,0.0269047500019959,0.086447214983364,0.684283377726449,0.102451132708916
2622,0.00297770638442422,0.0111487459150385,0.0352075789949446,0.0133052743947129,0.111808344182369,0.825552350128511
2623,0.15110430309916,0.28066370151152,0.0450096497865513,0.075550667574944,0.377205943359216,0.0704657346686086
2624,0.0545915321482006,0.0415366575155553,0.0810855871662327,0.0761246606777053,0.1635265118384,0.583135050653906
2625,0.0379141774967871,0.124502006601234,0.671339627355202,0.0217280708135625,0.0670485323423835,0.0774675853908315
2626,0.0103007157675173,0.0447961008846735,0.0963660546449655,0.0329361455599126,0.301199494256251,0.51440148888668
2627,0.0528936054006813,0.157480747974073,0.407659235591319,0.046298267425308,0.129638194389658,0.20602994921896
2628,0.118832530587489,0.140319511920168,0.0494562886218258,0.242238336235681,0.30918801134419,0.139965321290646
2629,0.0223028871611155,0.18815677540802,0.0803070723835642,0.0323065268983234,0.436952138570818,0.239974599578159
2630,0.0585440061093323,0.0715679856374909,0.0721138078676315,0.0880099524686172,0.26708802639971,0.442676221517218
2631,0.0161751572848704,0.16214825373141,0.274119934647605,0.0356486911195517,0.256803880633441,0.255104082583123
2632,0.00617404314148684,0.0352009384728359,0.0348275107895358,0.0195484462868678,0.19798619656265,0.706262864746624
2633,0.128266938348231,0.313594373873465,0.0717568716385059,0.0821256317067106,0.314021506489848,0.0902346779432393
2634,0.0392036960621103,0.105231557404976,0.306785691280977,0.0775332663563211,0.140683096598744,0.330562692296871
2635,0.034920539226361,0.0598179940762496,0.037757158645713,0.0453712229553209,0.646048437547419,0.176084647548936
2636,0.032429651026635,0.123274599801313,0.230190242112019,0.0848227695273412,0.254729233330381,0.274553504202311
2637,0.0320147800451283,0.0728769866861106,0.0265333900561922,0.0386332017384305,0.60615078127917,0.223790860194968
2638,0.0937369281592296,0.0494022069103694,0.178913552906374,0.168999983492054,0.200514335924923,0.308432992607049
2639,0.0653453420065659,0.0891755986050658,0.0609199680925978,0.32920488258238,0.321718482454277,0.133635726259114
2640,0.0108465096247226,0.0231158809619108,0.0730579834383301,0.03209062529478,0.100620467607091,0.760268533073166
2641,0.327111938447856,0.200840415884881,0.163325561646945,0.0699267548796856,0.147198893986222,0.0915964351544109
2642,0.0200062936268338,0.0690525003651456,0.055855891915378,0.0237719970854322,0.263613221657133,0.567700095350077
2643,0.425238761220349,0.330586871569479,0.028891809764482,0.122017633995234,0.0693661397803609,0.0238987836700955
2644,0.00876018242383157,0.160526749376174,0.0579974148768468,0.0268505459262104,0.266965082580319,0.478900024816619
2645,0.0156950082435153,0.0692539812313269,0.0375475148710594,0.0310654713123304,0.344290285966867,0.5021477383749
2646,0.00729974191612474,0.0286593218456864,0.147955823175623,0.0483696423976782,0.0824025864468273,0.68531288421806
2647,0.0697898493556838,0.0892557387241384,0.191676338293344,0.109925783637528,0.276126662977198,0.263225627012108
2648,0.255429481668552,0.201630258308775,0.347509137334118,0.0551001456936768,0.0678402599574326,0.0724907170374451
2649,0.0387326751195261,0.0714519744490905,0.0764621359658723,0.0619283285593137,0.400403494257725,0.351021391648472
2650,0.0441693877991397,0.0458007040206991,0.129299280664759,0.0425913005168996,0.139625218764865,0.598514108233637
2651,0.0144305520396196,0.0660611387774197,0.0511978030882449,0.0501257498071889,0.574744965865125,0.243439790422402
2652,0.0149542832415968,0.238535876511639,0.0464476419120084,0.0292947208226088,0.385055998654632,0.285711478857514
2653,0.438688505573879,0.16940396637328,0.0996058673345735,0.0548085311903957,0.144052595570809,0.0934405339570634
2654,0.0089839330248955,0.0466798051191045,0.0422855107185152,0.0437713596761269,0.287412554558052,0.570866836903306
2655,0.39881023326584,0.136528861196367,0.0346059023512912,0.259868284323124,0.143867589953159,0.0263191289102195
2656,0.0242347744150857,0.0756088287069653,0.0433397537397844,0.0329731624483263,0.573347505754812,0.250495974935026
2657,0.0087253340609514,0.0454897404370865,0.177461978608475,0.0305680650626996,0.170309426664099,0.567445455166689
2658,0.174363796212714,0.17617017587769,0.199421411672558,0.145894138236871,0.149723383208401,0.154427094791766
2659,0.192145859991623,0.101895656504316,0.0804988681262061,0.521622410524906,0.0518070038103861,0.0520302010425634
2660,0.00617717818531292,0.0222960408222022,0.0508785595998907,0.021502736600585,0.290188877566212,0.608956607225797
2661,0.00548584879383833,0.0265325996599398,0.102276034625887,0.0188359333802863,0.112205669162312,0.734663914377737
2662,0.00502475005611367,0.0557798263749165,0.0985783638167861,0.012928587676519,0.136675726085772,0.691012745989892
2663,0.00616142244811211,0.042156670994411,0.0527684800999668,0.0340231723813794,0.269208277272344,0.595681976803786
2664,0.0261282872929181,0.0717737133094462,0.0289551122213551,0.0733053139716806,0.639621463463433,0.160216109741167
2665,0.199017132581527,0.243267403441851,0.145092978790263,0.09770680434219,0.211060604694174,0.103855076149994
2666,0.00913673975817232,0.0221269161569511,0.138341361175327,0.0229002884915272,0.0406206943014823,0.76687400011654
2667,0.023519813175572,0.180072439962899,0.456357553934043,0.0432084661518996,0.203979927876306,0.0928617988992805
2668,0.015048128335825,0.0519517097786782,0.383209044134138,0.0292176857168554,0.0872547904472249,0.433318641587279
2669,0.0638661486542902,0.269857777202005,0.187511726497732,0.0340924351509927,0.165401998276113,0.279269914218867
2670,0.0114992068581007,0.0534365511828278,0.170766752668479,0.0323829535222248,0.205230451611029,0.526684084157338
2671,0.0379473135117515,0.0663945812707899,0.0342565643465828,0.0789420508086522,0.324841266535368,0.457618223526855
2672,0.00730763055237542,0.0801355598292979,0.105366737733225,0.0154203975792226,0.172109961547429,0.61965971275845
2673,0.26631362938531,0.282695279580888,0.0641519450083908,0.111438985231615,0.21767722028484,0.0577229405089554
2674,0.0141326201310232,0.0436122993457349,0.0618608302426385,0.255750062777356,0.428989406506945,0.195654780996302
2675,0.431979833338278,0.150348338670408,0.020009221399341,0.336635968274198,0.0392833459587653,0.0217432923590095
2676,0.0174688767906288,0.0624671323491822,0.0883506078113487,0.121818645614066,0.485286988848617,0.224607748586157
2677,0.127010977813479,0.14063163589516,0.331986212853363,0.0835037390013994,0.244435263658982,0.0724321707776177
2678,0.0390128525232164,0.103294768968063,0.108053930925477,0.0569009613728522,0.474348415688507,0.218389070521884
2679,0.0108530060509727,0.0145338796660371,0.0360488493747547,0.0376839865782215,0.419057648534393,0.481822629795621
2680,0.076040919273664,0.0619497999559493,0.310659021553369,0.145175114767384,0.0826509491207368,0.323524195328897
2681,0.0260491334373511,0.153399003802923,0.0601905908786607,0.0474972481046314,0.384683263652916,0.328180760123518
2682,0.0144131411909113,0.0366470686267069,0.125392303751223,0.0752884986356031,0.162862380289353,0.585396607506203
2683,0.505946816547964,0.125929479207464,0.0647820829912367,0.150800169319067,0.122134076699294,0.0304073752349736
2684,0.0149893163668541,0.0371994335614046,0.0349025302852874,0.0297698613587624,0.504435844425782,0.378703014001909
2685,0.164239698708672,0.127221491524588,0.163579314617986,0.0222746153315517,0.0899721416820044,0.432712738135198
2686,0.0143242138982955,0.140506093382109,0.15672924946453,0.0292665502725857,0.235761348943826,0.423412544038655
2687,0.18030459218428,0.178743103004238,0.156276865572199,0.183922855309156,0.243170086588852,0.0575824973412753
2688,0.0377685547115791,0.197144314416788,0.0853651471506088,0.138444290786848,0.372264440107733,0.169013252826444
2689,0.117293219044411,0.654720111609505,0.0448197352496117,0.029343526649248,0.124512645801689,0.0293107616455342
2690,0.0175639433436598,0.0350640683421208,0.042115467286373,0.257362848436153,0.458731087674574,0.189162584917119
2691,0.0466002911499004,0.23803994373889,0.0931350057129315,0.024682957890663,0.336226277991183,0.261315523516432
2692,0.0200256402750872,0.0697947935499843,0.223646187508195,0.0618742832127122,0.140304792930512,0.48435430252351
2693,0.0305764464728941,0.0592895160605581,0.105073147494748,0.0673681024578084,0.132759627014036,0.604933160499956
2694,0.0131516832802962,0.0305545204647918,0.05077113482499,0.0386602751658556,0.21997518429774,0.646887201966326
2695,0.623044988979912,0.153542076230022,0.0569432905690472,0.0819195865191735,0.0592465440750265,0.0253035136268188
2696,0.0226057343108384,0.160153380139485,0.358934375615162,0.0297051353955082,0.112737311061097,0.31586406347791
2697,0.0300740166053574,0.206656252521832,0.291522956828569,0.0403984873918034,0.141895555097272,0.289452731555167
2698,0.0109594801949018,0.0435139629396714,0.151451356382507,0.0480026847985268,0.363412738894378,0.382659776790015
2699,0.0107777689632573,0.164407556586819,0.46668993581784,0.0127456310304259,0.0543929420465921,0.290986165555066
2700,0.00355145259437368,0.0288623465875246,0.0212704426446627,0.00713244898791223,0.350780017742158,0.588403291443369
2701,0.0174162590203535,0.0417112861171417,0.201280171184735,0.054371225987616,0.190208295454115,0.495012762236038
2702,0.479765840489572,0.136925549732289,0.133016778880762,0.0918985566788171,0.104448718191698,0.0539445560268607
2703,0.0645566858918375,0.0817224177241717,0.0961478266107804,0.102550277856404,0.40997011888112,0.245052673035687
2704,0.0214004033498784,0.161037803765591,0.658732487425198,0.0426984996068579,0.0564124975194649,0.0597183083330093
2705,0.0123524391341426,0.181987105938891,0.313468489935567,0.0222718064364114,0.134182275891319,0.33573788266367
2706,0.0144737012150597,0.0715934262433336,0.176759046393427,0.196501802415854,0.10781119407061,0.432860829661715
2707,0.0109751759438038,0.0265923774964413,0.0157899271902157,0.0819796963432166,0.766442092288067,0.0982207307382557
2708,0.43790258755131,0.284933721472237,0.0503321087471476,0.0867399447317,0.113860277860739,0.0262313596368673
2709,0.0362398466994196,0.116263364626166,0.200917152313373,0.0985043886015655,0.118723300544788,0.429351947214687
2710,0.0397157020819294,0.0893618535228381,0.253166641310396,0.0462459742135498,0.155983512779325,0.415526316091962
2711,0.0560479693322473,0.157366482143021,0.142915512742074,0.0530714331557753,0.291878724438705,0.298719878188178
2712,0.189660400599142,0.110267938789783,0.0549677726367626,0.182523029485575,0.331130911833825,0.131449946654913
2713,0.156797460596777,0.152221924533618,0.234558504537185,0.0752958306783728,0.115394978591422,0.265731301062626
2714,0.00352253372472215,0.070909375298836,0.132590346753969,0.0182645101290996,0.124315112470611,0.650398121622762
2715,0.0145553747202834,0.0949054187097293,0.312121627731964,0.0718255403772883,0.343797146016172,0.162794892444563
2716,0.0168432308596308,0.0489105979920907,0.0565905190833713,0.0678261672372512,0.49294993010242,0.316879554725236
2717,0.00961499079095334,0.0438612569140934,0.0348629814398452,0.0242169020680823,0.250251768805135,0.63719209998189
2718,0.0255304900138832,0.0657696433799067,0.156497506923772,0.08986971566685,0.238621718505497,0.423710925510091
2719,0.048585620765636,0.173623161957442,0.174603697892279,0.0631869443356033,0.354365144603387,0.185635430445653
2720,0.118271687671708,0.0828395679344616,0.238971629874281,0.0953847910159648,0.228677692899322,0.235854630604262
2721,0.0129847815530542,0.0549952049298913,0.0831225561659397,0.0365109192160036,0.24417005117062,0.568216486964491
2722,0.215742251870511,0.471005306722396,0.143829225080741,0.0212669167898148,0.113805816484924,0.0343504830516136
2723,0.0486285100332642,0.138651035894084,0.209527084197602,0.0550177694337911,0.143680808285031,0.404494792156228
2724,0.566495760081643,0.0918953137346664,0.0475124000076772,0.187458984815787,0.0756807574581449,0.0309567839020813
2725,0.187206930526393,0.415101974536945,0.0526634999446264,0.154086052561707,0.141039472253863,0.0499020701764659
2726,0.035343662223845,0.0601175617219053,0.0369473900698805,0.102052836898884,0.719722413157338,0.0458161359281473
2727,0.0154101858819922,0.0560082705714475,0.104877860200102,0.0810121997828422,0.418842368176866,0.32384911538675
2728,0.014154626848894,0.0591214391674947,0.110968839209829,0.0522800230273473,0.0845023212315496,0.678972750514885
2729,0.271684582857163,0.211961678925761,0.0449780907152758,0.0847988484677449,0.322016100907368,0.0645606981266877
2730,0.0187347957207968,0.0455574337639192,0.175951725163578,0.0682104839757375,0.282150236251513,0.409395325124456
2731,0.141213026932331,0.132590545999201,0.0563638887080582,0.233304703105397,0.311181222543386,0.125346612711627
2732,0.0293004709952349,0.0848548974988632,0.31895489990993,0.0326322460787148,0.0977767805573319,0.436480704959926
2733,0.0796193148359675,0.113795174190868,0.0699698258649674,0.316434113889568,0.367802207758937,0.0523793634596919
2734,0.0126034581035228,0.779833136959813,0.0224224771464254,0.00508984439279455,0.129606387953474,0.05044469544397
2735,0.0188487017880285,0.311399090351243,0.180225461982877,0.0213963245149145,0.16365641367124,0.304474007691696
2736,0.0302959253433037,0.140253333207625,0.0960852563293746,0.159630098370858,0.403046925156911,0.170688461591926
2737,0.139095775404017,0.183030645823719,0.284260892926508,0.112158710761963,0.154107012594036,0.127346962489758
2738,0.0332825215269301,0.0863105615819046,0.160500372063042,0.0316377222653319,0.188516756850285,0.499752065712507
2739,0.15079560861828,0.293748146925833,0.153860209844923,0.0423931174734547,0.267438629241356,0.0917642878961525
2740,0.148107483604463,0.407459268079143,0.097899189818985,0.104149704878455,0.109764806301417,0.132619547317537
2741,0.0322992281403788,0.219328961586392,0.105250337990089,0.0767771785871237,0.379256685117134,0.187087608578882
2742,0.0485787804200624,0.0747331150945673,0.0492582145378617,0.0926729963739703,0.600848292371138,0.1339086012024
2743,0.136533197416993,0.255626194961421,0.127900881520049,0.111816757151366,0.227323563962842,0.140799404987329
2744,0.0524135709582812,0.0693456524584256,0.0513479871596772,0.149921055305487,0.574966874940211,0.102004859177918
2745,0.0121094516371871,0.159149931944862,0.366757709376492,0.0541633963898356,0.145649117705551,0.262170392946072
2746,0.0163968857722334,0.0570848623655491,0.0869666458933812,0.0213295279427782,0.223534769202118,0.59468730882394
2747,0.0150234783818768,0.0433623503954558,0.0201435625060748,0.0204995103780766,0.58772050271399,0.313250595624526
2748,0.00802850005339302,0.0507823092104289,0.0521818025795652,0.0411246421725769,0.619809539744682,0.228073206239355
2749,0.333301039997597,0.111018495229427,0.069539505168873,0.266863609845797,0.158742453089757,0.0605348966685497
2750,0.00861132572629824,0.0927907560827428,0.373936756948415,0.02859108243056,0.124494238008277,0.371575840803706
2751,0.264978733450133,0.23271726938003,0.135323134856229,0.0590652788089844,0.232762178304436,0.075153405200187
2752,0.0226550274808634,0.143690965729238,0.188950457933884,0.121478609289175,0.161128184915581,0.362096754651259
2753,0.074144236743523,0.083410350378823,0.0314218970870077,0.185651526109264,0.562610563746705,0.0627614259346773
2754,0.0228364820722612,0.247816999416929,0.0869619662930081,0.014458082991164,0.484714074086309,0.143212395140328
2755,0.00228320116376222,0.0124575119301365,0.0468238157195967,0.00946158369773451,0.136893423116251,0.792080464372519
2756,0.00406611380063213,0.0150108130259747,0.0435849198584854,0.00973248277139768,0.036961640932178,0.890644029611332
2757,0.0132605573078027,0.130899640190783,0.0390697190557185,0.0432220935551513,0.449857473510588,0.323690516379957
2758,0.0717589412187063,0.292045703530219,0.157213449178502,0.0195269227514415,0.332675008613399,0.126779974707733
2759,0.0270905560204384,0.216364090476745,0.0722929695798154,0.0231479701858881,0.375275560745394,0.285828852991719
2760,0.484354198507712,0.133091100123555,0.0584427416408786,0.210140656344338,0.0943363932710509,0.0196349101124654
2761,0.0947627323516088,0.124904358483759,0.0528387071925822,0.297614167420058,0.258173345318303,0.171706689233689
2762,0.00647640409803048,0.0711923039504571,0.0995715669863527,0.0250881955857414,0.540911412892901,0.256760116486517
2763,0.0459691730220699,0.205173114073048,0.285439611192404,0.0459669706462052,0.193220190248106,0.224230940818166
2764,0.0202666602408068,0.0273066163724162,0.126554643886938,0.0281006134025444,0.0948943334586996,0.702877132638595
2765,0.0188902774935276,0.160066578721953,0.231842449247752,0.0258653741795969,0.196143449099685,0.367191871257486
2766,0.0246615810300931,0.181489353326812,0.0691196737696006,0.0346983550636424,0.465625540921868,0.224405495887984
2767,0.0335300886957855,0.109953795596277,0.158482534455499,0.233246237333778,0.200306675301969,0.264480668616692
2768,0.0333165473320996,0.330078440711878,0.397928496860772,0.0223799476113236,0.06754828567861,0.148748281805317
2769,0.0439548195125922,0.22824927610499,0.191355092625689,0.094005958590001,0.314588563196221,0.127846289970507
2770,0.0035116549842452,0.0446927174328309,0.123412190259934,0.0479939473495231,0.224140117660298,0.556249372313169
2771,0.0268734233306902,0.149958788672466,0.504009969394236,0.0625054631766326,0.0969474649872576,0.159704890438718
2772,0.0375471752522969,0.101806362957039,0.0876983087241218,0.194125494051738,0.414196048473699,0.164626610541105
2773,0.0782307625283831,0.230861638878853,0.0843940415329557,0.0352953110517561,0.482074645066563,0.0891436009414891
2774,0.0530795653455414,0.3820367548913,0.0660843911855787,0.0507693384468522,0.27515508039494,0.172874869735787
2775,0.00277769033492476,0.0212385483431165,0.0484711954387659,0.00940547509023713,0.149290355226063,0.768816735566892
2776,0.00759150766205109,0.0402904403776995,0.0782224465948356,0.0872476213877717,0.357852506491143,0.428795477486499
2777,0.00280312225779722,0.0157080099805879,0.0438401110074674,0.0172722055791743,0.0902786386770026,0.830097912497971
2778,0.115371578636703,0.119465540489049,0.128733980855856,0.0871143663585337,0.154825362384603,0.394489171275255
2779,0.0489362608779657,0.0640993931125743,0.37009054700787,0.145978285072396,0.119762316503619,0.251133197425575
2780,0.0294504528935717,0.219803457584061,0.192779539868679,0.0358802739382601,0.127227033980346,0.394859241735082
2781,0.0123164355453299,0.0401500514878901,0.0684521918260045,0.184553877532825,0.427375655324368,0.267151788283583
2782,0.012675324138887,0.0626503919920983,0.229284622137217,0.02230060543,0.168723684439445,0.504365371862353
2783,0.0938941774712606,0.385310464906429,0.156483024581853,0.122233009486132,0.167724889048767,0.074354434505559
2784,0.107955695370908,0.183469025537784,0.0425482560684552,0.0862648551953893,0.539506152705572,0.0402560151218906
2785,0.00326935441737372,0.0158510180824228,0.0302471105089987,0.0276714658028159,0.2857403866973,0.637220664491089
2786,0.0108273575108084,0.062040721134764,0.0380796576334471,0.0428870802637628,0.404116953647727,0.442048229809491
2787,0.0039565048196833,0.0293522462511647,0.0385796360854866,0.014722575248404,0.145285386708683,0.768103650886578
2788,0.0147083409113849,0.0645694849265982,0.203292875558378,0.0401116814720819,0.12123375923679,0.556083857894767
2789,0.0634794218901144,0.0541715392990478,0.268062380450778,0.0840515586699507,0.275281836615194,0.254953263074915
2790,0.055178436577347,0.0965455977159817,0.0750149131097266,0.135578523182069,0.458992438810817,0.178690090604059
2791,0.174936373566165,0.140906081921587,0.0683509987263229,0.266721511438978,0.273567470061516,0.0755175642854316
2792,0.493449371951893,0.348316839442393,0.0222251718477342,0.0359684831147298,0.082510212363468,0.0175299212797818
2793,0.00949830934926889,0.0663424619946146,0.0436674343846851,0.0227680691786344,0.546446564989348,0.311277160103449
2794,0.477440137701489,0.185215085318627,0.0687914070362241,0.0744429269067675,0.150799046441534,0.0433113965953583
2795,0.362107562245509,0.0805495990620789,0.0527034807584109,0.398116631846278,0.0825359231296664,0.0239868029580567
2796,0.00412818953940586,0.0233043976770921,0.0825411771198088,0.0173845063110564,0.16824983015058,0.704391899202056
2797,0.0346760138067272,0.086765789264765,0.0954506771193883,0.117922181661608,0.221108592121968,0.444076746025544
2798,0.0199217532606176,0.122425659390824,0.148432677631644,0.0177912311216747,0.411080013821669,0.28034866477357
2799,0.151274676486105,0.159749879130574,0.287333116678322,0.0403340885944399,0.199457487469327,0.161850751641232
2800,0.0104279649750693,0.0258603461484227,0.0760350480207842,0.0374959787304723,0.212470601130083,0.637710060995169
2801,0.00573995092064288,0.0184796440890818,0.0298688986652478,0.0129048967727131,0.367479002176859,0.565527607375455
2802,0.0195027936600798,0.0505345344170157,0.0654961972160678,0.079813578340948,0.312070001170787,0.472582895195102
2803,0.0384458363621001,0.604669791785655,0.0646858055731446,0.00947033303578284,0.195947985307453,0.0867802479358649
2804,0.0152821169861212,0.0792607790192263,0.118435509304635,0.0626038382209068,0.38042080666986,0.343996949799251
2805,0.148648368006215,0.199904107941027,0.317491787303024,0.0973540498907139,0.11743708442742,0.1191646024316
2806,0.10885259126289,0.0959144602388625,0.064566185752386,0.384791862841712,0.183416757834385,0.162458142069764
2807,0.0766400896602352,0.125210002077289,0.200178619135623,0.0711988056062068,0.213496715681564,0.313275767839083
2808,0.00725639866396964,0.0339037278981247,0.0639199075459739,0.029618950404743,0.202938385384328,0.662362630102861
2809,0.0474597928717905,0.0612989299546086,0.312728986570594,0.0420121608236297,0.0685092565260459,0.467990873253331
2810,0.0098897022570521,0.0449959143256513,0.0508229079958068,0.149799479808897,0.435499675809966,0.308992319802626
2811,0.00830576269602034,0.182969920772985,0.174477106652164,0.0273639249315041,0.281252771071181,0.325630513876145
2812,0.2761342689411,0.212868741905438,0.213475036728596,0.113109426998032,0.14173677794053,0.0426757474863032
2813,0.067818770040216,0.108117268392476,0.118503801211931,0.142104971364218,0.235515442728724,0.327939746262435
2814,0.0131988395458801,0.188467172290634,0.294002102114061,0.0351732898276018,0.21127737528627,0.257881220935553
2815,0.0157612239523869,0.0681030459120641,0.131456732539942,0.0310311529763677,0.140401742891426,0.613246101727813
2816,0.394175434182241,0.143447109387729,0.228821508202145,0.0745960443808564,0.128833227086971,0.0301266767600588
2817,0.0464659784902831,0.414610051727123,0.114572359617189,0.0627097803459021,0.230465411495664,0.13117641832384
2818,0.213041165959794,0.399874486731486,0.151622952794392,0.0334729158736465,0.107055338785863,0.0949331398548178
2819,0.360571621473652,0.386782958309937,0.0341913278282392,0.0450248110480913,0.147003855140779,0.0264254261993013
2820,0.312748228908458,0.228726799459874,0.321034464069196,0.058503203886325,0.0479157042259784,0.0310715994501679
2821,0.00745996209502787,0.0603026372253353,0.0333083021880663,0.0107557605681736,0.444457891461746,0.443715446461651
2822,0.153320428107169,0.228854922297655,0.179707811149405,0.0539623894768224,0.271302287059687,0.112852161909261
2823,0.0405678849932568,0.0965272023693309,0.0750979215600003,0.0930936636949443,0.269750680234366,0.424962647148102
2824,0.0182552143674016,0.0960839065019654,0.173939756953142,0.0392898562764684,0.316287236635993,0.35614402926503
2825,0.00414032424031156,0.0613691505708274,0.126200309204035,0.0222008792175465,0.0852652172251548,0.700824119542125
2826,0.0284760234565127,0.185041493454523,0.0475150502101257,0.0430754693206269,0.519593856317216,0.176298107240996
2827,0.148421545443642,0.458440619917831,0.107631221212012,0.0200320483727655,0.16497985447869,0.10049471057506
2828,0.0100121846139672,0.12662837058673,0.0483217381781089,0.0253300173308469,0.489727123515528,0.299980565774819
2829,0.0326764889872429,0.042084151537265,0.0290554108289857,0.182314953577322,0.600275343720995,0.11359365134819
2830,0.00580307472478909,0.0402385918675603,0.134666749612872,0.035833898097742,0.168160824077718,0.615296861619318
2831,0.304047522719386,0.369482460206056,0.129970720243833,0.0532891811956294,0.0883468773949243,0.0548632382401722
2832,0.0265820700392142,0.201587822785465,0.277179359321564,0.019224470907456,0.288355084090006,0.187071192856295
2833,0.0837496258647242,0.0945862201830986,0.163855584418481,0.122184288426692,0.273917312386759,0.261706968720245
2834,0.00996835315673077,0.051073132229228,0.130718624762045,0.03906984199481,0.227941997477099,0.541228050380087
2835,0.254137186425406,0.270819361496419,0.0640049588338169,0.094229402469013,0.225890486245724,0.0909186045296214
2836,0.0160088797486503,0.0609365061935443,0.055150966145616,0.0441093498768794,0.378520104166559,0.445274193868751
2837,0.0346556847512456,0.247267398426566,0.287902032955029,0.0507107231852217,0.206722480858131,0.172741679823808
2838,0.173330935441733,0.211466496363367,0.156925236068876,0.132634749089915,0.0975227163092974,0.228119866726811
2839,0.135683655587862,0.203992174263769,0.180243240327744,0.126286651245935,0.190520152530491,0.163274126044199
2840,0.13978058974182,0.0674338654675481,0.124543658874998,0.266725907208021,0.158474950293752,0.243041028413861
2841,0.389649951421202,0.135636391280407,0.0949653228125411,0.0966530057588573,0.187668926416978,0.0954264023100146
2842,0.00458787676524455,0.0253162800590748,0.025205112128206,0.0307060764668129,0.475502248926929,0.438682405653733
2843,0.126028747526513,0.134403653735816,0.140552665364898,0.114939919582502,0.158037721254435,0.326037292535836
2844,0.0219282232430748,0.0369671846890341,0.657560339082783,0.014014852218735,0.0507567378787176,0.218772662887656
2845,0.168782617265079,0.282367738156467,0.167395653536638,0.243028632131016,0.100767341638863,0.0376580172719375
2846,0.0102324558709612,0.0383094926303523,0.0413022202471787,0.034415479727024,0.478672066035196,0.397068285489288
