"CUS_ID","F20-","F30","F30+","M20-","M30","M30+"
2501,0.0529334641838878,0.664597796851259,0.0744908427623679,0.0249702268770208,0.0798723001350364,0.103135369190428
2502,0.0895428080200185,0.225070882476252,0.132940837037796,0.0767705750349011,0.256518477020965,0.219156420410067
2503,0.0516388182277428,0.300743353508183,0.0597603848925895,0.0964566823357256,0.249539146864679,0.24186161417108
2504,0.361764573638005,0.110168699377733,0.0851506373181048,0.198869847290582,0.157940554906825,0.0861056874687502
2505,0.0523564567101485,0.169535765576487,0.139089006192331,0.0847161301391991,0.18862137239804,0.365681268983794
2506,0.0207339522383169,0.444436582176919,0.0807336468337259,0.0190115275165895,0.180757806258366,0.254326484976083
2507,0.0282709765551354,0.0371539959078342,0.0908335105096566,0.051637021191421,0.201202457788742,0.590902038047211
2508,0.0167565818300259,0.0434534422449262,0.0548789486698559,0.0434678403745022,0.420791521519859,0.42065166536083
2509,0.0468668970741416,0.0835995324789496,0.182178815347509,0.0741420879303813,0.183995664865593,0.429217002303426
2510,0.0142780595652646,0.0365002997515012,0.0429988351834497,0.0501732244326599,0.405367831725589,0.450681749341536
2511,0.647564640976957,0.0804704960110355,0.05603823713359,0.140701023550535,0.050741304172045,0.024484298155837
2512,0.0700385099858045,0.186974659600825,0.0594125021468712,0.141420363638916,0.406807359461271,0.135346605166312
2513,0.0177506188694557,0.0303553212535086,0.0607654011575039,0.0634738553476443,0.340084658541801,0.487570144830086
2514,0.0521966782405743,0.659487272022385,0.0507884512941415,0.0380387771189184,0.112428977671639,0.0870598436523411
2515,0.0272546799986132,0.056206939220447,0.121183842369617,0.0497499642841599,0.155925983809904,0.589678590317259
2516,0.0937935406670798,0.0755961382279684,0.0628541550106383,0.100837710976751,0.508487200196629,0.158431254920933
2517,0.0277857976036001,0.393663434829781,0.0917424210599276,0.0136277932298217,0.112537900401925,0.360642652874944
2518,0.381198304210788,0.345008539503119,0.0966117181522451,0.0510745293501191,0.0667268645177614,0.0593800442659677
2519,0.0314889816894592,0.89278555706139,0.0115644263214324,0.00396366437722096,0.034527287784899,0.0256700827655984
2520,0.0228704192672571,0.0508663378879959,0.0200984685735901,0.051451397178164,0.715642374479288,0.139071002613705
2521,0.0392266613223356,0.0593524574067349,0.344769377475434,0.0686163668598579,0.0853923226628712,0.402642814272766
2522,0.186440115326237,0.201426496696928,0.265494751147469,0.096979161356937,0.139267277597332,0.110392197875098
2523,0.0502874124398932,0.593261749131371,0.055329071852863,0.0148181179844557,0.125050337291724,0.161253311299693
2524,0.069558955308891,0.160399297373311,0.247534094787564,0.0891286994856057,0.144938764597148,0.288440188447481
2525,0.0568554044858215,0.0710889276737021,0.12368021271304,0.2326707867844,0.416003791494371,0.0997008768486652
2526,0.128064148388473,0.236641665615383,0.0865172107091958,0.0833880654866336,0.24179717211631,0.223591737684005
2527,0.693086741992822,0.108803708775364,0.0470204191852528,0.0367233834119807,0.0580700251840482,0.0562957214505314
2528,0.0226097692092899,0.028343531466107,0.044540851595069,0.0721032852237583,0.184117115803095,0.64828544670268
2529,0.0820804119127495,0.121712434170011,0.307765740623688,0.10277390047845,0.11606090716389,0.269606605651211
2530,0.0145042454925862,0.0422240956772354,0.201214687882207,0.0455454345596189,0.122809834747051,0.573701701641302
2531,0.0705668954159826,0.165803365752008,0.16505882067869,0.066974669487092,0.22177645589006,0.309819792776167
2532,0.0427460876779249,0.184402307924051,0.175804687036268,0.0733385739962511,0.164124783057211,0.359583560308294
2533,0.0133838186377233,0.0220859266187683,0.062118178797532,0.0188052683272545,0.0465844452106353,0.837022362408086
2534,0.332393634896495,0.146654650800021,0.0977238467413116,0.205501245045323,0.136742720920159,0.0809839015966909
2535,0.0676475808141759,0.134707657597326,0.104387421598516,0.0883665582337825,0.146782757947887,0.458108023808312
2536,0.0784361503256973,0.235521372543149,0.10612637333124,0.0754594319243172,0.147467497396382,0.356989174479215
2537,0.0500386541955605,0.752672275486412,0.0651826798633753,0.00890995855837592,0.064817063702719,0.0583793681935569
2538,0.402715184645642,0.11916789053041,0.0446434797540364,0.0830431610071205,0.244530992104322,0.105899291958469
2539,0.169057369485171,0.373969449541833,0.1463751210761,0.0516278434978456,0.142136701435852,0.116833514963198
2540,0.328792208751058,0.141904515076382,0.0652393759180684,0.0949496368853198,0.302719302175957,0.0663949611932149
2541,0.125344754129105,0.0889719019496079,0.0519534438018465,0.205627613189383,0.439160002203508,0.0889422847265489
2542,0.14922505239756,0.381368891493128,0.087871291124307,0.0494546906009952,0.213431627395775,0.118648446988234
2543,0.0330068211704226,0.0406043861322269,0.101746755980657,0.0327958079648152,0.203091418941705,0.588754809810173
2544,0.11120635356524,0.10920480117028,0.121364134305732,0.322902056790879,0.122322541858982,0.213000112308888
2545,0.031157998906188,0.414905696950136,0.0541042906902556,0.019000633490034,0.219393977191618,0.261437402771769
2546,0.0560690079012812,0.0581167364138336,0.0402002647674404,0.264542469086962,0.499838231487972,0.0812332903425103
2547,0.110581824806651,0.254510885463698,0.206338686602792,0.0749102278922869,0.179246718085829,0.174411657148743
2548,0.0881202624179604,0.080690688404713,0.0903726797232995,0.324956341578043,0.337824212129118,0.0780358157468664
2549,0.0194637904780933,0.036303548211362,0.0488073140738695,0.0662944207471656,0.27511268832027,0.554018238169239
2550,0.010536987220256,0.016140392251719,0.0226848594919768,0.170139615662848,0.616645221266372,0.163852924106828
2551,0.108400156200146,0.193104052540136,0.10236821408173,0.177249942476405,0.235320055750321,0.183557578951262
2552,0.089006188733075,0.378110447570659,0.176418882677181,0.0554228661078281,0.113823709665118,0.187217905246138
2553,0.554462917285426,0.190194093217982,0.0421502347664696,0.0924281422831491,0.0988835835570404,0.0218810288899329
2554,0.0862053778165861,0.23918073401274,0.0657138747145093,0.143103817262592,0.310260833161922,0.15553536303165
2555,0.0265539798065987,0.114921780544049,0.0970819073646245,0.0575162972347736,0.440100701199591,0.263825333850363
2556,0.042294132025146,0.253240902667164,0.363667999044578,0.0613700510322438,0.129118346573192,0.150308568657676
2557,0.405565472243143,0.234969052197372,0.249392409993742,0.0423714380788581,0.0401948899300274,0.0275067375568579
2558,0.0381807153902353,0.106074626764896,0.575971408232901,0.0863018480060255,0.102664822645155,0.0908065789607868
2559,0.0682932527306196,0.483918271715411,0.173120571790991,0.0341002388808838,0.0766808156187024,0.163886849263392
2560,0.0206477577389681,0.0775236072857664,0.0809428425836391,0.0292613674246713,0.116089210782318,0.675535214184637
2561,0.0244009766973746,0.108842256532919,0.16162522451314,0.0400380630538344,0.0939846721799617,0.57110880702277
2562,0.310571867056732,0.359948090223717,0.0377467010963782,0.048454019226906,0.188354055915831,0.0549252664804362
2563,0.274090587973969,0.212308931768529,0.243517925642765,0.107108295736349,0.0906888256443359,0.0722854332340519
2564,0.251961839368859,0.077947142722629,0.0713898557366569,0.326328495841267,0.207333470937869,0.0650391953927192
2565,0.0235326163862874,0.0770201567305903,0.0786195496222476,0.0628570758752657,0.206360172538551,0.551610428847058
2566,0.0232680103253449,0.0438193970245693,0.138971248310389,0.0863399724721058,0.136399951878599,0.571201419988992
2567,0.0618985232156148,0.154001783257829,0.143224208608368,0.0543204231805794,0.118080816049911,0.468474245687697
2568,0.03863636652697,0.0923797573510229,0.0837708498331874,0.0399051955768288,0.172740602264774,0.572567228447217
2569,0.0426407033575967,0.0982172811401438,0.177268583607795,0.0526549677144329,0.156437988755679,0.472780475424352
2570,0.0355611567277886,0.667245249566432,0.0630132362187244,0.0198336784180998,0.102323060887499,0.112023618181456
2571,0.117308113769416,0.106219534243225,0.0676318909901954,0.176668945403699,0.372949398133667,0.159222117459798
2572,0.0873023731774961,0.0771469495192188,0.47434668000636,0.0837865342774742,0.0900820371230123,0.187335425896438
2573,0.0647192875166135,0.305140072814668,0.0771321411470414,0.0518273096693148,0.198884653669803,0.302296535182559
2574,0.0834536413280088,0.0778246442830356,0.0606629371108917,0.226211886260322,0.448369301288806,0.103477589728937
2575,0.0272276879293023,0.0265462866689684,0.0298333090767894,0.110057290155302,0.696700333292458,0.10963509287718
2576,0.394231826635061,0.331090188706703,0.100313214423713,0.0591649048045803,0.0581054925677644,0.0570943728621786
2577,0.0344110425453685,0.31200342845692,0.352217348035034,0.028253593649947,0.119067367532217,0.154047219780513
2578,0.0070011058483194,0.0122395893959876,0.0351468747305927,0.0156474946352728,0.0692329639112337,0.860731971478594
2579,0.346546143188765,0.14553543983212,0.234578711828651,0.0553346798248135,0.083287057546043,0.134717967779607
2580,0.0616292696702075,0.29520067489991,0.186990768617661,0.0308645777070509,0.132621049080821,0.292693660024349
2581,0.0187929325996705,0.0492317648000473,0.0737072830800824,0.138988860519975,0.469801164800922,0.249477994199303
2582,0.153531070676835,0.52665039007186,0.0655417754897007,0.0505153365638189,0.155234834892504,0.0485265923052817
2583,0.0953217382535893,0.502377541812426,0.19571973300438,0.0278806705486784,0.0931299190887487,0.0855703972921771
2584,0.247579888087222,0.567499555193302,0.0518541878724336,0.0309447040128773,0.0708405996943543,0.0312810651398118
2585,0.0165120740087979,0.046175930937454,0.0649554157492156,0.0775077549996105,0.422934913910513,0.371913910394409
2586,0.0688648807041041,0.198282478112375,0.111962909048077,0.0384817113686357,0.127503422692809,0.454904598074
2587,0.175940151960128,0.0702196276441318,0.0597431635657348,0.14177203435478,0.426120750934237,0.126204271540988
2588,0.0281008049613467,0.0323165961587823,0.0329353688627105,0.0584994195928509,0.752713791149962,0.0954340192743478
2589,0.0759201492550724,0.139437555519365,0.0570139954542092,0.0866582860521361,0.47055517996652,0.170414833752697
2590,0.0140173723327045,0.0496957283911933,0.118648525650582,0.073450066608564,0.147268263745239,0.596920043271717
2591,0.0868648769331262,0.130427642497247,0.236352732285639,0.0995185275163763,0.0993559933197535,0.347480227447857
2592,0.0238539209223961,0.0258825427892843,0.0446675782370967,0.0863867795871226,0.662839144956487,0.156370033507613
2593,0.240642104200851,0.207764327961786,0.070440080331251,0.306115489509819,0.112374068496924,0.0626639294993688
2594,0.0340816130168271,0.0895506672082172,0.0675479535891767,0.0633125984827581,0.321927814082763,0.423579353620258
2595,0.144259513470202,0.0976153045983814,0.243643410952565,0.170414737844612,0.155918615306007,0.188148417828233
2596,0.742947263626379,0.087032023158654,0.0192626294123718,0.0837414688219316,0.05540766917216,0.0116089458085034
2597,0.022493384923035,0.0843873087676983,0.287728366062022,0.056282688023103,0.122426706800484,0.426681545423658
2598,0.0195415808129468,0.0981880110635144,0.177451708973181,0.0265399124783655,0.124003509408961,0.554275277263032
2599,0.163909578616171,0.286507627573775,0.107627827048212,0.180501748219015,0.162719446518099,0.0987337720247283
2600,0.0637148076133146,0.0821924232991343,0.145776153483681,0.102639496532265,0.466581163814663,0.139095955256942
2601,0.0647594001330157,0.115176227414428,0.204853044329603,0.0704977556468482,0.116754740245307,0.427958832230799
2602,0.0315484969219482,0.116379696256303,0.166026341413694,0.0678951958808038,0.184157350959767,0.433992918567485
2603,0.0289451278696145,0.653761985674723,0.0258568295711854,0.020752938914336,0.195227432901693,0.0754556850684477
2604,0.0287763048284082,0.184430037354945,0.302159550377608,0.145892200899022,0.10687179597891,0.231870110561107
2605,0.0243036574465739,0.121551718590161,0.397918656412386,0.0487917469537114,0.10831133632695,0.299122884270219
2606,0.076284810196948,0.140898721776825,0.119800655598712,0.0919146171831915,0.23043301875717,0.340668176487153
2607,0.0135823834821254,0.0299981017144051,0.0650685398759817,0.0365681106295018,0.126456560178193,0.728326304119793
2608,0.260833448724166,0.170713507996163,0.0711272143482009,0.0991841871077786,0.227971478119288,0.170170163704403
2609,0.0314100631605009,0.0374658390088505,0.071393168784889,0.0809849832885188,0.45980013578546,0.318945809971781
2610,0.138652400070581,0.263253440664207,0.082752452188194,0.118275066844156,0.212276108838961,0.1847905313939
2611,0.0431751996747429,0.143122820939017,0.337671209315023,0.0573812118323483,0.0846145301490977,0.334035028089771
2612,0.060595015873829,0.270543569915946,0.10833814860833,0.038177583252679,0.140079913158943,0.382265769190273
2613,0.53328298704969,0.320067629048498,0.0357919355011418,0.050611636438091,0.0477974782586998,0.0124483337038793
2614,0.161616627822,0.109127551968265,0.0796538275391739,0.186196743462198,0.21585506424023,0.247550184968134
2615,0.482024566741955,0.268710069658576,0.113964169477363,0.0391868082775733,0.0664061116032856,0.0297082742412467
2616,0.0247769340964009,0.0576415501391023,0.167708619935246,0.0636725870909013,0.287023088821086,0.399177219917264
2617,0.281921764413253,0.33844874097443,0.158961773117806,0.0364426273475651,0.111678789815465,0.0725463043314813
2618,0.110380206420389,0.0922402941536015,0.0815508451393779,0.0730893132520814,0.426757234184005,0.215982106850546
2619,0.0151822573994593,0.0207982285353502,0.0200957864574468,0.0352653640019135,0.779476168919153,0.129182194686677
2620,0.0270049483860194,0.139677419459149,0.230709469390525,0.0393406033499453,0.251705957609849,0.311561601804511
2621,0.0449243478467529,0.117357924228684,0.0566411388007123,0.11149909773216,0.511057882645803,0.158519608745888
2622,0.0138558463635209,0.0242140917295676,0.0750538619667111,0.0303728081326975,0.0949857915496249,0.761517600257878
2623,0.182362479022145,0.296190587982952,0.0416536072505509,0.0660020841885173,0.324103865380589,0.0896873761752454
2624,0.0852869836168962,0.0600484547448685,0.118777035060131,0.139699124726994,0.1076373416899,0.488551060161211
2625,0.0566686662209261,0.140868108315112,0.610585861645373,0.036095631540031,0.0554121834174103,0.100369548861148
2626,0.028551459760091,0.0433371377646571,0.0887439164425519,0.0465775732031434,0.183532294323797,0.60925761850576
2627,0.0609849378880216,0.15828789708189,0.3285599930801,0.0540691300134711,0.133865852974221,0.264232188962296
2628,0.144903873045163,0.157891211026892,0.0489086585141914,0.251309581350057,0.253337617227802,0.143649058835894
2629,0.0362718982925825,0.265125728977242,0.06566504754939,0.0563717240685272,0.259228015178448,0.317337585933811
2630,0.0713601854970159,0.0798859367474934,0.0816024098058924,0.101101151431145,0.253085035978783,0.41296528053967
2631,0.0213391912503383,0.262712481136101,0.28952978615526,0.0373386836233124,0.187407296106875,0.201672561728113
2632,0.0205340894275709,0.041384420995768,0.0703427606844684,0.0403559940408659,0.195614526632089,0.631768208219238
2633,0.12871833479753,0.393272429290118,0.0710442170892008,0.0990758194527023,0.187213287054008,0.120675912316441
2634,0.0407466927105897,0.0973722129535134,0.304778601571211,0.128979697145256,0.156371950465864,0.271750845153566
2635,0.0536723779489833,0.121101980149265,0.053104985040786,0.0819821086791224,0.449275047309995,0.240863500871849
2636,0.0397318401011542,0.106119516548855,0.162356810996585,0.0788567499889418,0.367738335992739,0.245196746371725
2637,0.0320433739065625,0.0632182007127552,0.0443019724243084,0.0349677136281493,0.578338834263732,0.247129905064492
2638,0.119123446422319,0.0628625364021984,0.113152214846285,0.257739621571048,0.227156891836254,0.219965288921896
2639,0.088222797368708,0.0649486389041491,0.0706794174614145,0.136829555176164,0.516515303655899,0.122804287433665
2640,0.0263056364443151,0.0436437305528578,0.132549691763915,0.0590941047878938,0.109848677062656,0.628558159388363
2641,0.405224473971683,0.172309603528106,0.120741985449423,0.0937711098940665,0.117454634474346,0.090498192682375
2642,0.0478974205390219,0.0935998650086562,0.140339024517008,0.0570299137489494,0.226739072865154,0.43439470332121
2643,0.527116329289789,0.258194551540175,0.0262789281845872,0.0935306082281225,0.0703728514941582,0.0245067312631674
2644,0.0240059584393357,0.177278611800273,0.0742618231703905,0.0490828669776155,0.165294861354012,0.510075878258373
2645,0.0233946768613493,0.059544322971302,0.0519020598991921,0.0455641018945518,0.402025882971518,0.417568955402087
2646,0.0212601746145826,0.0606763642446041,0.138655821076789,0.1014550587203,0.112529336362664,0.56542324498106
2647,0.0972148722507399,0.0836071466070464,0.129561561915388,0.137256128836328,0.26689395353084,0.285466336859658
2648,0.216147815595927,0.240742568682019,0.251486412645006,0.0486427763462389,0.0907542545786057,0.152226172152205
2649,0.0477435539286731,0.0885277597153525,0.0960457519443134,0.0644997941142544,0.284328652972355,0.418854487325052
2650,0.0649520946922529,0.0622470697554466,0.193264523096004,0.0762838364564101,0.132029738528655,0.471222737471232
2651,0.0294764333559649,0.0587021405126078,0.0560741577733994,0.0646374276332972,0.51439833987498,0.276711500849751
2652,0.0283600438316799,0.256644295234236,0.0889521738899936,0.0605674284891386,0.234627425437306,0.330848633117646
2653,0.260708179175011,0.267906192033802,0.112503539849627,0.0599024539635985,0.130057428626806,0.168922206351156
2654,0.0264118594459832,0.0577207525057121,0.0738392468680065,0.0798493027826392,0.220732329645597,0.541446508752062
2655,0.560088359986753,0.180839745853511,0.0263675454190737,0.111429158350927,0.095444266651447,0.0258309237382877
2656,0.0408056136069693,0.0952378641561893,0.0756454988379077,0.0723048813606905,0.3816457408026,0.334360401235643
2657,0.0259872224912444,0.0822168230189832,0.2535908958432,0.0571797916369836,0.123520939188439,0.457504327821149
2658,0.197035934163503,0.162900341244306,0.237984112344824,0.0938629514590887,0.19322412601108,0.114992534777198
2659,0.238174257404599,0.133138057283176,0.109945388083821,0.282498651794438,0.133049139643176,0.103194505790791
2660,0.0143287055024498,0.0353305721695975,0.0575133652285095,0.0336935415967946,0.265823112973233,0.593310702529416
2661,0.0134887983650621,0.0488895437433452,0.143176170189893,0.044362182366222,0.128654904525277,0.6214284008102
2662,0.0144621066740221,0.0675708961902115,0.158456297505544,0.0265888161433945,0.103424823390018,0.629497060096809
2663,0.0209198783407931,0.0581087937115125,0.0788013168957633,0.0503685056647466,0.230370536472768,0.561430968914416
2664,0.041426269917726,0.100146634689795,0.0465839949796156,0.111131171496211,0.45320647853507,0.247505450381581
2665,0.270703822466928,0.301277032634237,0.104092805248166,0.0826991885602791,0.144143210785607,0.0970839403047843
2666,0.0389285255223578,0.0801148146557381,0.260886614458866,0.108993166903717,0.0946128512195263,0.416464027239795
2667,0.0512740438064999,0.202092286134322,0.425670362083209,0.0694929549002238,0.156077459362586,0.0953928937131588
2668,0.042548078400267,0.097377861363017,0.425574201821126,0.0776593432347163,0.108143782772145,0.248696732408728
2669,0.12002279547321,0.264530505373669,0.123986036516523,0.0379791585074794,0.11884223034713,0.334639273781989
2670,0.02975506274887,0.0806980100201491,0.190300226796334,0.0584340678098344,0.194839802884616,0.445972829740196
2671,0.0476863085530819,0.0844021512840807,0.0548497034666438,0.0944588393221814,0.311047525795387,0.407555471578625
2672,0.0178778421147833,0.141844495995684,0.139702847350334,0.0427132404006466,0.190047373476607,0.467814200661945
2673,0.345028064534898,0.264410819410798,0.0540596457425366,0.0978182375507734,0.163985391613386,0.0746978411476078
2674,0.0293301227366185,0.0408759662981134,0.0714605330854882,0.236226103463055,0.377264936298124,0.244842338118602
2675,0.678390074119171,0.143089616292479,0.0132382304774877,0.11196616140868,0.039571715015098,0.013744202687084
2676,0.0229098688022092,0.0534502514426612,0.0856598312011673,0.120832373832995,0.426221826335259,0.290925848385708
2677,0.10418822061711,0.211140427849925,0.321392964904629,0.0519358763957942,0.199478691140814,0.111863819091728
2678,0.0587302187014146,0.14780164967366,0.165507600200071,0.0840591447236961,0.292393655891749,0.251507730809408
2679,0.0148118393751355,0.0208293425208702,0.0444739440157359,0.0428199112256832,0.345007302257765,0.53205766060481
2680,0.0713557657192071,0.105704178488248,0.341765873794826,0.112083044701345,0.122964700523187,0.246126436773187
2681,0.0308077685939826,0.148110244177027,0.0922385902548024,0.0953778033588816,0.223210570062178,0.410255023553128
2682,0.035238251181474,0.0533875518202683,0.120950164165043,0.0991372582709604,0.209589511935629,0.481697262626626
2683,0.470076531691472,0.174005235074905,0.0491732219557383,0.122285630566173,0.148250207911527,0.0362091728001849
2684,0.0237142724502275,0.049037301763727,0.0558639017079456,0.0670798749319843,0.43313160958926,0.371173039556856
2685,0.24047375754533,0.17062231203678,0.145429279831131,0.0439023812704643,0.114672252996989,0.284900016319306
2686,0.0497310911054606,0.171866960849768,0.176513439972589,0.0845692760047164,0.179513021095784,0.337806210971683
2687,0.133607165576477,0.228768374347378,0.163882426290442,0.164829749965436,0.225147121021837,0.08376516279843
2688,0.062979435263446,0.141588048457736,0.101705021344652,0.212304043575285,0.342870074232317,0.138553377126564
2689,0.223241492714956,0.575470256933331,0.0344239608017286,0.038485059309185,0.0869507514949285,0.0414284787458708
2690,0.0223544837554699,0.0305721651743156,0.0351757299381996,0.225772832184873,0.533032886433905,0.153091902513237
2691,0.0559071941054498,0.286224347701923,0.121414234825759,0.0525271044897188,0.184682093368718,0.299245025508431
2692,0.0395648407517068,0.122953343507651,0.243281840243339,0.0714542240755431,0.164687075229785,0.358058676191975
2693,0.0819991566744052,0.0797777482770896,0.182259386941091,0.117605428839807,0.167444175077597,0.37091410419001
2694,0.0272686858624764,0.0312054888269854,0.0873300588859603,0.0808181465305951,0.259685528355086,0.513692091538897
2695,0.68296853697034,0.157081762262937,0.037779494506293,0.0589356877873891,0.044829881975547,0.018404636497494
2696,0.0411165340160028,0.155698464833663,0.393517840976794,0.0561800066016502,0.129864132896689,0.223623020675202
2697,0.0548339492821761,0.18015682305032,0.279721203413843,0.057603874328687,0.147482322671841,0.280201827253133
2698,0.036488481932595,0.0797346501858135,0.203893552630295,0.127453220746192,0.183191220555758,0.369238873949347
2699,0.0263166456636953,0.159218540210378,0.364045178359734,0.0453705824790482,0.0746262040527967,0.330422849234348
2700,0.0113208797263342,0.041508964653101,0.0474941763808464,0.0189166529794541,0.204849049513983,0.675910276746282
2701,0.0360853073861231,0.0817517278253771,0.184448551050619,0.0640069983667887,0.171187428383287,0.462519986987805
2702,0.455850572166567,0.188100678913384,0.140823573826456,0.0585053531866924,0.0863462440834809,0.070373577823419
2703,0.0743557563612842,0.0785829347495122,0.103669207047952,0.125820772102042,0.359815084952342,0.257756244786868
2704,0.0467663499952447,0.254640125760397,0.431174769993372,0.0822880396048217,0.0809278119570486,0.104202902689116
2705,0.0211986029892704,0.202812853448288,0.429851851466808,0.0377854191843559,0.0999279933025645,0.208423279608713
2706,0.0176704438291685,0.0980290697251184,0.16944188679013,0.178752951972341,0.151715924442574,0.384389723240669
2707,0.0187324947144778,0.0296959479741851,0.0273517454216734,0.0776222430949381,0.752191816860392,0.0944057519343332
2708,0.474355289367034,0.303987664487284,0.0434786042713563,0.0529875818784457,0.0900852345439552,0.035105625451925
2709,0.0685791922594899,0.170878779737381,0.203621068333616,0.0956305319139263,0.119087173659464,0.342203254096123
2710,0.0612797450171328,0.0990032359652678,0.222704113385801,0.103322939477112,0.163907997616091,0.349781968538595
2711,0.0844348190873028,0.119460333642322,0.182187660533141,0.0571347104136217,0.254965906443063,0.301816569880549
2712,0.15754487158335,0.10127341781189,0.0813703575739431,0.0912159548513817,0.413514851567732,0.155080546611704
2713,0.1754432461358,0.197356462672038,0.255369095994936,0.111225069981284,0.0912860862756709,0.169320038940271
2714,0.00975663196577835,0.0875510699291564,0.183589222650416,0.0414337794398789,0.0915008334534198,0.586168462561351
2715,0.0327306268783726,0.143125657151632,0.306653695357394,0.0785600946444514,0.224895015016221,0.21403491095193
2716,0.0219088381882395,0.0491923201708186,0.0623789682350079,0.0804849092945618,0.512958053587946,0.273076910523426
2717,0.0236134997373058,0.0645383707601103,0.0593713579581542,0.0584380134181278,0.287946929846695,0.506091828279607
2718,0.0441727525040232,0.120065982674697,0.232757295589411,0.13510395878813,0.182888320168641,0.285011690275099
2719,0.0596180536648899,0.154451360331711,0.225064240125308,0.087860153082493,0.252119006804568,0.220887185991029
2720,0.0983748321772535,0.0851429742067936,0.209688513100496,0.0916208287744722,0.229919216069955,0.28525363567103
2721,0.019059953036821,0.0537329345759798,0.103284346895993,0.0539820211206839,0.244290858295097,0.525649886075426
2722,0.267216608081378,0.510020456214143,0.114541260035199,0.0208693466902979,0.0582449107584604,0.0291074182205221
2723,0.0586913374263497,0.174891046817071,0.143812101222736,0.0738611138044718,0.160381069588409,0.388363331140962
2724,0.676543413496264,0.091587883081095,0.0346438782497867,0.108539671816958,0.0700080373482024,0.0186771160076936
2725,0.282455271992094,0.328862299786402,0.0468211074317793,0.175102139513303,0.106353956068532,0.0604052252078886
2726,0.0717404532032267,0.141944784820652,0.0814588948399039,0.185603025760691,0.405866786586392,0.113386054789133
2727,0.0345768976241293,0.0722552944944372,0.0977734496029196,0.103820998149129,0.358499778139169,0.333073581990216
2728,0.0361383519265062,0.0833358781605619,0.165303463260646,0.132888953415335,0.163360508833476,0.418972844403475
2729,0.283643780405283,0.241434498072089,0.0472702435298085,0.106681339987383,0.233697691895704,0.0872724461097321
2730,0.0348175215884136,0.042284352369694,0.144606493370074,0.0755285378887717,0.193067583418478,0.509695511364569
2731,0.178203673817674,0.181577998613178,0.0685564085278967,0.152685299406563,0.266802526660793,0.152174092973895
2732,0.0527901367784689,0.0971758718485504,0.301154077245122,0.0905741165513893,0.129082761372409,0.329223036204061
2733,0.0904643517794346,0.128158811381019,0.11661560056092,0.278203125701194,0.301034737574654,0.0855233730027789
2734,0.0101682802374358,0.874494368082295,0.0216250638696088,0.00361084291251805,0.0424362161291365,0.0476652287690054
2735,0.0183999758297832,0.321249664489377,0.188669433800296,0.0363807328368054,0.127380156028997,0.307920037014741
2736,0.0363011246952625,0.141743292471014,0.123292161899659,0.103224125047809,0.428920389566597,0.166518906319657
2737,0.147346023938237,0.103521872360297,0.256196579602473,0.195701314295583,0.123302209191951,0.173932000611458
2738,0.0343574288164082,0.0918063177983766,0.133136808164969,0.0475556278557706,0.0945462880251598,0.598597529339316
2739,0.159129691173629,0.350223576734448,0.152046026258008,0.0580278120863768,0.168836297087095,0.111736596660444
2740,0.229156220114729,0.306849558625705,0.067903013969006,0.105327790164877,0.105965295909404,0.184798121216279
2741,0.0516065942170887,0.269173865655355,0.150577314386068,0.0774289138807333,0.286229066909559,0.164984244951196
2742,0.0575407435654047,0.0831443046816756,0.0696667720517766,0.163487245681972,0.459269798791174,0.166891135227997
2743,0.199195438908389,0.209420980549724,0.127903720354321,0.0990067568567122,0.226530749629032,0.137942353701822
2744,0.0813158593172573,0.0709554146433638,0.0714607646291338,0.139335984874053,0.571413090287647,0.0655188862485457
2745,0.0333722246328162,0.193896429183189,0.275851050886225,0.100771742088346,0.146948376787548,0.249160176421875
2746,0.0461050639484935,0.131748993622481,0.154320812274957,0.0430669552143936,0.192850371097891,0.431907803841784
2747,0.0175812367352208,0.0305823484231708,0.0228504495057651,0.0247155927697799,0.688200846849878,0.216069525716185
2748,0.0240415250620656,0.0536926046967448,0.0765764808854712,0.061311529904182,0.582160659901437,0.2022171995501
2749,0.310257766560404,0.201078587578122,0.0781481299989654,0.17270653508881,0.171974610844541,0.0658343699291579
2750,0.0183164436169483,0.0820744013094939,0.406710760920628,0.0402447040345413,0.12875993682295,0.323893753295438
2751,0.277332063477524,0.211359917511507,0.0955151884497407,0.0625316627181592,0.282382815518018,0.0708783523250512
2752,0.0449803537055853,0.158286724138812,0.208174347468248,0.134794019970471,0.157266820230788,0.296497734486097
2753,0.09135137505392,0.0935965142971301,0.0386353029015551,0.15978280441101,0.555299128767184,0.0613348745692001
2754,0.0340035269851419,0.276956932936354,0.120607600644865,0.0375431552055404,0.228952978037092,0.301935806191006
2755,0.00712713505396927,0.0129066757437971,0.0405320996279705,0.0134915120361572,0.0977115624800063,0.8282310150581
2756,0.0215896797823343,0.0469189252903207,0.086247552065355,0.055697098265248,0.0890905835295059,0.700456161067236
2757,0.0139782531145457,0.199714479403553,0.0469683093737182,0.0671173592996408,0.269013859874796,0.403207738933746
2758,0.10578801844256,0.311240556674588,0.172496680240413,0.0367502159394169,0.183431601030492,0.19029292767253
2759,0.0337410878769735,0.216691492599471,0.064581048293923,0.0250981035813701,0.209854259367204,0.450034008281058
2760,0.593340330082441,0.113292629966749,0.0371769793592337,0.180867996574229,0.0604937228827437,0.0148283411346035
2761,0.107856355896265,0.138651275664326,0.0697339713157993,0.150378522144405,0.388439524652508,0.144940350326697
2762,0.0230240342369906,0.115535170491367,0.159642045508709,0.0390046073315362,0.278881761364522,0.383912381066874
2763,0.0579917523397945,0.202460921751713,0.333836917492756,0.0623211002706994,0.133173169106685,0.210216139038353
2764,0.0590738097550735,0.0578894367097119,0.183016592718775,0.0587111377800958,0.141121332685641,0.500187690350703
2765,0.0202078691360656,0.199032882880372,0.240257963512038,0.0367519540682745,0.140638409735454,0.363110920667797
2766,0.0472042921749466,0.174101956943634,0.0893848875045005,0.0587628242428866,0.264063393044696,0.366482646089336
2767,0.0666069337567084,0.124557166340864,0.199041250090374,0.139896999781717,0.151482104020413,0.318415546009924
2768,0.0632209645907651,0.337595120875594,0.403328097446309,0.0360887596262255,0.0570912802275053,0.1026757772336
2769,0.0621878784921608,0.369749225349322,0.148115322239855,0.0731631964017538,0.200132077248899,0.146652300268009
2770,0.0167578385755731,0.0684041402012148,0.151097289946672,0.0648879661523754,0.139184014552699,0.559668750571466
2771,0.0375356122912639,0.162577912933957,0.527513061262109,0.0739484366281924,0.0808393046340234,0.117585672250455
2772,0.0700181607334407,0.121191610248198,0.107726562859467,0.17184442739312,0.35312873089132,0.176090507874454
2773,0.118338538975279,0.324085774344472,0.110594297444916,0.0929771744404256,0.198365800001591,0.155638414793316
2774,0.0647881677887789,0.432099211911957,0.0769512652393699,0.0505047062119711,0.164143833827393,0.211512815020531
2775,0.014924268570672,0.0420908943931188,0.0913884593855129,0.0329629890939537,0.129425532620655,0.689207855936088
2776,0.0229493367596686,0.049950545333471,0.0831163208545923,0.0907973586104103,0.257977452327791,0.495208986114066
2777,0.0145206703272381,0.0289339458057141,0.0737364099164182,0.0322376758070494,0.0753088589036693,0.775262439239911
2778,0.112513856290414,0.125783346847422,0.14427932344169,0.0951371054327905,0.157859285342881,0.364427082644802
2779,0.0462367923186095,0.0795124125191719,0.321632073945771,0.156703132801597,0.134729806610776,0.261185781804074
2780,0.0404657409552966,0.195578724264161,0.327254870515829,0.0556097191095415,0.112608808387567,0.268482136767605
2781,0.0178047248221921,0.0366273526373397,0.0535781501755076,0.108253732560106,0.502417896661334,0.281318143143522
2782,0.0268387220424367,0.0766828125502592,0.189898892319004,0.0554014443917714,0.119073944513682,0.532104184182847
2783,0.119606506490763,0.433964169953247,0.121327719441055,0.072002422766884,0.174103250050946,0.0789959312971041
2784,0.117406716985924,0.232393447800037,0.0446277243143828,0.155908361958475,0.375498239548157,0.0741655093930234
2785,0.00843880940471215,0.0213925906315054,0.0523996165340733,0.0541963153489366,0.184429564325028,0.679143103755745
2786,0.0256508181485849,0.0793967165375221,0.0739686805409096,0.0887581266983146,0.348522404991753,0.383703253082916
2787,0.0156918046410702,0.0357689662972552,0.0722461557437521,0.0252433003639912,0.120769434293594,0.730280338660337
2788,0.0380538527546561,0.112176393610421,0.195731978961005,0.0707734324058965,0.139063547588968,0.444200794679054
2789,0.0661581244213393,0.085161264309445,0.29261605457759,0.113429084649571,0.195473801587162,0.247161670454892
2790,0.0929559805255178,0.125603755731651,0.0613792915956582,0.147089992453227,0.318276016422406,0.25469496327154
2791,0.371191112763728,0.125694805099672,0.0441040550408087,0.172108910052687,0.216289469888237,0.0706116471548668
2792,0.57902462266111,0.265053029262715,0.0180800369978801,0.0391359223161204,0.0779069166344943,0.0207994721276804
2793,0.0236365683337213,0.0983638959775541,0.0723774957775871,0.0578250438099909,0.358241690545406,0.389555305555741
2794,0.492931955544542,0.286381367632232,0.0408634975051994,0.0334185125855475,0.11605530934878,0.0303493573836988
2795,0.464576209172878,0.0962629472583586,0.0390893048657093,0.256466042862733,0.110022321726263,0.0335831741140574
2796,0.0248688800367453,0.041175196241815,0.116526403319772,0.0417844922950812,0.14908976949488,0.626555258611706
2797,0.0610069624094434,0.0823986222205847,0.112453809599491,0.140506174738304,0.239879553985553,0.363754877046624
2798,0.0263076334943402,0.246021169106101,0.165442038795461,0.0187029164822073,0.216424968689297,0.327101273432595
2799,0.165199787840955,0.200520517189758,0.247467242567703,0.0667622785160216,0.15354914976252,0.166501024123042
2800,0.0230278853743083,0.0259087988153534,0.0430429613652008,0.0546173173570764,0.134663885072154,0.718739152015907
2801,0.0163240700485184,0.0248198483430247,0.053609777357409,0.0379770741965435,0.354110450770333,0.513158779284172
2802,0.0425289871561763,0.0749103927515686,0.0855532625050547,0.132654554200426,0.167771333243028,0.496581470143746
2803,0.0534299958229811,0.64480565515307,0.0609501495189634,0.0137531377810702,0.121906787241052,0.105154274482864
2804,0.0402303831464796,0.108800744434756,0.146018844201899,0.118900264263056,0.2633528617613,0.322696902192509
2805,0.243105488716828,0.148247222880272,0.282071035685358,0.0842239225569153,0.130618174427676,0.11173415573295
2806,0.0994020653687989,0.0962812764109085,0.0823820344856351,0.231414719332377,0.280605387558328,0.209914516843953
2807,0.106721638161594,0.156555843669866,0.197730909336093,0.0712197579958111,0.153400700669142,0.314371150167494
2808,0.0132318844127905,0.0353864476810532,0.0688715593915677,0.0454762430007161,0.169768489269617,0.667265376244255
2809,0.0587324715786615,0.0945734491225815,0.332239298881477,0.109808178587614,0.0853674046963682,0.319279197133298
2810,0.0166146676836716,0.0288551463291843,0.0502929508514987,0.141845331224889,0.421667202760305,0.340724701150451
2811,0.0223565397157716,0.156784132632709,0.237371599963077,0.0718213019479036,0.140568364902999,0.37109806083754
2812,0.341819355920746,0.325063806889568,0.130692910743863,0.0768401156414596,0.0772913335253094,0.0482924772790537
2813,0.076415498216032,0.141999740682735,0.12717821577885,0.114270398485074,0.267234512963549,0.27290163387376
2814,0.0214732544210376,0.227780685441702,0.205036263719352,0.0512228250207575,0.176079439200627,0.318407532196523
2815,0.0540501210936012,0.0927469630124542,0.186751008390248,0.0507864646847978,0.138998310914524,0.476667131904374
2816,0.238724630509105,0.208331633361596,0.313228870577538,0.0894891481709587,0.109024499972732,0.0412012174080709
2817,0.0635872387106421,0.388476531488899,0.0809427253710043,0.0592985965065281,0.183580452886643,0.224114455036284
2818,0.212439041193438,0.369795243749993,0.184148250029526,0.0355022981988339,0.078157548940432,0.119957617887777
2819,0.436448707109234,0.376191624902171,0.0276426552270422,0.0509791102850594,0.0746647463943523,0.0340731560821406
2820,0.352626055556224,0.23723527620885,0.279927367577359,0.0424807886139341,0.0568678535340177,0.030862658509615
2821,0.0161020663739971,0.0546755427299697,0.0472514034672366,0.0290315929552337,0.331519926283729,0.521419468189834
2822,0.211298860547653,0.251483379357136,0.133299320125462,0.0653210081051045,0.214482152875653,0.12411527898899
2823,0.0733677337302344,0.113830249199092,0.103941692373311,0.0948050183965324,0.246415096165708,0.367640210135122
2824,0.0273305836127025,0.145890978431971,0.182168778063284,0.0487565573519892,0.200034587482574,0.395818515057479
2825,0.0175738151099908,0.141629927658988,0.238168306398997,0.0539262355322711,0.0987032356991989,0.449998479600554
2826,0.045820414185655,0.185395015157582,0.0804871248746679,0.0675357078196281,0.400297416504767,0.220464321457699
2827,0.187769833805114,0.433573396852955,0.102242148106993,0.0262767587722761,0.119016301903435,0.131121560559226
2828,0.0295499187124161,0.154870610570844,0.0978778874630263,0.0618764786115044,0.328384526420935,0.327440578221275
2829,0.0183536161310759,0.0399781268800308,0.0471164843286351,0.167287637245074,0.617662810299319,0.109601325115865
2830,0.0170713134286187,0.0378230323817986,0.137368357471867,0.0484756336272149,0.162839591940879,0.596422071149622
2831,0.372184703518914,0.418160790496898,0.0873713878811281,0.0373402801544128,0.0466976591961158,0.0382451787525311
2832,0.0240365401799849,0.379403687860231,0.206196536344851,0.0224187614720593,0.131832547689292,0.236111926453581
2833,0.15573713766304,0.102265961335777,0.109112867067878,0.104590661772097,0.315318075767838,0.21297529639337
2834,0.0303050070252413,0.0835599545272059,0.11537842027153,0.0703698483802221,0.182964355491357,0.517422414304443
2835,0.219594948784099,0.312534093783881,0.0467919395222707,0.120221365669682,0.167692819566219,0.133164832673849
2836,0.0246486375713069,0.0613483448675096,0.0643177335639532,0.0624164139615882,0.250613177555458,0.536655692480184
2837,0.0320839907680692,0.262203478052483,0.333136479763242,0.0663044651887436,0.155896095326823,0.15037549090064
2838,0.189473722241616,0.169347913268392,0.220498891274453,0.131988838096624,0.0961914180641327,0.192499217054782
2839,0.182491263187371,0.210445616254051,0.153606361297102,0.123068777979699,0.174456027540933,0.155931953740845
2840,0.187743956153395,0.0914558546972853,0.122317404740985,0.178530021236866,0.260708442281794,0.159244320889674
2841,0.385030799843166,0.132696449461366,0.0964768663717436,0.104057591323865,0.159432936900267,0.122305356099592
2842,0.0133154572452714,0.0379589171293345,0.0455228360772768,0.051567285497102,0.366703844045705,0.48493166000531
2843,0.182448897235021,0.118515160629951,0.15027597633124,0.233638738649717,0.123000929921344,0.192120297232726
2844,0.0290720966399502,0.0602690937998357,0.652159286759854,0.0402777924124264,0.0489811057722849,0.169240624615649
2845,0.200594620287305,0.327569965585006,0.148073068658912,0.198240348787117,0.0999414685199385,0.0255805281617214
2846,0.0289450115781746,0.0414526408926699,0.0642597318246548,0.0425720565333551,0.307565059957056,0.51520549921409
2847,0.0131509309496612,0.0347950806388299,0.0388984480813824,0.0412043719496513,0.40865677078422,0.463294397596255
