"CUS_ID","F20-","F30","F30+","M20-","M30","M30+"
2501,0.0691469366067069,0.492511945034215,0.109999654836565,0.0207555255179211,0.165793671151032,0.14179226685356
2502,0.0483484543213254,0.176389650193471,0.168873338698123,0.0912838973254736,0.346649270241636,0.168455389219971
2503,0.0355872786195432,0.514256061039326,0.0304222374155797,0.0306801696702289,0.329684220460013,0.059370032795309
2504,0.438156126198286,0.131761712563273,0.112906959435568,0.177849267064641,0.0617183901777508,0.077607544560482
2505,0.0529082319227731,0.170562004332568,0.142787029348049,0.0538501680843914,0.135285866353836,0.444606699958381
2506,0.0110060581927604,0.342134840546144,0.0933558408063978,0.0204261034291351,0.276284039626,0.256793117399562
2507,0.00886045468223997,0.0257955291768049,0.100426089521096,0.02582852306967,0.200180699744683,0.638908703805506
2508,0.00489086045494948,0.0324589513659851,0.0213904446529789,0.0254099918446923,0.534092246715438,0.381757504965956
2509,0.0350274908252505,0.0383405289209361,0.179260186877969,0.0409608879409343,0.12450701342383,0.58190389201108
2510,0.0113932031122503,0.0845846283102712,0.055991891845327,0.0253021589030587,0.368069931846213,0.45465818598288
2511,0.667338380666402,0.107720098216968,0.0718850406205454,0.104600579373219,0.0308137239694079,0.0176421771534581
2512,0.0383772263447607,0.150981078522442,0.0477585757541238,0.146575211093835,0.516286781032512,0.100021127252326
2513,0.00698683483495094,0.0250039412136336,0.061435810670552,0.0237583465690607,0.319290132767141,0.563524933944662
2514,0.101876925986277,0.536370990477063,0.0545182385017194,0.0285067473729714,0.229821796664347,0.0489053009976233
2515,0.011170903206956,0.0478650198325331,0.0825255021063504,0.0295586179618438,0.220952694232918,0.607927262659399
2516,0.077856299652403,0.098244687594349,0.0596990723037962,0.209676123914896,0.348079489140579,0.206444327393976
2517,0.0211073336174565,0.442657009705434,0.114378778322224,0.0125420540830416,0.204440605624129,0.204874218647715
2518,0.477502458477535,0.210690605662454,0.118995338277392,0.0630752559260273,0.0655331189213593,0.0642032227352333
2519,0.0504513492208191,0.862883881335998,0.0161007116619159,0.00685984726492051,0.0459567231053416,0.0177474874110052
2520,0.0284667892658746,0.0525710778232068,0.0194241279552096,0.122383513579719,0.582462915037417,0.194691576338573
2521,0.00985738224013589,0.0486456427580834,0.2439279331385,0.0239399236227243,0.107912443739982,0.565716674500575
2522,0.31085583101876,0.218042275091147,0.181594820687511,0.07904922925081,0.128122087213318,0.0823357567384538
2523,0.0514782330195723,0.38222190154304,0.0705149712133314,0.0134911843616731,0.337312664862461,0.144981044999923
2524,0.0255876201146543,0.11261889938525,0.288200407440463,0.0418489413514435,0.0821893428686691,0.44955478883952
2525,0.100047865650804,0.0732097778544606,0.0707812967912368,0.39381256179202,0.271261169942781,0.0908873279686979
2526,0.115833836844449,0.249069825806854,0.0686337736530584,0.0904548868874994,0.332517079771849,0.143490597036291
2527,0.55857205779656,0.150273494903291,0.0930529693584845,0.0531194976134015,0.0815899773707988,0.0633920029574634
2528,0.00380318679129099,0.012960314001101,0.0416240033520708,0.0336035453504922,0.155500940766363,0.752508009738682
2529,0.0805342890433325,0.127318106055851,0.263506062105245,0.0623304876106707,0.132428488993151,0.33388256619175
2530,0.0032898189187572,0.0107734137749442,0.126611434463624,0.0154266132076465,0.0935939541088811,0.750304765526147
2531,0.0295829179908535,0.165608896876326,0.101985460616023,0.0781314295918955,0.402150436081605,0.222540858843297
2532,0.0300662118090594,0.202038802400203,0.144351912026356,0.0512958573209578,0.256100275574295,0.316146940869128
2533,0.00103330668537305,0.00421012633514971,0.0397008517660459,0.00480939405820932,0.0231442262702886,0.927102094884933
2534,0.213661801749163,0.0775814641420769,0.0727415639188912,0.475419768045374,0.0775317316000158,0.083063670544479
2535,0.0522072107597703,0.111020868923504,0.177356162538327,0.0367009458163753,0.168137457607262,0.454577354354762
2536,0.14378346099273,0.255893281393011,0.0994803359452546,0.0647611622225048,0.208247892516032,0.227833866930467
2537,0.0307138394962843,0.799202272015574,0.0731358279600374,0.00541540592639744,0.0603861542725639,0.0311465003291433
2538,0.233192583338057,0.102458127048907,0.0663823406083724,0.124362776411603,0.305671323576361,0.167932849016699
2539,0.174529306355914,0.265384576176644,0.246046773207201,0.0436662847250911,0.142795532770045,0.127577526765105
2540,0.340824459394725,0.125698384857789,0.0364198332507571,0.20529799305101,0.242352575555889,0.0494067538898299
2541,0.120304911455509,0.0512223030273697,0.0129132896941486,0.48924952771132,0.290230475263158,0.0360794928484953
2542,0.0695724514619851,0.489954596995711,0.038928709702497,0.026211409517312,0.344243424960416,0.0310894073620788
2543,0.00846458761720609,0.0208395978190554,0.0808273964074112,0.00608743062521322,0.229760163170741,0.654020824360374
2544,0.0984185853261155,0.139849466739904,0.123971966822048,0.205713400707271,0.161035746575207,0.271010833829455
2545,0.0388257666385001,0.300315566044586,0.0632978861424523,0.0182704215344415,0.398894101879834,0.180396257760186
2546,0.0321670492853622,0.0422339262787877,0.0177693684765938,0.2410380534146,0.584887520415223,0.081904082129434
2547,0.0458510831646162,0.115032954845531,0.428314024666692,0.0328519966070389,0.128849710025132,0.249100230690989
2548,0.0632608758041071,0.0685328976247255,0.0773774410541351,0.211354263150452,0.494132886099516,0.0853416362670644
2549,0.00872626127367923,0.0558433810661894,0.0310268039872159,0.0374805630136523,0.352499875349864,0.5144231153094
2550,0.0146635332387344,0.0224962524512817,0.0187810776547161,0.207184016764698,0.535087645096763,0.201787474793806
2551,0.24321194135754,0.240405855383274,0.0359933295088068,0.174911713995822,0.18867285544543,0.116804304309127
2552,0.134732139966422,0.361702640200235,0.186446976408831,0.0372116209608458,0.145128171672593,0.134778450791074
2553,0.49775071196227,0.198134379267323,0.0418828380799064,0.101414976494651,0.136599867083073,0.0242172271127763
2554,0.109171747027469,0.207873031413078,0.109151809788274,0.123717510081425,0.373824324658594,0.0762615770311612
2555,0.0110284138333435,0.0814566089458456,0.0589581796521475,0.0342223240520333,0.653952458256556,0.160382015260074
2556,0.0756377804147965,0.297877033899921,0.309051012152211,0.0388257221429337,0.146587848443577,0.13202060294656
2557,0.351723048363681,0.183907183962168,0.360463381314732,0.0364346757929458,0.0482982139555588,0.0191734966109139
2558,0.0292878484960581,0.0648865280319187,0.743414629620711,0.0254126480970321,0.0582582608329516,0.078740084921329
2559,0.0793882077552693,0.471210896732071,0.144343108820777,0.0239121489010838,0.105273210581659,0.175872427209141
2560,0.0077588497165211,0.113036587981928,0.103729364880136,0.0204771814123783,0.21374727594608,0.541250740062956
2561,0.0137716168823404,0.0618372050802417,0.190606262225387,0.0075538752629531,0.142891061378469,0.583339979170609
2562,0.290681503011832,0.358898424620827,0.038224250839296,0.0456217982691056,0.243117722431643,0.0234563008272962
2563,0.368701498631621,0.136566425543099,0.245981900052536,0.0797981323096492,0.0876057176683714,0.0813463257947231
2564,0.13705826319898,0.0647678767068986,0.0798857493474781,0.414839132244961,0.136478918528054,0.166970059973628
2565,0.0301861466644603,0.107004654069403,0.0929438196525471,0.0452557511805475,0.212932192165134,0.511677436267908
2566,0.0113375231143705,0.035702760990956,0.11176416801349,0.0755881216843391,0.347142890723838,0.418464535473007
2567,0.0306912502950954,0.13938011785419,0.124655209253109,0.038140956202606,0.169964075039658,0.497168391355341
2568,0.00908005604565581,0.0508129739397375,0.0685592741556694,0.021257739119,0.314153318132218,0.53613663860772
2569,0.0317503705104764,0.0859014933675995,0.180641071811976,0.0139976067108111,0.137579594452382,0.550129863146755
2570,0.0198407672983866,0.644605018278295,0.0835153101257711,0.00695320676191171,0.115664483912679,0.129421213622957
2571,0.0873165935597481,0.0895521475207202,0.0209352936955339,0.298104395960499,0.353761367187272,0.150330202076227
2572,0.0696680232519693,0.0549944489903902,0.371204620603081,0.100307096711932,0.112376458207024,0.291449352235603
2573,0.0654056510796262,0.286858800481604,0.069769568151102,0.0252608625701179,0.311980337686233,0.240724780031317
2574,0.0248736932574317,0.0523432579671673,0.020961169037311,0.42524641236244,0.396884969612816,0.079690497762834
2575,0.0188908039087832,0.0279652556002851,0.0149277718943011,0.135046378406279,0.683317432212952,0.1198523579774
2576,0.312294386489251,0.345236030765303,0.124114602621105,0.0820577248937969,0.061968516044355,0.0743287391861897
2577,0.0422965015375772,0.22438593496279,0.334455342326433,0.0253788187955057,0.162819467801673,0.210663934576021
2578,0.00106093089334857,0.00537182630764447,0.0248307864376556,0.00617304815120393,0.0780251080091217,0.884538300201026
2579,0.298850997986442,0.205849178899782,0.255551354598281,0.0556575897760212,0.105001154582425,0.079089724157049
2580,0.0519374311055654,0.310884194540043,0.153191364731546,0.0173723184966535,0.224066624864621,0.242548066261572
2581,0.00356771929176145,0.0317534431847595,0.0791299582003607,0.0609659061913341,0.420870571622716,0.403712401509069
2582,0.167526062933672,0.463816102436227,0.0912191212034311,0.0338052176982017,0.176261352237184,0.0673721434912847
2583,0.0683312995408313,0.55050417681242,0.175245783257948,0.0192316671802707,0.0905561244469531,0.096130948761577
2584,0.296418689976197,0.537452549497222,0.0473904202440395,0.0216337137514894,0.0744660871383885,0.0226385393926633
2585,0.0150755310411612,0.063581489767696,0.0442508337957071,0.0577255558668672,0.540675668871245,0.278690920657323
2586,0.0375276334380056,0.302300941221209,0.102626705881406,0.0301048939877241,0.232834065689692,0.294605759781963
2587,0.20924121642538,0.0625688867788709,0.0366365310222385,0.356494628579828,0.239585467326672,0.0954732698670107
2588,0.0470108170798104,0.0269416649192816,0.0138860564402405,0.278694260482378,0.519257148192042,0.114210052886247
2589,0.0572271218942573,0.0906174489189831,0.0382982695669467,0.162435410113539,0.56915088840321,0.0822708611030633
2590,0.0178711331741913,0.0779164070257697,0.150948110279444,0.0805455088021363,0.226104942809824,0.446613897908635
2591,0.0841375460572698,0.111305065782197,0.352714816889347,0.0218278281742324,0.0655545853754987,0.364460157721455
2592,0.0130205233224911,0.0340905920628439,0.0109984453786056,0.167153059899758,0.636689832992685,0.138047546343617
2593,0.19364785045163,0.18129000481072,0.0665368988362948,0.140145234078162,0.330127843031433,0.08825216879176
2594,0.0294976807717919,0.0676752903082548,0.0530673583000708,0.03190476199998,0.427822144689964,0.390032763929939
2595,0.109565725195144,0.0906862466786159,0.248312148144688,0.251838977121653,0.130159462022679,0.16943744083722
2596,0.791245609386506,0.0534046680145291,0.0101090615800429,0.115795202208017,0.0256126351248003,0.00383282368610539
2597,0.00684765803940025,0.0318788775032483,0.188268355864202,0.017153228493886,0.129379087206761,0.626472792892502
2598,0.0132725844538542,0.0973196381302635,0.0976025934989957,0.0132085754861724,0.173922403450464,0.60467420498025
2599,0.250897520311868,0.254661285369319,0.0685559438759073,0.182303045845448,0.171420922698756,0.0721612818987026
2600,0.00570168660671356,0.0325547698338729,0.0567334974440568,0.0226813861436597,0.80400679217726,0.0783218677944367
2601,0.0210922063570577,0.0557785618703003,0.205489399357154,0.0167721142206641,0.108970162511079,0.591897555683744
2602,0.025788653988986,0.101536727293823,0.0980586373116755,0.0350306196862416,0.226708277112658,0.512877084606616
2603,0.0361594085191003,0.550137562437258,0.0391530942848867,0.0228508353474265,0.294213945633367,0.0574851537779613
2604,0.0560135722846487,0.112533726150004,0.333927042743168,0.172304957194592,0.0940178777212667,0.23120282390632
2605,0.000655264175967057,0.0412281812137241,0.198254867881521,0.0168007452105114,0.27658404523478,0.466476896283497
2606,0.029706024351541,0.0806977107278588,0.122098537062187,0.0285343091070889,0.181840662689805,0.55712275606152
2607,0.00958479747217648,0.028125069739219,0.0682337645232053,0.0293640329123632,0.138718009666687,0.725974325686349
2608,0.213992057336427,0.197986979791256,0.0686332954186791,0.160045843629341,0.209546744676593,0.149795079147704
2609,0.0188171309627579,0.0489665520258491,0.0457647377954504,0.114927100614655,0.451806360605968,0.319718117995319
2610,0.0972823793460994,0.214024769044104,0.0543637033632276,0.164204193324309,0.315387952681834,0.154737002240427
2611,0.0272590366642899,0.0983437531109099,0.20442834704834,0.0384986998272725,0.0816791789031851,0.549790984446002
2612,0.056368622390439,0.266824973330518,0.126864507273906,0.0377973038715868,0.179626665054798,0.332517928078752
2613,0.481691008042892,0.326928904408907,0.0472216245891024,0.0594963659731926,0.070824493094631,0.0138376038912751
2614,0.121313365935611,0.111406374527685,0.0774556094207397,0.132847074943796,0.316380148311628,0.240597426860541
2615,0.494306674594518,0.219543769344798,0.134515647498914,0.0483446480148217,0.0597508058864331,0.0435384546605151
2616,0.00836702287644178,0.0554147599970745,0.0716148453074947,0.0510090048998412,0.476451699816256,0.337142667102892
2617,0.217342873615651,0.334087213928906,0.231843587007819,0.0371168022748114,0.121009318536691,0.0586002046361214
2618,0.0714036798159227,0.0760077842870921,0.0864118676509019,0.07503048362111,0.432049731345056,0.259096453279917
2619,0.0299041436523326,0.0314015944370358,0.0150776926447637,0.0950497279557798,0.678734080563308,0.14983276074678
2620,0.0144724568249309,0.114213565318513,0.26953592022354,0.024879977482278,0.287248645770428,0.289649434380311
2621,0.0261923909099863,0.0780188595396641,0.0233707776082513,0.0991560755977923,0.699447422326107,0.0738144740181991
2622,0.0016331303141661,0.006118574249919,0.0162943491876471,0.00814776376568386,0.121821078752839,0.845985103729745
2623,0.296815830901494,0.221023236181494,0.0395256521045537,0.0981014699274975,0.29215902947733,0.0523747814076298
2624,0.0102782193222411,0.0328877973490959,0.107672204922885,0.0240352370634743,0.127188675904497,0.697937865437807
2625,0.112899300534489,0.220070874113305,0.509621508774556,0.0293603840289579,0.0610676485580424,0.0669802839906497
2626,0.00432256214567485,0.0182223125157809,0.0440232233792304,0.0160540614864636,0.186650411259762,0.730727429213088
2627,0.0821318583694799,0.158079484540041,0.40052021315129,0.0220527502955824,0.129829377476682,0.207386316166925
2628,0.116924648942417,0.165761563767466,0.0556388381322088,0.327514878723626,0.27368783817678,0.0604722322575024
2629,0.0256047204336924,0.221346650023589,0.0604453942583943,0.0307056592193873,0.378061423388512,0.283836152676425
2630,0.16839299167793,0.101006291253776,0.130010317095014,0.0817256376722153,0.236587625641176,0.282277136659889
2631,0.0182999847577364,0.235384720363849,0.178513944781148,0.0216768420619156,0.318252187754664,0.227872320280687
2632,0.00442220739258539,0.0168150649606525,0.0597741211294542,0.0176661197260178,0.159567994354552,0.741754492436738
2633,0.115303922031214,0.388191445217142,0.0786275030095347,0.075097578195486,0.243291059205408,0.099488492341215
2634,0.037038084473691,0.0986972150555207,0.23577615666272,0.0701751619103266,0.163444532524517,0.394868849373224
2635,0.0301653968434455,0.0954522751082109,0.0664326696363115,0.0400498122933385,0.582436528138537,0.185463317980157
2636,0.0393852515705547,0.069145459029413,0.143356794958842,0.0674315276920693,0.300325484482419,0.380355482266702
2637,0.0145299043285548,0.0734093487248229,0.0202741735587354,0.03540754686272,0.698337629679531,0.158041396845636
2638,0.0621406397847903,0.0437517298922754,0.0844457359619742,0.26711029699941,0.148141181365811,0.394410415995739
2639,0.128140603082157,0.0638117335191333,0.0534248385816594,0.394169857008894,0.272654585368397,0.0877983824397599
2640,0.013928056649113,0.034062644024941,0.0498354730036691,0.0216665468672851,0.13622556500726,0.744281714447732
2641,0.242894337741241,0.186524253367338,0.156816400046066,0.117072234779774,0.161090769316165,0.135602004749416
2642,0.00840756722451751,0.0713107299233207,0.0962464439077651,0.0224360495939974,0.24671037614105,0.554888833209349
2643,0.392154934632447,0.353424695389344,0.0250722129839504,0.11920146880551,0.088122166815464,0.0220245213732835
2644,0.00548905628099483,0.125617771124195,0.0416940638496743,0.0126504117674036,0.295540409575119,0.519008287402613
2645,0.032444042508112,0.0700424809802835,0.0361049309604577,0.0717828605651333,0.33355601828975,0.456069666696263
2646,0.00265637479982021,0.0166688247910043,0.0841398810117086,0.0134731126479134,0.0539765396613145,0.829085267088239
2647,0.0649431519316459,0.0945662327601846,0.103937184726777,0.101721244011705,0.28307630589873,0.351755880670958
2648,0.116770672323908,0.230740721951736,0.569165183668441,0.00909995754612729,0.0226020900012889,0.0516213745084979
2649,0.032174454818896,0.0465154266137844,0.0751862759669018,0.0495609648923621,0.213289549781287,0.583273327926768
2650,0.0551563766204775,0.0297996463629702,0.21201919831149,0.0556921006557385,0.102501636181798,0.544831041867526
2651,0.0169415289969083,0.0771938473927358,0.0458237431183253,0.0515314970417338,0.533223792149371,0.275285591300926
2652,0.0148220788465666,0.133213091389349,0.0521893349016437,0.029990534999614,0.504578185317218,0.265206774545608
2653,0.268870373074559,0.223454142847302,0.113977148655881,0.0692959678430146,0.190805550808623,0.13359681677062
2654,0.003485016320455,0.0418218999089814,0.0702294214652205,0.0368626156398626,0.163524810684177,0.684076235981303
2655,0.484492036471444,0.20758769084233,0.0568509448633211,0.094788264473905,0.128972431619213,0.0273086317297873
2656,0.0114097781436218,0.0664826507592389,0.047944241118471,0.0291049609631056,0.484010238437133,0.36104813057843
2657,0.0114984053934908,0.0357706285003891,0.174534877987686,0.0149301147683424,0.105751228138871,0.657514745211221
2658,0.153175614085301,0.137916419306065,0.135238347219739,0.34701289050124,0.12651040541929,0.100146323468366
2659,0.185792057462314,0.0723790296847756,0.0654731159095648,0.562915554150217,0.0580493561335739,0.0553908866595545
2660,0.00863916289716745,0.0384659660601978,0.0502835521095549,0.0266202604220074,0.269009641971389,0.606981416539684
2661,0.00454690564014246,0.0226548042447964,0.0980712196341173,0.0129496965435346,0.0761796675073937,0.785597706430016
2662,0.00504777206225746,0.0485403386481469,0.10436273680589,0.0116867191135546,0.126617418296542,0.70374501507361
2663,0.00714716737054858,0.0337358019826965,0.0506408768722166,0.0350535910410828,0.361707782920141,0.511714779813315
2664,0.0350245755579579,0.122754284861347,0.0282352226441161,0.0754167468916624,0.58572705602822,0.152842114016697
2665,0.249211908918854,0.269426545280124,0.144239520479971,0.0615650730311836,0.172043119364929,0.103513832924937
2666,0.00141785837720486,0.00453736413204188,0.0519039689045315,0.00325610011714449,0.0108350223536714,0.928049686115406
2667,0.0681078123832593,0.137412327665352,0.424992333818805,0.0570764554088697,0.185397474817535,0.127013595906179
2668,0.00837609938320799,0.0605410416866726,0.399067375550884,0.0107744279449109,0.103643740888228,0.417597314546097
2669,0.0649298776754564,0.214749499711257,0.131363720207588,0.0318043642492453,0.197787196007669,0.359365342148784
2670,0.00979817249450349,0.0531852453315449,0.154567944725385,0.0197210949664657,0.177363467723071,0.58536407475903
2671,0.0291890354394433,0.0845546899316725,0.0573602959564162,0.0946586108989075,0.337033165368223,0.397204202405338
2672,0.00465502369410611,0.0372657432108097,0.127381212568882,0.0127244317546432,0.171983097856381,0.645990490915178
2673,0.319016480496622,0.268863704604639,0.0661585239207083,0.128666013323049,0.169409218628995,0.0478860590259859
2674,0.0195901481972482,0.0457185303888411,0.0716114881552518,0.155613936277154,0.403473625696468,0.303992271285038
2675,0.611483354689236,0.167845942775704,0.0170432994206217,0.137482254573169,0.0567366838677076,0.00940846467356077
2676,0.0256323502224204,0.0451193593054544,0.0627401520326491,0.131395130829568,0.443232930640176,0.291880076969731
2677,0.0640703166604587,0.188899861650701,0.326633187920776,0.0393100436096045,0.297506172410964,0.0835804177474954
2678,0.0410130675614838,0.152424972121265,0.226844400640805,0.0468925400782396,0.31155186795328,0.221273151644926
2679,0.00332810196657517,0.0200518868990749,0.0311360750977658,0.0237676935618051,0.331251203804755,0.590465038670024
2680,0.0807520767358128,0.0923004055870333,0.345072301114601,0.25841356548099,0.109365408046583,0.114096243034979
2681,0.0239387869973517,0.170763419494823,0.120107106657717,0.0300693939643853,0.381348293720114,0.273772999165608
2682,0.0112222573965532,0.0275263282675006,0.110666071088567,0.137062996964598,0.222291846625599,0.491230499657183
2683,0.503915751760678,0.218894995610071,0.0207922543769694,0.16283592765334,0.0845938095028914,0.00896726109605125
2684,0.00902063184890626,0.0414998877975629,0.0361594057444824,0.0763029069779489,0.481217587118138,0.355799580512962
2685,0.110357732434123,0.0574753351090344,0.192438208111878,0.0334713571145745,0.0639061729964832,0.542351194233907
2686,0.0149878225613875,0.119980708395816,0.107628898960271,0.0325447156308497,0.177277413422402,0.547580441029274
2687,0.354675206436374,0.220942882140269,0.0920880808319493,0.158725998940685,0.139346622885274,0.0342212087654487
2688,0.0223078156676831,0.140275910480371,0.0619820856770202,0.205869209411417,0.434787379526721,0.134777599236787
2689,0.152342144976515,0.582260023398567,0.0464204215009903,0.0519274140205199,0.136826461372961,0.0302235347304471
2690,0.0149637033327033,0.0253740141240235,0.0392707298033808,0.235872291455899,0.413885035855336,0.270634225428658
2691,0.0422161987247735,0.198505612430038,0.0962760332782129,0.0456999020062299,0.399137408569173,0.218164844991573
2692,0.0990305698279925,0.117865463716243,0.240835196784283,0.0510113482748981,0.232434548865219,0.258822872531365
2693,0.0351976354786961,0.061370332021987,0.152036341597277,0.0364636405565336,0.147156950298656,0.56777510004685
2694,0.00499406918193688,0.0174513342046802,0.0365845884767432,0.0377892622185809,0.257912479308405,0.645268266609654
2695,0.561688739725482,0.15970022527713,0.0555597845933865,0.123190988735015,0.0759009040615503,0.0239593576074365
2696,0.0199075233161289,0.0753840105878653,0.286307264055779,0.0213965573555158,0.0955545797986305,0.50145006488608
2697,0.0658111836599418,0.179142334194931,0.262154773297248,0.0346582950747992,0.203727926523062,0.254505487250018
2698,0.00771186147535009,0.0315527497645635,0.252721404399339,0.0222551886988132,0.280824840634105,0.404933955027829
2699,0.0104097226851746,0.140504930827958,0.476652605934526,0.00337802217856056,0.0448353723192765,0.324219346054504
2700,0.00188338709312731,0.0386774501371268,0.0254555623394336,0.00542912226382375,0.366516470480087,0.562038007686402
2701,0.0116322558309516,0.0464506140244571,0.0965716713984196,0.0790287711989221,0.272428244975743,0.493888442571507
2702,0.416482162144255,0.174710904994808,0.19576807841032,0.0688993160517588,0.0770461224956599,0.0670934159031982
2703,0.144764164104099,0.0814818160219611,0.151464911224399,0.122711998211652,0.230762339745054,0.268814770692835
2704,0.0404100881697618,0.194135085353744,0.558772008759222,0.0251339459744709,0.0778726805293731,0.103676191213428
2705,0.0139345793639847,0.125473371824006,0.412488463069569,0.0164423898971194,0.111723829775589,0.319937366069733
2706,0.0128153796499188,0.071766710148877,0.222207671428361,0.140004298885374,0.202683440056994,0.350522499830474
2707,0.0118283864235205,0.037604872173562,0.019355629520735,0.0689946506864994,0.643824507939608,0.218391953256075
2708,0.389691713534621,0.316928908654275,0.0719240316612856,0.0764136793758963,0.115913487548782,0.0291281792251412
2709,0.0586468866880936,0.200826092378032,0.365206492249631,0.0258086939834585,0.100100723793948,0.249411110906837
2710,0.0644214184531144,0.0410002693340521,0.266059538463724,0.0403859878702993,0.0587687565760371,0.529364029302773
2711,0.0678487289164394,0.083861014525267,0.124426834013043,0.073016917357008,0.300858696872013,0.349987808316229
2712,0.151046220142659,0.0783484678786404,0.0787363708289594,0.362123208208036,0.221695839867588,0.108049893074117
2713,0.103590146531367,0.207803072078686,0.276209636170876,0.0473211076385557,0.112112675116369,0.252963362464147
2714,0.00465820400485483,0.0699592456899792,0.181620431379278,0.0114783730400421,0.154185614434318,0.578098131451529
2715,0.0203829178031234,0.0905482874418495,0.394242877901907,0.026394578481789,0.246926657737571,0.22150468063376
2716,0.0344896970323565,0.0704268767327128,0.0648057997653448,0.0646009872363632,0.395966255362589,0.369710383870634
2717,0.00911237584023778,0.0359535492125609,0.0425910408733846,0.0335162978049117,0.289815873689771,0.589010862579134
2718,0.0226207467222556,0.0438091264981293,0.247190758999841,0.0566494560584583,0.147422553819425,0.482307357901891
2719,0.0236308042184818,0.0886629864798256,0.177984359360599,0.0475661724136146,0.341886937331279,0.320268740196199
2720,0.120920898537625,0.0971899483580042,0.215703285918261,0.100849044419784,0.254515109862031,0.210821712904296
2721,0.0164606816040611,0.0516658780384143,0.102746946321707,0.0384442023239772,0.343726099815733,0.446956191896108
2722,0.282371818132344,0.471084349619894,0.141700669486244,0.0123858487442957,0.0695432144560241,0.0229140995611988
2723,0.050417307383327,0.198189553116542,0.143809369842871,0.041144597051372,0.17903747502587,0.387401697580019
2724,0.650073006464595,0.112056319845869,0.0564995866710577,0.112181908974759,0.0494428216569354,0.0197463563867849
2725,0.32564734469356,0.314947397865431,0.0550879971067893,0.192788765350296,0.0736896206694873,0.0378388743144359
2726,0.032063781452506,0.0681159513453406,0.0326875126101859,0.0986942544144428,0.722939038281093,0.0454994618964314
2727,0.00353939028824065,0.0385840497093777,0.0483032241059266,0.0294104541678406,0.318204689314704,0.56195819241391
2728,0.0207399286186579,0.0325354713563303,0.145165197759246,0.039306286279224,0.100917111066752,0.66133600491979
2729,0.155764439382043,0.227782223639282,0.0773294282553106,0.112771820990719,0.295743025154097,0.130609062578548
2730,0.00646093960725941,0.0274431340563793,0.0557161881406428,0.0437169704638701,0.444738444461951,0.421924323269897
2731,0.154167782729592,0.173765445501064,0.0688024344189277,0.159949408351235,0.348066534164912,0.0952483948342697
2732,0.0143474412184229,0.0608359102825968,0.288684350195355,0.0129193262143219,0.0785080562156942,0.54470491587361
2733,0.0360127647121749,0.132587307391964,0.109931584494902,0.175030588491807,0.452154289313836,0.0942834655953155
2734,0.0254425071168791,0.781241058397305,0.0341816912405735,0.00748912478043387,0.0943845438424755,0.0572610746223333
2735,0.0366131240799899,0.442256358581763,0.145259969439982,0.0173886789613543,0.153730483053671,0.20475138588324
2736,0.0387048654055704,0.0796300748758252,0.0493954278495353,0.423254103436567,0.322708059418615,0.0863074690138871
2737,0.183168205193246,0.109484386053536,0.300905367863463,0.027460564382138,0.220183596543732,0.158797879963885
2738,0.0200859106509301,0.104647154167767,0.109811847965938,0.0431832875386523,0.17254118314331,0.549730616533402
2739,0.196220685516938,0.267365694370037,0.203297858531522,0.046387887770484,0.215379333169025,0.0713485406419941
2740,0.249197169920206,0.309716727605294,0.083015558686909,0.0860664567874425,0.12433203640072,0.147672050599428
2741,0.0798780389970907,0.282697103351943,0.142296385217683,0.0337081730815105,0.315137252347785,0.146283047003988
2742,0.0482025672605276,0.0740740321881408,0.0417990946568736,0.152912496887574,0.508550227661002,0.174461581345882
2743,0.234898346014245,0.22897293380798,0.116915796208481,0.119430181615411,0.176192656437173,0.12359008591671
2744,0.0176375521012597,0.0811173187797436,0.0280178240811857,0.121833200957575,0.651893401339226,0.0995007027410099
2745,0.00136215944964407,0.0187984475960922,0.347754476549114,0.0409736458931688,0.382916564790301,0.20819470572168
2746,0.014178352833753,0.0744198517096831,0.123560378205076,0.0294965314614387,0.253007999151779,0.50533688663827
2747,0.0175328921517364,0.0343723669232509,0.0130068077181918,0.0810069246465833,0.650114605864914,0.203966402695323
2748,0.00524162291360778,0.0391076915730158,0.0435646687622072,0.0315599268135333,0.698894224355178,0.181631865582458
2749,0.213306146968537,0.138894022746947,0.0535675725265342,0.31603171121163,0.191836248689985,0.0863642978563675
2750,0.010819146935349,0.0643578055921184,0.32552760980646,0.0377888921691053,0.138009376086385,0.423497169410583
2751,0.186059413015905,0.127214152001881,0.0447894239454711,0.131908481482019,0.472960955671616,0.0370675738831083
2752,0.053508649562049,0.150931499109034,0.180345072026744,0.0727694048874362,0.15186499306104,0.390580381353697
2753,0.0441479851646376,0.0774078524670204,0.0249739281281172,0.30127867117748,0.482938090392542,0.0692534726702027
2754,0.00778368728101812,0.20977860258196,0.0391773830547502,0.00959509910636272,0.598412591881196,0.135252636094714
2755,0.00145755225721981,0.00608699618268907,0.0381740453671491,0.00925677372256562,0.243764784169468,0.701259848300908
2756,0.00341516857171718,0.00867469511886526,0.0645164857280161,0.00788874377899166,0.0319654887763414,0.883539418026068
2757,0.011071301245488,0.148784109764891,0.0258151243956957,0.030252327503075,0.509065932887962,0.275011204202888
2758,0.0663397933220009,0.283267726791467,0.186977191140367,0.0202913307183783,0.292439815630562,0.150684142397226
2759,0.0209510599645852,0.21117037836779,0.0828710610641046,0.0165756857193722,0.260089868728432,0.408341946155716
2760,0.352540534611191,0.0916640938314744,0.04365449312012,0.4505222322461,0.05067982724819,0.0109388189429253
2761,0.167099389132273,0.112152393681129,0.0669870236372117,0.342307581847377,0.21522136321342,0.0962322484885896
2762,0.00381424233299641,0.071451237483514,0.0663372613655593,0.0107278338971841,0.451083302514387,0.396586122406359
2763,0.0543159088458734,0.1661004741869,0.29229787679909,0.0515479846312873,0.231421702157463,0.204316053379387
2764,0.00892446491189126,0.0182247370982725,0.127984989130113,0.0150192593362017,0.0872436134256775,0.742602936097844
2765,0.0196698066167074,0.164599307796792,0.245249864786523,0.016716702445292,0.169722709597778,0.384041608756907
2766,0.0377865553532685,0.131082330785503,0.107531304959054,0.0361639195962394,0.404682410370778,0.282753478935158
2767,0.0060325105975534,0.0111202798316171,0.0231317401360395,0.621559575036284,0.171467350699359,0.166688543699147
2768,0.0376098752752626,0.209505068852561,0.442181280767806,0.012003480146737,0.0726253130674155,0.226074981890218
2769,0.0510915883860926,0.345232080202689,0.0711927401978843,0.0834676430655806,0.342733932369142,0.106282015778611
2770,0.00162594983660296,0.026793411762322,0.129173014757844,0.0132106033987488,0.183423541957959,0.645773478286523
2771,0.0236194312180054,0.12108997670341,0.479847416540207,0.0187708822857011,0.0949021181693544,0.261770175083322
2772,0.0321475121272561,0.0397512288134441,0.0770526504005881,0.176635696327576,0.508815299118435,0.165597613212701
2773,0.0493509981452822,0.313561422600025,0.11663791791242,0.0182824031617784,0.370023948992321,0.132143309188173
2774,0.0981429362741218,0.418439313208161,0.0905257472137209,0.0329309114070764,0.279816295004769,0.0801447968921513
2775,0.00106225728534441,0.00765058153764188,0.0697581425001212,0.00454201499468495,0.0651043636085995,0.851882640073608
2776,0.00789016314076079,0.0320169544003662,0.0608268511078267,0.040835092477614,0.26230158198678,0.596129356886652
2777,0.00100907938095501,0.0120573619338044,0.0701325396738463,0.00846091956255358,0.0751389034448051,0.833201196004036
2778,0.0982734268013302,0.140546727811447,0.144522358549352,0.0830493136808581,0.150014217178775,0.383593955978238
2779,0.0267572402002671,0.0315577089757265,0.284620592916985,0.138987826072224,0.1559092424697,0.362167389365097
2780,0.0506310374179908,0.216324296093363,0.298035542871641,0.0490711594519363,0.109718675651537,0.276219288513532
2781,0.011016529130789,0.0214610465163683,0.0459537097292117,0.103835843920877,0.536382974685668,0.281349896017085
2782,0.00507511173077297,0.0216296683461528,0.196307464365322,0.0137625121028783,0.0948843816357348,0.668340861819139
2783,0.372358744570169,0.332042730459609,0.120057381413567,0.0640918957407094,0.0741425800137656,0.0373066678021809
2784,0.0592305756217503,0.258335775964815,0.0545804026250543,0.110138174450147,0.432239797311581,0.0854752740266519
2785,0.00131089352730249,0.0072391338556213,0.0282694737344476,0.0195480305184791,0.32620629301028,0.61742617535387
2786,0.0144884307398508,0.0999274554604144,0.058226824175034,0.0546977694759011,0.471003354937973,0.301656165210827
2787,0.00408218126731635,0.0297430849326897,0.0838727035590077,0.0175396396460915,0.214873605151992,0.649888785442903
2788,0.0160793039590887,0.0589050052002291,0.121149788647944,0.0278529645659595,0.13569953633579,0.640313401290989
2789,0.0576773381390603,0.0716898680162737,0.297658645399242,0.0675629168449264,0.20571817173402,0.299693059866477
2790,0.103829450468076,0.148642508488847,0.0457396227384637,0.0868465587765722,0.414016020597313,0.200925838930728
2791,0.178410844111007,0.0552789426284514,0.0233406004003114,0.603226514517642,0.104874116019374,0.0348689823232147
2792,0.530870651691304,0.255805216324007,0.0300631343076517,0.0639785474103828,0.0967039020745234,0.022578548192131
2793,0.0055419543435595,0.0573056184358399,0.0369002759916701,0.0162297252669644,0.485919323697089,0.398103102264877
2794,0.481446577252201,0.20057074271378,0.0520352537004786,0.114247980730971,0.12090306803947,0.0307963775630985
2795,0.363256608016718,0.110849188833328,0.0327001632624535,0.398047959144745,0.0818751514815171,0.013270929261238
2796,0.00169792560108784,0.0151466724984326,0.0937209114986941,0.0176173108729727,0.111415446232554,0.760401733296258
2797,0.0454707734896764,0.0619861048120931,0.0729228079852112,0.102815581231832,0.176156619185175,0.540648113296012
2798,0.00827555941545875,0.17551059664757,0.248800409998411,0.00736057902870363,0.287825243354814,0.272227611555043
2799,0.142274505204055,0.160212168843592,0.374223406174506,0.0203339141423949,0.118324363304959,0.184631642330493
2800,0.00606404181538174,0.0183399767413957,0.0375885186549427,0.0268764113739842,0.189680954036605,0.721450097377691
2801,0.00907425096000376,0.0387808990346077,0.0185349538680092,0.0245061576857876,0.489833757939812,0.41926998051178
2802,0.0164103453766427,0.0780240364856401,0.0535682953794008,0.0557444222412029,0.414155409969365,0.382097490547748
2803,0.0854277117887592,0.523142909313053,0.104126797000834,0.0228920177306931,0.168541775377995,0.0958687887886652
2804,0.0153481893082404,0.0661768431269012,0.117976030188342,0.0319134916250024,0.414631173577966,0.353954272173548
2805,0.311157252269664,0.153890257301096,0.270924865147001,0.0817868011294906,0.109797054305416,0.0724437698473332
2806,0.103068605973887,0.067687783634139,0.0595786767004829,0.278752425397619,0.279561286306662,0.21135122198721
2807,0.0932159661570461,0.182763253126721,0.187506256651502,0.0853852139249792,0.180436519361109,0.270692790778643
2808,0.00835049696692232,0.0430330486011456,0.0537071206628538,0.0234623096332269,0.282391004876465,0.589056019259387
2809,0.0394638030734204,0.0899575352509647,0.37329381771676,0.0411399094369805,0.0754622026816588,0.380682731840215
2810,0.00875664824859212,0.0432464865159717,0.0661321400760491,0.0825804888757257,0.441892366983331,0.35739186930033
2811,0.00614302871816235,0.123873210471686,0.171423090757296,0.0234879140221397,0.380170608564481,0.294902147466235
2812,0.399713347843132,0.320396930650373,0.107067975538648,0.0689322749957311,0.0693262807248771,0.034563190247239
2813,0.125869301013514,0.122819564046909,0.149491143378432,0.143801451636689,0.29647604041511,0.161542499509346
2814,0.0189565511386011,0.263649339142491,0.197991933951194,0.0307941794693977,0.196630547442996,0.29197744885532
2815,0.0276058618567708,0.0796236521121867,0.130348250580529,0.0579068046690465,0.169806321424295,0.534709109357171
2816,0.201016731099818,0.164748979865637,0.336836223207627,0.0818926948213388,0.156962147520042,0.0585432234855376
2817,0.0861417138881467,0.343131185830825,0.110710453980022,0.0600620212595569,0.277229754800116,0.122724870241334
2818,0.260654189404773,0.297381184722622,0.202855834170038,0.0471707049412192,0.111688688755304,0.0802493980060438
2819,0.445456208658592,0.3416622814532,0.0617530991010266,0.0478144979226111,0.083857770845435,0.0194561420191352
2820,0.394542081933666,0.216515272708379,0.293215623422966,0.029181744827098,0.0448566310678621,0.0216886460400299
2821,0.00225290743123537,0.0291086592974928,0.0113721686149753,0.00657448811499816,0.442986371193254,0.507705405348044
2822,0.164270282276963,0.177212655164105,0.22683986863473,0.0599938328508462,0.24497525619395,0.126708104879406
2823,0.0431427988119597,0.107824084966334,0.114391609481442,0.0814744770733393,0.25443315124668,0.398733878420245
2824,0.0330254288849516,0.112858639404511,0.195505001055133,0.0400755416163973,0.30163542094761,0.316899968091397
2825,0.00288359359412279,0.0174353235336491,0.162604477488706,0.0078668296219572,0.0174730803327873,0.791736695428778
2826,0.0257739826701916,0.17332005774088,0.046171329117351,0.038197261712127,0.529393711086612,0.187143657672838
2827,0.094532302443563,0.448061927579996,0.15428536534956,0.0241146994148225,0.154872794898236,0.124132910313822
2828,0.014969372531195,0.122766555665753,0.146532020061509,0.0259821853561942,0.453115329264596,0.236634537120752
2829,0.0308498829502604,0.0323169611179131,0.0364554859920902,0.173712685138633,0.603360647625122,0.123304337175982
2830,0.00289973715429214,0.0224512082910368,0.111181220639455,0.02467351074151,0.160207547741875,0.678586775431831
2831,0.342434700014431,0.42501724887348,0.0878387012324108,0.0547504409441374,0.058849218065941,0.0311096908695999
2832,0.0279645153011645,0.261102548155283,0.22574913195378,0.0201440777607735,0.288664117538322,0.176375609290677
2833,0.195695123212019,0.12201179416313,0.0986203997520664,0.199595473097719,0.215344561794948,0.168732647980118
2834,0.0102649464228881,0.0614677264763542,0.0926635254370154,0.0181080309422208,0.240008181690231,0.577487589031291
2835,0.226882856498111,0.237384226694972,0.0402172185455235,0.131821282000567,0.280945971251578,0.0827484450092485
2836,0.0144055452260308,0.0381702971613257,0.0451426573158314,0.0602935754936619,0.279459984960074,0.562527939843076
2837,0.0394419740838203,0.226522555434099,0.332339549955428,0.0472691336076144,0.173067589337998,0.18135919758104
2838,0.195285443485367,0.237058795181029,0.241666271939666,0.0774402627906136,0.086837011819283,0.161712214784041
2839,0.112079501054545,0.173748574663659,0.138685786969188,0.105725126688775,0.272572164969291,0.197188845654542
2840,0.137555297173218,0.0801681826757063,0.136884516434496,0.262197375820188,0.152920255837034,0.230274372059357
2841,0.411569538358577,0.136497006773039,0.0711208863338125,0.128626633510403,0.175065092331528,0.0771208426926404
2842,0.0059872144571,0.030883226807416,0.0197670231930707,0.0253885536336352,0.563688063482616,0.354285918426162
2843,0.0861282174114366,0.103546501722133,0.0799100897746681,0.0113598112432924,0.547774566515862,0.171280813332608
2844,0.0267432857281982,0.117064824558225,0.55151871541129,0.0132416276055453,0.0628675657558557,0.228563980940886
2845,0.21227354858579,0.436403328511068,0.115950696035513,0.156842620892903,0.0648796795901177,0.013650126384609
