"CUS_ID","F20-","F30","F30+","M20-","M30","M30+"
2501,0.0427073523047578,0.49822654214634,0.121687721196412,0.0103250119528131,0.127017274968361,0.200036097431316
2502,0.130776290294458,0.265510223985566,0.0930594854183817,0.133847678407904,0.242551247999826,0.134255073893865
2503,0.0176490487673536,0.754816640093172,0.0175250820694446,0.0143944204056624,0.151733456483423,0.0438813521809453
2504,0.59298002080035,0.0871724674925621,0.0780368953158272,0.151789129688478,0.0475199144253507,0.0425015722774323
2505,0.122473120914896,0.223080721001012,0.130040693786018,0.0745052583106401,0.0900856979444366,0.359814508042998
2506,0.00749167773228815,0.369631462934312,0.106570379491653,0.022435967261402,0.17653040011179,0.317340112468555
2507,0.0121754573132718,0.0263137146537065,0.139048850945193,0.0415312064158359,0.168514795031808,0.612415975640185
2508,0.00829161797664108,0.0565739551889983,0.0219412328948325,0.0439536324485057,0.535836133467476,0.333403428023546
2509,0.0877152500556312,0.0475587394351259,0.241505655544764,0.0845532178480675,0.0973181239132174,0.441349013203193
2510,0.013282632808034,0.0725390030270082,0.0658878112249495,0.0297513348561967,0.319849690758304,0.498689527325507
2511,0.818337799444262,0.080230213392036,0.0296898944291566,0.0496619046953442,0.0141993036796123,0.00788088435958927
2512,0.0312761969779228,0.113959198783999,0.0334473487989715,0.13531327685831,0.564461108319702,0.121542870261095
2513,0.0125522795303475,0.0160116823627247,0.0256065120446457,0.0313419388577405,0.450493612467848,0.463993974736694
2514,0.0795554773806064,0.67768025241677,0.0300396942778953,0.0168095135766224,0.154206418045355,0.0417086443027505
2515,0.0108125925657709,0.0313628761719263,0.0330084441616509,0.0207891712737709,0.195522923157458,0.708503992669423
2516,0.0693363124409082,0.0569438323198955,0.0478532368399708,0.223832979580878,0.466138017352622,0.135895621465726
2517,0.0140708289022486,0.620037909424157,0.0689781070314888,0.00818032768828373,0.102129166231403,0.186603660722419
2518,0.43669065698786,0.260101942830955,0.144876416950734,0.0642021098933146,0.0360121535645986,0.0581167197725383
2519,0.0522865887714591,0.898696727172333,0.0110379452090637,0.00374399216029005,0.0200870597395736,0.0141476869472801
2520,0.0293570505207219,0.0328125705821173,0.0265685894075486,0.119976944420132,0.590568310283981,0.200716534785499
2521,0.00771874437885659,0.0531898898014766,0.243971950216554,0.0247796196171787,0.0996474054284038,0.570692390557531
2522,0.274919705147886,0.159516292879249,0.201545496536366,0.0884799226186745,0.108463446944023,0.167075135873801
2523,0.0382681996679841,0.518514452056479,0.044139820964183,0.0145309357833659,0.195598502413407,0.188948089114581
2524,0.0148787558943038,0.111055216232108,0.336705658869847,0.044641079539611,0.05424472085532,0.438474568608811
2525,0.0653103271971318,0.0697968940695789,0.0857434233940298,0.290247485295663,0.328475794795697,0.160426075247899
2526,0.203178408553881,0.328481416882989,0.0511594775189733,0.0778417567667292,0.225226656259056,0.114112284018372
2527,0.64044891001657,0.102423337655846,0.0729239337135984,0.0442782897741685,0.0596195695655675,0.0803059592742501
2528,0.00689535139836856,0.0119747601520537,0.0414462887611401,0.0355738250572937,0.107526663305598,0.796583111325546
2529,0.120003373025837,0.237189039926996,0.222534809605466,0.0827316108005228,0.128011701318274,0.209529465322905
2530,0.0137347954749951,0.0182797740673926,0.219980525462548,0.0354195598047033,0.112165268114401,0.600420077075959
2531,0.0270417102147522,0.212697563297712,0.0735071661070584,0.0839501972997168,0.381728208103975,0.221075154976786
2532,0.0314391964249642,0.287652155709588,0.151089879587765,0.0353031551058338,0.153217592210497,0.341298020961352
2533,0.00165676731037863,0.00522984117548501,0.0474422935002746,0.00910519880159459,0.0399454347168766,0.896620464495391
2534,0.198339431467208,0.123550347242547,0.163004747405124,0.277245221534819,0.0807385766614731,0.157121675688829
2535,0.0647242914731897,0.121971461898682,0.255499196015226,0.0340234811123548,0.128008199863629,0.395773369636918
2536,0.132862924466971,0.280630462287945,0.0907643740793824,0.0672972708301764,0.176487021515486,0.25195794682004
2537,0.0338558528592844,0.866651015030381,0.0382703532456111,0.00397417052651601,0.0376263849711428,0.0196222233670646
2538,0.261486737940795,0.0899498485318122,0.0600946192201212,0.121330690793387,0.27154462283329,0.195593480680595
2539,0.278145723796741,0.286007971816783,0.222177081770947,0.0444775118806012,0.0842165976919365,0.0849751130429918
2540,0.192122119405371,0.0683022103304771,0.046781724177193,0.212549124675196,0.400502230270503,0.0797425911412593
2541,0.111972163788589,0.0605653113305594,0.0210500816101435,0.392864969372611,0.385638857862127,0.02790861603597
2542,0.0402800376803573,0.604729986264886,0.0235438500436632,0.0371212810541008,0.257181162561429,0.0371436823955636
2543,0.017188248655043,0.0322045980315468,0.10659357933293,0.010529047599864,0.13054332840547,0.702941197975146
2544,0.104213773146205,0.14839231209036,0.201349056818589,0.184310152455094,0.149301292353179,0.212433413136572
2545,0.0655226742004712,0.412294528596817,0.108120038560886,0.0358175907491539,0.205165827993063,0.173079339899609
2546,0.0380448980967566,0.0727168505275318,0.061927163893636,0.155980847990606,0.571929215515928,0.0994010239755415
2547,0.0149408165177121,0.0655699668924114,0.652571658863823,0.0230947472947024,0.0464519605360714,0.197370849895279
2548,0.0612985536279736,0.0563793211553891,0.0615595860859191,0.184568404833795,0.562536740596421,0.0736573937005019
2549,0.0171560318749323,0.0786961524782608,0.0277259109374337,0.0327641594490737,0.29760898433118,0.546048760929119
2550,0.0093135849701893,0.0109312783947002,0.0274500362421804,0.18329319254335,0.508548723072917,0.260463184776664
2551,0.433013033086609,0.180311526663754,0.0299480356224603,0.161164685720589,0.125511938748582,0.0700507801580056
2552,0.100631748392315,0.319616257318417,0.287874200528823,0.0242150503752761,0.131468266942469,0.1361944764427
2553,0.471493255686197,0.240188545153031,0.0399307378210581,0.0721362645876232,0.139235979904184,0.0370152168479074
2554,0.172670106824015,0.343475968675402,0.10880572480646,0.0941254024867923,0.208140167708426,0.0727826294989051
2555,0.0163441429772044,0.169505721223047,0.132745440040111,0.0525304437685935,0.446081731363279,0.182792520627765
2556,0.0578400378866553,0.339747335331336,0.362388791803998,0.0334545793454185,0.0824693842322841,0.124099871400309
2557,0.520107098061939,0.102482775774011,0.302732767458175,0.0312269414876979,0.0277107773210686,0.0157396398971082
2558,0.0277990343830164,0.0650533503082327,0.775882024987264,0.0331461208180653,0.0365408898485197,0.0615785796549022
2559,0.0857038390445959,0.490467938424259,0.183457017571963,0.0196742651018936,0.079101617507712,0.141595322349577
2560,0.0154429462874759,0.160704191097217,0.126629094931296,0.0241843036944132,0.186396888758724,0.486642575230873
2561,0.0144913125785135,0.0851688243774105,0.276781033825287,0.00800247909292437,0.165678606965801,0.449877743160064
2562,0.211020912754621,0.323749345392886,0.0368252144973056,0.0829864247704994,0.298323554553401,0.0470945480312874
2563,0.58503843726745,0.0768838680435481,0.162496571045912,0.0672821028830686,0.0668199722097222,0.0414790485502999
2564,0.137980986542799,0.0566389050865743,0.096087453946258,0.446207093304408,0.106272646679994,0.156812914439966
2565,0.0592723773204047,0.159474617472759,0.12039175090157,0.0724895679656251,0.199518546793243,0.388853139546398
2566,0.0211047232907907,0.0530020908377675,0.175806650276038,0.0677734568152757,0.293661119600269,0.388651959179859
2567,0.0345816342391105,0.168590875650276,0.139619801183768,0.0298893730428564,0.154158484864129,0.47315983101986
2568,0.0211763246172899,0.0763841474189093,0.0730592784217199,0.0258693632123188,0.336341240331781,0.467169645997981
2569,0.0846572732998228,0.134880114845147,0.144158024139444,0.0236165604905599,0.0868842486647184,0.525803778560309
2570,0.023471306989799,0.706759517533994,0.0812085803979922,0.00491939452818867,0.0575210082871861,0.12612019226284
2571,0.0423938155947739,0.0922446714767206,0.0230647145003472,0.165913599010357,0.46857734734388,0.207805852073921
2572,0.0742520836864192,0.0424769100814835,0.316863254084992,0.073491797115881,0.110576667732756,0.382339287298468
2573,0.0437315543525853,0.201137077224789,0.0637441061587986,0.0185500376488342,0.222772983260673,0.45006424135432
2574,0.0252784844824462,0.053808046118581,0.0260731669263164,0.21782206136426,0.550315561106012,0.126702680002384
2575,0.0154440290556703,0.0177783294884104,0.0184735000416129,0.0811159487351116,0.710024387298499,0.157163805380696
2576,0.366705169219596,0.371379447743592,0.13036351432687,0.0721542323182149,0.0190871104590838,0.0403105259326441
2577,0.0318758766064938,0.272384761538197,0.452379982019863,0.0218691652936738,0.0891460937600367,0.132344120781736
2578,0.00247596812757841,0.00738993619411458,0.0223272675941948,0.00772604641790209,0.10136478506631,0.8587159965999
2579,0.374147321950868,0.174479203029433,0.122581561243612,0.109565141923379,0.136898604106035,0.0823281677466739
2580,0.0381134796821646,0.395160190500638,0.116353091326724,0.0114484912310539,0.160200762891131,0.278723984368289
2581,0.00170728013450131,0.0209702328053803,0.0565501785896259,0.0244691206072412,0.224018053760113,0.672285134103139
2582,0.379290950677761,0.308526733186708,0.110920860637553,0.0366133087355856,0.0870762743221792,0.0775718724402134
2583,0.17733970852507,0.450639880221651,0.197388542530489,0.0276328335707831,0.0488413474679387,0.0981576876840676
2584,0.27450704214839,0.451991279606119,0.104303095237981,0.056580066294147,0.0690345371252559,0.0435839795881065
2585,0.0157945054782799,0.0638022961926187,0.0353431946448644,0.0710270199831564,0.534246881216458,0.279786102484623
2586,0.0341832886187495,0.243794978315697,0.0579655249306818,0.0196211762710757,0.179108319574448,0.465326712289348
2587,0.225510846812522,0.0521789555787327,0.0286682822721993,0.297745412309484,0.30451769085648,0.0913788121705821
2588,0.0278284530646074,0.0168598427793803,0.0115159510920816,0.218056292357602,0.645766621159046,0.0799728395472826
2589,0.126764682898547,0.126251173162694,0.045106651302401,0.179572632924511,0.452810645052798,0.0694942146590489
2590,0.0370555673477848,0.093652473647776,0.140455449613713,0.138780690202637,0.305644006111826,0.284411813076263
2591,0.0654504271629671,0.130957590774246,0.517188014467422,0.0155759358300087,0.0486915384219554,0.222136493343401
2592,0.00721022304900758,0.0102814046728787,0.00512042555488004,0.0962864700547079,0.81217306300328,0.0689284136652457
2593,0.169444891056793,0.150251436027191,0.0677717795646709,0.0821138687420426,0.413731472429276,0.116686552180027
2594,0.049221993875538,0.111134493636326,0.059767483096887,0.061030719837573,0.295373773393409,0.423471536160268
2595,0.188526741951017,0.067814046938505,0.241232453488898,0.323750403092941,0.0993125471353282,0.0793638073933113
2596,0.756616734573887,0.0532712946525068,0.0120757546431862,0.14013042043057,0.0322926962734343,0.00561309942641605
2597,0.0130252310293045,0.0431023587183148,0.251990849058086,0.0225318237714775,0.0878667874365371,0.58148294998628
2598,0.0186980642730422,0.089569263825802,0.0612810451574516,0.0178635295933002,0.182712645219942,0.629875451930462
2599,0.287470088947215,0.354207279814073,0.031168953830607,0.120069222689149,0.157415886322557,0.0496685683963983
2600,0.00410818548812363,0.0282833358036836,0.0567934059238607,0.0227095198275126,0.718142551921161,0.169963001035659
2601,0.0174559955137255,0.0507828576926386,0.224282104035043,0.0116910013439145,0.0863627120902121,0.609425329324467
2602,0.0463976588278741,0.157071695304565,0.114625338241849,0.0432506443336912,0.209552010558314,0.429102652733706
2603,0.0316679895841701,0.660455434968845,0.0315320732175771,0.0232645074398797,0.185552380664856,0.0675276141246719
2604,0.0765725572064183,0.0532527276958895,0.348671522835195,0.313049354746014,0.0839343833119298,0.124519454204554
2605,0.000395775445616674,0.0290006752687854,0.148564967772541,0.0207852201800237,0.29494126985641,0.506312091476623
2606,0.0315511032354809,0.0892380191469295,0.177277373784931,0.0344529838210321,0.109378313564505,0.558102206447122
2607,0.031844426992865,0.0448118404709256,0.0740131760366299,0.0744837942947366,0.209125462372816,0.565721299832027
2608,0.257537303298627,0.224967557520785,0.0604866832991611,0.14018307836365,0.147027059041992,0.169798318475784
2609,0.0186718082104869,0.0306287310251905,0.0342865486342199,0.135858906602171,0.58523241074727,0.195321594780662
2610,0.0883862445211001,0.258662561668141,0.071945764405042,0.1634044299924,0.284630147625776,0.132970851787541
2611,0.0532084286775263,0.248995491359251,0.276372156893518,0.0642659423414158,0.0723086724700955,0.284849308258193
2612,0.0400300743040203,0.216396529805269,0.141216261081275,0.0560848197716069,0.20703473704317,0.339237577994659
2613,0.642980473796635,0.222635522258047,0.0200049977461324,0.052925053236312,0.054403016690263,0.00705093627261011
2614,0.0910493500882123,0.148900263140898,0.0959907100656348,0.100442891114518,0.327853836208922,0.235762949381814
2615,0.606190838136483,0.157552685903835,0.0804296740631416,0.0542039735561321,0.0595448644873924,0.0420779638530159
2616,0.0142139679615756,0.0534550849420175,0.0932779925297785,0.0921395186450106,0.346616432680608,0.40029700324101
2617,0.446030438325572,0.337172062721995,0.0872030754413941,0.0277899386874487,0.0796736904650539,0.0221307943585355
2618,0.110490019415613,0.0931350903776868,0.0685534429889431,0.125735349973412,0.364728323292057,0.237357773952289
2619,0.0155818398739309,0.0128178561389808,0.0144036308692864,0.092304712600785,0.668924306530448,0.195967653986569
2620,0.039522201064624,0.16901590191499,0.342242551012789,0.0456682334821406,0.208730299167075,0.194820813358382
2621,0.0485928479342509,0.111284761494549,0.0203978279264242,0.101814932925109,0.653764811528166,0.0641448181915003
2622,0.00203906014924765,0.00355479383955671,0.0155870882027699,0.0086464715693106,0.0762382560976894,0.893934330141426
2623,0.471633300085154,0.246982582651215,0.0275674171570893,0.106993451559836,0.122155865181046,0.0246673833656602
2624,0.00633320673568287,0.0353534173905056,0.150579530741889,0.0130610194434175,0.0775636614891302,0.717109164199375
2625,0.244031587881821,0.320099252262314,0.326144339266544,0.0321569829139645,0.034549632406508,0.0430182052688482
2626,0.00391104491634533,0.0131006295888971,0.0316433810719467,0.0118531881026477,0.137564375984908,0.801927380335256
2627,0.152451446385106,0.204697961366247,0.424813383223756,0.0261269667943969,0.0641233323928296,0.127786909837664
2628,0.175899131489278,0.380978319673015,0.0294225349926528,0.174443117324774,0.185725914188201,0.053530982332079
2629,0.0181898003865644,0.19968884466997,0.0766475018780755,0.0243146405272454,0.236231194142789,0.444928018395355
2630,0.215045125490576,0.0601323571773979,0.109590568836335,0.0862060752008658,0.228901100196428,0.300124773098397
2631,0.0273760795478059,0.356471511184231,0.186745085794254,0.0271708280986033,0.194457051142598,0.207779444232508
2632,0.0105354789571163,0.0243452862782262,0.0686513472444719,0.0295163901648465,0.196026263180908,0.670925234174431
2633,0.0941165495940407,0.415443488639186,0.119079543784714,0.058362990890812,0.164066973729579,0.148930453361668
2634,0.0366922462460875,0.160006628831669,0.210992607397059,0.0926596383005949,0.156078250495191,0.343570628729398
2635,0.0754984835130677,0.213572221560493,0.102069339485121,0.0953239209853102,0.304097787514089,0.209438246941919
2636,0.0929427855711085,0.0697571638808811,0.146237809845689,0.245241455096094,0.218869101181192,0.226951684425035
2637,0.0220637343970648,0.0591125049611371,0.0205651303544575,0.0922837737672763,0.656673465721255,0.149301390798809
2638,0.0699743844694182,0.0457884637719586,0.117553623231084,0.269671069091005,0.132707155750856,0.364305303685678
2639,0.214724055333917,0.0566249669210136,0.0723583135548531,0.226358984385063,0.316264312479135,0.113669367326018
2640,0.0196817146624801,0.0412410016038997,0.0561806201891187,0.0280700712116034,0.130328841143583,0.724497751189315
2641,0.477228702660137,0.114761663411583,0.140887160639417,0.0823493005127566,0.106944389079921,0.0778287836961851
2642,0.00778442181231556,0.077138476832329,0.0988194177409675,0.0269680035277971,0.208513939309075,0.580775740777515
2643,0.465434594255494,0.340673997179672,0.0162168383296344,0.078459113238218,0.0784799905142562,0.0207354664827258
2644,0.00861387441056641,0.226968697492985,0.0692787813283243,0.0174935698151857,0.274409947780571,0.403235129172367
2645,0.0704616712447068,0.0489112118333011,0.0344692408320335,0.121778480919621,0.45080645247532,0.273572942695017
2646,0.00602154660769844,0.0357416985703428,0.152509138811707,0.0258640249885038,0.0917601476392351,0.688103443382513
2647,0.0471348442932201,0.0606275969934418,0.0770108101022906,0.0778129198241663,0.324426693556142,0.412987135230739
2648,0.0967196401613898,0.188612939992738,0.65962054185519,0.00891250538231984,0.0140965261999099,0.0320378464084529
2649,0.0276715601925428,0.0404841236679855,0.062447788662489,0.0631294185196132,0.166048828332886,0.640218280624484
2650,0.0674572533960036,0.0277407201591501,0.204934081975382,0.111370294473879,0.129315104720151,0.459182545275435
2651,0.0110434271573627,0.0448313731069187,0.0553822253731538,0.0679972527476123,0.404717615894098,0.416028105720854
2652,0.021015520383659,0.100653713233939,0.0868268524456235,0.0375099723543134,0.425516314343617,0.328477627238849
2653,0.267945840703353,0.231024524728197,0.0663735539726203,0.0952616663085788,0.158957883303772,0.180436530983479
2654,0.00504762416096017,0.0368124444157702,0.0541056676793222,0.0284758122485197,0.142533042260999,0.733025409234429
2655,0.709587757939757,0.140031548333917,0.0177381101801321,0.0545912282114707,0.0681309799017931,0.00992037543292997
2656,0.0272558932259943,0.0998759076934309,0.0505966285960578,0.0495315321103564,0.475574679144722,0.297165359229439
2657,0.0148081830918148,0.0578420374001747,0.182198084493956,0.0157480960940651,0.115961664656679,0.61344193426331
2658,0.134628258363668,0.0777742089406569,0.102682917201614,0.387319325091131,0.198753035065376,0.0988422553375538
2659,0.438927260543539,0.0991516716255069,0.0393739689751215,0.343013557237277,0.0486121517896836,0.0309213898288724
2660,0.0150157687972766,0.0462609990730534,0.0730260518842074,0.026982244675158,0.243490593147965,0.59522434242234
2661,0.0182020288031703,0.0500340743850511,0.195144766661843,0.0210532693287632,0.084690531494356,0.630875329326817
2662,0.0109177791578335,0.0710870143947003,0.142409297511728,0.0280141283679053,0.14061484842143,0.606956932146403
2663,0.018570637474564,0.0506902655993158,0.0801484940180719,0.0523859403708555,0.199907415416488,0.598297247120705
2664,0.0456907749261378,0.194760331661244,0.0373588226855005,0.0698304568147863,0.475643515037401,0.176716098874931
2665,0.273695886951966,0.251564745455816,0.231774250629707,0.0645608784525071,0.108841516980295,0.0695627215297092
2666,0.00160960256651178,0.00542507943688956,0.051900053485055,0.00292699666185148,0.0119464129395253,0.926191854910167
2667,0.0650183723498138,0.171307251380134,0.3635394128617,0.0462104193232674,0.162334370098739,0.191590173986346
2668,0.00883781435644859,0.0729757740179353,0.298665150555342,0.0109450304520369,0.0820863937731246,0.526489836845112
2669,0.117364976770222,0.342443853546767,0.141444340851311,0.0325395519410231,0.0901860404022006,0.276021236488476
2670,0.021500451835424,0.0644368764095221,0.181582965746632,0.036866320063199,0.150792857795573,0.54482052814965
2671,0.0306112692912108,0.0856886445944744,0.129056864734797,0.102597395727695,0.24029741178619,0.411748413865634
2672,0.00968055541111435,0.0346279661034917,0.153459677830513,0.019901229330166,0.123987966254721,0.658342605069995
2673,0.285183173731939,0.202567287525299,0.0767130527937015,0.136008736767863,0.208207101835565,0.0913206473456318
2674,0.0126478825208435,0.0386942926791161,0.0796404149105737,0.0592270598393135,0.319277448114178,0.490512901935976
2675,0.792476067478606,0.122993514997152,0.00705780355298125,0.0522504645742807,0.0210011698051241,0.00422097959185654
2676,0.0326579489765182,0.0757064378659247,0.103364965497726,0.1403037894177,0.385395168476036,0.262571689766095
2677,0.0558117328586206,0.134742656739928,0.324774821068301,0.0682469200160274,0.331540169010663,0.0848837003064608
2678,0.0375946833262309,0.0997663462573355,0.295380168113987,0.0615808949330488,0.270533130038558,0.23514477733084
2679,0.0072457428856083,0.0148764992352015,0.0163617974613904,0.0331382899033663,0.32931129790266,0.599066372611774
2680,0.111399377630374,0.0791587981631607,0.3145673583782,0.373966368095997,0.070044883838261,0.0508632138940069
2681,0.016327640615127,0.216732885708795,0.144848418539833,0.0142493347068188,0.289691953467646,0.31814976696178
2682,0.0143324344266285,0.0202436651612751,0.0953145283558934,0.121097868536466,0.212062362173715,0.536949141346022
2683,0.596385560687707,0.121170010138041,0.0119102747454519,0.19131861839187,0.0724873202745351,0.0067282157623944
2684,0.013844656565585,0.0474983650572309,0.0401293233875663,0.0761770377294156,0.441276991991598,0.381073625268604
2685,0.0905673956132902,0.0436002951863389,0.364822978976949,0.048430843845344,0.0585452310575649,0.394033255320513
2686,0.0221929817713217,0.0789123131005896,0.0721476598100059,0.0324472612541623,0.115574127268835,0.678725656795086
2687,0.320422188546586,0.27441532771204,0.092478913957128,0.147542701210493,0.11388212087668,0.0512587476970722
2688,0.0135211857349657,0.105936855586012,0.0606810077447945,0.117970477369243,0.511491888766603,0.190398584798382
2689,0.143800829338647,0.516413640775342,0.0954900869576886,0.0745159946605236,0.116787657322567,0.0529917909452319
2690,0.0270494656755901,0.0298473237913973,0.0567355186404938,0.240568521028213,0.429436485717146,0.21636268514716
2691,0.053401818130957,0.181673350524178,0.170093534489445,0.042825289548027,0.296645225717085,0.255360781590308
2692,0.197237580283169,0.153259055322007,0.239503439409444,0.0408372877212342,0.186071324398405,0.18309131286574
2693,0.0409705883538409,0.0542488560205307,0.0846695530422803,0.039096133648761,0.137296938797917,0.64371793013667
2694,0.00341414562200447,0.00890703575167984,0.0161838828863834,0.0427067102579578,0.419937956315589,0.508850269166386
2695,0.621132642160058,0.136843856506045,0.0427754674661701,0.102073939620776,0.0715191524167662,0.0256549418301851
2696,0.0306959456149802,0.105645404296775,0.315453968186523,0.0264220586177487,0.0636389127101837,0.45814371057379
2697,0.158633970958242,0.256383770186712,0.22736726104084,0.0454672717874672,0.178934584567787,0.133213141458952
2698,0.00774452730794437,0.0284943503732168,0.302596022840724,0.016842197402923,0.318265731493697,0.326057170581495
2699,0.0112326972187753,0.210904522180826,0.606429896109943,0.00147371592832595,0.0197907294013621,0.150168439160767
2700,0.00461677157196741,0.0610514549760962,0.0391460722238395,0.0097215099874602,0.290584778252536,0.594879412988101
2701,0.0104063809556112,0.0490813671051078,0.113563784369428,0.0470889822286239,0.173710455043755,0.606149030297474
2702,0.460961346764585,0.162174473623381,0.164858857005378,0.0619654919806526,0.0704535749266503,0.079586255699353
2703,0.189730667316952,0.0709666409617407,0.131681486152643,0.189670653096751,0.251698779820862,0.166251772651051
2704,0.0820836838873526,0.229671569272127,0.53070684145126,0.0185123690979056,0.0465390688180937,0.0924864674732615
2705,0.0130230715737029,0.107220872165036,0.44000325213591,0.0208323822262908,0.0630084665269915,0.355911955372068
2706,0.0173769545308015,0.0504689325337222,0.271846392701993,0.152721786137533,0.236655732744215,0.270930201351735
2707,0.011841887865629,0.0247451248765214,0.0122929857447926,0.0703237795303844,0.759819573244724,0.120976648737949
2708,0.383593435449966,0.216987364067455,0.0766361651219724,0.139333376602281,0.14918873106428,0.0342609276940463
2709,0.0427562821934196,0.272547885367576,0.443697312528166,0.0180797623345126,0.0684723868960882,0.154446370680237
2710,0.0600964954486641,0.0306048269970111,0.374297921769918,0.0344163645068327,0.0302637567710282,0.470320634506546
2711,0.273576761720536,0.105037330650559,0.0593499994810024,0.139292674403095,0.243877598663262,0.178865635081545
2712,0.198613475198302,0.0787623228060828,0.0657976191374243,0.448225312725173,0.15248482397318,0.0561164461598383
2713,0.0424284643635175,0.143706940113529,0.350361348912076,0.0658553378505675,0.101253075370224,0.296394833390086
2714,0.0109511043404451,0.119049549748239,0.409981993575343,0.0115118238425234,0.112131013675442,0.336374514818007
2715,0.0140132334214132,0.087947213066602,0.371551106082206,0.0254149371481242,0.219343488044935,0.28173002223672
2716,0.0424309509522727,0.0548042326423252,0.0344671517942981,0.0705772581498482,0.421509578947526,0.376210827513729
2717,0.0127514469830512,0.0288117916750571,0.0635119572303798,0.0502589923097418,0.259140654429518,0.585525157372252
2718,0.0466047248824469,0.0480591002532632,0.228602898446925,0.0736018800568879,0.131298723488823,0.471832672871654
2719,0.0205899087301273,0.0706835577970963,0.132892865121657,0.0530891359168233,0.258782759092007,0.463961773342288
2720,0.261986228182941,0.0946880660497079,0.126510920506862,0.113097240193532,0.229930877901005,0.173786667165952
2721,0.0271957276350325,0.0688705152925435,0.156003471809787,0.0550806913124314,0.282177252516192,0.410672341434013
2722,0.288390220819135,0.447072039013494,0.15612000203256,0.0129920242780726,0.0665371574658317,0.0288885563909068
2723,0.0448271164724399,0.343229736547195,0.281299475845241,0.0281337737131681,0.0876536195835809,0.214856277838375
2724,0.595564935577347,0.162992365456223,0.0450298754107162,0.113599568215225,0.0672752080734039,0.0155380472670852
2725,0.477533344233781,0.389891243697487,0.0167092043561637,0.0784628017141444,0.0250732799757338,0.0123301260226897
2726,0.0264726540968825,0.0846462620975605,0.0465611761473407,0.0852671869117176,0.691093981612461,0.0659587391340376
2727,0.00503148745132098,0.0445668837658722,0.0362706003054675,0.0460751672461014,0.325114654756749,0.542941206474489
2728,0.0432969249308987,0.0480106270110611,0.260430004183223,0.054431960295261,0.0899759577480739,0.503854525831482
2729,0.219445164506964,0.27846662589393,0.0533801160632515,0.104076460142348,0.250559610703253,0.0940720226902532
2730,0.00493201668973954,0.0325675451790109,0.0531560639118119,0.0422253693591077,0.303068205762766,0.564050799097564
2731,0.10932680805292,0.19837776542787,0.0952995380031133,0.156914220481419,0.34068848302293,0.0993931850117472
2732,0.0158100958098201,0.065817705921667,0.328244130867142,0.0126049777753524,0.0664220393649665,0.511101050261052
2733,0.0260829329035146,0.123081522442697,0.112558201958846,0.212823279155762,0.426750619716914,0.098703443822266
2734,0.00939697064691687,0.928281126159635,0.0173752362272967,0.00167312368548225,0.020551215582519,0.0227223276981498
2735,0.0336304740777398,0.379569153674727,0.174344850753609,0.0131604212523302,0.133435986269004,0.26585911397259
2736,0.0625609051258176,0.0923014328767909,0.0646843296137906,0.327255100512048,0.377633919769778,0.075564312101775
2737,0.151610150956371,0.138560275908428,0.317632948652364,0.0105187834936048,0.227103900924187,0.154573940065045
2738,0.0183399920988991,0.0906787849136246,0.0877746053179873,0.0317425506235394,0.158196399040456,0.613267668005494
2739,0.442441058613369,0.332621254588154,0.055500243858609,0.0450216063502068,0.0933366574941483,0.0310791790955129
2740,0.264261633149673,0.234375533034986,0.144833162289379,0.0850132017164466,0.138849015636717,0.132667454172798
2741,0.148424450865907,0.241230613670061,0.210729051099201,0.0584935096190367,0.181281728144656,0.159840646601138
2742,0.0404285328617568,0.106974035565298,0.0675565460572785,0.0950412705601878,0.454284023489125,0.235715591466354
2743,0.341288168868232,0.163150382572223,0.131363102933758,0.143713406609132,0.121736287216718,0.0987486517999368
2744,0.0140327529421521,0.0759728413450689,0.0242452048621375,0.148223041219367,0.619458147703507,0.118068011927768
2745,0.000853907286216208,0.00738057847056252,0.378102809643295,0.0417879409758734,0.369785008898373,0.20208975472568
2746,0.018770489469964,0.0768298753049738,0.16640508931194,0.0366451462499451,0.134715375865558,0.566634023797619
2747,0.0194755660550764,0.0309540156645645,0.0202195563305772,0.0617437464381839,0.622737876722639,0.244869238788959
2748,0.00728665704201104,0.0364742843956122,0.0360472932710595,0.0480602603747435,0.706664000335122,0.165467504581452
2749,0.239940895877827,0.260536966167059,0.0441666706018369,0.208339315781102,0.141259567535786,0.10575658403639
2750,0.0174478636737002,0.0930087398719736,0.22254111563447,0.0688491750435818,0.171656541771293,0.426496564004981
2751,0.138349826845332,0.107376878833552,0.0528238431049649,0.197716762510703,0.464049304627952,0.0396833840774963
2752,0.0762349092157726,0.117038276273782,0.205610033752069,0.092666630035818,0.119639748708224,0.388810402014334
2753,0.0326410785686892,0.093669654816392,0.0643854422961836,0.134038019706419,0.538120500719178,0.137145303893138
2754,0.0130069126270042,0.256420015927239,0.0323946836396967,0.0143432999887367,0.575611099047049,0.108223988770275
2755,0.00148441409086799,0.00481920102091929,0.0258901782512975,0.0107374978960269,0.233794815527812,0.723273893213077
2756,0.00459766584696975,0.0104601645940934,0.114918268991573,0.0118469020361216,0.053887281101299,0.804289717429943
2757,0.0266097095316204,0.280826334414073,0.0573212822699295,0.0403783691542428,0.275855226144723,0.319009078485412
2758,0.0458026157130592,0.319238648970033,0.17639991565129,0.0224246877837233,0.235145103366726,0.200989028515168
2759,0.0281799810657268,0.250113378219746,0.0661479092523351,0.0183674049447423,0.15219655931048,0.48499476720697
2760,0.448257696035021,0.193999195614924,0.0867171161025114,0.18290971784158,0.0702866953363858,0.0178295790695769
2761,0.121700566381448,0.0766855960103853,0.0679294187329385,0.297646013556366,0.34675530743656,0.0892830978823017
2762,0.00463779139723593,0.0381041820356746,0.0476227401021507,0.0136230556018774,0.376268593305596,0.519743637557466
2763,0.0645379517423337,0.188666551945574,0.220359313026533,0.049535832109483,0.197450706180994,0.279449644995082
2764,0.014882572211811,0.0191606183499196,0.101204248525325,0.027395010345848,0.087382695869781,0.749974854697315
2765,0.0308367269624941,0.192161005821659,0.287130773600953,0.0162356370553952,0.129258118366412,0.344377738193086
2766,0.0642136799007209,0.171321333348115,0.132528050050911,0.0313630855901564,0.316333522510858,0.284240328599239
2767,0.00267700677992663,0.00324269861824027,0.0105153048920601,0.805080935788607,0.0917985844037227,0.0866854695174438
2768,0.0276085081373914,0.144263190359696,0.480971843874912,0.0130031416840773,0.0490619926051571,0.285091323338766
2769,0.0730888096190046,0.513561350509791,0.0444979021573558,0.0899169221911471,0.217304275046297,0.0616307404764046
2770,0.00312184536411194,0.0248211929899884,0.081820468881078,0.0157664857489677,0.218331517992076,0.656138489023778
2771,0.0199974427121233,0.111545965777614,0.459468726645719,0.0153664602486766,0.0499604879482427,0.343660916667625
2772,0.019184224419443,0.0304109975963301,0.110887146858559,0.218597511788371,0.391929649244673,0.228990470092624
2773,0.0474867259500048,0.36453481012585,0.140241420539632,0.0156276252457615,0.283562362311382,0.14854705582737
2774,0.0737636501437846,0.625395241067585,0.066516326479279,0.0164325105839693,0.160974468023608,0.056917803701774
2775,0.00214671790157306,0.00907162662931914,0.0841043923411425,0.00918216309085654,0.0686465999492026,0.826848500087906
2776,0.0120055221781236,0.0507221550458309,0.10020014433744,0.0496036450738488,0.214362400491836,0.573106132872921
2777,0.00253341711158645,0.0205948557901923,0.0824134742927026,0.014440423651504,0.149908437529246,0.730109391624768
2778,0.259142114447696,0.109938643583871,0.177668323544179,0.103135592976493,0.108952580484521,0.241162744963241
2779,0.0308471553424545,0.024227853001277,0.242246352651022,0.189532967020154,0.154080948708225,0.359064723276868
2780,0.0508035257002025,0.152593586211203,0.394939820609285,0.0782630219888381,0.0846364281254237,0.238763617365048
2781,0.0103399688024749,0.0121321374262871,0.0476640895715125,0.138270765393317,0.492801338150399,0.298791700656009
2782,0.010379702694342,0.0230987650179077,0.226384643239371,0.0222600580825891,0.114880041220545,0.602996789745246
2783,0.551730636242231,0.191999097451597,0.086102371780457,0.0873911609840274,0.0518909184132399,0.0308858151284482
2784,0.0834416558318503,0.203328316076725,0.0648049746522193,0.10698928182253,0.383313284161096,0.158122487455579
2785,0.00176509812236215,0.00391449043312455,0.0175762770693325,0.0177512622988857,0.400033798039612,0.558959074036683
2786,0.0229979590645616,0.183665798033606,0.078816577579678,0.0699349231751423,0.430611649772357,0.213973092374655
2787,0.00667481539749586,0.0218016460567134,0.0635904835753476,0.020654419617759,0.126274468182785,0.761004167169899
2788,0.0293089267895136,0.0878652534732947,0.185585494749743,0.0415218790793581,0.118108673171772,0.537609772736319
2789,0.0535537022589213,0.104959508324545,0.322290223553384,0.0768333290729637,0.167127413914617,0.275235822875569
2790,0.253112584178919,0.172254590039964,0.048740663772866,0.0849423645981023,0.284093184752042,0.156856612658107
2791,0.265850613072434,0.094546483510891,0.0342308850712631,0.373433221498408,0.196485516500387,0.0354532803466174
2792,0.481878631685414,0.274627600342341,0.0274809868824195,0.0771860061489789,0.117123511455541,0.0217032634853061
2793,0.00879459509841548,0.0591409148433326,0.0511356146891742,0.0222084572914662,0.377967735925191,0.48075268215242
2794,0.459658820167877,0.142679835958671,0.0439466012476299,0.143251332929684,0.170305081514959,0.0401583281811785
2795,0.465210736869822,0.145403926945103,0.0333741057698355,0.262179330256744,0.0806022919936535,0.0132296081648421
2796,0.00212473671386909,0.0104106725358241,0.0718599694041118,0.0248192921595046,0.147954924593596,0.742830404593095
2797,0.0983849521361267,0.101714217622192,0.104907061648193,0.101838468070704,0.164023350372536,0.429131950150248
2798,0.0151854524123235,0.410860634158926,0.227522399665733,0.0047356974494824,0.169201142164303,0.172494674149232
2799,0.271432647563586,0.141090894615338,0.351087519779759,0.0166018070434958,0.0691026023243417,0.15068452867348
2800,0.0110196010189382,0.0120613003906484,0.0365850200128862,0.016773310259468,0.100530183148445,0.823030585169614
2801,0.00797047229032976,0.0249955808862418,0.0150434816294545,0.0246581894076154,0.42792463897433,0.499407636812028
2802,0.0137621341540045,0.0692494450112294,0.0646983706240784,0.0331350019369271,0.385704742693379,0.433450305580382
2803,0.0769876089000334,0.615189172899283,0.129659085501748,0.0182853964351432,0.0787378620217782,0.0811408742420136
2804,0.0258511595719696,0.0718938186548897,0.129975442603971,0.0294461884435615,0.306066546395255,0.436766844330353
2805,0.460446380271376,0.112397281112015,0.197865898930207,0.0807516288428969,0.0785210222301399,0.0700177886133654
2806,0.0438507647253007,0.0360181373299457,0.0564317875471098,0.319773892660896,0.391465397508158,0.152460020228591
2807,0.152916705464614,0.189460158320477,0.215105297356018,0.115225491263632,0.132815834506809,0.19447651308845
2808,0.0126106817911871,0.0339679896745397,0.0468570471672991,0.025321726725417,0.174460898622323,0.706781656019234
2809,0.0511038300587562,0.132209982725771,0.546544556011727,0.0450620129209572,0.0428338916716903,0.182245726611098
2810,0.0121893765308636,0.0324408357511232,0.0529667164340782,0.0885302001444901,0.382137172607264,0.431735698532181
2811,0.00654651529339808,0.103849647018314,0.105356664493226,0.0165653723814401,0.418334302660292,0.349347498153329
2812,0.506961647692438,0.337096654524432,0.059988563002349,0.0358535372707013,0.037417602653492,0.0226819948565868
2813,0.375862524165451,0.0972005183130242,0.0881365932708358,0.13912340800573,0.2421505919556,0.0575263642893581
2814,0.0234665806579171,0.353169126806574,0.164445501056072,0.0241945234302958,0.116301582612459,0.318422685436682
2815,0.0153735610432003,0.0478897900751824,0.107262290418171,0.0471654628253051,0.147102644469659,0.635206251168482
2816,0.220211468705223,0.175028724951153,0.299155073116225,0.123610618264076,0.140221918440057,0.0417721965232647
2817,0.0843708736136101,0.540431073270304,0.0693094548117292,0.0683412656756815,0.138651193404834,0.0988961392238411
2818,0.237801585037202,0.442557885012998,0.181482839739714,0.0266473196437274,0.0441948677439935,0.067315502822366
2819,0.317177028018337,0.43071288295584,0.0794637236546609,0.0365815869086715,0.103298967134245,0.0327658113282452
2820,0.502185346474407,0.244623814695189,0.170853979840637,0.0328066271485734,0.0366872699525729,0.0128429618886203
2821,0.00426383321265275,0.0391341743828703,0.0123469080275654,0.0112280136683261,0.282776521273177,0.650250549435408
2822,0.180584357833258,0.272200169032689,0.230692828433959,0.0599515969158222,0.121838896801016,0.134732150983256
2823,0.0266700502850555,0.0912869112992658,0.121344634900399,0.0660175725352157,0.215331528108573,0.479349302871491
2824,0.033301162040442,0.0783419095596908,0.213418361188267,0.0604575532106763,0.268260343553053,0.34622067044787
2825,0.00876765150156202,0.0248912447670716,0.245224566953542,0.0183829937424201,0.0246451779540149,0.67808836508139
2826,0.0520668839724989,0.175826878765527,0.0641788258000911,0.0886672057558077,0.448492449949856,0.170767755756218
2827,0.0700278278031516,0.65283591383072,0.147107337025159,0.00771838201542502,0.0542090210975604,0.0681015182279836
2828,0.0157291920946168,0.111566192865425,0.129687251017658,0.019095074577736,0.331021451575951,0.392900837868613
2829,0.0407185351394796,0.0315422002824992,0.0627754326639429,0.206022399953018,0.576466923042147,0.0824745089189141
2830,0.0079773086577963,0.0263110346922153,0.143909901492223,0.0582011862829455,0.164237124831152,0.599363444043667
2831,0.378487872674782,0.408183415367427,0.0806827408291741,0.0674322309135187,0.0399229271607401,0.0252908130543581
2832,0.0329568892662374,0.452687693810169,0.164008856917341,0.0214969859233377,0.194891273369565,0.13395830071335
2833,0.32095941036522,0.101227390022643,0.121305293794922,0.167970663328173,0.178819320435257,0.109717922053785
2834,0.00914994465570699,0.0576153333795139,0.121188067053341,0.0170233286805609,0.14666386095119,0.648359465279688
2835,0.128675513227277,0.327611945425591,0.0671806732105541,0.0718551328092903,0.254326965601652,0.150349769725635
2836,0.0324969077800712,0.0881377274425853,0.0749328236426616,0.126439028084187,0.311713738935234,0.366279774115261
2837,0.0259824811017721,0.262279033123174,0.333040596451745,0.0519869914372494,0.139799009270053,0.186911888616007
2838,0.377152626171434,0.214923719939532,0.182594841031699,0.0906918943147436,0.0528213874467841,0.0818155310958072
2839,0.05374852937145,0.15907043704347,0.189688248073728,0.162961629799822,0.21532655543249,0.21920460027904
2840,0.151751953364686,0.0656173989149489,0.0850184321832913,0.378700800312222,0.149985609039674,0.168925806185178
2841,0.298245144638305,0.183049568664329,0.100622085667452,0.0608742373292581,0.173488714243391,0.183720249457266
2842,0.0142522305708824,0.0547603880798549,0.0330390228065955,0.0277776466173239,0.434237205098215,0.435933506827128
2843,0.0485721052878353,0.0969879091142161,0.0550089025082584,0.00317017683696138,0.624762109237475,0.171498797015254
2844,0.0444382905548476,0.229253997254447,0.338130901464229,0.0175352096564934,0.0643803798132245,0.306261221256759
2845,0.279087636854545,0.536144754240417,0.0557798885595158,0.0954478918702067,0.0279041661903825,0.00563566228493332
