"CUS_ID","F20-","F30","F30+","M20-","M30","M30+"
2501,0.0907787630897455,0.463944259541076,0.104188512288988,0.0386927563965134,0.161718023415723,0.140677685267954
2502,0.033592415693761,0.137609127561426,0.190832641557606,0.0748451414477196,0.370437034226396,0.192683639513091
2503,0.0605529911521284,0.357972861730943,0.0612322683671333,0.0628815660887654,0.351340990837719,0.106019321823311
2504,0.351014140592995,0.152588671137649,0.136472964221028,0.16031238561461,0.096988600806901,0.102623237626817
2505,0.033846363502742,0.134061715149661,0.167501707096762,0.0528713587114185,0.168133068306501,0.443585787232916
2506,0.0209611155925174,0.326487583486026,0.0984173258162542,0.0261374772450688,0.274191315666344,0.25380518219379
2507,0.0127206371390583,0.0332711258216126,0.0930997515587859,0.0268415687786767,0.195766744821584,0.638300171880283
2508,0.00777669254602643,0.0337560279565672,0.039062605842301,0.0288421202569196,0.446908613104562,0.443653940293624
2509,0.0228342218162754,0.0463317182894692,0.15696145891618,0.0379544559646961,0.1605079833424,0.575410161670979
2510,0.0147480139024202,0.079703634013795,0.0530629848151159,0.0330177758259813,0.362386774266637,0.45708081717605
2511,0.641498290237645,0.0982273444523672,0.075916086180896,0.117230854938107,0.0461754428980752,0.0209519812929098
2512,0.0536451682124543,0.173878309290423,0.0759175978745498,0.135325723938102,0.450790171856744,0.110443028827727
2513,0.00688000264171709,0.0296789674190662,0.0894437550252745,0.0297474928088826,0.268974657463171,0.575275124641889
2514,0.107737264646909,0.563989782950149,0.0604901588794313,0.0340380334358816,0.179830191291515,0.053914568796114
2515,0.0155699527677517,0.0510572455694608,0.115168529297084,0.0391330220726229,0.188867288086444,0.590203962206636
2516,0.0752403570967882,0.118818257845331,0.0727447914460794,0.151243889245071,0.333381774509489,0.248570929857242
2517,0.0320202742508281,0.365200138986085,0.122212832382954,0.0169390815171241,0.205875648253698,0.257752024609311
2518,0.454100328036721,0.222868126855385,0.103409351849736,0.0620075929828046,0.0897867935070064,0.0678278067683474
2519,0.0442025376359778,0.840013255702025,0.0202896443487829,0.0092600473210212,0.0586861781363226,0.0275483368558708
2520,0.0266939489088384,0.0521627281795077,0.0209070608789002,0.102014158115564,0.616486757528614,0.181735346388576
2521,0.0292303712657741,0.0740793838077474,0.309082057902408,0.0506743718285645,0.130102117957279,0.406831697238227
2522,0.330975940900046,0.230951321363684,0.168585787932392,0.0754589391861926,0.13015930729688,0.0638687033208056
2523,0.0585056361332832,0.383617182680818,0.0823199125560747,0.0183470519630477,0.307516143881972,0.149694072784805
2524,0.0543616676899953,0.138248570047698,0.264905019978101,0.0592690633043979,0.136467600574757,0.346748078405051
2525,0.114736671579378,0.0745748853509554,0.0787160988210495,0.387228481349494,0.281181467656502,0.0635623952426209
2526,0.0988326098807967,0.212957948160911,0.079926193993084,0.103145218591085,0.340789551804921,0.164348477569202
2527,0.529486009567847,0.171534239392435,0.0940092317499186,0.0518686921054845,0.0925900925992808,0.0605117345850336
2528,0.00633132779931796,0.0207157515503437,0.0589628334226043,0.0465288279628044,0.211478154288407,0.655983104976522
2529,0.0673305373332597,0.0936023246469484,0.286544216850084,0.0632421725530731,0.121351186055784,0.367929562560851
2530,0.00393016413896437,0.0197939295211157,0.139679387595987,0.0216142369410296,0.106797576662057,0.708184705140847
2531,0.0371898503652504,0.146266145685857,0.137046011389113,0.0839485805704221,0.326752971132504,0.268796440856853
2532,0.0358911501886819,0.166508992425266,0.142105603152997,0.064691738469837,0.27062868590612,0.320173829857098
2533,0.0030643088374324,0.00984464816064761,0.0561523745706674,0.00819473853212841,0.0277215219342519,0.895022407964872
2534,0.236565525630859,0.0661286019766002,0.0541873553997095,0.486204745176928,0.09119490813834,0.0657188636775633
2535,0.0497002815480287,0.113507558033083,0.146430429946749,0.0531985802389316,0.192587738620851,0.444575411612357
2536,0.14299318439817,0.250216721005166,0.114795583808096,0.0675004141055956,0.193357752703086,0.231136343979886
2537,0.0375703133153188,0.738940685264698,0.0907634031047356,0.00828241677396072,0.0734355079351343,0.0510076736061523
2538,0.236630803465351,0.113500286744969,0.0701674585347742,0.109021637234182,0.303506823131704,0.16717299088902
2539,0.161330393646927,0.263137245914732,0.218202324608535,0.045832408591668,0.161615282230079,0.14988234500806
2540,0.378313335032766,0.162210435840327,0.0427650425582166,0.164939139277042,0.21046546746891,0.0413065798227382
2541,0.145375233917025,0.0640326120234279,0.0223258293847104,0.394925785082298,0.30948352726931,0.0638570123232297
2542,0.10598444930289,0.439547340682409,0.0722037503394423,0.0337982251617373,0.296206805724531,0.0522594287889908
2543,0.0106159962210865,0.0244591947807994,0.0731040763476368,0.00984968435549088,0.247131273953155,0.634839774341831
2544,0.0923009323179923,0.140327751927599,0.108560517841405,0.238447632149893,0.159834355860535,0.260528809902576
2545,0.0309367869920363,0.291529610832557,0.0532544577604996,0.0151148514770324,0.414329749656248,0.194834543281626
2546,0.0344861905089912,0.034304943065518,0.012641240689608,0.267826720545221,0.571875254902684,0.0788656502879779
2547,0.0940229191106141,0.172911427511848,0.276746232701314,0.0533679834578285,0.188392987722558,0.214558449495837
2548,0.0645868901584256,0.08612044296339,0.11122636591928,0.236370609636706,0.399206556155792,0.102489135166406
2549,0.00769788795833104,0.0389567658662912,0.0390867712417701,0.048652480356929,0.330962238266044,0.534643856310635
2550,0.0180745634901115,0.0278420990366578,0.0177610418500283,0.180151124529036,0.58442757143691,0.171743599657257
2551,0.130888063825062,0.229099677062207,0.0604225608707902,0.18102635735661,0.237230433065183,0.161332907820148
2552,0.146921652719661,0.367950751340413,0.153982519419468,0.0586424091601587,0.130944572568238,0.14155809479206
2553,0.479130170438682,0.208478641535041,0.0442669991257788,0.118966995740187,0.125972371332639,0.0231848218276732
2554,0.091990404968213,0.189386510981989,0.103184896258673,0.136835315365233,0.386790994812579,0.0918118776133124
2555,0.0156325811570385,0.0780623833949574,0.0643118780444124,0.0443924888314626,0.605072004417352,0.192528664154777
2556,0.0840405412940963,0.290361450069415,0.281737542613402,0.0549997836095312,0.154556048848452,0.134304633565103
2557,0.296213296988097,0.244120314830249,0.318162852279204,0.0501604147993746,0.0648657347368083,0.0264773863662681
2558,0.0379188727842734,0.0922504895049796,0.641326293339335,0.0360006861906028,0.0914418789551515,0.101061779225658
2559,0.0711662131780212,0.459946458804238,0.142483897979336,0.0305262125256141,0.108525823307277,0.187351394205514
2560,0.00874176577959845,0.0975659953643816,0.0952425531765737,0.0263806820333353,0.184301714240011,0.5877672894061
2561,0.0215676429396398,0.0662614350760959,0.161092472933633,0.0173551181491116,0.124174774556361,0.609548556345158
2562,0.324514248740184,0.385374522094101,0.042453064635465,0.0395725519905935,0.182954280531602,0.0251313320080538
2563,0.249800754769223,0.186561909036556,0.254779472290188,0.0978054460794254,0.106896433026102,0.104155984798505
2564,0.151516353514501,0.0826704519203356,0.0788140911004589,0.313034030717559,0.221305308635099,0.152659764112047
2565,0.0201254604413698,0.0691390840762941,0.0817102665729812,0.0386608345122024,0.196623609528732,0.593740744868421
2566,0.0135645758461177,0.0357393678249612,0.0937013407461213,0.0924403774655471,0.289477721595836,0.475076616521416
2567,0.0367344798468487,0.131104753933377,0.119539619076021,0.0583233536002491,0.155545812491703,0.498751981051801
2568,0.00827425531397357,0.0488695914415152,0.0769912276444022,0.0277821807941817,0.243395329437083,0.594687415368844
2569,0.0246974757296097,0.0826976805275415,0.215878588474608,0.0194697224224093,0.17949145612774,0.477765076718092
2570,0.028885169789566,0.554545470085556,0.0897634185678205,0.0163589339708202,0.162449931805206,0.14799707578103
2571,0.11473863967469,0.0795571310858343,0.0310670580212362,0.335351271506169,0.307718137376046,0.131567762336025
2572,0.0811866652530024,0.0868035616981178,0.357017304684704,0.133313355151494,0.119231109487529,0.222448003725153
2573,0.0875135923519018,0.324765081750757,0.0886443102727473,0.0393373131381638,0.261129305986242,0.198610396500188
2574,0.0312886165784733,0.0550564184824017,0.0317328815445933,0.411572657026279,0.391466722973863,0.0788827033943899
2575,0.0219618233370584,0.0316195266997782,0.0165269227684668,0.149793447831142,0.671427962349616,0.108670317013938
2576,0.286195775826331,0.3254132844517,0.129927211598704,0.0753778528051981,0.0934540812302531,0.0896317940878141
2577,0.0449708595214818,0.224763867987722,0.284619429856697,0.0300767180157302,0.17471180480144,0.240857319816928
2578,0.00218753783679566,0.00864963961790427,0.0400598542550855,0.0105358020935074,0.0652356790058482,0.873331487190859
2579,0.263188803634441,0.209616691000485,0.307414074012126,0.0417699050735269,0.0927758184246393,0.0852347078547812
2580,0.0678628177346415,0.278987220700727,0.166157974530243,0.030194588126169,0.216208935606801,0.240588463301419
2581,0.0112525506677453,0.0447799018624659,0.0837255094280643,0.108537828345968,0.467407876563851,0.284296333131906
2582,0.117369043892173,0.5462157455797,0.0654287950027186,0.0320803823066663,0.182276870797892,0.0566291624208501
2583,0.0498667574907436,0.579014170801691,0.16791092996071,0.0174746700240266,0.103529379344953,0.0822040923778756
2584,0.267880432522925,0.614312861738268,0.0298327496897849,0.0117173061113563,0.0587278257371593,0.0175288242005061
2585,0.0206988992596201,0.065295093613537,0.0672000123564212,0.0682234125616784,0.471406130142468,0.307176452066276
2586,0.0446568063027118,0.288710497547709,0.131547228534779,0.0404781061910789,0.201265297579518,0.293342063844204
2587,0.200132551236696,0.0748394288313605,0.057189829011188,0.286057371093876,0.275126214759674,0.106654605067206
2588,0.0488679712567337,0.0354881262289383,0.0258121417660761,0.184266838100083,0.582972406320575,0.122592516327593
2589,0.0428899953201934,0.0836579446428192,0.0475253825073265,0.139565984190375,0.580456375383571,0.105904317955715
2590,0.0126147773827009,0.0592325649981744,0.136289679436874,0.0640297202617666,0.177711058706005,0.550122199214479
2591,0.0957999750941761,0.115426338255169,0.265231519044134,0.0477819996688119,0.0850937063523441,0.390666461585365
2592,0.0199323738401216,0.0527993161432657,0.0283878378304342,0.146988067561458,0.59203164589457,0.159860758730151
2593,0.191488284668051,0.217828401628956,0.0771025720756807,0.192300261323157,0.222928978442585,0.0983515018615704
2594,0.0301897244744714,0.0576250064711835,0.0576412524904036,0.0290987594680138,0.41517488324077,0.410270373855157
2595,0.0959189940997832,0.114492858309328,0.213238099537469,0.178727201173003,0.165129701649214,0.232493145231203
2596,0.775408117024249,0.0673039617640634,0.0136454141489224,0.10481089169983,0.0323803969469307,0.00645121841600358
2597,0.00914055958797169,0.0393989332193248,0.175561823392922,0.028498139356982,0.178672496668788,0.568728047774012
2598,0.0159184463385766,0.100644535760714,0.122906711430758,0.0164923621315546,0.143654173932294,0.600383770406103
2599,0.223579736524842,0.227128652239821,0.106752021613767,0.167783032997926,0.176823242560729,0.0979333140629145
2600,0.0188506923409766,0.0624206059173085,0.0905576964067409,0.0562851149466963,0.687349409795254,0.0845364805930237
2601,0.0382752983017127,0.0834597349867923,0.216870654903977,0.0431541989089341,0.135295744989296,0.482944367909289
2602,0.0208318513765754,0.0837483262825771,0.106058918404266,0.0412890243468614,0.203160114821334,0.544911764768386
2603,0.0413141379386081,0.566989666081447,0.0404834182375778,0.0270910173072148,0.256454215137861,0.0676675452972923
2604,0.0445386857669912,0.16772122988047,0.305753968120554,0.120395257977853,0.110169675733386,0.251421182520747
2605,0.00707137841463089,0.099703257011229,0.285992882837984,0.0345546837789138,0.218093494415183,0.35458430354206
2606,0.0394555352300558,0.0886168467612833,0.118852292886877,0.0402610706206526,0.23104539646797,0.481768858033161
2607,0.00704996674905301,0.0212790500770126,0.0643375260317048,0.0215070649168992,0.109532735824981,0.77629365640035
2608,0.192829764138825,0.172980141201045,0.0746104396373051,0.154065750141111,0.244840842588336,0.160673062293378
2609,0.0198526339852036,0.0499807074727215,0.0545065213853496,0.0977106007038243,0.423282753087793,0.354666783365108
2610,0.0984479754397637,0.192749595198034,0.0553737016164287,0.165382987411208,0.302653250552704,0.185392489781862
2611,0.0210023128667665,0.0763430407329913,0.210445560884514,0.0405796021187367,0.0829226720381997,0.568706811358791
2612,0.0656805832845746,0.260064499216811,0.128481332743121,0.0411964695102245,0.155753151423747,0.348823963821522
2613,0.433354956068447,0.362787970697745,0.0572058021157835,0.0564290765052533,0.0710139883771781,0.0192082062355928
2614,0.138834090241532,0.0982802351386129,0.0709846402094919,0.15802589668505,0.261651957257194,0.272223180468119
2615,0.427878026152937,0.249742966236157,0.163663448150051,0.0488760343841455,0.0673116022019997,0.0425279228747095
2616,0.0109916973335562,0.0572582050716677,0.069736704865247,0.0453961524539711,0.472840313598552,0.343776926677006
2617,0.16069001412949,0.314527148762749,0.268485608272039,0.0403569871685109,0.125288975668755,0.0906512659984562
2618,0.0597305208102673,0.0758855657313043,0.0965248250819168,0.0622690617267251,0.445842920843675,0.259747105806111
2619,0.029576483924659,0.0364695512128717,0.0175589031390707,0.0802289199865661,0.703463545638271,0.132702596098561
2620,0.0116424337243589,0.102433873548917,0.22569747209297,0.0270030005805612,0.303637051182553,0.32958616887064
2621,0.0287650340437215,0.0821484244970707,0.0437233357327352,0.119446733876613,0.611893131452836,0.114023340397023
2622,0.00427805927704478,0.0151409328984514,0.0308127297854868,0.0152574922303019,0.147604697964953,0.786906087843762
2623,0.221890639140918,0.219583924608978,0.0440920611041924,0.0765541023688287,0.362125909502562,0.0757533632745208
2624,0.0298110145355569,0.0514765306521132,0.10594484319875,0.0643176075290166,0.184954954823208,0.563495049261356
2625,0.0788161203622733,0.196235313050365,0.519102900153209,0.0328749286737724,0.0812021350129611,0.0917686027474188
2626,0.00973405127934864,0.0300480812970077,0.0655443944884009,0.0281451580062931,0.177327681517203,0.689200633411747
2627,0.0635308540750532,0.151037630587638,0.330082353329216,0.0325396723084115,0.172878922788356,0.249930566911325
2628,0.101270684224908,0.124709237619272,0.0809443606808935,0.323811906075595,0.291412446754504,0.0778513646448281
2629,0.037089996274194,0.209577979450216,0.0652932363308812,0.0445694425890882,0.387781106249822,0.255688239105799
2630,0.137502357189703,0.128939381632126,0.139585170880346,0.0863425300077137,0.226022272529494,0.281608287760618
2631,0.0186155005678312,0.207672597060356,0.209824384093317,0.0285903373555163,0.289606403204477,0.245690777718503
2632,0.00591921021560511,0.0216834589353515,0.0648975491696078,0.021216999373093,0.139555997042816,0.746726785263527
2633,0.132997394084744,0.393953526840602,0.0623574752320962,0.0896081706859213,0.23638034458937,0.0847030885672669
2634,0.0423410140704681,0.0769496300143891,0.266346478502212,0.0767415436135515,0.158629234327159,0.378992099472221
2635,0.0216519542721505,0.0721209220264768,0.0579508196097088,0.0332975479968716,0.628532991777458,0.186445764317334
2636,0.0251982101740339,0.0687409289418033,0.141147559002967,0.0457031232551163,0.331784705335384,0.387425473290696
2637,0.0184547885494414,0.078734899645872,0.0296422439923243,0.0253966775414801,0.673382695384092,0.17438869488679
2638,0.0685239040066479,0.0470870645080407,0.0804128851307466,0.296807088692423,0.196524984603875,0.310644073058267
2639,0.0943531053681596,0.0753658594127865,0.0494735644028026,0.365376380877959,0.326786149035071,0.0886449409032209
2640,0.0180948317419359,0.0362304051837131,0.0611530805091377,0.0288470158494708,0.129166995327227,0.726507671388515
2641,0.163154115563146,0.19472098508905,0.151391148838338,0.125551018235433,0.200535984271891,0.164646748002141
2642,0.018131704495856,0.0894196057009121,0.119017944515117,0.0331573158736793,0.232159085202688,0.508114344211747
2643,0.363126594039831,0.371360350130647,0.0272719304527981,0.118794140990456,0.092273055586894,0.0271739287993734
2644,0.00780496852510672,0.117835465610606,0.0429004624871155,0.017345990964947,0.236370318508554,0.577742793903671
2645,0.0204253341801932,0.0712250726845098,0.0403834010953839,0.0522336802722505,0.300204466451233,0.515528045316429
2646,0.00480981274768841,0.0201233231797394,0.0958860904779333,0.020411550911078,0.0551788154773788,0.803590407206182
2647,0.0741419571752169,0.106634333018848,0.125859089124926,0.126969159376924,0.244950340180826,0.321445121123259
2648,0.166750462122471,0.265042336827806,0.40303404396522,0.024029574709967,0.0503570616167182,0.0907865207578175
2649,0.041437742925634,0.0574752643890018,0.0982758901695896,0.0554608086526526,0.255040567019821,0.492309726843301
2650,0.0586987835382201,0.0495833501629723,0.212213776404107,0.0524981434524194,0.113029825485415,0.513976120956866
2651,0.0245143640467886,0.0807605408720973,0.0418341723664856,0.0519903850463717,0.562732225035223,0.238168312633034
2652,0.0194050574436809,0.178123578753397,0.0557510653497668,0.043110151092298,0.441426209437165,0.262183937923692
2653,0.283072741084239,0.233505826378965,0.130122239549082,0.0564956199558817,0.180297502421587,0.116506070610245
2654,0.00620848542600672,0.0450570620653705,0.083569490964324,0.0488759781101813,0.156122230788953,0.660166752645165
2655,0.402324283498352,0.232809086521927,0.0675192742610616,0.106184758999645,0.147958884521709,0.0432037121973057
2656,0.0116544276224559,0.0657296167070216,0.0595809683118774,0.032074162084764,0.424966646225235,0.405994179048646
2657,0.0170775560868116,0.0394189963691075,0.189183155407334,0.0305544278866916,0.111221649115467,0.612544215134589
2658,0.17691413634393,0.18024302207259,0.154407476920523,0.254285479240774,0.127079179842729,0.107070705579453
2659,0.147816950870331,0.0847511459662025,0.111404501359687,0.477583257104051,0.0894325406976448,0.0890116040020828
2660,0.0102104943006648,0.0344791289905206,0.0434797272109846,0.0368089327164647,0.258433431854266,0.616588284927099
2661,0.0050394827739364,0.0259529758143687,0.101079532056183,0.024308716025086,0.0980502079000811,0.745569085430345
2662,0.00642072323072071,0.050845892947098,0.105001175985182,0.012905983451584,0.127661347520737,0.697164876864679
2663,0.00655401776621601,0.0303272235161106,0.0477449960825721,0.0354672608359255,0.40613449379968,0.473772007999496
2664,0.0383567655166991,0.0997380186423481,0.03410059985226,0.0991512568888034,0.563866167056032,0.164787192043857
2665,0.236539453843473,0.278752802334315,0.108889610779678,0.0667647531056901,0.189645308327395,0.119408071609449
2666,0.00664322506648992,0.0165951975529342,0.118310442992857,0.0168174825835681,0.0297804990019401,0.811853152802211
2667,0.0659717661026896,0.137423660474436,0.432605724043088,0.0747567359751688,0.180596585022717,0.108645528381901
2668,0.0154356512658081,0.0725199349883196,0.432553093805541,0.0238290241524968,0.117933785321375,0.337728510466459
2669,0.0479010817133822,0.188282507871089,0.119002358932419,0.0291407679024016,0.220975628100828,0.39469765547988
2670,0.0101112301088795,0.053841977714374,0.154224142694464,0.0239956052466082,0.1892441622558,0.568582881979875
2671,0.03627914178584,0.0783477305626138,0.0398990541006657,0.097664470763352,0.340423293843006,0.407386308944522
2672,0.00739195897908173,0.0621623754608723,0.139188951050883,0.0199812266088954,0.188120423517967,0.5831550643823
2673,0.319649364154173,0.319356812531307,0.0543936672100376,0.111878701199679,0.152970946546399,0.0417505083584048
2674,0.0299579735597008,0.0478547441528104,0.0692882604527601,0.262488464243691,0.374895092295942,0.215515465295096
2675,0.53044094687294,0.186953639588541,0.0210935500685727,0.172004989501848,0.0720819137743793,0.0174249601937196
2676,0.0256905328722262,0.0389590088853275,0.0602429993264579,0.139723244527952,0.437540464320699,0.297843750067337
2677,0.0866652229629329,0.21609565793748,0.30367307459472,0.0521667724676971,0.22348833993736,0.11791093209981
2678,0.0466208329865562,0.169265431456188,0.195965526150732,0.0542684798293515,0.307596044637715,0.226283684939457
2679,0.0035443107115609,0.019082612305526,0.0453406081463041,0.025559053169562,0.32175876859823,0.584714647068817
2680,0.06708782741716,0.11094217004838,0.338453435038431,0.170237037327231,0.136530492812408,0.17674903735639
2681,0.0416560108427144,0.167791050711876,0.111679437266407,0.0672767666514349,0.326796589468677,0.284800145058891
2682,0.0148290543037913,0.0386967864159844,0.128177929734007,0.141402346279718,0.207499596569994,0.469394286696505
2683,0.454154395801754,0.273773719770744,0.0405093136117988,0.114080382323096,0.0991636558110972,0.0183185326815096
2684,0.0120198536920452,0.0421726379432057,0.0474916980108079,0.0811640959174144,0.448020340518926,0.369131373917601
2685,0.137647321378249,0.0914740349963685,0.15076809420568,0.0381887429749087,0.0827985729943601,0.499123233450434
2686,0.0160701715240753,0.146852005255842,0.156495180221625,0.0385265542827843,0.197136698278949,0.444919390436725
2687,0.329226324063053,0.202484292533326,0.0937486593880627,0.167622990649042,0.170136046489839,0.036781686876677
2688,0.0405673190014639,0.164415248522087,0.0745203638566751,0.240695630265281,0.344817456070387,0.134983982284107
2689,0.157961592374482,0.610714471941798,0.0319601839250486,0.043237568348139,0.128045670548377,0.0280805128621564
2690,0.0124464063424077,0.0266333694123862,0.0381102713327561,0.213621989044609,0.452955888735068,0.256232075132773
2691,0.0429953693346903,0.221601704753551,0.0771174759078893,0.0524593695557461,0.35167932861748,0.254146751830643
2692,0.0611865225838819,0.101893102859039,0.230607262596308,0.0748764470654064,0.209987312281358,0.321449352614007
2693,0.0375889221379201,0.0722492661509799,0.220431905540903,0.0522208071055119,0.140975042537311,0.476534056527374
2694,0.0103779295536023,0.0299345124088253,0.0704415779428564,0.0470258701464,0.202813090678571,0.639407019269745
2695,0.597851296332818,0.171502046911276,0.0476672177709807,0.0973539067711453,0.0642735052169817,0.0213520269967979
2696,0.0220241644189827,0.0932850868251715,0.294347623176518,0.0331920139690431,0.12166546479175,0.435485646818535
2697,0.0434088655487645,0.157609690447863,0.267356856591569,0.0390519979073586,0.162494347978483,0.330078241525962
2698,0.0151256818031233,0.0518875667058196,0.21345063714182,0.0460631691299114,0.232970870792746,0.44050207442658
2699,0.0164760555158231,0.126641410416475,0.342200825972746,0.0173808891585686,0.0834771379081104,0.413823681028277
2700,0.00261870561085861,0.0354533173067251,0.0262797076837054,0.00836637666905837,0.33825293545878,0.589028957270873
2701,0.0207682873677926,0.0453012801990267,0.0925234392047003,0.110848547862333,0.275794972101525,0.454763473264623
2702,0.438562216405479,0.177692859391857,0.176565052889661,0.0701438590893789,0.076483906565221,0.0605521056584036
2703,0.0923802503794265,0.0838463422899194,0.151759441256281,0.100991382961587,0.264666601245438,0.306355981867348
2704,0.0339749096884591,0.197443066493501,0.501253442931476,0.0477393366388718,0.10463971410733,0.114949530140362
2705,0.0179730682273994,0.16410337538082,0.408264685779148,0.0219303148057677,0.132941114018907,0.254787441787958
2706,0.017008220304138,0.0900812194621186,0.179962464659744,0.151173957030612,0.16693152508198,0.394842613461408
2707,0.0143153879197453,0.0337928450548026,0.0299217384109659,0.0629834479012176,0.623336040224732,0.235650540488537
2708,0.364390089709213,0.368918788074154,0.063693015705704,0.0590220249116762,0.110535951262879,0.0334401303363736
2709,0.0681637603020399,0.16148093147185,0.300300625194628,0.0536399181221015,0.110713768201511,0.30570099670787
2710,0.0748772635713852,0.0811220264108804,0.229502786521358,0.0684495876331033,0.129531400282023,0.41651693558125
2711,0.0313920236216765,0.076259444114582,0.161791846255247,0.047024690175218,0.280451003571159,0.403080992262118
2712,0.131329029600838,0.0943344865657998,0.0912076380723352,0.20082068573705,0.326137908350936,0.156170251673041
2713,0.152481516670226,0.230693531846491,0.245646883100081,0.053609932111629,0.111778863970818,0.205789272300755
2714,0.00487872224061065,0.0616000355557937,0.121933447261748,0.0197514257979137,0.167214362944254,0.62462200619968
2715,0.0352245277660343,0.11075942107331,0.395228177610952,0.0441226736035182,0.227861547191417,0.186803652754769
2716,0.0301825520049187,0.0662658441431773,0.0957710470169986,0.0719752580090189,0.392038402232906,0.34376689659298
2717,0.011312007209124,0.0406928611191962,0.0354014263784097,0.0339542787344833,0.269581620173173,0.609057806385614
2718,0.0196132347785493,0.0535517456323302,0.25920308913818,0.0670710824047542,0.176487283512137,0.424073564534049
2719,0.0367849070762241,0.118640702035349,0.20531413044381,0.0591879243549058,0.331364424332218,0.248707911757493
2720,0.105635415918681,0.103438810954141,0.257226214970613,0.0941527956478769,0.228455783142834,0.211090979365855
2721,0.0186652702681608,0.0568550382517685,0.094485991889269,0.0467659840658416,0.318572039031153,0.464655676493807
2722,0.281026696111594,0.497545929690914,0.121524259583853,0.0141426883483525,0.061153590688462,0.0246068355768245
2723,0.052498123508065,0.137882424804713,0.123039254442928,0.0649547792967719,0.197251136350079,0.424374281597442
2724,0.682086653815446,0.0878593464971308,0.0581222545836395,0.096566805690077,0.0525438535732395,0.0228210858404674
2725,0.234816809413073,0.293691658318082,0.0714135656641532,0.200909443086232,0.130097707669462,0.0690708158489978
2726,0.0582851200659175,0.0915447969176703,0.0510798286443788,0.157005358596012,0.582216903702218,0.0598679920738039
2727,0.00627284453954866,0.0399488269658936,0.0783909369622709,0.0343636103022386,0.305411826557902,0.535611954672146
2728,0.0199364019362733,0.0416378623935395,0.129893373175294,0.0500960848465961,0.122410493275542,0.636025784372755
2729,0.162560492107167,0.226656844750019,0.0883279567615232,0.107642286888268,0.271836380804251,0.142976038688771
2730,0.0171178352867185,0.0340985281606968,0.0830416670294352,0.0644253016471438,0.431469791122543,0.369846876753463
2731,0.163823001313655,0.157418563987546,0.067463757577464,0.176485998430204,0.327999300259981,0.10680937843115
2732,0.0260319209398016,0.0793202886919973,0.279099506060123,0.0308807933011634,0.107923568394514,0.476743922612401
2733,0.0532730001776872,0.137437988283556,0.13576269104786,0.182938249138643,0.395696372268076,0.0948916990841777
2734,0.033994937817372,0.679021235387946,0.0446637227708515,0.0135964456820477,0.138219464644708,0.0905041936970748
2735,0.0460726062642476,0.453061614472442,0.133973678865029,0.0279278869738736,0.137795812795946,0.201168400628462
2736,0.0356494089340356,0.0832988496668597,0.0529887181356231,0.364066814615731,0.359506197413093,0.104490011234658
2737,0.165268482792515,0.120496220314,0.266856886879346,0.0928018413400557,0.178150692863766,0.176425875810318
2738,0.0294009595436117,0.110397525837112,0.131995056662058,0.0564677858970358,0.162629883383825,0.509108788676357
2739,0.12889110827562,0.257494709043815,0.248653292064869,0.0394491425751092,0.228423557633919,0.0970881904066672
2740,0.230465396543681,0.363295031210353,0.0595188557371785,0.0901474467630657,0.113921111485778,0.142652158259943
2741,0.0594585701347385,0.314524385387086,0.111939591269067,0.0355744176104172,0.324244750582858,0.154258285015834
2742,0.0603909399922501,0.0648778529791291,0.0421766958646607,0.200736423210133,0.480439354671971,0.151378733281857
2743,0.18659093804166,0.225903049116384,0.104734113342076,0.112994674648943,0.222560644957517,0.147216579893421
2744,0.0282468537452326,0.0788425041719655,0.0521723105822688,0.122605686548926,0.610590658653006,0.107541986298601
2745,0.00970185991554562,0.0937323899894115,0.320906612998147,0.0674336041841578,0.279806620861502,0.228418912051236
2746,0.0179798875551377,0.0752034718543682,0.107858403626645,0.0350977968476685,0.293715467045361,0.47014497307082
2747,0.0200395324966638,0.0307653900958439,0.0134887655131242,0.0870585418877883,0.649407170864452,0.199240599142127
2748,0.00875178634229708,0.0498969652727867,0.0646164754214016,0.0386969167844495,0.605204885496231,0.232832970682834
2749,0.224659994816694,0.0978891204733599,0.0574527968483201,0.310427765612374,0.225596871361854,0.0839734508873983
2750,0.0123709320846062,0.0643271625716502,0.390908199693596,0.0333350608593156,0.117655568846037,0.381403075944794
2751,0.220569249838702,0.180533792827099,0.0655852943766982,0.11289817309773,0.360681730149618,0.0597317597101528
2752,0.0418165081393723,0.16497624199218,0.191385829028538,0.0866139213029495,0.175377995043843,0.339829504493117
2753,0.0595376423262796,0.0673961832307026,0.0197435957345694,0.357426106468471,0.442168390057096,0.0537280821828816
2754,0.0137431067844883,0.23313151497303,0.0886280303333134,0.0189094774205826,0.411378205807488,0.234209664681097
2755,0.00324617395490878,0.00987801610125817,0.0471578673983072,0.0129793384877077,0.208548946569506,0.718189657488312
2756,0.00889923789893232,0.0200819241361804,0.0730321623304096,0.0163778384860685,0.0392259721873687,0.842382864961041
2757,0.0103294656169724,0.130473321492394,0.0259622051412593,0.0368339412689307,0.524194097054888,0.272206969425556
2758,0.0881739415763136,0.257651474598049,0.189207305372198,0.0301749737275692,0.276713282858764,0.158079021867105
2759,0.0220476928870578,0.202528799515532,0.0925685657353399,0.0183059306471421,0.270218063139026,0.394330948075903
2760,0.388197407005667,0.0764726488762224,0.029359263830295,0.446918363382789,0.0484945508507497,0.0105577660542769
2761,0.174994093163057,0.138954234798159,0.0822205547518109,0.264406757917052,0.224233402017438,0.115190957352483
2762,0.00859618056038537,0.133997035697517,0.119820383662259,0.0226192037800212,0.399409632760957,0.315557563538861
2763,0.050718561515879,0.17797806880237,0.301113855924452,0.0597507406108234,0.207862041304405,0.202576731842072
2764,0.012579288405027,0.0267929480057145,0.151715651968211,0.0201563922450746,0.10085591030624,0.687899809069733
2765,0.0260140071793478,0.157073857162542,0.215251606651797,0.0312510339130348,0.183009304541134,0.387400190552144
2766,0.032557553846782,0.12692539663752,0.0978076812467842,0.0560175273518079,0.375711649507353,0.310980191409752
2767,0.0264597656484045,0.0707309931175581,0.0972040389015912,0.293688533631062,0.251846994127822,0.260069674573562
2768,0.0500146066476639,0.273124130191901,0.36939381175012,0.0237089027597806,0.100991178040741,0.182767370609793
2769,0.046737569773041,0.302915698252656,0.107521820134814,0.0810353717027138,0.306576249414769,0.155213290722006
2770,0.0031648180398939,0.0399338317814035,0.169090167711757,0.0234404740511434,0.155001519522828,0.609369188892973
2771,0.0297131739651828,0.145362622003832,0.484028154944791,0.0404416873725906,0.123595910747206,0.176858450966398
2772,0.0620980688419482,0.078004657730754,0.095460332621971,0.174629426385732,0.430040746856256,0.159766767563339
2773,0.0623479414492998,0.302653628037658,0.125198247994605,0.0351973576767529,0.329347629115738,0.145255195725946
2774,0.113851682793944,0.388050220495752,0.0893788447579069,0.0484824082255023,0.243542720961113,0.116694122765782
2775,0.00296108134058918,0.0161146108398195,0.0909759687607781,0.00889748182355697,0.0924135337497948,0.788637323485461
2776,0.0105713420959061,0.0309984484221541,0.0534402379469164,0.0480680209909796,0.266157080452466,0.590764870091578
2777,0.0020828367863555,0.0136294187239895,0.073863752138045,0.0128141620885886,0.0593557323088492,0.838254097954172
2778,0.078169866938143,0.145502796519617,0.134635246952081,0.0877375250541193,0.17814072451087,0.37581384002517
2779,0.0382916380886626,0.0701080595259303,0.332026734514433,0.116327405621737,0.151892870702395,0.291353291546842
2780,0.0509698191815672,0.241143677465284,0.277271800590724,0.0479967839683045,0.130055012538716,0.252562906255404
2781,0.014619454207047,0.0340879842815139,0.0507613141634573,0.109243275357274,0.529962279624288,0.26132569236642
2782,0.00855087308185661,0.0389017283031739,0.203102093372282,0.0220435706366803,0.11224570108673,0.615156033519277
2783,0.297626795271803,0.401027493327644,0.116316177566931,0.0566044214782136,0.0904862228045581,0.0379388895508501
2784,0.0625341628043262,0.290996201885185,0.0545503157214425,0.113873358822134,0.401327513849684,0.0767184469172277
2785,0.00296388581834325,0.0169225442994398,0.0480156520354566,0.0309152528498633,0.253161885927495,0.648020779069402
2786,0.0156002415266944,0.0715704645258068,0.0583927270675933,0.0614838104555691,0.40427419812748,0.388678558296856
2787,0.00630465058040397,0.0379096530386464,0.0852866449314909,0.0228518338541975,0.235979702238906,0.611667515356355
2788,0.0155845083232899,0.0584563040208413,0.121105814213356,0.0335569234680814,0.139982216892423,0.631314233082009
2789,0.0649094655737713,0.0685802558124719,0.28448785998675,0.0799926279333279,0.21380849822556,0.288221292468119
2790,0.0612633393404166,0.138296300735628,0.0542446947296388,0.0962891188485799,0.427427435566895,0.222479110778842
2791,0.181914450661459,0.0648000433372471,0.0357728629240795,0.527664951483355,0.134709120606697,0.0551385709871626
2792,0.573934462888528,0.252894072307868,0.0260818402162468,0.0497492481390435,0.0754385241247685,0.0219018523235451
2793,0.00865983563902489,0.0664037970943984,0.044131136064392,0.025187815764688,0.471803375625586,0.383814039811911
2794,0.494704068948794,0.214894884860719,0.0588789348362047,0.0934996884098814,0.106070757311329,0.0319516656330716
2795,0.355310967542827,0.110848520255274,0.0468241064224289,0.362166671400749,0.102307004699352,0.0225427296793697
2796,0.00444050686741682,0.026836022245308,0.119369367976722,0.0225862663977879,0.101307167546668,0.725460668966097
2797,0.0338763233838548,0.0522882321593601,0.0737952203616031,0.109958140487733,0.174484877861019,0.55559720574643
2798,0.00929964817524118,0.136094117858023,0.197282231176425,0.0143741756344841,0.268913044999151,0.374036782156675
2799,0.108883431262517,0.176079232880974,0.327540589869265,0.0327837212534837,0.151961215248153,0.202751809485607
2800,0.00751413412825943,0.0288526415059579,0.0459372148474662,0.0436846753680339,0.233100602555404,0.640910731594878
2801,0.0132537468423376,0.0416169328005203,0.0268622024917528,0.0328227865645697,0.482585383464547,0.402858947836273
2802,0.0251912824467964,0.0838903425595622,0.0586943310657412,0.0924061042690691,0.355640694165621,0.38417724549321
2803,0.078073926710096,0.523580921628682,0.0891408826698602,0.0227499923350485,0.183049645054004,0.103404631602309
2804,0.0156954008945709,0.0766660276806872,0.12156315815984,0.0516434976451647,0.403714122709244,0.330717792910494
2805,0.239887252659265,0.178591391029087,0.280001214218953,0.0862666436432627,0.137069805688295,0.0781836927611365
2806,0.139285065739695,0.0876779737024411,0.0637751191240105,0.253232848667623,0.244841885291144,0.211187107475087
2807,0.0700305171934361,0.171272426565536,0.174524855653736,0.0783928228362082,0.198783077216687,0.306996300534396
2808,0.00957950303079009,0.0449257754312366,0.0579235116688085,0.0281129859301281,0.291021323249583,0.568436900689453
2809,0.0372982095222944,0.0809057368740209,0.288148646954124,0.051283925617181,0.102211584319327,0.440151896713052
2810,0.00951379373560712,0.042868485089657,0.0689354909637607,0.0860785869023718,0.459193544974743,0.333410098333861
2811,0.0114116854785599,0.148353032164588,0.2244674109883,0.0439842957978251,0.267763187415313,0.304020388155414
2812,0.389654474153532,0.278031029742317,0.132854184057185,0.082278084638689,0.0771721040092847,0.0400101233989923
2813,0.0699364832011315,0.116288631104083,0.156372048823009,0.11882429402198,0.288492327553851,0.250086215295945
2814,0.0214470759957148,0.215745759044464,0.223768291292378,0.0423080764334608,0.213491343099881,0.283239454134101
2815,0.0460099981280701,0.09645823280121,0.151963489573216,0.0768711578966493,0.165230213854107,0.463466907746748
2816,0.200152530994722,0.171152458808941,0.317079018302539,0.0761569146726837,0.160124329643741,0.0753347475773722
2817,0.0779243514160371,0.322481972360842,0.119210610942795,0.0583461288223866,0.282612197919146,0.139424738538793
2818,0.279366166119037,0.280502486094376,0.179342914882248,0.0532458950670362,0.123455657930947,0.0840868799063558
2819,0.486744709488328,0.33051275811199,0.0521361777073117,0.0438279864431261,0.0670539410978216,0.0197244271514225
2820,0.314231210556331,0.203393539078834,0.349460991071632,0.038425541443276,0.0582157461534801,0.0362729716964473
2821,0.00377628216393544,0.0319956936286235,0.0211581722752645,0.00966612124334956,0.452293532086048,0.481110198602779
2822,0.18205045772804,0.191288821444964,0.18286946751566,0.0602243213325236,0.263028146463651,0.120538785515162
2823,0.0633346322392117,0.103444085863197,0.11229862326696,0.0972178835473574,0.229900184381357,0.393804590701918
2824,0.0388852267438439,0.141822804902756,0.194837648994647,0.0451623864556095,0.266953750218446,0.312338182684697
2825,0.00432143019936544,0.0362989778925473,0.184446511661143,0.0147306527402689,0.0336110375738111,0.726591389932864
2826,0.0246426995770924,0.185338220185492,0.0494531414639149,0.0352098256513401,0.477358460341835,0.227997652780326
2827,0.105118978703998,0.393196044269412,0.12598564116184,0.035908998720339,0.183023679696093,0.156766657448319
2828,0.0212595042418469,0.145738134020697,0.148353293700449,0.0476478143955672,0.408569543923779,0.22843170971766
2829,0.0289626505506287,0.0364840696986266,0.0332739216378382,0.156028645920345,0.598447275773994,0.146803436418567
2830,0.00390210231543863,0.0294078408764701,0.111318247334634,0.0238178949026462,0.158087014932731,0.67346689963808
2831,0.335835881293597,0.436156450164301,0.0855990605338547,0.0436127415000112,0.0617875334358688,0.0370083330723679
2832,0.0298229355943754,0.23112020511495,0.235274963608956,0.0253518607846052,0.260044980140111,0.218385054757002
2833,0.135400837978465,0.123209411706897,0.0926875089862516,0.187980706081187,0.264254474782887,0.196467060464312
2834,0.0189441721235623,0.0697853846801795,0.0900437813244171,0.0321115386088809,0.261360969913333,0.527754153349627
2835,0.263216264041235,0.214313922202635,0.0367389296412052,0.183780681854479,0.228035545479322,0.0739146567811236
2836,0.0119440234304878,0.028548126608477,0.0434812437593533,0.0454675816163007,0.249757065578373,0.620801959007009
2837,0.0545521884842107,0.228398595307071,0.332029244102888,0.0540963431057148,0.165471841195076,0.165451787805039
2838,0.14609165895588,0.218674173405533,0.229902627766699,0.0794974784375532,0.119637184617403,0.206196876816931
2839,0.145380396012586,0.174113968542601,0.135016154962504,0.0950309022898775,0.262696735597101,0.18776184259533
2840,0.130229062364137,0.0907079613130044,0.159387491552066,0.178964144646271,0.192886831743468,0.247824508381054
2841,0.454787031175247,0.107406123164878,0.0549897730822182,0.1713997838832,0.155353521363151,0.0560637673313056
2842,0.00643723530510805,0.0274489295469227,0.0225254570451763,0.0388632452576212,0.558010369439438,0.346714763405734
2843,0.135100479225778,0.12398704750334,0.139791545363829,0.0710478060498203,0.30291017089748,0.227162950959753
2844,0.0259576446292275,0.0874628443179198,0.610317178474896,0.0196039912753482,0.0694463369834655,0.187212004319143
2845,0.186186788581086,0.351532233142627,0.168314257071395,0.163991547693717,0.101329996184041,0.0286451773271333
2846,0.0121664721487267,0.0452854186596278,0.0453966828088977,0.050080579857184,0.409466999802229,0.437603846723335
