"CUS_ID","F20-","F30","F30+","M20-","M30","M30+"
2501,0.0461380519846425,0.373724955259893,0.171981669242489,0.0178947933952131,0.193990461424386,0.196270068693377
2502,0.10461836290422,0.17923013697477,0.0714458279139242,0.143321404891335,0.378956430452084,0.122427836863667
2503,0.0252481233862273,0.602285842169887,0.031375675613393,0.0135810901688844,0.273090544347217,0.0544187243143914
2504,0.397570223298951,0.159755515394211,0.110539754627105,0.163310508293556,0.0670731735052948,0.101750824880882
2505,0.0695427640809615,0.166722175549865,0.127574143180069,0.062104891413729,0.0837033093788311,0.490352716396545
2506,0.00676733861514267,0.353626144742514,0.13985455966589,0.0236199967327712,0.226891404878501,0.249240555365181
2507,0.00816467705893499,0.0313437309483055,0.163212672158763,0.0217953067795376,0.136246394516205,0.639237218538254
2508,0.00658900358926373,0.0456241505465945,0.0166076761136311,0.0219896199857381,0.625229148769001,0.283960400995771
2509,0.0270179701710732,0.0316317919223072,0.132858812329474,0.0421586263386762,0.0829824626741316,0.683350336564338
2510,0.00684564865090177,0.0496377404559584,0.0377452356721493,0.0166888257767781,0.341779119528209,0.547303429916004
2511,0.667320819277326,0.107246885648399,0.0471158918326591,0.133932169171501,0.0314934163572703,0.0128908177128441
2512,0.0366154573606882,0.143771958872831,0.0398881890480759,0.112532744051145,0.56642958140399,0.10076206926327
2513,0.0101525415888205,0.0207044027178874,0.0311514920180209,0.0375211558320956,0.493118739436938,0.407351668406238
2514,0.0778538318661997,0.590388545091659,0.0351198657593436,0.0182809832482615,0.241167100384486,0.0371896736500507
2515,0.0100377393718728,0.0347946294556385,0.0301505637076123,0.0259581993372226,0.248292624479144,0.65076624364851
2516,0.0633547219839162,0.0754457839808963,0.0517564817168857,0.257206234278737,0.376181283853232,0.176055494186333
2517,0.026490331560253,0.500261914295857,0.0777868254301699,0.0163195803393272,0.187148179933556,0.191993168440837
2518,0.416868291042654,0.183473807263339,0.216016086121534,0.0657968549541653,0.0396077590691433,0.0782372015491635
2519,0.0530147566682863,0.860727194677038,0.0210375280208231,0.00557031393757315,0.039601745096521,0.0200484615997582
2520,0.0310691045544039,0.039775769114965,0.0294076063672359,0.170984512623565,0.507137281172528,0.221625726167302
2521,0.0308246348589255,0.0910058294084116,0.328903185711039,0.0386565952705897,0.119658544117238,0.390951210633796
2522,0.255947265030694,0.136352741846916,0.161773116620747,0.0997250832873592,0.151698190411477,0.194503602802807
2523,0.0429091856959355,0.50249942186217,0.0364774915875298,0.0243255819300871,0.246568530346375,0.147219788577903
2524,0.0378056580267185,0.184988417774128,0.195587514613072,0.0427527457250463,0.0861321963109143,0.452733467550121
2525,0.102297449466712,0.0733705493384295,0.109883853389173,0.226111845604178,0.337826573312645,0.150509728888863
2526,0.158882857685301,0.201712420401134,0.0689692690926054,0.1164000109007,0.366418918909813,0.0876165230104467
2527,0.533067539730601,0.121317428405032,0.121701304083094,0.0458225499011742,0.0823162071503796,0.0957749707297196
2528,0.0043790377940626,0.0107936736987565,0.0288224141679283,0.0279803500959868,0.114382713284054,0.813641810959212
2529,0.110395039628564,0.193053525482376,0.241965946331579,0.0877297823312543,0.148524877323707,0.21833082890252
2530,0.0108485981709014,0.0234240884978017,0.234822412477658,0.0379870896421392,0.106220181798284,0.586697629413215
2531,0.0257831450217724,0.207346718883803,0.0600095193863885,0.0673339293778501,0.442068344356846,0.19745834297334
2532,0.0430621463227607,0.262214060434928,0.0812109874059744,0.0254922589205808,0.194109266939854,0.393911279975903
2533,0.000710685049516743,0.00662691032619493,0.0324693838525123,0.00475847978228851,0.0352497002120209,0.920184840777467
2534,0.199286176811977,0.112068100368201,0.159588369496695,0.244100523163224,0.0541381347043158,0.230818695455587
2535,0.0309663411676877,0.0932886556984318,0.23991521486762,0.0232523018162804,0.178183388919894,0.434394097530086
2536,0.151603457709602,0.282747138814093,0.102897273011014,0.0895233739531766,0.206880503290918,0.166348253221196
2537,0.0945998141170011,0.69130225470698,0.0714756828291486,0.00991001176674551,0.10330894975393,0.0294032868261948
2538,0.255635831341362,0.133787137596023,0.0860304601248219,0.127612497094756,0.204282218959815,0.192651854883221
2539,0.287028083069689,0.208015992377701,0.216434944357808,0.063692358707882,0.143508476159845,0.0813201453270758
2540,0.175506690459999,0.061132325974133,0.0704010812494645,0.291791897730719,0.328081617831931,0.0730863867537536
2541,0.139192001613723,0.0476558920531573,0.0298124860924442,0.480273101025246,0.276499450854931,0.0265670683604984
2542,0.0442167021424524,0.484025842840215,0.0318276273884113,0.0306425254056717,0.379935420747298,0.0293518814759518
2543,0.00938446587205513,0.0217611137001436,0.0689797038631915,0.00517437218364041,0.11213714648012,0.782563197900849
2544,0.0789872602447551,0.164771981138598,0.161038469916231,0.222629143337291,0.138427035048032,0.234146110315092
2545,0.0482407073507191,0.236857444110982,0.161537904786267,0.0259506785813057,0.400491097766675,0.126922167404051
2546,0.0380472972603147,0.0684497987305143,0.0480568675466365,0.182307481274982,0.562472506851441,0.100666048336111
2547,0.0264705967502792,0.0652639639349191,0.591964432751195,0.0287498464041645,0.0495221940334183,0.238028966126024
2548,0.0503801933816869,0.0666548027751905,0.0688978159292686,0.330663725667786,0.403357408990246,0.0800460532558222
2549,0.00770775895604294,0.0663497717680801,0.0276607817784955,0.0357863074148609,0.3615712028608,0.50092417722172
2550,0.022555961707175,0.0152489359333127,0.0275105370238457,0.254201487583528,0.447742079828605,0.232740997923534
2551,0.422711522745238,0.230488166625842,0.0439800484101346,0.158361758553681,0.080902727256062,0.0635557764090419
2552,0.10009239093831,0.289302575284093,0.269415618157846,0.0287298253061198,0.173663607412572,0.138795982901059
2553,0.306020135942737,0.276996072669579,0.0646684520617565,0.160355662466564,0.154146864127691,0.0378128127316737
2554,0.131838498146081,0.342817102872812,0.11710238854764,0.0965708856159603,0.255684697878199,0.0559864269393076
2555,0.0093009400120232,0.180978820271368,0.0994612042679414,0.0321108210805653,0.542417383223692,0.135730831144409
2556,0.0760991014864062,0.377270078136495,0.301860800897184,0.0396380651615131,0.0849553166474254,0.120176637670977
2557,0.420236166746099,0.138684899303951,0.328230030825522,0.0531540146587471,0.0442489269093216,0.0154459615563595
2558,0.0196122991953691,0.051326988098766,0.830633112216736,0.0207639480003831,0.0331462990437202,0.0445173534450258
2559,0.0836964964045376,0.38567377333078,0.227885077930658,0.0209157312635348,0.097019459827992,0.184809461242497
2560,0.0147315410148626,0.180859712669508,0.108287764026947,0.0239596248090904,0.231481218325577,0.440680139154016
2561,0.0105454976652612,0.0622588051404477,0.259019747853772,0.0113022575405312,0.24445811161854,0.412415580181447
2562,0.151077170090504,0.325790289376175,0.0335169623565631,0.0988476261262296,0.361227226315835,0.0295407257346934
2563,0.398367441326917,0.101973901309796,0.167737733691339,0.192655018272154,0.108648206343753,0.0306176990560413
2564,0.197490302255377,0.0801115602352016,0.0948760828665892,0.317806355456148,0.100181439773807,0.209534259412877
2565,0.0325917040041413,0.112813329938102,0.191081803516535,0.075016947660373,0.239778242796967,0.348717972083881
2566,0.017357585727739,0.0605236594922918,0.144996825937455,0.0386135737868858,0.208440751496468,0.53006760355916
2567,0.0317228570844552,0.122938262749104,0.142088736200287,0.0441091572646739,0.199388224804135,0.459752761897345
2568,0.00739747967855184,0.0657298927597168,0.0888911669289003,0.0215561906352619,0.47804023604468,0.338385033952889
2569,0.0696755574308426,0.14665334798708,0.164849638023155,0.0316841494305003,0.113825598494808,0.473311708633613
2570,0.0388388853631712,0.669886933004429,0.0466396277320904,0.00689027877955506,0.113363457501557,0.124380817619197
2571,0.0360337553627964,0.0761782137338645,0.0244402595310848,0.200748921152342,0.353852263406783,0.308746586813129
2572,0.0873620921113465,0.0548157426313887,0.26460534924935,0.103273781919989,0.0878608416216153,0.402082192466311
2573,0.0452488438154893,0.219807381067351,0.079800834893576,0.0173104147653794,0.229085973016804,0.4087465524414
2574,0.0260406076924802,0.0455744719751277,0.030541718388545,0.178519349927988,0.595775761884085,0.123548090131774
2575,0.0266695623337669,0.029468476043324,0.0181786401692623,0.140848759151754,0.624906075787788,0.159928486514104
2576,0.250230847873873,0.352365789675447,0.236753091172806,0.103834570436779,0.0203678051599942,0.0364478956811012
2577,0.0395449709401904,0.246064888120907,0.507384697991888,0.0209317852210397,0.0808895958750064,0.105184061850969
2578,0.00212160165461498,0.0116488296504721,0.034361435367283,0.00987955719038039,0.128131443084669,0.813857133052581
2579,0.268909396298359,0.184103003786318,0.137630594189845,0.175372337889342,0.166801149624621,0.0671835182115156
2580,0.0576342002208056,0.365361715403271,0.119163410458612,0.012215645304599,0.220132988139291,0.225492040473421
2581,0.0011911154833817,0.0197435323427484,0.0512683815913606,0.0237575570086948,0.320948341393593,0.583091072180222
2582,0.313088369645394,0.311347197849447,0.111595085523378,0.0586683775333808,0.112739158411474,0.0925618110369265
2583,0.188382233001848,0.466803927856293,0.203050918951763,0.0327266550262603,0.0556358981744126,0.053400366989423
2584,0.155355601212889,0.552650347607223,0.106355503798022,0.0384981127979812,0.0985187633943925,0.0486216711894921
2585,0.0150405084581604,0.0753416381021985,0.0352991940813153,0.0796576031924927,0.513723051596241,0.280938004569592
2586,0.0428598313403827,0.274504645198597,0.0918598216087554,0.0291491883556042,0.217053064794678,0.344573448701983
2587,0.220430336198295,0.0620143668492521,0.0366436743709811,0.374880329416256,0.215165698920545,0.0908655942446715
2588,0.0325168536071805,0.0217993707226973,0.0100759932939342,0.41417439498153,0.451006244647774,0.0704271427468845
2589,0.0819330245305468,0.0979271041761603,0.0413174358582552,0.215803436790995,0.494288518828784,0.068730479815259
2590,0.0205974519023843,0.0732040836401319,0.115777694892555,0.107704684808266,0.313226293048551,0.369489791708112
2591,0.0491072881813627,0.0645252860333278,0.543088614125539,0.0258468229384671,0.054752316359068,0.262679672362235
2592,0.0129680805738758,0.0177154860503484,0.00453231180011736,0.178062217310413,0.677316027254604,0.109405877010641
2593,0.127510002240931,0.153916115112544,0.0792106119646147,0.0656859550262963,0.457257865920659,0.116419449734954
2594,0.0576108794558589,0.110806616432869,0.0690769552096256,0.0550037228863251,0.280332085740368,0.427169740274953
2595,0.14601548057002,0.0590138014343834,0.188697958735966,0.408903394978833,0.070075826728011,0.127293537552786
2596,0.500771459868647,0.0892288533462559,0.0195249727208704,0.341526534521243,0.0397609018409327,0.00918727770205162
2597,0.00763801463890347,0.0268437157192131,0.137807635682575,0.0137765464870363,0.0869028729398023,0.72703121453247
2598,0.0140642866555348,0.0851868633567585,0.057332524664071,0.018663708411792,0.255882332928784,0.56887028398306
2599,0.317378533394375,0.36546472021681,0.0319305247135723,0.0648192549812235,0.175207037239452,0.045199929454567
2600,0.00375468676863032,0.027066603568089,0.0489589880634821,0.0262248223538895,0.759474363264426,0.134520535981483
2601,0.0204613457693841,0.043729416585403,0.208264117449276,0.00930948492843752,0.0983193487343667,0.619916286533132
2602,0.0221771047026705,0.188034529235387,0.138180743189875,0.0451367538076752,0.261126333423362,0.34534453564103
2603,0.0385076040310826,0.590186456477249,0.034791726650703,0.0279020817980442,0.244177602090284,0.0644345289526373
2604,0.0642887778843852,0.05991253851455,0.302156414046622,0.348962556902159,0.103202443520338,0.121477269131946
2605,0.00186123234944583,0.0683198796750917,0.171055536364847,0.0201295464248642,0.234890617252386,0.503743187933365
2606,0.0244814598302948,0.0815247308889315,0.186317928612366,0.0270941604466206,0.121159613016928,0.559422107204859
2607,0.0211147866173061,0.0349625365006694,0.0528103119756514,0.0644377035522703,0.308873533714992,0.517801127639111
2608,0.123202256407649,0.249085198768602,0.0671199837360849,0.187921143291837,0.145192580098903,0.227478837696923
2609,0.0204666386446141,0.0449971910294839,0.0361626228607331,0.130913776647368,0.549202798509643,0.218256972308158
2610,0.0609278101018103,0.190379709100735,0.0699934672139893,0.168541597709852,0.406504452558603,0.10365296331501
2611,0.0352071604218865,0.274703414796508,0.282590051962427,0.0994681219866063,0.0551441524373527,0.252887098395219
2612,0.0214819637805369,0.18910436122507,0.150651931752888,0.059084152851966,0.335443645743763,0.244233944645776
2613,0.549309830448649,0.263771574790272,0.0287835879486751,0.0723751581758961,0.0773199111914613,0.00843993744504629
2614,0.107060333489153,0.0970159507642022,0.0704965447161142,0.106722901102541,0.395102254820344,0.223602015107645
2615,0.514857076287621,0.152418860468783,0.111717337027639,0.0722642977557823,0.0846632023725835,0.0640792260875913
2616,0.0203580774863342,0.0608080945386421,0.0851237213176806,0.0598895762976931,0.334093352451482,0.439727177908168
2617,0.296958523287045,0.3957566166795,0.112920727726717,0.0568538622276005,0.111867623476421,0.0256426466027168
2618,0.116461975745755,0.139217844926274,0.061609433471778,0.128191349885692,0.378890876366712,0.175628519603788
2619,0.0192020606440172,0.0203555881724474,0.014566699512911,0.148003682832068,0.58766550514405,0.210206463694506
2620,0.0355131251673773,0.103342999438552,0.203505255904628,0.0456191702643121,0.404547336965977,0.207472112259153
2621,0.0310898315407792,0.0834164105654813,0.0157696536047759,0.0863081860759247,0.735347931353208,0.0480679868598305
2622,0.00128904722025999,0.00331449065618515,0.014768073173431,0.00784689638294458,0.0924531605173699,0.880328332049809
2623,0.334853447025481,0.305917829938359,0.0340907978690123,0.135039997061477,0.16388915408842,0.0262087740172512
2624,0.00931359467604558,0.0328269353661546,0.104322292284418,0.013027822059405,0.11735184418796,0.723157511426016
2625,0.178311275158793,0.343426614228205,0.355688374977144,0.0259516149100914,0.0512666060589777,0.0453555146667886
2626,0.00274857288408471,0.0196834720624433,0.0481466884671277,0.0145433335980405,0.20693133255906,0.707946600429244
2627,0.152419725527626,0.198940992025312,0.449155437038406,0.0353706516636506,0.0606139130353546,0.103499280709651
2628,0.154260234821501,0.35761613640497,0.0407036200573241,0.157740529152821,0.221361365856768,0.0683181137066153
2629,0.0153284115530446,0.138055805590393,0.1102120768983,0.0203578241047202,0.341348297184249,0.374697584669293
2630,0.182906156158127,0.0644917174407567,0.108916044073142,0.0913402095526914,0.240233319439931,0.312112553335352
2631,0.0265727137315059,0.245833197692167,0.194713807937284,0.0407667492171652,0.23097747665112,0.261136054770757
2632,0.00652264980420841,0.0303397257817898,0.0447562381146044,0.0229651339478203,0.175423018549579,0.719993233801998
2633,0.108019230289705,0.345226866896234,0.114026221842697,0.067307536462406,0.239257647312719,0.126162497196238
2634,0.0457954594128518,0.161149435714424,0.216961872365581,0.0679752760959368,0.125916108947757,0.38220184746345
2635,0.0655368764849043,0.122004675213425,0.0867877257508022,0.0816124124362734,0.446284661090308,0.197773649024288
2636,0.0648139818402782,0.0882178373963756,0.196953532885015,0.26177697271152,0.151782010433126,0.236455664733685
2637,0.0311040465722587,0.066917856341697,0.0187306475545969,0.103523751494567,0.633628813504053,0.146094884532827
2638,0.0690224186039057,0.0384596358283111,0.192573879750742,0.185849499101561,0.109069999236004,0.405024567479476
2639,0.144310413186869,0.0784349166289961,0.0645611719044747,0.354138400839478,0.224221962036537,0.134333135403646
2640,0.0112906946925664,0.0269345431697618,0.0433137194085088,0.0241580227009629,0.115877392694304,0.778425627333896
2641,0.352618690221828,0.138056421553473,0.195860669641502,0.0700829819740522,0.156725102114067,0.0866561344950767
2642,0.0060656631125419,0.0678727087010963,0.0489388627136346,0.0246549252433525,0.202520755916542,0.649947084312832
2643,0.333833145747266,0.441612508072961,0.0204308224087379,0.0987240454757925,0.0807025360228783,0.0246969422723641
2644,0.00560068549701916,0.190251664674675,0.0703246008603897,0.0128851854961005,0.340867629002791,0.380070234469024
2645,0.0441139303653547,0.0655968414681016,0.0342534054148372,0.0897415546888887,0.430454730033045,0.335839538029772
2646,0.00473348926362023,0.0257616325107258,0.198395557328812,0.0213633282770627,0.0740319184916636,0.675714074128115
2647,0.0361683145008585,0.068300205704374,0.116949773067038,0.0736223711877197,0.317541625907181,0.38741770963283
2648,0.140068224816469,0.183550690695902,0.610522565397638,0.0268783387112793,0.0183754419479845,0.0206047384307273
2649,0.029143976875264,0.0385290912809665,0.0629887215348498,0.0871975944922568,0.245937047434029,0.536203568382634
2650,0.0593578659691733,0.0298062920144898,0.152744196088084,0.0885603694189879,0.151503497755736,0.518027778753529
2651,0.00752842957274946,0.0465507165962146,0.0601596680891015,0.0608266432114166,0.453286704874575,0.371647837655943
2652,0.015311843120701,0.0954540089340695,0.0532623509924733,0.0244346734317554,0.544670439091202,0.266866684429799
2653,0.435419756666184,0.148236854804197,0.0652965217194484,0.0887367964000815,0.158047542586944,0.104262527823145
2654,0.00348539315553549,0.0338541450985916,0.037255930149677,0.0252990895550614,0.176492809721218,0.723612632319916
2655,0.517554530358823,0.13624709481675,0.0276089495751606,0.172697059091909,0.131852597851287,0.0140397683060715
2656,0.0232997886515511,0.0841873801583689,0.0357948805087712,0.0359745152323197,0.598624076589971,0.222119358859018
2657,0.00906396822170507,0.0416205994509812,0.124859986451025,0.0156538991379933,0.163272971258122,0.645528575480174
2658,0.142371189438715,0.0837502426106879,0.089422317348466,0.394987993961431,0.154797224609509,0.134671032031191
2659,0.340662996466199,0.0991505531197421,0.0485354391950678,0.460330133677869,0.0275088166762778,0.0238120608648446
2660,0.0109567497458674,0.0347632116574432,0.0758539352110669,0.0272392009582074,0.256093088687933,0.595093813739482
2661,0.0146446679958775,0.0428976694258207,0.181068580010916,0.018219982250629,0.0899549407786602,0.653214159538097
2662,0.00621535943891969,0.0675763223951914,0.0980267167616467,0.0194275699104958,0.183510354085557,0.625243677408189
2663,0.00826491570655563,0.0435730297254497,0.0717888267837872,0.0533828331176195,0.227747712823028,0.59524268184356
2664,0.0385889525331247,0.139144825602919,0.0314278501363555,0.0659415780794647,0.594721205123689,0.130175588524447
2665,0.20023645893042,0.196427907508208,0.286213737846051,0.0940430261654423,0.152350375100585,0.0707284944492938
2666,0.000983903688117243,0.00265883356441162,0.0305956642691834,0.00164157435341826,0.0059757586037743,0.958144265521095
2667,0.0336092722203882,0.154874707624774,0.383675830565274,0.0427359556146598,0.193095089755374,0.192009144219529
2668,0.00587909894710762,0.0479345839550274,0.223789689960213,0.00779810078983384,0.0606660810347302,0.653932445313088
2669,0.0671676400936491,0.356492798027475,0.197743581046239,0.0305209276500475,0.107213215799081,0.240861837383508
2670,0.0138639537888262,0.0508750954439033,0.159875082982634,0.0310005509464701,0.155558017213362,0.588827299624805
2671,0.0355084869036664,0.0644303135011285,0.0734058041401843,0.0902928712090093,0.223427622214118,0.512934902031893
2672,0.00661947931917249,0.0264218873639397,0.132151322216966,0.0127750453931436,0.103647772048234,0.718384493658544
2673,0.231140034073512,0.21831302992936,0.0810861454094793,0.147890286198683,0.249927617221628,0.0716428871673374
2674,0.011448175566152,0.0477214397047,0.0865760614593062,0.0950039053929413,0.363188118297209,0.396062299579692
2675,0.567605480383552,0.185115288821953,0.0167788194443032,0.191420833345099,0.0278759928785452,0.0112035851265477
2676,0.0255818720952055,0.0926783468128625,0.125004091659866,0.159617199446456,0.407131662781861,0.189986827203749
2677,0.0928439230254783,0.131006579806507,0.30539108177834,0.0888981872819139,0.340237609164186,0.0416226189435744
2678,0.0314569796192258,0.0698582891456934,0.186233112000376,0.0573341963293219,0.422792756632783,0.2323246662726
2679,0.00875620367784864,0.0107439263358044,0.0161004901853664,0.044802981490117,0.380728623203515,0.538867775107348
2680,0.159527522888853,0.0628652416189973,0.313515808124309,0.33770217059407,0.0540705051780204,0.07231875159575
2681,0.0230923297779525,0.210566172671954,0.0919211790863566,0.0130846605529218,0.39977516887561,0.261560489035205
2682,0.00968434038448189,0.0188430186906289,0.121323206953252,0.0843872063349134,0.157478816640245,0.608283410996479
2683,0.577625812145364,0.110888101292672,0.0248588074898702,0.203275471104571,0.0750648058467241,0.00828700212079768
2684,0.0136330704715394,0.0418123745752938,0.035658326474617,0.0407409008226044,0.485890039063867,0.382265288592079
2685,0.0739183021261706,0.041983817244615,0.358257386708343,0.0346719682187653,0.0457827369350122,0.445385788767094
2686,0.00882075514021029,0.0600501264871218,0.0714826167386726,0.0153078748714809,0.137760424043806,0.706578202718708
2687,0.351288509565539,0.214422706097467,0.084438536324386,0.172432533520023,0.134661370622881,0.0427563438697041
2688,0.0146756048286049,0.147700301237022,0.0626634527827483,0.0842874342725103,0.460337817551886,0.230335389327229
2689,0.0800816275127159,0.556455067336479,0.113290365091991,0.0643441885693518,0.144329154458205,0.0414995970312578
2690,0.0255160374691912,0.0368418911452342,0.0748266796540339,0.23603307945671,0.385167278818787,0.241615033456044
2691,0.0517052360775858,0.148481945746374,0.121757738687537,0.0204820162598265,0.4185381270942,0.239034936134477
2692,0.0868573595692763,0.111046822565347,0.273500334365995,0.0603241824841113,0.179595798846194,0.288675502169077
2693,0.0158100491725931,0.035319222008448,0.0479554587076806,0.0295371253012209,0.084754943662168,0.786623201147889
2694,0.00283167929127127,0.0117374189973175,0.0143052697855586,0.027303697560973,0.353128056648392,0.590693877716488
2695,0.568952708003539,0.135894222408314,0.058869387032402,0.121744764594082,0.0829006776337051,0.0316382403279579
2696,0.0211434923361842,0.126534443732923,0.254976848863419,0.02361264733234,0.0532901365261165,0.520442431209017
2697,0.0901253199789913,0.295421239646314,0.254594957390042,0.0474116463273648,0.16046871205925,0.151978124598039
2698,0.00336172935539235,0.0200834788759082,0.191364629283758,0.0104054838802597,0.469207165970481,0.305577512634201
2699,0.00953368648575459,0.239671124762602,0.578113085723103,0.00122441305315246,0.0212434670325294,0.150214222942858
2700,0.00243193486191595,0.0420277618853094,0.021701151096587,0.00721950908853913,0.429934032558478,0.496685610509171
2701,0.00933933678057529,0.0286045402818711,0.117593110877578,0.051981712446444,0.161871643330299,0.630609656283232
2702,0.469712007013151,0.130881402238082,0.149621814618722,0.103764926793865,0.0865995084171531,0.0594203409190265
2703,0.12546719000429,0.0767848149018111,0.123215216493278,0.190108467670692,0.324274353258569,0.160149957671359
2704,0.0433580103216472,0.161786999409765,0.685603808809551,0.015486378639287,0.0367255617051653,0.0570392411145844
2705,0.0103148137525551,0.116565147929384,0.302112139790858,0.0190648008109864,0.0697495952262063,0.482193502490011
2706,0.0252444871083809,0.0549473019717918,0.237476951275083,0.214791116237526,0.151157779522944,0.316382363884274
2707,0.010068234392231,0.021213207955276,0.0096375529317116,0.0804969840402274,0.761752788845558,0.116831231834996
2708,0.321107941432439,0.190408227866915,0.0679959674913713,0.207363210160306,0.185400865429598,0.0277237876193707
2709,0.0315951432362946,0.203421728785231,0.42908906966809,0.0442096608993841,0.0760905703041714,0.215593827106829
2710,0.0405744755600361,0.0492548931745099,0.437359599228628,0.0246923162554912,0.0437918194880628,0.404326896293272
2711,0.155442982812885,0.163840211363924,0.058308588225262,0.14391649291975,0.288561271826494,0.189930452851684
2712,0.201869291791761,0.097789418503654,0.0487949643431266,0.461703386871665,0.141266810045503,0.0485761284442906
2713,0.0424157351966176,0.109888856819579,0.287886694285333,0.0508956786959174,0.110075981433662,0.398837053568891
2714,0.00684699157502122,0.118755375678711,0.309301587046014,0.011144199439778,0.159266298562098,0.394685547698378
2715,0.0106838860086366,0.0745930302433674,0.347110189914653,0.0384662500353608,0.312794695839673,0.216351947958309
2716,0.034107470068915,0.0520177724841737,0.0424866243338685,0.0766801393387208,0.403006770524349,0.391701223249973
2717,0.00746201830973981,0.0223600733056032,0.0378622786832203,0.0296007535958496,0.2055055726606,0.697209303444987
2718,0.0307233707381158,0.0325662416981862,0.153284609214995,0.0631487693683015,0.170619246011714,0.549657762968687
2719,0.0231035554525705,0.0838849952307915,0.120343241106876,0.0618179292853113,0.317837086698194,0.393013192226257
2720,0.298537049319332,0.101336095333797,0.141603717615826,0.125554296865423,0.202847347765514,0.130121493100108
2721,0.0280128482053834,0.0805825772691036,0.143640809022334,0.0545012349293863,0.255663211486321,0.437599319087472
2722,0.225811604242986,0.418500873931717,0.180708896996057,0.0178573941782616,0.122396122508051,0.0347251081429279
2723,0.0422920047682611,0.250731048654579,0.391717638294943,0.0325123886404465,0.073055517994031,0.209691401647739
2724,0.469368584897249,0.171125250749289,0.0698777099317792,0.163192547297655,0.0934964646559419,0.032939442468086
2725,0.280841725178376,0.558082440538517,0.0269265991266043,0.0708072421127202,0.0460500486796006,0.0172919443641818
2726,0.0170820180675186,0.0400034290556348,0.0245952819220118,0.0574779910230741,0.831730073742452,0.0291112061893088
2727,0.00388635739494409,0.0385721082400695,0.0495387460789216,0.0471034800767316,0.359360955214071,0.501538352995262
2728,0.0224146595303841,0.0428141558073195,0.169169435820996,0.0325493010098795,0.050177619470241,0.68287482836118
2729,0.207331220992759,0.253381350709064,0.061643282675079,0.0812505476387403,0.323878307309849,0.0725152906745083
2730,0.00637853280967729,0.0479437812305887,0.0836554278079671,0.0571812928370549,0.395195639950203,0.409645325364509
2731,0.0742497101460933,0.148662918516843,0.0841240109675784,0.233339147691408,0.369412783090021,0.0902114295880564
2732,0.016286614881823,0.0737905666733326,0.323871467828625,0.0090133457768782,0.0487585283640127,0.528279476475329
2733,0.0315141126201862,0.116710475490044,0.0856155712364795,0.282243699581405,0.423059946731605,0.0608561943402802
2734,0.0158646609458578,0.844767911867158,0.0251685987122532,0.00338516209210601,0.0729356895903636,0.0378779767922617
2735,0.0433369779782026,0.343487260066422,0.155098227359391,0.0107099764483358,0.163946426646703,0.283421131500945
2736,0.0585243288905337,0.0923736515803491,0.0602853253879714,0.36523218913398,0.345387922539161,0.0781965824680045
2737,0.142509851803335,0.260563368092477,0.259864469187777,0.0145862507425008,0.226195684894307,0.096280375279603
2738,0.024195149345576,0.0891326680327424,0.102578438211404,0.0219488564556646,0.264637556209115,0.497507331745497
2739,0.40628423030522,0.314087496528938,0.0572549201124032,0.0398481090110673,0.149746291120913,0.0327789529214589
2740,0.160078020501703,0.324945958857323,0.18983119003598,0.0926133048824839,0.13600162918809,0.0965298965344202
2741,0.100210252696909,0.224822659428053,0.157012049902309,0.0864612010785192,0.232178008458696,0.199315828435515
2742,0.0435743482971543,0.0990512309149398,0.0629538155676535,0.06678560464814,0.54301784832778,0.184617152244332
2743,0.231782242918426,0.193163763624167,0.136747979509803,0.182174928969895,0.142142865462555,0.113988219515154
2744,0.0159724783998515,0.0739978516098534,0.0276441729911333,0.153491121842382,0.547973603623214,0.180920771533565
2745,0.00182356015120956,0.0168607334338882,0.472539301359765,0.0262915310278055,0.253322143623579,0.229162730403753
2746,0.00909678310119367,0.0349644795769591,0.0957658905659538,0.0250170177273217,0.141015460307304,0.694140368721268
2747,0.0214009391959585,0.039619132801,0.0227484534538794,0.0545242139296767,0.517956637525918,0.343750623093568
2748,0.00478064580697927,0.0402624024520004,0.0315746359564553,0.0451713289802457,0.67513333548462,0.2030776513197
2749,0.302162208017824,0.143023463197233,0.0423267415059552,0.263390236058355,0.135865886744951,0.113231464475682
2750,0.0124432140956828,0.113095623350984,0.234367150871407,0.0605325587272094,0.146548565019746,0.433012887934971
2751,0.135292581943183,0.145409066859984,0.12165426909917,0.186258764371002,0.352498372458306,0.0588869452683549
2752,0.0355325885857347,0.101777214851829,0.205188034427541,0.118201827929098,0.12106498539214,0.418235348813657
2753,0.0342560285394222,0.0836330709601584,0.0685188134191627,0.155711633148333,0.511628265619057,0.146252188313867
2754,0.0112342636532817,0.16290763666247,0.0307315595750047,0.00828101773970361,0.730828843417125,0.056016678952415
2755,0.00109288578172342,0.00676684496206693,0.0331739881562187,0.0117667170309436,0.270500516565836,0.676699047503212
2756,0.00284700730243523,0.0071904181884162,0.0778483725054653,0.00462044698913171,0.0293991038425271,0.878094651172025
2757,0.0326055620983134,0.184386395014176,0.0637169507668967,0.0397711397867883,0.39161903724903,0.287900915084796
2758,0.0369488452976773,0.271098644999722,0.149498669128803,0.0179920958777745,0.364611614123829,0.159850130572194
2759,0.0308945099317015,0.257241951170878,0.0814900708151023,0.0242082722792328,0.249403737327931,0.356761458475154
2760,0.368776893133317,0.226445789319197,0.116601281796099,0.153836890897845,0.109880771332238,0.024458373521304
2761,0.0980675587783185,0.0696891305589106,0.061913370390115,0.392839453235453,0.259719661669814,0.117770825367389
2762,0.00261407342563297,0.0310904923248516,0.0428717948868202,0.017488578399911,0.587633725824065,0.318301335138719
2763,0.0443650975665009,0.196028717428271,0.179436449998328,0.0480157613756919,0.237722120031545,0.294431853599663
2764,0.00805873434980038,0.0126290465626988,0.0673106938711034,0.0210272697719412,0.0593661028728221,0.831608152571634
2765,0.0457254132382187,0.161836971331824,0.245119069625648,0.0175395211926017,0.171703113529166,0.358075911082542
2766,0.0419340045026763,0.174430327660946,0.101311634124625,0.0286815466218318,0.461489806409979,0.192152680679942
2767,0.00461128761823366,0.0130720387650102,0.0296184880012395,0.70545440626847,0.147840255990319,0.0994035233567274
2768,0.0193114345177057,0.153985769611488,0.397663420511044,0.0152235761318165,0.0589815535544196,0.354834245673527
2769,0.0598358412857256,0.360017548177338,0.0805113296678717,0.125410350229883,0.310041733261412,0.0641831973777701
2770,0.00113564034539845,0.0206089468606687,0.0589523070184517,0.0206868762447068,0.298883165177973,0.599733064352801
2771,0.0179695905698374,0.129420332401433,0.427039344314079,0.0287427645943355,0.0555674156515446,0.34126055246877
2772,0.0188738066891649,0.0441744681532595,0.123288450874313,0.205604372405123,0.407684694682026,0.200374207196113
2773,0.0325665979069916,0.248532542077453,0.1097465258684,0.0113076350339086,0.5074437358991,0.0904029632141474
2774,0.0781069072806107,0.538199925701011,0.0616177237127657,0.0226773183771218,0.238053024250925,0.0613451006775656
2775,0.00136421286083498,0.00841495754703108,0.0544150669744579,0.00662201949409489,0.0928034841952121,0.836380258928369
2776,0.00715845031976555,0.0485848650575271,0.0969004372247565,0.0637716969497575,0.298578837473029,0.485005712975164
2777,0.0015994249279597,0.0156065394077811,0.0579140490058433,0.0147776103506139,0.172914300760888,0.737188075546914
2778,0.282710429561166,0.116155016576004,0.160251470985107,0.101706568673869,0.108418359499604,0.23075815470425
2779,0.0425437396056575,0.0428696006541817,0.273782714146634,0.179410386788018,0.132076059346183,0.329317499459325
2780,0.0471166691719879,0.195643869974355,0.248845997259185,0.0683155259709864,0.106240092880674,0.333837844742812
2781,0.00918758466301406,0.0173921597413436,0.0618255959577445,0.245273670274125,0.400403549903257,0.265917439460516
2782,0.00941750729312596,0.0327917765477465,0.267965055333367,0.0166257936266884,0.184673495602991,0.488526371596082
2783,0.433166033247826,0.190223752319808,0.111716876535711,0.170643799113218,0.0609257434696452,0.0333237953137922
2784,0.096421213288897,0.176768922925287,0.0731916102819455,0.0716762472315213,0.485283840057725,0.0966581662146237
2785,0.00135116963682251,0.00479579159974098,0.0145812287239428,0.0125671529863499,0.521165705156106,0.445538951897038
2786,0.0147625699547385,0.133395907228048,0.0536547466424452,0.0449911082748609,0.464121959753059,0.289073708146848
2787,0.00328263012090602,0.0224250972391711,0.0362973184995026,0.0186593679435769,0.138045494928445,0.781290091268399
2788,0.0155509036563122,0.0607460501053704,0.222274610607422,0.0321851136020614,0.0957653552724845,0.573477966756349
2789,0.0707025674836097,0.0797563226433095,0.243812279221962,0.0934777979999207,0.23179427418965,0.280456758461548
2790,0.155278322272795,0.142776519008489,0.0747276105458164,0.097381312747412,0.400637408462095,0.129198826963392
2791,0.109700914173785,0.126226353070749,0.0742515586721432,0.341512233285925,0.299855510579975,0.0484534302174225
2792,0.374594498000713,0.38342149705506,0.0366065542689645,0.0712873334910471,0.11558848044725,0.0185016367369653
2793,0.00625746434824161,0.046421161787813,0.0364700587719552,0.0164639042307757,0.498110745642415,0.396276665218799
2794,0.399977362487772,0.0720033439507224,0.0738146760066487,0.208729592098039,0.188891070128118,0.0565839553287004
2795,0.328002579390386,0.146087604925503,0.0635293748912992,0.364879346023958,0.0828933108056354,0.0146077839632188
2796,0.000970842445824981,0.00839603922989667,0.0656798852262109,0.0175284164933013,0.159335707308498,0.748089109296268
2797,0.0605333758158126,0.107855098956385,0.102148816899491,0.0992384106415214,0.145494742525909,0.484729555160881
2798,0.0222828941256281,0.256172208913695,0.189763044635959,0.00754558293265994,0.318721624718492,0.205514644673566
2799,0.251765811274384,0.128398098741378,0.344143942305825,0.0189265227173112,0.0990495125558609,0.157716112405241
2800,0.00924941995456034,0.0172519141571398,0.0722688105541418,0.0198324381469161,0.151650955831612,0.72974646135563
2801,0.00428914300540881,0.0186667883973145,0.0112065575106388,0.0129313303796647,0.419845494861294,0.533060685845679
2802,0.00879934345936858,0.043238287974034,0.0500907819723161,0.0228706002940418,0.490560484974107,0.384440501326133
2803,0.0624840953026403,0.566900184193119,0.148246293906732,0.0143323988736959,0.127296525263046,0.0807405024607667
2804,0.0126218682078012,0.0607203563925394,0.0983807806226092,0.0250305236635863,0.358548841725949,0.444697629387515
2805,0.306233670226991,0.167123013386007,0.230297455688292,0.124564714483971,0.0862923808708341,0.0854887653439042
2806,0.0590259028350619,0.041869399434551,0.0545137871983763,0.445668981208083,0.278121256272558,0.12080067305137
2807,0.115579350759764,0.151813667143183,0.205042756845601,0.131083621390328,0.181952682304543,0.214527921556581
2808,0.00877775124862969,0.0365092004211922,0.0488319123924534,0.0207488966009731,0.189096117288451,0.696036122048301
2809,0.0583624195780501,0.104902290644587,0.501230616696473,0.0267943762888394,0.0396218726526783,0.269088424139372
2810,0.0106399557953949,0.044772390550963,0.0542592662504438,0.111522038444614,0.382444550673707,0.396361798284877
2811,0.00366960758738889,0.110659143816428,0.075481809756068,0.0100704913359447,0.518582168412136,0.281536779092034
2812,0.475764674167242,0.245373117629248,0.115849178830363,0.0657878656564294,0.0736650719462627,0.0235600917704549
2813,0.34366479258325,0.0865436251464178,0.0906538385884191,0.167574144938061,0.225015416611621,0.0865481821322308
2814,0.0196385495411277,0.258951743200174,0.28397481497704,0.0213078204949359,0.132512974553346,0.283614097233376
2815,0.00705051168242236,0.0357490288640269,0.08587939693405,0.0388118618447407,0.127892288268572,0.704616912406188
2816,0.345758537175098,0.128699990690471,0.214180343474302,0.106256877374783,0.165893043954816,0.0392112073305305
2817,0.0570886148551965,0.573022685731063,0.0896649905476702,0.0759896686095735,0.144047366569735,0.0601866736867622
2818,0.23694272615582,0.493850113936108,0.133455484865614,0.0287518013405384,0.0514168276867768,0.055583046015142
2819,0.261976667496185,0.408146675448154,0.105366359139883,0.0311939039578004,0.164721205047026,0.0285951889109506
2820,0.402105520242228,0.259101455392826,0.212675935145709,0.0696228972594924,0.0402041527339611,0.0162900392257839
2821,0.00410414324149649,0.0517841360364517,0.0145003868894487,0.00798737127652015,0.340131248526545,0.581492714029538
2822,0.150031505140141,0.290132638656724,0.255445977525209,0.0580964361352855,0.127970202231039,0.118323240311601
2823,0.024070587451625,0.0817097513902294,0.087787180855538,0.0789449619732009,0.211382313154644,0.516105205174763
2824,0.0299462198440908,0.0643297163146568,0.194758117577428,0.065192388654115,0.352526970954486,0.293246586655224
2825,0.00399650803573468,0.0191254417344391,0.134939383959251,0.0193302593187035,0.0331454419155414,0.78946296503633
2826,0.0401747316189651,0.190753918018221,0.0494496255536186,0.0753326570266325,0.49857133349401,0.145717734288553
2827,0.0639499962377788,0.654768092271223,0.149343416492313,0.0068185059790134,0.0698509669011451,0.0552690221185264
2828,0.00716923381675665,0.095694395551309,0.0676279806802647,0.0132277683663692,0.422339445080119,0.393941176505182
2829,0.0814713178419175,0.0360793246056972,0.0454497063505297,0.244612706734334,0.506543215929172,0.0858437285383497
2830,0.00507246077123001,0.0384144859417037,0.149371900786037,0.0496034944697933,0.173512513950738,0.584025144080498
2831,0.31384873340507,0.378362402219305,0.104646831509376,0.100047661489012,0.0666935282825894,0.0364008430946476
2832,0.0454953853233354,0.250701835162755,0.209571360682439,0.0252919815527728,0.356548231203523,0.112391206075175
2833,0.174183247561699,0.103698495875463,0.200305904598831,0.193139399696465,0.178805550680968,0.149867401586575
2834,0.00579452483892996,0.0398587648313591,0.142688780855688,0.0174238417508767,0.163291095981096,0.63094299174205
2835,0.158328257838249,0.286259829249713,0.097099622325876,0.065486695136803,0.278891976430939,0.11393361901842
2836,0.0252848976272684,0.095311727913544,0.0749761892901325,0.100114883923034,0.412791607612977,0.291520693633045
2837,0.037257604027697,0.268240681225534,0.280554359287152,0.0539382239977456,0.159263711861611,0.200745419600261
2838,0.358195913650223,0.231893539950531,0.118655221748246,0.120309718690987,0.059758920862684,0.111186685097328
2839,0.039803517592303,0.153494801074569,0.219265311881617,0.168959628719176,0.205400723778998,0.213076016953337
2840,0.102443623216768,0.0585034233647733,0.0849279111658305,0.398994982515959,0.104090529130129,0.25103953060654
2841,0.288597318528783,0.190460979100823,0.101804677355256,0.0709983851869985,0.196536955805389,0.151601684022751
2842,0.00795400172812693,0.0387359057188774,0.0239259611874721,0.0305703650310324,0.507720438629896,0.391093327704595
2843,0.0439097263446817,0.106429627122866,0.0518341202029085,0.00457958948040152,0.494386420036554,0.298860516812589
2844,0.047366369275912,0.146055175738633,0.32406675210072,0.00959718591524768,0.0741192262636924,0.398795290705795
2845,0.225755157598498,0.509206643134843,0.0783199912947592,0.125513264543936,0.0465751988118208,0.014629744616143
