"CUS_ID","F20-","F30","F30+","M20-","M30","M30+"
2501,0.0935572174443403,0.458171946208899,0.103203232237508,0.0367271963817198,0.173485826648848,0.134854581078685
2502,0.0369375501334575,0.14034057066659,0.199119186141998,0.0805967959762282,0.357363469011842,0.185642428069885
2503,0.063250264859121,0.365278253788866,0.0490922693584837,0.0450278452434296,0.382288886471771,0.095062480278328
2504,0.339005555834764,0.156258086629,0.142784744636616,0.178384245330344,0.0838508206510324,0.0997165469182437
2505,0.0393845218246159,0.145176766824268,0.162130013733518,0.0546320019638032,0.150938732033233,0.447737963620563
2506,0.0200023118859174,0.305341177386911,0.101509553758833,0.0227118194049174,0.292155728909761,0.25827940865366
2507,0.0115453641372248,0.0314381192962071,0.0936159959288793,0.0294023400609498,0.21361791554571,0.620380265031029
2508,0.0067123703610404,0.0303086798646564,0.031618525733228,0.0260806437967188,0.492081579550092,0.413198200694265
2509,0.0253835294028638,0.0439156847907083,0.160400833268378,0.0383877797113338,0.155347710259161,0.576564462567556
2510,0.0140287452641531,0.086970767110557,0.056970128106185,0.0324541600840452,0.36496787703107,0.44460832240399
2511,0.596872400979306,0.12106056487765,0.0920259610005467,0.123365586187602,0.0429358408928366,0.0237396460620589
2512,0.0514755311079235,0.164083795330649,0.0707013223740922,0.147655800924894,0.462837648510812,0.103245901751629
2513,0.0066549575566423,0.0305426547841246,0.0892706215309494,0.0284771330642583,0.263014824550364,0.582039808513662
2514,0.122113832438939,0.489557659683011,0.0685065245388915,0.0369481658351036,0.225274260053097,0.0575995574509584
2515,0.0144806971482607,0.0518999118509832,0.118397161547263,0.0409953471933924,0.20058918643402,0.573637695826081
2516,0.0784106054643899,0.113520894129894,0.0741911789648621,0.171228924884925,0.321493033962242,0.241155362593687
2517,0.0331129006924619,0.357125622089996,0.130814135755156,0.0141570743004074,0.217239135008581,0.247551132153397
2518,0.468787248029524,0.202627309492952,0.112265066993991,0.0627832244924611,0.0802291809507751,0.0733079700402958
2519,0.0560139513648764,0.815633874479627,0.0250131057564785,0.00980994424473755,0.0664108143685179,0.0271183097857626
2520,0.0294200211144367,0.0581895391783747,0.0209357569638108,0.113359746026049,0.592446765576378,0.185648171140951
2521,0.0180055242210397,0.0576737056106135,0.269577018481457,0.0321470954986346,0.110372971174998,0.512223685013258
2522,0.310424161812764,0.238580541423263,0.176150804168122,0.0752021179097853,0.133913097211194,0.0657292774748724
2523,0.0616053029768234,0.325057024231666,0.086347356066441,0.0169233398044221,0.364171592385249,0.145895384535399
2524,0.047502099155951,0.123385796953426,0.265147863250761,0.0423380944180722,0.0936626286734022,0.427963517548387
2525,0.120384020667808,0.0717088306744492,0.0748008871057438,0.418633421793489,0.24903290830636,0.0654399314521497
2526,0.100507856012908,0.211932189864313,0.0798794389882341,0.0999091705608398,0.343658615803406,0.164112728770298
2527,0.526631590483325,0.169481575514853,0.101806209789955,0.0598475921090868,0.0842527534272881,0.0579802786754916
2528,0.00511690767003636,0.0178957319356868,0.0526887788437014,0.04427232789859,0.181837027129834,0.698189226522152
2529,0.0703066169194402,0.0996530843116701,0.279045440035112,0.059200599837549,0.122429528668233,0.369364730227997
2530,0.00306707795592319,0.0141966765108866,0.12170868006743,0.0192034605185051,0.0992602339440336,0.742563871003222
2531,0.0402074734064134,0.144933199003952,0.127465822799187,0.0759685281635246,0.370279031699353,0.241145944927569
2532,0.0340680517107223,0.168905089526742,0.145710504566803,0.0637251818992457,0.279092235702894,0.308498936593594
2533,0.0020193389556538,0.00706320772013843,0.0513824705905279,0.00728446632163688,0.0232095874145947,0.909040928997448
2534,0.233962751790002,0.0698921987057278,0.0520437846645923,0.501530212511378,0.0753609509847965,0.067210101343503
2535,0.0586168186447727,0.115796912161211,0.146605065831232,0.0474628170712217,0.183614239988056,0.447904146303506
2536,0.147355638145875,0.235971258649438,0.107683155643664,0.0686529996872606,0.207805974823325,0.232530973050437
2537,0.0406042718462579,0.720009458143044,0.100196427570757,0.00779569118606249,0.0814838622044042,0.0499102890494739
2538,0.229715600649231,0.110236577011856,0.0711677642407831,0.124921801611045,0.307075618616728,0.156882637870357
2539,0.158982402986251,0.252737902359727,0.229924599393596,0.0495845107009261,0.158910525303294,0.149860059256206
2540,0.369382058191758,0.163163716917794,0.0403962417427297,0.178036171543984,0.206267366074435,0.0427544455292981
2541,0.157933968654918,0.0630719550440119,0.0164152926899602,0.381806633648113,0.323958587762509,0.056813562200488
2542,0.0947814037933356,0.416754977684305,0.0668103023567584,0.0273795464320136,0.352534179709289,0.041739590024299
2543,0.0104448967345727,0.0222039719041222,0.0750106665848085,0.00821282852648177,0.26744987426613,0.616677761983885
2544,0.109604501296088,0.146743051226012,0.102174621551808,0.211373971703331,0.158642021493946,0.271461832728815
2545,0.0332419687995307,0.276296915230126,0.057318753199278,0.0163032977480443,0.429298445619082,0.187540619403939
2546,0.0345237715000802,0.0363881224493722,0.0129541222663856,0.266571962277849,0.569795347488139,0.0797666740181737
2547,0.0817581457696921,0.160556277807283,0.30750386760145,0.0470123551646389,0.170999788050008,0.232169565606929
2548,0.0734067267031849,0.0853408275017741,0.0952271931410092,0.216973844431689,0.438800372595751,0.0902510356265922
2549,0.00873720449755087,0.0468802763720472,0.0372256601008614,0.0472459852612534,0.346080655887378,0.513830217880909
2550,0.0205230006702099,0.0301095315760811,0.0174820707390866,0.226225588789276,0.525177277129933,0.180482531095413
2551,0.153838039890341,0.261185984227975,0.0494132794926098,0.165457359303482,0.224497653406641,0.145607683678951
2552,0.161229812315915,0.361081826762376,0.147919167162331,0.0608910613272263,0.13965922767338,0.129218904758772
2553,0.470742535465304,0.200728823389737,0.0459787911657012,0.124309490489091,0.135825285514741,0.0224150739754259
2554,0.0911041483937035,0.182870169029725,0.10378320631197,0.14258701507987,0.398115697687111,0.0815397634976209
2555,0.012539095637509,0.0740023878960102,0.052431894979526,0.0371486677200906,0.651286496416074,0.172591457350791
2556,0.076899516951164,0.293006454683882,0.280071827216504,0.0532957779374704,0.164643029310301,0.132083393900678
2557,0.298358225939672,0.229080331580256,0.341224569112848,0.0455477763120275,0.0623803870090209,0.023408710046175
2558,0.0397462672977671,0.0877514850870024,0.656729821090559,0.0341981238653858,0.0880028372699312,0.093571465389354
2559,0.0771569775816824,0.430482489224397,0.154054936542191,0.031539168031178,0.110821866977856,0.195944561642695
2560,0.00805475754193847,0.0976773465320661,0.100513294592229,0.0233895536413582,0.196557570255749,0.57380747743666
2561,0.0190213223425436,0.0649610068131388,0.157088137642478,0.0143364052103051,0.132313574124812,0.612279553866723
2562,0.318218389894811,0.373726963631644,0.0426717345163971,0.0427794202856163,0.201840677716529,0.0207628139550024
2563,0.247207807248041,0.172024282785641,0.282247188596438,0.0962953028613982,0.098606526838387,0.103618891670094
2564,0.161042173569327,0.074769241741347,0.0866767187118357,0.315283187923829,0.180263150927407,0.181965527126254
2565,0.0243426804483083,0.0813288301464856,0.0801260142622235,0.0431167437648271,0.196770674346335,0.574315057031821
2566,0.0126258721927598,0.0346502266446411,0.093000043992549,0.0897703558422391,0.344706291537369,0.425247209790442
2567,0.0396803974243422,0.128525994077667,0.120916691415358,0.0526429588296817,0.162521490925708,0.495712467327244
2568,0.00881095245056609,0.0496309844365936,0.0812848780051978,0.0270331036361186,0.274035765919869,0.559204315551655
2569,0.0245120195700146,0.08084876998604,0.212434645453049,0.0181206023587877,0.155099491592968,0.508984471039141
2570,0.025145335166832,0.551853975812827,0.102914416081139,0.0122309953285908,0.165363162040378,0.142492115570233
2571,0.104168542194173,0.0848003187103763,0.0276625535337816,0.333795730762264,0.31798831849494,0.131584536304465
2572,0.0783024427774323,0.0685611418586325,0.375389196447105,0.139780332711131,0.112395592998775,0.225571293206924
2573,0.0829402734148729,0.309740254882673,0.0802262202999132,0.0348744884053458,0.30366552828105,0.188553234716145
2574,0.0288275372299858,0.0525847879000786,0.0259815327732223,0.466826198784402,0.352092583452189,0.0736873598601226
2575,0.0226822365571558,0.0329725255880052,0.0159587161070198,0.153859031402526,0.670640999805166,0.103886490540127
2576,0.285664307437963,0.329320389181979,0.120569120955014,0.0873349527574912,0.0894718247387148,0.0876394049288372
2577,0.047211458757704,0.211431354557762,0.295220215834638,0.0299454478099084,0.179986342740792,0.236205180299196
2578,0.00150757058646232,0.00668215864395845,0.0330526592143076,0.00915330053708787,0.0677887972875696,0.881815513730614
2579,0.250357821045869,0.223105075543406,0.303177307369556,0.0490088476933975,0.0917257590529569,0.0826251892948148
2580,0.0699893496032589,0.267190732669827,0.164503039173336,0.025516021911211,0.229565528833877,0.243235327808489
2581,0.00787662646205064,0.0443325453829432,0.0838345655321682,0.108783436462999,0.454969727618714,0.300203098541124
2582,0.117035773583346,0.518554186018952,0.0783855404251402,0.0335531904872016,0.193145972812964,0.059325336672395
2583,0.0482762062190207,0.560779482284841,0.174670292566617,0.0192307368315363,0.103874579825726,0.0931687022722583
2584,0.295276599087499,0.567480781864104,0.0354924470770828,0.0146513855991829,0.0690656911633463,0.0180330952087853
2585,0.0215924138304776,0.0653606478606877,0.060815276677128,0.0656259983829099,0.495526040656887,0.29107962259191
2586,0.0451550677876731,0.301613104347966,0.125157087945444,0.0379811250372465,0.227270253444183,0.262823361437488
2587,0.212304452615063,0.0765512619725931,0.0493078596515105,0.306292901424383,0.252425838599011,0.103117685737439
2588,0.0554733390628885,0.0348630965098599,0.0202569541878262,0.223486810285845,0.535195957036131,0.13072384291745
2589,0.0398525758112238,0.0825953522212776,0.0432373668204108,0.141623819782994,0.597180259464121,0.0955106258999728
2590,0.0150148760546336,0.0656565526639023,0.149055070539678,0.0636977053047352,0.193920533723773,0.512655261713278
2591,0.0925870266055888,0.105602738628944,0.267264614527975,0.0394148848684037,0.0790991845470273,0.416031550822061
2592,0.0200940792661568,0.0514653756870798,0.0208034214491527,0.160525348664274,0.582815582877363,0.164296192055974
2593,0.194025808093927,0.20127539500705,0.0745215155630547,0.18871883456514,0.258077878357946,0.0833805684128819
2594,0.029856937314978,0.0588522616304873,0.0567846811084673,0.0314935700375853,0.446886095494276,0.376126454414206
2595,0.0975741911513959,0.108735009938803,0.230542246483631,0.189431483876637,0.141494028092339,0.232223040457195
2596,0.762077951127563,0.066831841631277,0.014147192113927,0.119377978608562,0.0325747386638886,0.00499029785478223
2597,0.00875812579526194,0.0367528126214357,0.180231285894968,0.0251673240210012,0.156696555638113,0.592393896029221
2598,0.0147213267846269,0.0951818464350223,0.119269979042341,0.0162032294784643,0.15344144683784,0.601182171421706
2599,0.223495143539412,0.217754027878157,0.10011008625441,0.199139211914944,0.169462019967304,0.0900395104457732
2600,0.0142516818665678,0.0462510329896507,0.0756782401893829,0.040271804435863,0.749903369555917,0.0736438709626185
2601,0.0325630116840756,0.0723329197456394,0.228381747458982,0.0321482398219465,0.129265685576254,0.505308395713103
2602,0.0235937566402582,0.0876651268744098,0.0957243419358276,0.0430400005705163,0.21527350755036,0.534703266428628
2603,0.0418125668476773,0.512143933337271,0.0469940970239293,0.0298709653130125,0.306809962612204,0.0623684748659055
2604,0.0512404388619531,0.173457259841236,0.283621477529426,0.140129377649972,0.0962558435143777,0.255295602603035
2605,0.00319090012129928,0.085626938161722,0.274529164370653,0.0251366922389273,0.234048092661451,0.377468212445947
2606,0.0384688423209387,0.0844062461788666,0.111674533571507,0.0374767160063245,0.211202888652237,0.516770773270126
2607,0.00741447816756211,0.0246516180994476,0.0656658957040213,0.0229760176988484,0.109777391779565,0.769514598550556
2608,0.198358099112176,0.175975664516022,0.0765096585307676,0.150122320870923,0.238061392664691,0.160972864305421
2609,0.0220642784869105,0.0526700623217055,0.056605396171971,0.100509296194723,0.40909062828202,0.35906033854267
2610,0.099422548590309,0.200298651048816,0.0543953236088426,0.157872960583326,0.303903133083152,0.184107383085556
2611,0.0237630262821112,0.0724419641296649,0.179278118095571,0.0372701971845719,0.074857155117755,0.612389539190326
2612,0.0648380907393,0.271990260462051,0.126304497102779,0.0398396376996861,0.156816693951574,0.34021082004461
2613,0.39656164880369,0.388975590492859,0.0633934457083345,0.0575482325947616,0.0759565800959245,0.0175645023044306
2614,0.142969553164346,0.097894717637162,0.0732818330514791,0.164862027128357,0.277713826219641,0.243278042799015
2615,0.398075301423949,0.264149027556533,0.169059926622963,0.0513017144529685,0.0679792511117294,0.0494347788318567
2616,0.00920089392518769,0.0595272208446941,0.0701537969249116,0.0457270870517483,0.494596245936494,0.320794755316964
2617,0.143409325446127,0.302889875432714,0.293726770984788,0.0425069155529989,0.131943818687481,0.0855232938958911
2618,0.0597882085923008,0.0725718073538575,0.0964128604150336,0.0648287976171378,0.445371194613993,0.261027131407678
2619,0.0342763289705753,0.0375875976824234,0.0170156592162033,0.0893809229150537,0.693008539970621,0.128730951245124
2620,0.0118564465835862,0.10598420108131,0.244017922438035,0.024395407073055,0.2872237801526,0.326522242671414
2621,0.0269339197931564,0.077842584219538,0.0352062408311047,0.108530490799467,0.662662595811626,0.0888241685451083
2622,0.00318186056060464,0.0119939413659127,0.0270019354665024,0.0132654419730149,0.148456020179237,0.796100800454728
2623,0.200154244884329,0.222103300948205,0.0425346613472893,0.0887242281974269,0.374679205934349,0.0718043586884009
2624,0.0217007224220121,0.0403124830194273,0.100332193170609,0.0454783855113228,0.154338252271586,0.637837963605042
2625,0.0829323470955541,0.197946205212903,0.526750315183369,0.0310151452691654,0.0757600229736724,0.0855959642653367
2626,0.00667023912259562,0.0249762594577116,0.0588862579855625,0.024542785453406,0.1865761199091,0.698348338071624
2627,0.0728078436260269,0.141493764738962,0.349808928527231,0.0280285273936956,0.160155225141913,0.247705710572172
2628,0.0978170023714305,0.119413576041385,0.0777248118287509,0.354920734377945,0.281012036889175,0.0691118384913137
2629,0.0344731441766552,0.219185828047163,0.0605718162617371,0.0416072993520994,0.388556629500558,0.255605282661787
2630,0.152277233848103,0.129655612124583,0.14255403449132,0.0876587805141978,0.228263431918338,0.259590907103459
2631,0.0183327045603922,0.214439815651764,0.18220761452104,0.0264033720270131,0.331279416966488,0.227337076273302
2632,0.00537437584704516,0.019228983104946,0.0687668572282701,0.0204775714833536,0.137644515096047,0.748507697240339
2633,0.13025392784079,0.374814242067417,0.0634876142578054,0.0978090430490428,0.242822715299519,0.0908124574854255
2634,0.0446564591467492,0.0809995283124422,0.250778238493626,0.0738151508924346,0.15596207584436,0.393788547310388
2635,0.0232773663102814,0.0695115731556922,0.0560745874843546,0.0346857865531947,0.633841377134062,0.182609309362415
2636,0.0254789236729425,0.0697894820695632,0.131635031286754,0.0417289270440282,0.319472832793761,0.411894803132951
2637,0.0160518859834661,0.0786870570062962,0.026933936406881,0.0262352458518893,0.680895612445605,0.171196262305862
2638,0.0722857480286573,0.0468933270141139,0.080609349323316,0.286525600724541,0.152535266581937,0.361150708327435
2639,0.107423618995912,0.0709638700220447,0.0524962011583222,0.378146552106506,0.300547183263712,0.0904225744535026
2640,0.0159692946951342,0.0379400247764402,0.0618297632402519,0.0278913358310594,0.139921382010736,0.716448199446378
2641,0.166976673297275,0.204557939526008,0.151161405217089,0.131298643467506,0.187195364775759,0.158809973716362
2642,0.0135960765523212,0.0812568087945325,0.114791528256241,0.037048491698938,0.24073039096225,0.512576703735717
2643,0.346411437279513,0.364891721779921,0.0321125741665336,0.135313168888602,0.0952993050702809,0.0259717928151495
2644,0.0070765565125167,0.0998587110304802,0.0427366465152572,0.0141133995780005,0.259224048786906,0.57699063757684
2645,0.0219072511978072,0.0794936935410089,0.0414892052611925,0.0580438407133863,0.297038524453468,0.502027484833137
2646,0.00377701736643183,0.0184229944632826,0.0846790675987986,0.0168145426574336,0.0518751438589973,0.824431234055056
2647,0.0734632159310543,0.110539880033522,0.113658693494968,0.12086861317437,0.253491770720775,0.327977826645311
2648,0.148348847789484,0.284164936720576,0.432179783776515,0.0183388547038634,0.0399305285870731,0.0770370484224891
2649,0.0382890872972147,0.0517110823279035,0.0890636336453558,0.0554080950998584,0.228029547587242,0.537498554042426
2650,0.0599575467595478,0.038457264290538,0.225602923332096,0.0547815469447872,0.0994314279427311,0.5217692907303
2651,0.0234305667610177,0.0843276473466448,0.046449445108,0.0496938458104621,0.563046720980527,0.233051773993349
2652,0.0174639726569337,0.158163396550313,0.0523225576690456,0.0362210972211272,0.482843131299963,0.252985844602617
2653,0.260708208981538,0.221212745844388,0.145149750009987,0.0625219740230794,0.187059853128025,0.123347468012981
2654,0.00493888799078698,0.0475489017883719,0.0866357264444733,0.0554391207500307,0.165567238919612,0.639870124106726
2655,0.36631393075574,0.2368574959531,0.0793540238033495,0.117964143495619,0.159250708800167,0.0402596971920258
2656,0.0111471863625643,0.061892865578508,0.0555272549403367,0.0340598749907604,0.443287952899134,0.394084865228696
2657,0.0165847185445972,0.038181925902139,0.178414105115241,0.0233211438759777,0.109355137395226,0.634142969166818
2658,0.187194409617821,0.173036711925831,0.158107247901109,0.262575331102134,0.11351325900999,0.105573040443115
2659,0.132168318705996,0.0757244252770784,0.106724349594644,0.521823903654441,0.0768198156327193,0.0867391871351209
2660,0.010125319747755,0.0403190955592687,0.0490335374017245,0.0356969880099562,0.269159607528807,0.595665451752488
2661,0.0045300364481601,0.0236876548038862,0.0931792966325466,0.0177720139238465,0.0841852260850763,0.776645772106484
2662,0.00545753606126644,0.047243335431379,0.101261932929657,0.0111309696598743,0.121982756861304,0.712923469056519
2663,0.00663615430820877,0.0319702460474317,0.0511372113009435,0.0390936436528832,0.420078273445785,0.451084471244748
2664,0.0384966640478388,0.103826824836134,0.0311086909032944,0.0971600847624816,0.572495834819144,0.156911900631107
2665,0.240205154737283,0.268939801553533,0.113331643455157,0.0695140527308836,0.194030351655284,0.113978995867859
2666,0.0035986839742633,0.00876435261120382,0.0779121305446707,0.0090807083255512,0.0162429591193348,0.884401165424976
2667,0.0733222527201818,0.126194748936819,0.433683079900675,0.0781100819375324,0.1781577445078,0.110532091996991
2668,0.0139718623823189,0.0728280415163569,0.433379220174313,0.018283994106166,0.117750564443614,0.343786317377231
2669,0.0542190266981732,0.180541320955181,0.117853248223847,0.0314936362613586,0.224167445356446,0.391725322504995
2670,0.0107988308337346,0.0571107236681105,0.147255935813903,0.0215212976242511,0.187975451095088,0.575337760964913
2671,0.0360382478390369,0.0796996721293941,0.0401294718845887,0.0930660035174698,0.34066812145754,0.410398483171971
2672,0.00544062384388836,0.049396743324699,0.138443721625103,0.0170321357666233,0.192496835939716,0.59718993949997
2673,0.339806945631872,0.295040518464763,0.057902815461441,0.121613297560443,0.146894652890182,0.0387417699913002
2674,0.0301492631976012,0.0465104356479301,0.0702912963926033,0.243821943356691,0.38121110460031,0.228015956804864
2675,0.503867534904789,0.196508520074573,0.0256876307529784,0.179858226198945,0.0796637771178053,0.0144143109509089
2676,0.0242431653050264,0.0394398955547673,0.0594861261789896,0.140325352481637,0.444888725975529,0.291616734504051
2677,0.0813600955446209,0.268183444863182,0.303007752030273,0.028019809366919,0.251328862002566,0.0681000361924388
2678,0.0475415658118299,0.169704353211544,0.195945465766264,0.0511290859419977,0.307521152755709,0.228158376512656
2679,0.00356796032273209,0.0225597959727123,0.0437066245864448,0.0281951290065146,0.319674199778216,0.58229629033338
2680,0.0831883935026011,0.11203228414831,0.356367647137595,0.169162699245683,0.131035183831534,0.148213792134277
2681,0.0389519166641331,0.15362504389819,0.112582410086787,0.0589511298172893,0.366328268146436,0.269561231387165
2682,0.0145387777163615,0.037577953246917,0.134143691125332,0.135665923476031,0.220363053985855,0.457710600449503
2683,0.424509728351342,0.298032204263808,0.0325272252920517,0.133581438572168,0.0991706759493319,0.0121787275712986
2684,0.0104475534183754,0.04355255984651,0.0439092970835098,0.0859464232607429,0.474327602266875,0.341816564123987
2685,0.140043154236065,0.078848447265993,0.149849173806093,0.0392779683864783,0.0692685291580974,0.522712727147273
2686,0.0169378776267363,0.136686571705967,0.137493767222787,0.0416243888135519,0.199169920954499,0.468087473676459
2687,0.327822956525156,0.210953239074568,0.091680506024988,0.17214272260294,0.162480832901476,0.0349197428708733
2688,0.0387098276581006,0.152450860646113,0.0708712178144731,0.260473117698389,0.35937728787486,0.118117688308064
2689,0.163437684750791,0.591679736206213,0.0347301829603027,0.050637133509906,0.132363846448326,0.0271514161244616
2690,0.0141443952930519,0.0257318554081234,0.0377684623368836,0.21613078293709,0.42837543801087,0.277849066013981
2691,0.045066437875031,0.211148239724745,0.0794572108276417,0.0493689709194733,0.388423982272087,0.226535158381022
2692,0.0623871268305605,0.110512339766378,0.242488649934374,0.0682146233315837,0.236600744145082,0.279796515992022
2693,0.0382541097134531,0.0654223231009822,0.204074467931285,0.0478779627493504,0.142425627515182,0.501945508989748
2694,0.00796233294538378,0.0260468624751632,0.0621214822234792,0.0430728610222858,0.213475094231729,0.647321367101959
2695,0.554190263826097,0.172898920535002,0.058053982832717,0.120511444617439,0.0721815146454481,0.0221638735432972
2696,0.0214785634810372,0.0799662199168296,0.27429682435141,0.0303506997323755,0.114570211694604,0.479337480823744
2697,0.0465404633564451,0.14767049082086,0.267080021181986,0.0381987487327391,0.188005916175833,0.312504359732136
2698,0.0106497476600669,0.0418824430260019,0.23129009348231,0.0367488891195038,0.239078099617658,0.44035072709446
2699,0.0157122860399821,0.124582615089256,0.343883485878955,0.00874030101528156,0.0725958122048316,0.434485499771693
2700,0.00204909954471694,0.0342644191927203,0.0264008392224593,0.00729478604099935,0.373035660251664,0.55695519574744
2701,0.018210770319549,0.0497132984406728,0.0881344355098815,0.111570319633796,0.280802352756119,0.451568823339982
2702,0.392180843553755,0.190943924102896,0.20090553619326,0.0741368440985369,0.0798498871216627,0.0619829649298893
2703,0.105981478728201,0.084156047340127,0.15335272098074,0.117024717496903,0.233730670154074,0.305754365299954
2704,0.0353785145050524,0.198738807320126,0.512183933530657,0.0385559149548183,0.101184164398637,0.11395866529071
2705,0.0180303100368972,0.154924227037251,0.399824538157245,0.0210053167345197,0.122574136691231,0.283641471342857
2706,0.0163483627973397,0.101486520279793,0.177873770505614,0.154456382239145,0.172751659733113,0.377083304444996
2707,0.0149636951592434,0.0414636551636757,0.0272647161301029,0.071420931867062,0.595053338916642,0.249833662763274
2708,0.381001126592374,0.357243432515269,0.0612244689814148,0.0609370989821125,0.109384480324965,0.0302093926038644
2709,0.0740669763256537,0.175371680978212,0.306958968195597,0.0470054061771211,0.111016561692237,0.28558040663118
2710,0.069476630466883,0.0681499993509035,0.247991662274174,0.0598285060764895,0.099416368134746,0.455136833696804
2711,0.0330615976420147,0.074911760937828,0.159186035231355,0.0543744793801862,0.283780272970495,0.394685853838121
2712,0.132827904104722,0.092066262964114,0.0959397779649007,0.233637493126623,0.298508995398328,0.147019566441313
2713,0.152042750768363,0.236333575320062,0.239631235042972,0.0468316380631981,0.106101186991839,0.219059613813566
2714,0.00447217620929335,0.0596021918867785,0.126179523859952,0.0171507199729617,0.156340625778223,0.636254762292792
2715,0.0327869933581222,0.10677741958267,0.376390867670017,0.0370718214084679,0.243053499858013,0.20391939812271
2716,0.0328878327593487,0.0736271075737557,0.0973226978360841,0.0736926239471208,0.383325393111973,0.339144344771718
2717,0.0105979198231046,0.0431968018614867,0.0384657657203214,0.0378100076047508,0.289085301246657,0.580844203743679
2718,0.0204521049052433,0.0515863152497729,0.266894807353517,0.0648287645871098,0.161043553718162,0.435194454186195
2719,0.0295021724539964,0.0955186461452696,0.209553607442927,0.0609184950256162,0.330358351273597,0.274148727658594
2720,0.0898030563388796,0.104043939705721,0.253580834609442,0.100903976087878,0.242066556448952,0.209601636809128
2721,0.0181499795057227,0.0507878448480717,0.0967616753910036,0.0434857541323645,0.340225472290215,0.450589273832622
2722,0.276790275970318,0.487355715254939,0.130924256445881,0.0149931322484311,0.0683024248377021,0.0216341952427292
2723,0.0541612863853854,0.148042765147038,0.105696907678523,0.0592915716272456,0.205079861925607,0.427727607236201
2724,0.650838439556955,0.103204310140994,0.0669950223398768,0.100035217055852,0.0534111361842262,0.0255158747220966
2725,0.227818625994133,0.274546299984294,0.0896876125657925,0.227711849857614,0.112883188671066,0.0673524229270999
2726,0.0470649759435969,0.0784058912712158,0.0369916839143522,0.136540902451946,0.651948907834163,0.0490476385847261
2727,0.00458436436533574,0.0399499030268576,0.063017111953226,0.030604425222533,0.307332623814792,0.554511571617256
2728,0.0201629984670485,0.0343391451134888,0.12057630916461,0.0480942338418448,0.113733057087277,0.66309425632573
2729,0.135099049460379,0.21407679923365,0.0976863410484496,0.11229749049127,0.293890794874159,0.146949524892092
2730,0.0127322487003507,0.0320369143031699,0.067437830716808,0.0581555967850929,0.470163447473478,0.359473962021101
2731,0.158837695836362,0.172249546283683,0.0659006919575232,0.160973016385426,0.340028666345928,0.102010383191078
2732,0.0226065479458111,0.0754377968880653,0.284305718704468,0.0221685176324823,0.0875976187760973,0.507883800053076
2733,0.0497706535309467,0.142684824655018,0.128370032302663,0.182535154314808,0.402923479396098,0.0937158558004662
2734,0.0382440019105183,0.656207709195514,0.0469780353445878,0.013784193345541,0.15219819241823,0.0925878677856088
2735,0.0440576527743556,0.446211605017061,0.130844649620786,0.0237834684805755,0.157022960341375,0.198079663765847
2736,0.0384556524298171,0.0825366691174134,0.0549672986877538,0.400927999617462,0.325003841875531,0.0981085382720228
2737,0.206830728265865,0.112135277547183,0.256456327446701,0.0724569990628909,0.199162473152339,0.152958194525021
2738,0.0259173031892706,0.115205439265933,0.118084780245769,0.0500222564817554,0.160966756554829,0.529803464262444
2739,0.123708250188108,0.227128106902697,0.267992475029669,0.0449521247065492,0.242335852847697,0.0938831903252798
2740,0.231573066805153,0.34611149573169,0.0640329409491013,0.0912161041673593,0.11423647945573,0.152829912890966
2741,0.0631072790312721,0.301008635626476,0.120294287841905,0.0338012194016406,0.342067315658664,0.139721262440042
2742,0.058452252127544,0.0649558538054195,0.0416060939590432,0.200929294079713,0.48315329277803,0.15090321325025
2743,0.194612137552257,0.237167284255868,0.109064039669412,0.114495800410824,0.208164124633818,0.13649661347782
2744,0.0288684567619096,0.0858742283115991,0.0415238929260092,0.115488992106432,0.631704979530502,0.0965394503635482
2745,0.00546364225908907,0.0534934553888992,0.34175206452496,0.0476127067431958,0.318917359216315,0.232760771867541
2746,0.0161784304025614,0.0775564808606751,0.115661370294545,0.0346421357473841,0.297292621088393,0.458668961606442
2747,0.0201248080289418,0.0334205421479873,0.0132802265004097,0.0929516494106374,0.65140192888288,0.188820845029144
2748,0.00746435418151515,0.0449559687586504,0.0555827169113885,0.0348033097726847,0.656359574693861,0.200834075681901
2749,0.222338066536687,0.109393140492605,0.0585246322579731,0.309726635492872,0.212899017103637,0.0871185081162268
2750,0.0119447135795106,0.0586005802430653,0.396723423967166,0.0349748951943736,0.115829179837401,0.381927207178483
2751,0.201945120433988,0.149610205904112,0.05674447186893,0.111398031756466,0.43640795814088,0.0438942118956235
2752,0.0453462959702435,0.160310743596068,0.184666975480787,0.0849856050901253,0.163756221494685,0.360934158368091
2753,0.0551739083870032,0.0692511335144007,0.020746104464682,0.375721022392738,0.425133604012466,0.0539742272287103
2754,0.00957016338716883,0.192648163688299,0.0618320422810604,0.0135614524021438,0.531874931360063,0.190513246881264
2755,0.00259838767173577,0.00870038192779943,0.0479481999574865,0.0122182108654656,0.2240838222376,0.704450997339913
2756,0.00717845662685093,0.0142445223416678,0.0679194290671497,0.0123495103475704,0.0338387323231554,0.864469349293606
2757,0.00948375014844052,0.116610508474899,0.0232253866222279,0.0352880630152113,0.541618273113726,0.273774018625496
2758,0.0856464540941846,0.258894266887982,0.184628473176474,0.0262594821998026,0.287980010312761,0.156591313328795
2759,0.0220156489026401,0.191847110759376,0.08974551704571,0.0191524616903589,0.276475038641361,0.400764222960553
2760,0.33547596479339,0.0729095500582021,0.0320926629687063,0.503076117944622,0.0466856014655428,0.00976010276953682
2761,0.183132919564284,0.133754579758567,0.078774253971902,0.285950157991,0.207669217868597,0.11071887084565
2762,0.00580338717099432,0.10855531038901,0.0966769512363937,0.0160452709657936,0.423756483192476,0.349162597045333
2763,0.0475834638502646,0.165158551377245,0.317198534984491,0.0639468759454609,0.219841904867952,0.186270668974587
2764,0.0112836452452332,0.0247764032043738,0.149156558067406,0.0186272907439845,0.0971057153493838,0.699050387389619
2765,0.0228752074874431,0.160120400397424,0.213000145503984,0.0223112755448947,0.178706754620752,0.402986216445502
2766,0.0369746044789081,0.118766468220898,0.100157464792401,0.0510829756115919,0.389606608888682,0.30341187800752
2767,0.0179029811135678,0.0460138227392169,0.0696271012140404,0.370184878786652,0.240077286526883,0.25619392961964
2768,0.0516620836203971,0.258074719608893,0.392098722562678,0.0183167976916466,0.0858265856377947,0.194021090878591
2769,0.0460109151031237,0.302860296168229,0.0958940164602334,0.0791228652609646,0.344093086300432,0.132018820707018
2770,0.00198169012090688,0.0338185732624918,0.145090730760631,0.0191403554873572,0.162883628522946,0.637085021845667
2771,0.0292881347948176,0.146201876736861,0.481863515582146,0.0343531513922235,0.112688572440097,0.195604749053855
2772,0.05699408279047,0.0623636638662987,0.0836733434984078,0.145021303692588,0.510295813376086,0.141651792776149
2773,0.0542630257479029,0.306774853661775,0.118155013539837,0.0313694151119319,0.349262871434329,0.140174820504224
2774,0.120621404245767,0.338521484902345,0.0993723997705175,0.0482983139161006,0.291454227476091,0.101732169689179
2775,0.00196120526562335,0.0111664491377998,0.0770294069645163,0.00686132689535002,0.0731970512073432,0.829784560529367
2776,0.00999980238261747,0.0303122998257939,0.0516174186274577,0.0457347816377987,0.276881638053818,0.585454059472514
2777,0.00164420662013132,0.0126628085010787,0.0746759986140259,0.0109550383703786,0.0584716528200784,0.841590295074307
2778,0.0715637922069091,0.15809087184078,0.131178463075359,0.078366323081068,0.162671005872747,0.398129543923138
2779,0.0299405080415932,0.0572449005117764,0.291850368452994,0.124585185392276,0.150250554736401,0.34612848286496
2780,0.05562696828248,0.248284581601125,0.265566805924322,0.04807634762773,0.120092096329351,0.262353200234992
2781,0.0134798718991898,0.0314695154134217,0.0464935600364886,0.0982556068054288,0.542551727601107,0.267749718244364
2782,0.00644309162047838,0.0318930782975248,0.192639419243993,0.0184609678714674,0.100980572288236,0.6495828706783
2783,0.299030984560877,0.392535415631148,0.123279809554018,0.0580876198156861,0.0872274599611653,0.0398387104771057
2784,0.0595752657625364,0.288890913256515,0.055873318671999,0.122318379553733,0.40036705396988,0.072975068785336
2785,0.00201957549481169,0.013423659877605,0.0455731084590734,0.0271192361959042,0.293338639929567,0.618525780043039
2786,0.0155407375195776,0.0735138107687056,0.0600012828985655,0.0577089173166753,0.437342858862576,0.3558923926339
2787,0.00535812218945213,0.0379867128884156,0.0952495422401472,0.0220255862044152,0.238400319324503,0.600979717153067
2788,0.0168380920778106,0.0603286092978836,0.119687444564803,0.0311121921681102,0.140248282060134,0.631785379831259
2789,0.0721637014156992,0.0701332074730195,0.251748673193154,0.0888854564919229,0.215329105506449,0.301739855919756
2790,0.0725995235902084,0.136997331734317,0.0479523417462552,0.0931533815968782,0.425731924935486,0.223565496396855
2791,0.167044266325154,0.0606850596464997,0.0300363047028516,0.581859023316226,0.112660486788025,0.0477148592212436
2792,0.527086990837074,0.265857742271548,0.0334025664386872,0.0616276495586293,0.0884628548224871,0.0235621960715752
2793,0.00702446712365858,0.0633776267186064,0.037378787395251,0.0225164131817675,0.484159025307679,0.385543680273038
2794,0.50275644898089,0.210314085078064,0.060705464492246,0.0881707719751592,0.107185043870857,0.0308681856027839
2795,0.30890650952912,0.112945167909891,0.0403564926971726,0.419973909656572,0.100281607684345,0.0175363125228992
2796,0.00316124183061177,0.0222007047447263,0.123972898102288,0.0228437885226961,0.100363637254633,0.727457729545045
2797,0.0368832584724637,0.0525416400038214,0.0704450054715659,0.113389092136328,0.174985060422836,0.551755943492985
2798,0.0090824564773169,0.132805271729076,0.211063589987381,0.0103955341235743,0.295379897405651,0.341273250277001
2799,0.112140692650796,0.177028066827675,0.33095568738619,0.0321999334765706,0.146509788917661,0.201165830741108
2800,0.00722398304632993,0.025825658601499,0.0393680113740083,0.0435349238214449,0.219152855213454,0.664894567943264
2801,0.012644959900288,0.045206818768819,0.0242343623990778,0.032820044407644,0.496007296482635,0.389086518041536
2802,0.0241081972722338,0.0855928901532589,0.0562562181146187,0.080648834303495,0.365372824436697,0.388021035719697
2803,0.0915135049118024,0.467807660764757,0.0971294488492048,0.0256851505881735,0.208225063132416,0.109639171753646
2804,0.0158930529386203,0.0740406187965675,0.113685094593333,0.0470167755775378,0.415811448787409,0.333553009306532
2805,0.262796583928197,0.165968983934986,0.279944193082225,0.0905964458060353,0.127726989762893,0.0729668034856634
2806,0.148371590611597,0.0873551812460284,0.0658031007454614,0.223353834387037,0.24924702408395,0.225869268925926
2807,0.0786312691569154,0.173849464050125,0.165443398247195,0.080976275063779,0.190133129041677,0.310966464440307
2808,0.00846282008792417,0.0498626727597524,0.0602264511913817,0.0264396479723089,0.308083230639373,0.54692517734926
2809,0.0413775152940228,0.0821641081417221,0.29319141779243,0.0485927555596141,0.0909213293888783,0.443752873823332
2810,0.0100312361692609,0.0434779733656766,0.0712111444347756,0.089930845696994,0.450079868162954,0.335268932170339
2811,0.00882248907028937,0.137879416226403,0.221027824757656,0.0401793787640062,0.298433983051742,0.293656908129903
2812,0.362999201406984,0.300692576145308,0.129175397720657,0.0883130787955628,0.0794141759098942,0.0394055700215941
2813,0.0766907060613553,0.126767370275453,0.163785858614314,0.122425744659308,0.282612804591978,0.227717515797592
2814,0.0206806778104786,0.210413689057347,0.227353951136813,0.0375654515280211,0.215797391255999,0.288188839211342
2815,0.0460000395878049,0.0966772201843855,0.153645072908027,0.0766545175990114,0.163387289858859,0.463635859861912
2816,0.185528807398712,0.165972788882539,0.340183308698525,0.0716968608044016,0.16047777241073,0.0761404618050928
2817,0.0823532413699897,0.293451794651128,0.121806907456708,0.059450887135565,0.307665751673799,0.135271417712811
2818,0.263580111564266,0.262000067636685,0.192311593779875,0.0614931289624533,0.134395270183936,0.0862198278727841
2819,0.501530572473105,0.301187181641752,0.0597965601534434,0.051350724477941,0.0683453471805465,0.0177896140732118
2820,0.321764814605164,0.209417250741433,0.35080909177725,0.035427066608525,0.0540752438815607,0.0285065323860675
2821,0.00291135920873964,0.0292349475524997,0.0152658356082442,0.00834184158499773,0.469844385477928,0.474401630567591
2822,0.173525742078011,0.169999365675565,0.197065571596387,0.0664856355079233,0.272094865551154,0.12082881959096
2823,0.0696462434008815,0.11721177908425,0.111362195757872,0.0988622443447737,0.248128740072249,0.354788797339974
2824,0.0406727603380862,0.149557307416688,0.186604271280147,0.0429784472890665,0.280840404919499,0.299346808756513
2825,0.00347290668628443,0.0254914022742222,0.163396821037509,0.0124475694275835,0.0235182825737738,0.771673018000627
2826,0.0236403384177915,0.183034473864647,0.0495939103763023,0.0350554784532987,0.506444767688495,0.202231031199465
2827,0.109000001516722,0.361550219223559,0.144986559640897,0.0368539369053549,0.198337348170541,0.149271934542927
2828,0.0177023313369896,0.129098870076622,0.156167395017059,0.0403362910233504,0.44731584043563,0.209379272110349
2829,0.0308116599616694,0.034900535831268,0.0343073612781611,0.176109667626073,0.580561766299005,0.143309009003823
2830,0.00314817178573462,0.026351525171371,0.106193937790725,0.0204215591963764,0.161647234140508,0.682237571915285
2831,0.331458122482121,0.440700639943752,0.0817182550476764,0.0519395604139522,0.0610813946657765,0.0331020274467215
2832,0.0302632050026463,0.220308051981335,0.239379428602489,0.0239991981809188,0.288021310857864,0.198028805374747
2833,0.155476361318033,0.129445071429614,0.0913157278933206,0.194803658251051,0.234333856455924,0.194625324652057
2834,0.0166504220243185,0.0688081806908408,0.0876931074004186,0.0280331564377104,0.264693721711637,0.534121411735074
2835,0.274696019510374,0.206268292781657,0.0338292725702291,0.171669351489805,0.243600042052943,0.0699370215949929
2836,0.0122170425288136,0.0301365158247888,0.0416694513006655,0.0501069358286077,0.243411173791657,0.622458880725468
2837,0.0544984919898737,0.226647126425131,0.324969709533605,0.0558559721175636,0.167158131324819,0.170870568609007
2838,0.152584227204331,0.21086910836334,0.236994243256139,0.0839032806302625,0.10463817074652,0.211010969799407
2839,0.144598466367947,0.180630152308509,0.125243050220041,0.0933123674852041,0.272801730572221,0.183414233046079
2840,0.126851775729726,0.098943043003793,0.161124825571107,0.18692854350055,0.171014375468303,0.255137436726521
2841,0.420458632719421,0.118418199365898,0.0610028904333867,0.181625095059412,0.161824788755918,0.0566703936659638
2842,0.00623145916182921,0.0267383720502216,0.0200718487225686,0.0373888151736341,0.5782770215769,0.331292483314846
2843,0.137268783668726,0.113943553834768,0.100097488273668,0.0392302919351414,0.417676891542493,0.191782990745204
2844,0.0272460828372321,0.091959131063596,0.601418666161505,0.0156280438299493,0.0641119360740192,0.199636140033699
2845,0.166239574273191,0.382840961165201,0.150597421845138,0.170816420629669,0.105939353839945,0.0235662682468564
2846,0.0112017388117917,0.0450358655002214,0.0429543344683719,0.0525955544271987,0.393539485546529,0.454673021245887
