"CUS_ID","F20-","F30","F30+","M20-","M30","M30+"
2501,0.0824272911360826,0.443361198999084,0.115098994777661,0.0371459737514125,0.159583782284871,0.162382759050889
2502,0.0483168637071848,0.152251567024251,0.156586801942741,0.0907883513902868,0.36549053687166,0.186565879063877
2503,0.059121325664746,0.396249054562179,0.0644823770605852,0.0533556528753919,0.3105062876204,0.116285302216698
2504,0.356875184973167,0.151480900115588,0.134316175403187,0.155291483973927,0.101592540716656,0.100443714817475
2505,0.0416282996624406,0.140706395285648,0.170025773024892,0.0604459417936708,0.147791005296716,0.439402584936632
2506,0.020545585489262,0.327872732204888,0.111995366044178,0.0283722207452336,0.242457436884937,0.268756658631501
2507,0.0145957472347814,0.0364920062820991,0.108192604839768,0.0305175406688784,0.179737608327256,0.630464492647217
2508,0.0101878295414304,0.0407287926225062,0.0419432076604325,0.0328032511529835,0.454056454463716,0.420280464558932
2509,0.0260264622019215,0.0502352824125311,0.16044334793657,0.0461226690153284,0.152871257109493,0.564300981324157
2510,0.0148851147142369,0.0709375859753009,0.0521718253089779,0.034267226656965,0.346163177051662,0.481575070292858
2511,0.673059704798517,0.0962564930703327,0.0618579183926599,0.1083429247818,0.0425323630077896,0.0179505959489003
2512,0.0548301697999124,0.165356063693447,0.0748950599833486,0.128112395994737,0.458909832115848,0.117896478412708
2513,0.00867391963092982,0.0280139188919323,0.0729789908252081,0.0372842543945424,0.310991011185698,0.542057905071689
2514,0.102261949692901,0.599355482564626,0.0517526341656565,0.0298272278148999,0.164759925741013,0.0520427800209036
2515,0.0165676524373412,0.0454924794607725,0.0867419649311344,0.0389513691725472,0.186598238172598,0.625648295825606
2516,0.0722950024039934,0.105108167638281,0.0725169872498798,0.154510126930104,0.363943109502452,0.231626606275289
2517,0.0345606603236483,0.394924610139573,0.107332466557613,0.016848079529914,0.177950226746403,0.268383956702849
2518,0.43835423240498,0.230609477230852,0.119941096290186,0.0635513101022629,0.0758462084968096,0.0716976754749095
2519,0.0464823491080462,0.842217426670014,0.021701633817534,0.00846549164023335,0.0513920494094966,0.0297410493546756
2520,0.0276624609698775,0.0456296119051696,0.0248132056570717,0.105832845573678,0.610200226086983,0.18586164980722
2521,0.0377661930415873,0.0857242144510776,0.325440791111586,0.0582248536562132,0.12748184133555,0.365362106403986
2522,0.318995651306511,0.20745611060499,0.172986840359971,0.0818264969038361,0.133340320079712,0.0853945807449798
2523,0.0561145339149833,0.42362154132907,0.0702552968392702,0.0222156670524265,0.264296446809055,0.163496514055195
2524,0.0594585282576545,0.153936016148657,0.254232232226067,0.0609552202705036,0.128782371126624,0.342635631970494
2525,0.110983466388622,0.0750726583150895,0.0922316272005642,0.339996807689023,0.306570279018196,0.0751451613885056
2526,0.118632121311498,0.21695628931878,0.0791480446989237,0.108897482248552,0.324803075784762,0.151562986637484
2527,0.541782864468439,0.156744438693555,0.0956729866360736,0.0503833767402371,0.0874029573500772,0.0680133761116183
2528,0.00818746150039285,0.0215843062821284,0.0593932715759215,0.0495703629053046,0.192575920936346,0.668688676799906
2529,0.078547945173701,0.114263304290287,0.284727531970393,0.0735249318402609,0.124645862063187,0.324290424662172
2530,0.00673483122398919,0.0275493456282279,0.176007729750002,0.0326577441677051,0.115812152052826,0.64123819717725
2531,0.038797484760759,0.158077028698776,0.123568290711557,0.0837074846715765,0.324497627326723,0.271352083830608
2532,0.0407193437124655,0.186042998362683,0.134073240336782,0.05670505001208,0.237830480287659,0.344628887288331
2533,0.00381509012635951,0.0127063982228253,0.0603143004990855,0.0106023605784351,0.03396977882264,0.878592071750654
2534,0.249940977005359,0.0819127148227217,0.0739896222521999,0.410177250440959,0.091715724997959,0.0922637104808014
2535,0.0501687649062395,0.115661678796058,0.163093102388619,0.0523038244381722,0.188259575124424,0.430513054346487
2536,0.142767100003233,0.255946887603748,0.115453753667234,0.0732220011104914,0.185813988130329,0.226796269484965
2537,0.0504514999376388,0.72660374997152,0.0843007230240307,0.00940971132841595,0.0779227238471359,0.0513115918912588
2538,0.247448644339912,0.117510474138849,0.073049251444594,0.109432625224133,0.277077984390038,0.175481020462475
2539,0.196643871464522,0.259932445863927,0.209229876816885,0.05173427991303,0.148801358614251,0.133658167327384
2540,0.317655179164598,0.139845326193408,0.0553193430861234,0.180599789947026,0.255731461106661,0.0508489005021842
2541,0.155095195053532,0.0688273449353907,0.0304981159962666,0.346920253423204,0.335523942707761,0.0631351478838457
2542,0.0939997518349332,0.450677164814855,0.0715296025423627,0.0388306946027334,0.285838974442454,0.0591238117626616
2543,0.013833256189454,0.0284106991435238,0.0762374339165861,0.0120622511073834,0.201318678422668,0.668137681220385
2544,0.0935455959606983,0.149455971893811,0.123056661452357,0.238764233230444,0.153715146142513,0.241462391320177
2545,0.0365823912449103,0.309015001250218,0.0722184249386152,0.019170979091746,0.372001178065815,0.191012025408695
2546,0.0384488209265986,0.0419096554560283,0.0192409966229402,0.2401633137185,0.573310065058391,0.0869271482175419
2547,0.082727316138105,0.1640963011892,0.329890995719563,0.0577304330067615,0.14754923502731,0.21800571891906
2548,0.0645024915142468,0.0868754424737359,0.109319005844609,0.249636164869879,0.389825632769172,0.0998412625283571
2549,0.00896293601657311,0.0419604117648682,0.0391570588180457,0.0496390593812856,0.318253196492323,0.542027337526905
2550,0.0190974494917771,0.0237335386315035,0.0207032663821515,0.187155022559918,0.564670805485775,0.184639917448875
2551,0.158892433919503,0.232295327504076,0.0694130798846195,0.184893300326739,0.208830264084,0.145675594281062
2552,0.138681179891734,0.350461116667649,0.175702946503489,0.0582025346776021,0.132987572500852,0.143964649758673
2553,0.434033554980903,0.234339644571598,0.048606269812969,0.125292463085999,0.130227261901973,0.0275008056465582
2554,0.10553922821687,0.234451410945723,0.106848113547481,0.131789510946206,0.330462685189847,0.0909090511538722
2555,0.0175798856051785,0.106178249666945,0.0847598894229094,0.0506756659131692,0.540705755576632,0.200100553815166
2556,0.0799264378328204,0.314502533992243,0.288290020044894,0.0582344470636625,0.127307594650717,0.131738966415664
2557,0.332736064603942,0.219049331853709,0.304767950458944,0.056000979491974,0.0611141654936469,0.0263315080977836
2558,0.0383175362583295,0.0970812126072078,0.649186771840434,0.0406304941896422,0.0832809731812897,0.0915030119230971
2559,0.0731646643909253,0.442311656202034,0.167074432681921,0.0306793620635353,0.10166078710653,0.185109097555055
2560,0.0117816105497398,0.112218568635193,0.101060723281552,0.0294820821407136,0.178537898720395,0.566919116672407
2561,0.0231416326196287,0.0743322696352606,0.181172464171128,0.022580891446566,0.14123145510066,0.557541287026757
2562,0.28373273436852,0.385543978449646,0.0436807413511726,0.0531282394424295,0.2027731308967,0.0311411754915318
2563,0.272533978873065,0.17292826881628,0.236521420246225,0.120654076660352,0.113105282363818,0.0842569730402599
2564,0.168549395196257,0.0861707127144279,0.0870061394484565,0.285769133135843,0.21244765111566,0.160056968389356
2565,0.0236950475575914,0.0745663899562687,0.0981490092459713,0.0484402249282148,0.200473128975538,0.554676199336415
2566,0.017641725303037,0.0431672891516618,0.105674918012516,0.0847655332713184,0.25699171764758,0.491758816613887
2567,0.0406521658165665,0.132177462418017,0.124956424374752,0.0610453499943139,0.154427672615129,0.486740924781221
2568,0.0100422880607852,0.0574957314687722,0.0872754188729756,0.0318017596952978,0.262747853308672,0.550636948593497
2569,0.034363261772547,0.101573467692154,0.213237068724584,0.0276361997869627,0.162780497262524,0.460409504761227
2570,0.0362609246314771,0.557218305430848,0.08644578469697,0.0174994415403987,0.150802243321363,0.151773300378944
2571,0.0905022367107726,0.0806438115097526,0.0366925525308244,0.29230755643347,0.336835131009627,0.163018711805553
2572,0.089667894943119,0.0873708784174847,0.330662518852953,0.136900563634323,0.115879928033159,0.239518216118961
2573,0.08203409307107,0.301017038011194,0.0953311611263222,0.0384982827430385,0.235237250753411,0.247882174294964
2574,0.03394089169398,0.0560441311420008,0.0389055566497323,0.318686355462057,0.455860149154023,0.0965629158982071
2575,0.0233676133666689,0.0299533380947304,0.0184859174160169,0.138468926933157,0.670902965757374,0.118821238432053
2576,0.290516355294636,0.340016013586495,0.15045811067167,0.079775036129957,0.0655941273767169,0.0736403569405242
2577,0.0443407939686605,0.245758403501498,0.332039963649842,0.0304514013396181,0.142785766495473,0.204623671044909
2578,0.00331539201470413,0.0112617923587422,0.0442580716346127,0.0133074719695937,0.073078093045225,0.854779178977122
2579,0.27540346615896,0.211983981790542,0.253449300700927,0.061070383763621,0.108950949529224,0.0891419180567256
2580,0.0697486323588781,0.296793327229105,0.15338864700347,0.028607729855175,0.202012833110558,0.249448830442813
2581,0.0103734539702809,0.0442575630946331,0.0793138450355177,0.0931603918703907,0.424797393701608,0.34809735232757
2582,0.157080929441583,0.510372321486536,0.0735623663444402,0.0385051193206078,0.156054592766489,0.0644246706403433
2583,0.0712755179337923,0.558377058410742,0.183738820345805,0.0216839086011019,0.0878151416851491,0.0771095530234092
2584,0.243070595280708,0.617760222635945,0.0398822419164949,0.0153436096161276,0.0610968227319587,0.0228465078187654
2585,0.0228470905414132,0.0675342261708318,0.0660868886868762,0.0781035210822695,0.45489811944415,0.310530154074459
2586,0.0474260503212705,0.273173260854599,0.119438297148502,0.0389222554568157,0.187991573153225,0.333048563065588
2587,0.205957220359975,0.0749289105178779,0.0578010567838659,0.264876043070438,0.290026491194732,0.106410278073112
2588,0.0425114565286106,0.0328824693421156,0.0259660967569129,0.177269063673846,0.613087769193701,0.108283144504814
2589,0.0516962030228111,0.0916490492769341,0.0526522725797897,0.14771004627351,0.552099469772702,0.104192959074252
2590,0.0154343486976126,0.0611637167567461,0.132780426782066,0.0755214665730561,0.202499876263505,0.512600164927014
2591,0.0881391479102659,0.113355200712145,0.306167172128427,0.0547869510575777,0.0840669994922976,0.353484528699287
2592,0.0198114779138269,0.0402283918381764,0.0245396449184889,0.132522118105453,0.643225316079473,0.139673051144582
2593,0.179049049629085,0.21507528360876,0.0849863662309005,0.165484214642958,0.242594816100383,0.112810269787915
2594,0.0390548436898801,0.0694135084064739,0.0640521635297481,0.0379112306605524,0.361908705418203,0.427659548295143
2595,0.118232471753753,0.109531022962225,0.209650429648985,0.202923773610915,0.150110174527265,0.209552127496857
2596,0.718734832662548,0.0791337355403657,0.0176811765730807,0.135456984936446,0.0400379782045929,0.0089552920829669
2597,0.0117708374735442,0.043314919577175,0.179539992015525,0.0327781459672662,0.161228486359467,0.571367618607023
2598,0.0181736784617104,0.0969662439047155,0.106460746298127,0.0200521550209223,0.152021872740825,0.6063253035737
2599,0.243200092945933,0.262146601461435,0.0882872153459362,0.135347627346681,0.180268447880174,0.0907500150198416
2600,0.0202317809056363,0.0633706139008322,0.0943458232609904,0.0661356904427594,0.646092907431127,0.109823184058655
2601,0.0406345769700093,0.0838416584761389,0.228933716302259,0.042212381895351,0.131433717114344,0.472943949241897
2602,0.0234558553914924,0.101702880774326,0.118315613225117,0.0487258135351241,0.205230076574568,0.502569760499372
2603,0.0419519769095825,0.590830726079458,0.0394251273766572,0.0301331251243034,0.224257860262637,0.0734011842473621
2604,0.0514561580553813,0.148989006368862,0.311565973940522,0.159414426067797,0.116814468508225,0.211759967059212
2605,0.01093324420516,0.118297168277593,0.279406844650244,0.0412089188566088,0.205215917392134,0.34493790661826
2606,0.0419662593941013,0.0933769562855735,0.138860834582458,0.0454344206889598,0.200242199222377,0.48011932982653
2607,0.0106515986005137,0.0250922689216439,0.0651858820020655,0.0304416520599858,0.13684286806792,0.731785730347872
2608,0.183657465708409,0.183068488716104,0.0751945450500317,0.153078776341619,0.221122467896743,0.183878256287094
2609,0.0214323336645449,0.0457492146441543,0.0527059953195812,0.103206728571549,0.466442658420724,0.310463069379447
2610,0.0903078823916664,0.196937670621713,0.0625922390904482,0.165965220345767,0.308024444776573,0.176172542773833
2611,0.0270478116689344,0.114399467656377,0.250432215956786,0.0579103698745656,0.0796467117809586,0.470563423062379
2612,0.0542179565841745,0.238778855222928,0.138335257051078,0.0506119113609998,0.176529132214698,0.341526887566121
2613,0.46656913961031,0.34165604966875,0.047060216052497,0.0577677531655724,0.0706271732273774,0.0163196682754933
2614,0.133467310985871,0.101196010193227,0.0736003447211949,0.151779408304245,0.268393436548955,0.271563489246507
2615,0.438958145569205,0.231551195364796,0.151006919674737,0.0557914637859798,0.0752415472515383,0.0474507283537439
2616,0.0150781409332392,0.059360154680817,0.0771785507114003,0.0532156162582455,0.420348415608655,0.374819121807643
2617,0.198373764467549,0.343767272086228,0.214962600870346,0.0452976845006919,0.123661513342074,0.0739371647331104
2618,0.0705856112080991,0.0891233562160044,0.0903421922983256,0.0762456174798278,0.430100134151003,0.24360308864674
2619,0.0244645559806838,0.0287348341050029,0.0180211147401666,0.0855349160448718,0.696802272555189,0.146442306574086
2620,0.0170320055710299,0.112320047735917,0.229687268522843,0.0356385721461259,0.305690723412969,0.299631382611115
2621,0.03494530125593,0.091146698985667,0.0440492702702693,0.120724983342997,0.60129250849074,0.107841237654397
2622,0.00517019441104404,0.0142156721770502,0.0342374026591295,0.0174984153823151,0.132612025522005,0.796266289848456
2623,0.247305630640989,0.256202289064035,0.0429899508202638,0.0863932881927884,0.302146004842701,0.0649628364392221
2624,0.0318030330533225,0.055986745541637,0.114340876700405,0.0593856422764833,0.17187312801097,0.566610574417183
2625,0.100515516286511,0.237960928675516,0.464187545116365,0.0351644040535285,0.0759993503725496,0.0861722554955301
2626,0.00985661792682006,0.0304629265111694,0.0661787111828398,0.0286659401227864,0.167894891618106,0.696940912638279
2627,0.0837536601823598,0.170979542561122,0.346581442019612,0.0409490100092325,0.141255053342577,0.216481291885097
2628,0.120667424272153,0.172735890155317,0.0765182770120497,0.268425732627546,0.276059436996611,0.0855932389363234
2629,0.0345660683982796,0.193327743815514,0.0786537720577177,0.0434813125204028,0.35032602847067,0.299645074737416
2630,0.146350882216833,0.113288072549003,0.134569373818338,0.0918653133093015,0.225556402915006,0.288369955191519
2631,0.0221175461688917,0.228774145930741,0.218374464243618,0.0356304079245597,0.247410036329433,0.247693399402756
2632,0.00825499919743927,0.0271948931833141,0.0664403490171301,0.0262019244472117,0.144144183152772,0.727763651002133
2633,0.130850247240152,0.395345570422319,0.0708110359835891,0.0895776833822297,0.21670999200203,0.0967054709696805
2634,0.0463184487179508,0.0905808860677467,0.262063733854812,0.0837013545390135,0.149881112312417,0.367454464508061
2635,0.0309340600061295,0.090395575553065,0.0688563063924461,0.047839856860686,0.555895307847535,0.206078893340139
2636,0.0331637560183757,0.0783639246595627,0.159539683782616,0.0764726292018311,0.302778716470506,0.349681289867109
2637,0.0241493365200122,0.0756867016887127,0.0319226894501517,0.0362595864101541,0.65664733847911,0.175334347451859
2638,0.0754826956199832,0.0479879190753032,0.100220114851102,0.288380799451783,0.185172753587287,0.302755717414541
2639,0.106351586123686,0.0789141223477988,0.0556665857040995,0.313867046694003,0.341410120687882,0.103790538442531
2640,0.0196944310012341,0.0375092074252733,0.0649060009376697,0.0333506901459042,0.125064882819572,0.719474787670347
2641,0.198973292727358,0.178442027705763,0.161121683500431,0.115481292693308,0.198888702049669,0.147093001323471
2642,0.0190775196555988,0.0938538018018785,0.112342340174318,0.0401538960934129,0.215011970052316,0.519560472222476
2643,0.360111447288378,0.387522222137274,0.0253140577999182,0.107747367899224,0.0906834123651196,0.0286214925100872
2644,0.00953838809434453,0.141180588185132,0.0546077355446852,0.0198036664409216,0.234839817385139,0.540029804349777
2645,0.0246573181435797,0.0692803053809136,0.0426991953370789,0.0611509019698149,0.341949582926302,0.460262696242311
2646,0.00712493084765718,0.026956284070813,0.129085824050345,0.0275341527005359,0.0660252057445187,0.74327360258613
2647,0.0651427622644631,0.09563289874996,0.123925045593951,0.119540958218599,0.255738378226731,0.340019956946296
2648,0.176744341442566,0.259450947379514,0.40097515710128,0.0346370787848966,0.0506038134964347,0.0775886617953074
2649,0.0412393825600579,0.0555673584804271,0.0955926124044947,0.0669601767642296,0.250925713459692,0.489714756331099
2650,0.0641137649334018,0.0521625290699585,0.203319385133487,0.0674932780713101,0.127494375526131,0.485416667265712
2651,0.0214139719052993,0.0679869821174801,0.0472623574224213,0.058254292364165,0.531807355905386,0.273275040285248
2652,0.0223305773787344,0.16509053384769,0.0640010152403617,0.0464997518615405,0.426603480105008,0.275474641566665
2653,0.31038090571553,0.22384066968515,0.11230471206493,0.063404721505445,0.169511742955845,0.1205572480731
2654,0.0074848864935902,0.0438188741038051,0.0747740604378296,0.0480002736343579,0.154359865834745,0.671562039495672
2655,0.442171156520675,0.215408421358141,0.0515301075357395,0.114416642957111,0.141420410167223,0.0350532614611095
2656,0.0165046135801442,0.0756292002021581,0.0606961509223442,0.0401521181908181,0.436218888942421,0.370799028162114
2657,0.0191546398575756,0.0463197001247186,0.181771555849963,0.0348777214996962,0.123341054300043,0.594535328368004
2658,0.182327975009052,0.155887701034891,0.143354545709409,0.2552557149838,0.146750781016321,0.116423282246527
2659,0.196919148951646,0.103351774585484,0.111528639434957,0.423436516364219,0.0856863167937234,0.0790776038699714
2660,0.0127160072855252,0.0359933573967564,0.0508949116504968,0.0399748863343665,0.250538918239714,0.609881919093141
2661,0.00869325086673023,0.0357441082263031,0.13186615773966,0.0315899723189824,0.106602135799576,0.685504375048748
2662,0.00826434117439402,0.0590223028071233,0.11206355939563,0.0173596240371641,0.138863027946382,0.664427144639307
2663,0.00863474798063571,0.0356723468947046,0.058708423998585,0.0446007599673762,0.347258234555104,0.505125486603595
2664,0.0429665545328842,0.110411351984664,0.0384225441049972,0.102064922605353,0.537454822080891,0.16867980469121
2665,0.238480975886512,0.267862491450637,0.133385598438436,0.0770487199136217,0.176075955391951,0.107146258918843
2666,0.00812572000658261,0.0186726998262044,0.119643654816876,0.018836715052881,0.0305105735798838,0.804210636717572
2667,0.0598280561679903,0.146930616462734,0.416514550517181,0.0740525299010028,0.176443732854332,0.126230514096759
2668,0.0173766622803409,0.0793571393466456,0.38667503970274,0.0268234493031345,0.108916434025864,0.380851275341274
2669,0.0561126457314822,0.231677789134014,0.132729268725728,0.0305138708190532,0.177791443358204,0.371174982231519
2670,0.0133884349495428,0.0571995671572774,0.159860730672815,0.0309883959358102,0.180773262098815,0.55778960918574
2671,0.040618632444407,0.0751985481213706,0.0473045293157152,0.100012001775159,0.2975285486466,0.439337739696749
2672,0.00984513526842298,0.0622035584664432,0.150689214700166,0.0241924432397201,0.164832078669274,0.588237569655974
2673,0.305376735310164,0.300158078040125,0.0576337791156665,0.116824620462205,0.169225043303949,0.0507817437678901
2674,0.0291525336199646,0.0494907936144504,0.0779211949633358,0.226469152197733,0.365144178295043,0.251822147309473
2675,0.556220206295164,0.191006900356088,0.0195301366979469,0.159402825088588,0.0567802864077984,0.0170596451544141
2676,0.0272658604515367,0.0489817813494878,0.0765536576329311,0.151130545695648,0.422503725716219,0.273564429154178
2677,0.0963725021892325,0.207887209782829,0.299965194136915,0.0642535602958937,0.229466312030009,0.102055221565121
2678,0.0460182361598554,0.139539898745875,0.198439542462231,0.0623789277810324,0.316446954083543,0.237176440767463
2679,0.00518195947581704,0.0165488851652358,0.037898973566406,0.0324323832805383,0.328111527013775,0.579826271498228
2680,0.0866058177534281,0.110948159937732,0.346312824673378,0.18535911069011,0.119938235658904,0.150835851286448
2681,0.0430813413262148,0.182070247110543,0.111642964640429,0.0582844485880451,0.308595273684715,0.296325724650053
2682,0.0165374894138488,0.036645950602532,0.132585453619115,0.127099454975226,0.194696653612078,0.4924349977772
2683,0.480902273815968,0.235917641644193,0.0420603826961976,0.121496738822861,0.100807150422106,0.018815812598674
2684,0.0148797765552568,0.044240711396638,0.0510916943163432,0.0753419228631352,0.437897583025579,0.376548311843048
2685,0.134653425284127,0.0907706630763985,0.190823980563231,0.0453960825067527,0.0809411165813946,0.457414731988096
2686,0.0174099977010296,0.126675662562213,0.146316183428022,0.037567135775775,0.181952483083664,0.490078537449297
2687,0.315240391543186,0.2109349189676,0.0927006714201464,0.170853175429409,0.167688654126209,0.0425821885134487
2688,0.0396733127021665,0.163448027187643,0.0795180552974231,0.198184792270484,0.357958979678449,0.161216832863834
2689,0.145366745026624,0.603063078391668,0.0421788544260398,0.0497684827042826,0.125755934404177,0.0338669050472089
2690,0.0156127097062673,0.0297308162989578,0.0462442013104512,0.210855402774975,0.45733130251281,0.240225567396539
2691,0.0484425144578325,0.211912311555501,0.0890454489362339,0.0465135983924706,0.330311158087027,0.273774968570934
2692,0.0646143491312414,0.108112965874681,0.240298226994612,0.0798754496806951,0.194907988367737,0.312191019951033
2693,0.0366218803158305,0.0681509787236096,0.17751762899958,0.0576517217775616,0.131585525191433,0.528472264991986
2694,0.0100090315309105,0.027159209386837,0.058182253755603,0.0492379019808394,0.238909071267807,0.616502532078003
2695,0.612500564693076,0.163891768401742,0.0455936828517784,0.0922178987497872,0.0634784154603823,0.0223176698432346
2696,0.0253418713344593,0.112633227414092,0.293535965701384,0.0389354624220567,0.104662021212585,0.424891451915423
2697,0.0548321327411598,0.187296252274493,0.2706005998643,0.0473312837713457,0.155433527904499,0.284506203444202
2698,0.0146720474697789,0.0516908775996386,0.214029024427552,0.0440445296341434,0.258191749932241,0.417371770936646
2699,0.0199604114961851,0.161803469466318,0.376412931708894,0.0164622063545999,0.073748403064247,0.351612577909756
2700,0.00350815762454396,0.0392699795647491,0.0288895296902,0.0109767467204921,0.33074006899718,0.586615517402835
2701,0.0223081790781302,0.0441315340689868,0.0996685956184206,0.101393862335022,0.233193502850081,0.499304326049359
2702,0.453466195133146,0.170468190452711,0.163275243205212,0.0747112129602973,0.0771823658017427,0.0608967924468911
2703,0.0914351562502256,0.0828073694705464,0.145458918136314,0.122595311466583,0.294115810003375,0.263587434672956
2704,0.0406228521354147,0.205615215962604,0.512658234433544,0.0464615607986811,0.0886839571188423,0.105958179550914
2705,0.0183046862668887,0.167760937623982,0.399122822552961,0.0258893162465727,0.111305103918742,0.277617133390854
2706,0.02209563298375,0.087052296257604,0.183147291397998,0.172044575434361,0.160642911282409,0.375017292643878
2707,0.0150995618372556,0.0289549911941407,0.0264603386539032,0.0668932669391302,0.669114685194613,0.193477156180957
2708,0.361923387084659,0.328960058189274,0.0637752780807874,0.0792767595033724,0.129965715791147,0.0360988013507595
2709,0.0618362420732903,0.173347644623244,0.318363739370816,0.0640214363837179,0.101340824738983,0.281090112809949
2710,0.070644795645386,0.0898199409855415,0.271472023219724,0.0680140380490096,0.121238627583651,0.378810574516687
2711,0.0478666416570536,0.0983654478676982,0.141366427218269,0.0644819849579546,0.292127424388918,0.355792073910106
2712,0.150551659473374,0.107489338019371,0.0891095339171915,0.208226634941102,0.312615702786078,0.132007130862884
2713,0.121385274321252,0.204964203015927,0.265789641717994,0.061674489801168,0.112414310284997,0.233772080858662
2714,0.00684755892111286,0.0792814851332494,0.160132570301936,0.0233529014450842,0.167306277805429,0.563079206393188
2715,0.0326427295287767,0.111649366091611,0.379258182468245,0.0509881447962484,0.230663885641749,0.19479769147337
2716,0.0316332150293996,0.0603686652084719,0.0851395035357199,0.0789500390819123,0.399694509146612,0.344214067997884
2717,0.0124124896692868,0.0374047952763935,0.0375602163722789,0.0380962281240484,0.248478637497083,0.62604763306091
2718,0.0242865946245432,0.0547294730948104,0.240995609022021,0.0759594279793035,0.180895731160813,0.42313316411851
2719,0.0382388733911378,0.115620633121246,0.190296711954161,0.0690753253809772,0.309311437540576,0.277457018611903
2720,0.144120036712821,0.109681054052276,0.227688572021278,0.104725953621015,0.220679156025365,0.193105227567245
2721,0.0237765852519382,0.0657352335215888,0.109636169698135,0.0561207958457945,0.288907990728705,0.455823224953838
2722,0.272681293987058,0.488919622669155,0.127986085833266,0.0160660170178813,0.066612123093333,0.0277348573993064
2723,0.0553450145390708,0.167926841109181,0.17483413378876,0.0683287205468062,0.16142703670231,0.372138253313871
2724,0.64347505628824,0.10323564931889,0.0604275807630331,0.101982527933697,0.0654793975684157,0.0253997881277241
2725,0.253459375393688,0.361985736287574,0.05840913023778,0.155628886288693,0.112361169581825,0.0581557022104401
2726,0.0557300433615786,0.0927294297566563,0.0555580053498851,0.151842199196775,0.581249928377925,0.0628903939571801
2727,0.00742586104984382,0.0417968271799202,0.0783597150025184,0.0420229153194503,0.310800358764361,0.519594322683907
2728,0.0245402118779302,0.0495706485106344,0.149875917492742,0.0563854996690982,0.111051657998706,0.608576064450889
2729,0.181535072255743,0.241902005971162,0.0832348121118479,0.101057821200133,0.267724550290814,0.1245457381703
2730,0.0190442307492797,0.040871442862276,0.0927357990509403,0.0722130732706427,0.392379022829911,0.38275643123695
2731,0.135323872692773,0.159644140114613,0.0755572158009213,0.189067281777693,0.330580885959959,0.109826603654042
2732,0.0304771445074947,0.0880334500414208,0.292250344158393,0.0330343878406863,0.0981228316410701,0.458081841810935
2733,0.0522771767734014,0.134935362457709,0.136597817904596,0.210878997057332,0.375935314487772,0.0893753313191902
2734,0.0288360234397122,0.731023299643563,0.0412534469123687,0.0101405940880189,0.108360710183888,0.0803859257324494
2735,0.0489940537157392,0.42253337785011,0.139270144085888,0.0262022213773267,0.136285236835666,0.226714966135271
2736,0.0428788218793309,0.0891535131323147,0.0600227274371181,0.327737167411071,0.377821423962162,0.102386346178004
2737,0.159453087157722,0.152003088198443,0.259497982252961,0.0856778710610484,0.179950305662691,0.163417665667134
2738,0.0319233457249022,0.107324243789079,0.12695920903786,0.048959034063138,0.169695204896119,0.515138962488901
2739,0.181642618515068,0.306585060296523,0.178252238102962,0.0433013461139935,0.205386157380889,0.0848325795905646
2740,0.218260961336212,0.359360382582294,0.0752934654398524,0.0944559022187081,0.119093946572083,0.133535341850851
2741,0.0700857061272904,0.304778698509333,0.12411396755856,0.0492923526983748,0.282452036320133,0.169277238786309
2742,0.0612249832560502,0.0741645161476937,0.0522112330452524,0.170651359464038,0.478627520344686,0.163120387742279
2743,0.199428313860674,0.208142651206838,0.111240181701541,0.128488764189602,0.208735951924173,0.143964137117171
2744,0.0297177727675842,0.0775775798354561,0.0554668413207882,0.132209557276677,0.581802155252868,0.123226093546626
2745,0.0128202643570195,0.094595300398862,0.343229114076379,0.0653160771171285,0.247243544714026,0.236795699336584
2746,0.0191248618532132,0.0697666404835405,0.113162516888181,0.0387722774052029,0.244817794444317,0.514355908925546
2747,0.0222368425203525,0.0307822169299913,0.0167869433593653,0.0796130677245464,0.625155788230683,0.225425141235061
2748,0.0102055515105202,0.0509329166378655,0.0619705769495084,0.0466842337713266,0.592976478049695,0.237230243081084
2749,0.254066980350765,0.111215839281499,0.0551898468188113,0.276874327536631,0.207674938066588,0.0949780679457055
2750,0.0149438006861658,0.077323236451967,0.361223451399809,0.0419797166161126,0.12272291639039,0.381806878455555
2751,0.19855251657016,0.184544455865262,0.0857824874593978,0.127034302111484,0.335516488607511,0.0685697493861854
2752,0.0411965765076629,0.148086965768432,0.204522740566318,0.104346364996935,0.163133200698237,0.338714151462416
2753,0.0593810688896683,0.0739005472041327,0.0299893659420045,0.293258405525225,0.471487252708892,0.0719833597300773
2754,0.0178832462888368,0.235216162694086,0.093008136539275,0.0227433019907357,0.418134120243003,0.213015032244063
2755,0.0035945919084025,0.0103783209620714,0.0442947064502339,0.0150394873158979,0.20579432536589,0.720898567997505
2756,0.0111613867807515,0.0230139601199629,0.0878963706412288,0.0184903672149352,0.0445656393298475,0.814872275913274
2757,0.0153595989761129,0.154625162829051,0.0372036113164645,0.0446507348035983,0.453343952065961,0.294816940008812
2758,0.0784316124162048,0.260055175876759,0.180738718799736,0.0326430114280073,0.273307927204862,0.174823554274431
2759,0.0259721612931756,0.215871583354137,0.0901353772772502,0.0210042358066407,0.241322849551871,0.405693792716926
2760,0.442031124967763,0.109134429012428,0.0409655772933964,0.330377225921083,0.0632051082620294,0.0142865345433001
2761,0.15328920140163,0.123543047303005,0.0858875742249061,0.252967127533269,0.261664878891301,0.122648170645889
2762,0.00970896462894726,0.114139940487841,0.116214516912676,0.0297113367798814,0.405048622057602,0.325176619133052
2763,0.0500577278200066,0.190620253812311,0.266816027832176,0.0623564944534234,0.200219888259258,0.229929607822825
2764,0.0150295966935892,0.0277932760127113,0.134689900071537,0.026368531452674,0.0980217878643067,0.698096907905182
2765,0.0349008180864154,0.162200922866025,0.216809738915461,0.0337190900937158,0.1740616393944,0.378307790643982
2766,0.0380652916837334,0.140510090556683,0.101429851155544,0.0573728215064193,0.361929051093263,0.300692894004357
2767,0.0285864297060132,0.0803212522068935,0.115544128029872,0.296482985276059,0.241121872378668,0.237943332402493
2768,0.0460156548550103,0.255479624704266,0.3690126877863,0.0286970851023413,0.0946069605652032,0.206187986986879
2769,0.0526904353258565,0.336037223352897,0.108353302461626,0.0898561295678052,0.277566430872817,0.135496478418997
2770,0.0037568681417208,0.0405016583158812,0.138843669714399,0.0295144741140317,0.173717937922012,0.613665391791955
2771,0.0292553057894095,0.153666211862227,0.478560825091045,0.0489018155812131,0.102332239947592,0.187283601728513
2772,0.0578313237609413,0.083384594501173,0.115832892595435,0.180448366132475,0.389906937767279,0.172595885242697
2773,0.059701446364372,0.304249545954382,0.131744115883832,0.0361780588099267,0.323950352563184,0.144176480424304
2774,0.110689830237961,0.437154331211782,0.0818393438396846,0.0434108846379224,0.21487207250311,0.112033537569539
2775,0.00426108696054485,0.0186495025156409,0.0931151673087561,0.0124386456585802,0.101594310724315,0.769941286832163
2776,0.012349570637157,0.0370516048892936,0.0632714867822477,0.0563392885804471,0.264083162744804,0.566904886366051
2777,0.00324641394796796,0.0167130186465063,0.0768008899713019,0.0174020384836764,0.077269228177379,0.808568410773168
2778,0.115422190447697,0.143583323017775,0.148068638276734,0.099310817374176,0.167207154438739,0.326407876444878
2779,0.0441048097594576,0.0801808236070839,0.318972020537847,0.127681593199775,0.14601690114685,0.283043851748986
2780,0.0523457377158502,0.228170995225921,0.284498835272086,0.0575186550958359,0.125780005836899,0.251685770853408
2781,0.0148494903244669,0.0317620549634148,0.0545927941690497,0.13508352019509,0.50120452843472,0.262507611913258
2782,0.0119655495870929,0.046447382348561,0.219403917777476,0.0274559105382604,0.132883601342762,0.561843638405848
2783,0.336503124473,0.350782849712648,0.112382580082298,0.0741661995098395,0.0880565849312938,0.0381086612909219
2784,0.075197789533954,0.268869941523656,0.0611219091824759,0.109785453921402,0.395817965623134,0.0892069402153792
2785,0.00367702733470891,0.0162620753541488,0.0442520818922476,0.0312962095602181,0.288505444704412,0.616007161154264
2786,0.0182068387920552,0.0824835301325283,0.0637587029194202,0.0653260855195132,0.394268937557933,0.375955905078551
2787,0.00750709210952231,0.0362925425114279,0.0728924255059823,0.0259745185269969,0.20094823218114,0.65638518916493
2788,0.0183787277332117,0.065905154027468,0.149944676037611,0.0393970431772014,0.129778144908949,0.596596254115559
2789,0.0698795476370157,0.0765515034053352,0.269832028881087,0.0936095427854846,0.209939343748252,0.280188033542826
2790,0.0776925008500642,0.144940758397405,0.0628149240063211,0.103089382958409,0.404362241916878,0.207100191870923
2791,0.182953807398847,0.0873497517645656,0.0510268590536788,0.423366112128617,0.191821996323387,0.0634814733309044
2792,0.534979494708321,0.281921970600433,0.0274334436883874,0.0533248484547346,0.0808418584440851,0.0214983841040393
2793,0.0105479704962291,0.0664198099507444,0.0480521467265639,0.0297043770058426,0.445530513008616,0.399745182812004
2794,0.49362552987934,0.173398043492052,0.0640403262062787,0.105599280677146,0.124396967724183,0.0389398520210003
2795,0.358664059418003,0.125432742409191,0.0556932120182407,0.327570265138297,0.107974755888912,0.0246649651273555
2796,0.0050367916082217,0.0245564445926532,0.113774719330669,0.0264392765058044,0.113328788992503,0.716863978970149
2797,0.0416026983488385,0.0633520464852129,0.0862177634952392,0.113683385753881,0.168610460262003,0.526533645654825
2798,0.0137637583543115,0.176137699786415,0.186415040678431,0.0148438712661212,0.253915760528991,0.35492386938573
2799,0.136456230331455,0.173440301740501,0.317218128766577,0.0355455975392203,0.13998864106261,0.197351100559637
2800,0.00998069837089921,0.0285949521941783,0.0525331465263296,0.0424988458271279,0.202751801738685,0.66364055534278
2801,0.0124337867778904,0.0346627503500258,0.0253355755836439,0.0321255612715975,0.460960360869588,0.434481965147254
2802,0.0242996933572245,0.0767171730813093,0.0625688056412959,0.0779187369810644,0.353785837506137,0.404709753432969
2803,0.0748539127229567,0.547553552386284,0.100017028581223,0.0208622537942049,0.155148890822404,0.101564361692927
2804,0.0175934996736501,0.079965720911557,0.120639959734405,0.0539643620126185,0.368336068241017,0.359500389426753
2805,0.258719656801592,0.174457048484385,0.259778469833626,0.0967800618290507,0.128615780727884,0.0816489823234622
2806,0.117393561889876,0.077025965460572,0.0664409577563368,0.280319740907411,0.270347571524477,0.188472202461328
2807,0.0803544908105053,0.168898807266068,0.181357873235892,0.0914070329761118,0.190673438580523,0.287308357130899
2808,0.010894030420825,0.0433443437278252,0.0574934004698532,0.0293284697754446,0.250086013776058,0.608853741829994
2809,0.0457571999051771,0.0951296239079505,0.333703369252197,0.0542191342051844,0.0888915261225549,0.382299146606936
2810,0.0111124479089906,0.0404299881741292,0.0646758106133892,0.0946551603201177,0.436965743604878,0.352160849378495
2811,0.0120615558758316,0.148168926575768,0.191277114473667,0.041449172342362,0.281491973280985,0.325551257451386
2812,0.423818003081468,0.270367672625796,0.124482894302755,0.0752279565659179,0.0705010279657861,0.0356024454582766
2813,0.107418953194964,0.116660897170694,0.144276713617234,0.129899465438656,0.289525939824576,0.212218030753875
2814,0.0236657336088424,0.222567295465533,0.23896311027073,0.0400617577859518,0.182585737508609,0.292156365360333
2815,0.0371807713797863,0.0806542943281835,0.14541386598216,0.0757458207732644,0.155662650081206,0.5053425974554
2816,0.222963289891709,0.169552059435604,0.290406298952858,0.0865458994458082,0.160339997362167,0.0701924549118528
2817,0.0748480822741403,0.395718613426598,0.10964756766092,0.0653689396587162,0.228720897194599,0.125695899785026
2818,0.278035375740285,0.337009208240133,0.165604651670802,0.046861452005874,0.0929768906856585,0.0795124216572478
2819,0.435175499872956,0.360832230186003,0.062156222394281,0.0401142497786104,0.0775374009492244,0.0241843968189251
2820,0.327150568631538,0.220311667465259,0.311210522300795,0.0493626687009533,0.0585665423900711,0.0333980305113842
2821,0.00528859766116154,0.0384725859237126,0.0245316159305365,0.0122761836266617,0.397842468676197,0.521588548181731
2822,0.189884839956572,0.233393929612506,0.184467175809589,0.0626836583450962,0.207584646481968,0.121985749794268
2823,0.0580537755125882,0.0977842701261752,0.109485436868714,0.09733632478916,0.214748957816867,0.422591234886496
2824,0.0407540299371505,0.127627930005444,0.198522183313328,0.0557424297115105,0.263747094031243,0.313606333001323
2825,0.00624467960983963,0.0438346490513739,0.196262928405103,0.0234747758740759,0.043426528147261,0.686756438912347
2826,0.0312137552723529,0.193173997229259,0.0557498806313993,0.048028841263438,0.452117418516455,0.219716107087096
2827,0.101626237322607,0.468135981752027,0.130849857904605,0.0261133925683981,0.140762003457102,0.132512526995261
2828,0.0203311648780424,0.14155651230981,0.131613468229168,0.0450619321775734,0.381068643580981,0.280368278824425
2829,0.0370422020153871,0.0382258299914898,0.0395407349322276,0.175611977727133,0.577829355333599,0.131749900000163
2830,0.00566161120470527,0.0350203441559124,0.123975673714192,0.0318020631224772,0.16244433770307,0.641095970099643
2831,0.338908236898173,0.430234931504409,0.0853115157678981,0.0504755311597081,0.0581840335126579,0.0368857511571533
2832,0.0353897666835004,0.259947925705076,0.224159857365932,0.028789975758443,0.251265525985085,0.200446948501963
2833,0.145849997636668,0.119396803382632,0.110766233999283,0.18295361410307,0.256764121996275,0.184269228882073
2834,0.0191833152504333,0.0667477779590325,0.103671107259372,0.0355977046293411,0.225591327034518,0.549208767867303
2835,0.236379588174716,0.242368120577911,0.0485296566815007,0.157256119656606,0.224558252166986,0.09090826274228
2836,0.0163991555507358,0.0410702274049952,0.0559584036554162,0.0604264981925877,0.281273635922204,0.544872079274062
2837,0.0529331147674218,0.244429687783758,0.322078529019227,0.059214163621863,0.153818975046028,0.167525529761701
2838,0.189673018125151,0.21859948317095,0.200587657933659,0.0961381359238446,0.110125602509084,0.184876102337312
2839,0.111897020897524,0.173729664834627,0.158435291900253,0.114444080743656,0.243695497818338,0.197798443805603
2840,0.129155182770608,0.0894970941186101,0.141176448521941,0.200540275778808,0.192028311479952,0.247602687330081
2841,0.421080400480566,0.124874656707883,0.0648861889405518,0.148637931234793,0.164085698148654,0.0764351244875519
2842,0.00851889545764539,0.0319213296389933,0.0267021351929006,0.0454350664241857,0.520160750333723,0.367261822952552
2843,0.120842832060928,0.128991018374042,0.128817341860272,0.0621863577674708,0.295556373620103,0.263606076317184
2844,0.034453656922751,0.106915236693574,0.534305273051987,0.0219767929230559,0.0763330615630731,0.226015978845559
2845,0.198594131992172,0.385171086217716,0.146908751416811,0.149425287811832,0.0919946794681606,0.0279060630933086
2846,0.0101595075493442,0.029970636077146,0.0387924273868305,0.0448170463171918,0.350563747556784,0.525696635112704
