"CUS_ID","F20-","F30","F30+","M20-","M30","M30+"
2501,0.111281143069764,0.323791531088499,0.120579938333994,0.0442893794261151,0.20947147535265,0.190586532728978
2502,0.0232593401539355,0.109257521949206,0.207305561188366,0.0821402419443549,0.407737121133482,0.170300213630656
2503,0.0637499243968764,0.443026438600517,0.064179883208621,0.0448218673021863,0.31805917867479,0.0661627078170095
2504,0.375466359838837,0.163473135696599,0.17534394410143,0.12246800058905,0.0709985227491887,0.0922500370248948
2505,0.0328013398366944,0.121183463290238,0.202489275348305,0.0451842586745649,0.141917030055399,0.456424632794799
2506,0.0234804441504974,0.25444964536396,0.119129660152306,0.0372815420291717,0.285823539790255,0.27983516851381
2507,0.00997487385977791,0.0339115676059988,0.104840801994992,0.0227543186050404,0.178419590365982,0.650098847568209
2508,0.00709171627995223,0.0373116150276794,0.0407300299942365,0.0309544229329034,0.422364121116695,0.461548094648534
2509,0.0195421087596178,0.0378345783245297,0.163170973632328,0.0342837795624053,0.147772365043267,0.597396194677852
2510,0.0188954381684008,0.129999127887076,0.0672931994390608,0.0303104984834656,0.294142798071649,0.459358937950347
2511,0.721159211783126,0.097319355401347,0.0639079457001789,0.0702839861694746,0.0337271628117345,0.0136023381341393
2512,0.0458108099147684,0.148533952885076,0.0934832992145236,0.12460804915556,0.476893869404628,0.110670019425445
2513,0.00461135432449473,0.0251353497320913,0.0921287078854471,0.0213275458013267,0.245170547890508,0.611626494366132
2514,0.164430771472683,0.548030835632764,0.0516568596313556,0.0251949595378169,0.175078078050441,0.0356084956749406
2515,0.0120354929302157,0.0400451608458516,0.0852889812269131,0.0315692584017763,0.189900575529463,0.64116053106578
2516,0.0579888221511968,0.13016762462105,0.0770611125142724,0.17445615898892,0.269836297830804,0.290489983893757
2517,0.0344569927856085,0.385354828728508,0.123825246854675,0.0173388813168201,0.222251068345513,0.216772981968875
2518,0.476892787844789,0.183276408356651,0.106524613556601,0.070145124930727,0.0927451116193262,0.0704159536919057
2519,0.0562175696302799,0.80812687510327,0.027818424560848,0.0145629497873999,0.0621375742465104,0.0311366066716918
2520,0.0285640271647107,0.040061894463018,0.0248465161094191,0.145112070527379,0.553543881129527,0.207871610605946
2521,0.0276535928208484,0.098509179820774,0.291436866570951,0.051040594631416,0.172414650500696,0.358945115655315
2522,0.458032344002442,0.213752932559245,0.116434026402673,0.0593242569164161,0.103578117565964,0.0488783225532598
2523,0.0542955421734442,0.285725537776241,0.0880387168002572,0.0221240009997449,0.398083684792588,0.151732517457724
2524,0.0445396216472241,0.126272305376625,0.303000305418504,0.0508897787740535,0.122412622868085,0.352885365915509
2525,0.149579498420313,0.0696314275661768,0.0582369938292541,0.463004512674406,0.21248518126441,0.0470623862454398
2526,0.104135418626056,0.223180128541026,0.0693270893651718,0.116632995565708,0.356596576019,0.130127791883038
2527,0.438142266882258,0.199406397805652,0.129069531974961,0.0589190649955694,0.109008198835855,0.0654545395057042
2528,0.0042291571956661,0.0193851176454086,0.086839088409715,0.0406364085928821,0.217854900644606,0.631055327511723
2529,0.0679748818913546,0.0958442761781571,0.265799556789807,0.0518957396536246,0.120459869488049,0.398025675999008
2530,0.00316999686257214,0.0179127769882704,0.139521156031174,0.0210796723081748,0.109028984885956,0.709287412923853
2531,0.0240639114963969,0.136276221170498,0.113676513490535,0.103297022289337,0.369873028899299,0.252813302653934
2532,0.0338614111218703,0.169206936517757,0.131506944433988,0.0566176703722818,0.307605610007093,0.30120142754701
2533,0.00220763523757441,0.0083037363576161,0.0677261122102356,0.00808040054279791,0.0259974072774131,0.887684708374363
2534,0.162100986298828,0.0377350155767259,0.0391707871022927,0.637122062177464,0.06585445418164,0.05801669466305
2535,0.0465309715286145,0.107271241137078,0.203890592931583,0.042356889211416,0.208422585704591,0.391527719486718
2536,0.201059436183451,0.253270492340236,0.115239449152783,0.0593717007162987,0.197193639595244,0.173865282011987
2537,0.03271832495803,0.757290895812977,0.0910470861258463,0.00765180779300226,0.0656438672875908,0.0456480180225537
2538,0.155364249907142,0.0949104188291865,0.0856191769426315,0.115418551082813,0.317537883862313,0.231149719375914
2539,0.18637329350051,0.212519184838855,0.263822272047002,0.0419306047243611,0.136267667129583,0.159086977759689
2540,0.342828456309896,0.155861112981831,0.037348848822939,0.228766016493942,0.200241125101052,0.0349544402903408
2541,0.153849696423298,0.0560267896252463,0.0165349101883595,0.455898850301432,0.265824486670214,0.0518652667914499
2542,0.072589163121998,0.504960486556181,0.0612450418510639,0.0328068532713076,0.29004852860917,0.0383499265902797
2543,0.00760051573708832,0.0228826918832265,0.0647535661973586,0.006922470207934,0.227939403228556,0.669901352745836
2544,0.0830176469748865,0.171293089687959,0.118723398558229,0.183538443958146,0.185554816539629,0.257872604281151
2545,0.0368922773043038,0.268635925047415,0.0607831844614494,0.0167994832384608,0.455047212792402,0.161841917155968
2546,0.0272056445487494,0.0279668589046246,0.00867807262508805,0.227438897774405,0.624576409172635,0.0841341169744984
2547,0.0684376862420665,0.128859505256231,0.381757680798746,0.0461622800597475,0.151190631061178,0.223592216582032
2548,0.0514418298348238,0.0878050493220475,0.130561695581473,0.166622681121622,0.442451392378121,0.121117351761912
2549,0.00554879305652854,0.0423380700431991,0.0346526990820135,0.0403118660218406,0.33219374114053,0.544954830655888
2550,0.0224371077000201,0.0319104496751496,0.017391867520105,0.165710058558905,0.571934047106432,0.190616469439387
2551,0.15923493979223,0.230199512639911,0.0471730717216611,0.186487194718582,0.237656972866602,0.139248308261013
2552,0.195115903759126,0.342852038500191,0.156473216806338,0.061000241815728,0.128608815763323,0.115949783355294
2553,0.420223471140338,0.243312006029045,0.0434757653557238,0.120092575036653,0.144279823953137,0.0286163584851035
2554,0.117016612914363,0.198534340406378,0.142812463281567,0.124620806755606,0.348637804742342,0.0683779718997437
2555,0.0154499411080338,0.0805754084300181,0.0732263768098007,0.052292371908488,0.59983778827902,0.178618113464639
2556,0.122263086793566,0.330197894438838,0.240413832001424,0.0537981198456485,0.134682043487459,0.118645023433064
2557,0.276360671704221,0.214849099597286,0.34107540258033,0.0598010614550206,0.0800323168979061,0.0278814477652353
2558,0.0425941124240728,0.0984579369486686,0.642159602602426,0.0257976945864135,0.0815725023549703,0.109418151083448
2559,0.0731856560893922,0.452150620297888,0.136397195317755,0.02872766352994,0.121691495068354,0.187847369696671
2560,0.00662131351707488,0.123253786299119,0.113271866837781,0.0287376801634762,0.21685480803604,0.511260545146509
2561,0.0254681699039733,0.0568531309872763,0.177835076376958,0.0135258933864411,0.148580134158411,0.577737595186939
2562,0.313959430485903,0.400548327527958,0.0488686009588692,0.0428240759794975,0.172740722352549,0.0210588426952228
2563,0.272117112595599,0.1548145244347,0.23957679032515,0.0905456699343124,0.119183251312983,0.123762651397256
2564,0.0972855232543543,0.0795051604792623,0.0859711590165119,0.259145503951806,0.233177725820879,0.244914927477186
2565,0.0230167024215317,0.068290527428819,0.0879216585268213,0.0327384167039988,0.17820030755507,0.609832387363759
2566,0.012403941880043,0.0334366089248755,0.0742256308177566,0.0976911101644291,0.413452924405551,0.368789783807345
2567,0.0290942339704211,0.126067757219471,0.106931931939851,0.0630497842924161,0.168977168669388,0.505879123908453
2568,0.00407954937426352,0.0355283014620242,0.0748726740222894,0.0259466070077818,0.269912344891841,0.5896605232418
2569,0.0243908854885678,0.0895698351355172,0.243952300253143,0.0137775099021208,0.174417596383954,0.453891872836697
2570,0.0296488504913535,0.462288727376924,0.126719203334726,0.0165961394665116,0.176588266262545,0.18815881306794
2571,0.0892401837746002,0.0623203714686219,0.0214028471458816,0.415804542772693,0.292088050895589,0.119144003942614
2572,0.0808625125991122,0.0950182542903187,0.258625246492669,0.174967253508714,0.147051105682469,0.243475627426717
2573,0.10580008140894,0.307666815467878,0.105286320062831,0.0348788344811332,0.260424941784159,0.185943006795059
2574,0.0160100967367087,0.042767462902623,0.0245379759398263,0.452612483685625,0.387235492163382,0.0768364885718353
2575,0.0175076274177689,0.0295277800158714,0.0124976892652294,0.147815264200285,0.674795689715457,0.117855949385388
2576,0.243845214285864,0.32751957279732,0.154932712497055,0.0805212090958267,0.0902796573214259,0.102901634002509
2577,0.0482435057576859,0.192941891875616,0.257297442098528,0.0317988556330305,0.180102525428507,0.289615779206633
2578,0.00191513717760203,0.00906933404270888,0.0492484199843987,0.0108727389633998,0.0635218544746271,0.865372515357264
2579,0.235167584146934,0.26210624989339,0.287677287483033,0.0409667616585017,0.107750999501699,0.0663311173164416
2580,0.068632242552233,0.285064570926384,0.13704451828332,0.0306948403735609,0.252436639346974,0.226127188517528
2581,0.0102937768428805,0.0450114853431227,0.0900766657745763,0.0851273986668364,0.382910231429687,0.386580441942897
2582,0.135778083518743,0.54309988870735,0.0690957302763066,0.0245011848281971,0.159288623026844,0.0682364896425589
2583,0.0429566680052548,0.60970317236771,0.160457162549794,0.0144321252645808,0.0894156604714202,0.0830352113412398
2584,0.283165743673574,0.627700604950454,0.0240947902920041,0.00733544409352241,0.0437423709837311,0.0139610460067147
2585,0.0291530193895677,0.0828701350402791,0.0733157311345497,0.072023074802639,0.47056092969336,0.272077109939605
2586,0.0321478128344273,0.326432737292027,0.116993252518186,0.0366133689188935,0.225615366232643,0.262197462203823
2587,0.206700573971077,0.0706221150460001,0.0533145449524547,0.357496847764558,0.223483599281247,0.0883823189846627
2588,0.0513873348110244,0.0296380820774629,0.0230138121633287,0.266873042299833,0.513400884364084,0.115686844284267
2589,0.0361191147693603,0.0642836341386214,0.0483978551521722,0.185757010028161,0.591474741396217,0.073967644515468
2590,0.0161578190879058,0.070768062924492,0.150761042738239,0.0729351842857713,0.224374943483359,0.465002947480233
2591,0.1022240282292,0.126779225474356,0.311282757359953,0.0327333642751884,0.0748233048535176,0.352157319807785
2592,0.0157169300441676,0.0603119384164165,0.0222113165087944,0.154136776966489,0.624640545170899,0.122982492893234
2593,0.140781621032898,0.202053725919598,0.0799019832033398,0.112898324357762,0.315713195562915,0.148651149923488
2594,0.0353205800917233,0.049013790139063,0.0555371532757989,0.0218869974004624,0.41705012080054,0.421191358292412
2595,0.0936167102616578,0.132467468495234,0.191889862455668,0.183076088268876,0.18019497375172,0.218754896766844
2596,0.781162245701979,0.0572447333803067,0.0124311260110697,0.117400225471836,0.0259720239133953,0.00578964552141273
2597,0.00725579431234199,0.0278744846698909,0.134851970758721,0.0243314166825662,0.210615694176342,0.595070639400137
2598,0.0177441895152243,0.0980478553378075,0.081781349469947,0.0146492695862411,0.143505186834732,0.644272149256048
2599,0.285217488196539,0.212691647250476,0.0891077090853401,0.136335082328203,0.181908771428016,0.0947393017114261
2600,0.0102215745711183,0.0569632839935281,0.0716277844201614,0.0479707141088025,0.73239463985089,0.0808220030554999
2601,0.0295976851507087,0.074064717668693,0.240331536957143,0.0381475798526508,0.143196814958741,0.474661665412063
2602,0.0196406676500128,0.0711445311076569,0.0801624850705843,0.0334512722050898,0.191163017160509,0.604438026806147
2603,0.052384221202873,0.557789365222198,0.0517341621854778,0.0357885332983448,0.230395513740274,0.0719082043508316
2604,0.0716402632585671,0.139385158513423,0.323665216351442,0.127154851101155,0.118382487881152,0.21977202289426
2605,0.00497352491730807,0.0919826666042803,0.208065679918914,0.0372298656612426,0.319718167099394,0.338030095798862
2606,0.0277982745753224,0.0657616649936619,0.131793368786706,0.0272922300174705,0.18813328780638,0.55922117382046
2607,0.00732965410771807,0.0196051439220215,0.0693416448325547,0.0208989362845935,0.106937122301643,0.775887498551469
2608,0.171457720099451,0.171124232317588,0.0744881996089264,0.188623184280271,0.231001064599243,0.163305599094521
2609,0.0149382867487616,0.0495483779099515,0.0433533177636815,0.117142386542535,0.452187763994829,0.322829867040242
2610,0.0724709112811918,0.157619050417517,0.0454215143336528,0.201255407447427,0.338823693655079,0.184409422865132
2611,0.0158677651605776,0.0653875518568722,0.168994473965167,0.0390866130289463,0.0780546475370553,0.632608948451382
2612,0.0665694961542448,0.226179157298927,0.151707742540944,0.0542150607151435,0.158803905079949,0.342524638210792
2613,0.421427106153494,0.35601023887301,0.0590029150838213,0.056542425272295,0.0845995983803901,0.0224177162369895
2614,0.113211973801072,0.102687813392666,0.0717449680229403,0.132259252260727,0.276503233850919,0.303592758671676
2615,0.412658035718059,0.219991404044362,0.181266812031822,0.0611884192768879,0.0709100147338981,0.0539853141949716
2616,0.00780283069924449,0.0525629150441601,0.0382307054299134,0.0434390213466062,0.549410625572199,0.308553901907877
2617,0.14723724330666,0.314492681953566,0.287177160640378,0.0408436146368312,0.12165898295454,0.0885903165080242
2618,0.0424634954125053,0.0688690590478183,0.103727772307576,0.0650911936709352,0.426359441539953,0.293489038021212
2619,0.0340897335167176,0.0356897799209561,0.0161822589917982,0.126855856459108,0.647088100319958,0.140094270791461
2620,0.00966173000134057,0.10252094345567,0.253323349505532,0.0293943112676529,0.295211381529262,0.309888284240542
2621,0.0295232997218758,0.0763135993551704,0.0443399744190616,0.136008542644444,0.614564075287492,0.0992505085719562
2622,0.00312463169162387,0.0120865764047664,0.0203983619610747,0.0123551263419343,0.1709968470096,0.781038456591001
2623,0.31169199789113,0.19788272589154,0.0431483566501412,0.0860805417496769,0.301894879426149,0.0593014983913627
2624,0.0157027554497656,0.0545822043030875,0.110887754552488,0.0388910732021387,0.230603516864381,0.54933269562814
2625,0.130840982089953,0.289149054232203,0.374150600551269,0.0348851466819257,0.0905664719456691,0.0804077444989803
2626,0.00594018135792438,0.0227258504770557,0.0499014843924428,0.0206211495777576,0.136938692068054,0.763872642126766
2627,0.0835210792812567,0.167910989756444,0.323840058664413,0.0290721597121331,0.176023983887949,0.219631728697804
2628,0.0951167236392922,0.14670787603955,0.106454814690375,0.310818518667674,0.287158000961839,0.0537440660012681
2629,0.0389329607733212,0.171553441667414,0.0733808129776333,0.0408219234374728,0.409463889446544,0.265846971697614
2630,0.217392012104212,0.146743842442578,0.18288461949492,0.074018547050709,0.182509162580403,0.196451816327178
2631,0.0205283325722931,0.207702624776854,0.176334810611227,0.0282561551153424,0.297091418020919,0.270086658903365
2632,0.00418180966822354,0.0170487155137462,0.0698504656503325,0.0184074493397412,0.110198494587436,0.780313065240521
2633,0.132185655239593,0.422530003665667,0.0634410067459774,0.0812608442328122,0.22399831391754,0.0765841761984109
2634,0.0447546774470656,0.07147389223051,0.234141534784076,0.062708060901031,0.153984852807532,0.432936981829786
2635,0.0162324958748096,0.0720586049130077,0.0780741627158395,0.0262454064986119,0.63024455978446,0.177144770213272
2636,0.0239854462281558,0.0510831585934867,0.128415497652285,0.0490334372713869,0.298383705202981,0.449098755051705
2637,0.0158049449260184,0.0839813706958999,0.0261937159720014,0.0267525352023826,0.712216267735418,0.13505116546828
2638,0.0481684575325679,0.0387141455925615,0.0645571239740888,0.341369006928128,0.178514848244073,0.328676417728581
2639,0.102957249944876,0.0728493698033104,0.0380946128173547,0.471221047787152,0.245954810089974,0.0689229095573329
2640,0.0183870118235556,0.0359567419075223,0.0396132137171758,0.021386494689805,0.136140008973841,0.7485165288881
2641,0.0943208464469702,0.162828884943371,0.155563339268425,0.133668082472959,0.249685305774568,0.203933541093707
2642,0.011722674225669,0.0970106783731398,0.122093923086051,0.0291459163101737,0.20517831943152,0.534848488573446
2643,0.281127984735544,0.453843262166395,0.0224091794817856,0.109140511905216,0.104091912345999,0.02938714936506
2644,0.00504870981878444,0.109612627019365,0.036262759439315,0.0106991293214721,0.258366422303921,0.580010352097142
2645,0.0241835743897542,0.0717430066246547,0.0367693237812143,0.0712935840110994,0.282407076518368,0.51360343467491
2646,0.00283342302935334,0.0129461082922803,0.0896498867548742,0.00928961296657568,0.0387159377277142,0.846565031229202
2647,0.0570849878217663,0.109267357724608,0.111362359421302,0.118064768538221,0.232877854206823,0.371342672287279
2648,0.131890780688278,0.260963080187984,0.494142842250228,0.0182697334318149,0.0334903964562168,0.0612431669854775
2649,0.0382803107587223,0.0423396545643263,0.101834481054339,0.0568331175350344,0.212920035292145,0.547792400795434
2650,0.0630378740116605,0.0497011834920038,0.232586265598206,0.0560521422670665,0.114504285396286,0.484118249234777
2651,0.0221444345557329,0.0829808873706994,0.0367766696130256,0.0529558764043631,0.551272038160698,0.253870093895481
2652,0.0182978196828164,0.121738567511956,0.0493072403943333,0.0412438873130564,0.545344863939419,0.224067621158419
2653,0.28909115811035,0.226161010110308,0.120025495116245,0.0583085554904267,0.204842851106286,0.101570930066384
2654,0.00320860919237813,0.0352075278908559,0.0870915444045769,0.0335496641683389,0.103096807450496,0.737845846893354
2655,0.370117635834622,0.25847964851027,0.0856753228741365,0.0782451182338431,0.159118138910807,0.0483641356363208
2656,0.00693081256408836,0.0590520573003898,0.0564317270993693,0.0240217093977755,0.406367035076056,0.447196658562321
2657,0.0170102131949347,0.0294256725852386,0.156915864853066,0.025438736015986,0.100421721858344,0.670787791492431
2658,0.144545338146622,0.144373273788083,0.0927059834772382,0.426921697983975,0.103031716049649,0.0884219905544321
2659,0.145093541292873,0.0763581682351476,0.112424877550118,0.508580006862668,0.0792151475202938,0.0783282585388985
2660,0.0116817706038463,0.0369732687898683,0.0400108976434832,0.0462399422264708,0.235850352305786,0.629243768430545
2661,0.00505625831888101,0.0254865256420455,0.109969264694538,0.0259462046471463,0.0921111676483074,0.741430579049081
2662,0.00591427309164943,0.0500179181789945,0.0922572878362095,0.0122510656539759,0.151295217666108,0.688264237573063
2663,0.00451975020043183,0.0217501893352674,0.0401819789970804,0.0333451672198285,0.476894380842226,0.423308533405166
2664,0.0435620487040582,0.116198164138237,0.033866771218967,0.099614223054751,0.569457585842272,0.137301207041715
2665,0.230158805626411,0.268713175747646,0.124600595288466,0.059913462507991,0.192483700019882,0.124130260809604
2666,0.0027735944145717,0.00739913265476846,0.0695517342175174,0.00613224589051293,0.0151701950071215,0.898973097815508
2667,0.0827034855349396,0.113945070782372,0.404248760070296,0.0820265713709721,0.181468693168318,0.135607419073102
2668,0.0098520648545138,0.0695689191200804,0.38745803357461,0.0139697372444388,0.117481979793287,0.40166926541307
2669,0.03000737149589,0.17124279829747,0.110374646520599,0.0236206726169149,0.248088637552192,0.416665873516934
2670,0.006904028435691,0.0439336414221053,0.138593392523931,0.0179539800837762,0.169676914517958,0.622938043016539
2671,0.0339553470219635,0.0757267667700671,0.0425674716041457,0.108873766110394,0.318395269184147,0.420481379309282
2672,0.00652123773012559,0.0392682437923594,0.153295426888859,0.0171560141338754,0.160733609097782,0.623025468356998
2673,0.29649355897589,0.343784847135927,0.053935551266824,0.119954514779992,0.150327057058892,0.0355044707824759
2674,0.0340873371966078,0.0551074218794893,0.0778108179882142,0.239385294051485,0.353008078888922,0.240601049995282
2675,0.511762023946239,0.212915186886495,0.0215755777014212,0.154333144772946,0.081570827036097,0.0178432396568012
2676,0.0321156677919249,0.0362939189563428,0.0569481463834797,0.163893534604932,0.411905658188016,0.298843074075305
2677,0.0766738154136627,0.204506482860487,0.279749609841484,0.0700608759961168,0.224682223697728,0.144326992190521
2678,0.0407397953417333,0.165121813965265,0.246310693438257,0.0479554636614985,0.28207077353583,0.217801460057417
2679,0.00179643986255223,0.0157554230688042,0.0397050031413528,0.020729281325628,0.292658966909931,0.629354885691731
2680,0.0697021635467977,0.122110951114435,0.326732653175417,0.234152889906831,0.13739451176165,0.109906830494868
2681,0.0523033896044903,0.195741790485221,0.137478650626103,0.0506755327234462,0.332279214994345,0.231521421566394
2682,0.0102385959790345,0.0304064967333918,0.12893002919753,0.178100370574649,0.198194355809877,0.454130151705518
2683,0.453933085080822,0.327014668882684,0.0332677410992694,0.0999960934398309,0.0732555223310934,0.0125328891663002
2684,0.00999730777554384,0.0408111178949361,0.0501185930547918,0.102289617764003,0.418726576592338,0.378056786918387
2685,0.0868930952897793,0.0572863037218168,0.175096262192205,0.0425257414519458,0.065334991637882,0.572863605706371
2686,0.00939850573211221,0.116641738172236,0.135772919912837,0.0247994205662572,0.173616670593422,0.539770745023135
2687,0.497852204538604,0.172382286276449,0.0531727348341365,0.140961247268118,0.114063675891834,0.0215678511908581
2688,0.0308680976234823,0.16937847970123,0.0648303636254598,0.231845450430066,0.348108607386556,0.154969001233206
2689,0.127960937634727,0.605911035735486,0.0356615841042481,0.0533735519680186,0.14990754490402,0.0271853456535004
2690,0.0097265051663888,0.0250678000116891,0.0448889283901913,0.190635948963324,0.412995947833162,0.316684869635245
2691,0.0379940313369557,0.175730786511384,0.0636114218409712,0.0544099317321106,0.424505912138098,0.24374791644048
2692,0.10518481942334,0.100688256617102,0.220635766915152,0.0818377657351071,0.224719349311767,0.266934041997532
2693,0.0245663268286806,0.0671376076222064,0.228047691719843,0.0340916550371486,0.117469986381948,0.528686732410174
2694,0.0060010231069592,0.0264472377854649,0.0562122547914478,0.0392092019455358,0.199888573512024,0.672241708858568
2695,0.572657814742632,0.172204126857135,0.0450044618855726,0.113902032751267,0.0737734280923984,0.0224581356709952
2696,0.0164437125047581,0.070883896674893,0.224856271874352,0.0272734508098851,0.0950214399907352,0.565521228145376
2697,0.0526496596180462,0.167421843813676,0.257559765481988,0.0377383698837804,0.161993700155872,0.322636661046637
2698,0.0107225877035142,0.0435581328235491,0.223160853170579,0.0258422878143151,0.247668351652454,0.449047786835588
2699,0.0165800888406672,0.132445644593877,0.340296436936016,0.0126298790021086,0.0867562320543139,0.411291718573018
2700,0.00158253017575033,0.0373665561272815,0.0215340067891166,0.00726414452542324,0.392737012058154,0.539515750324274
2701,0.016320695172498,0.0300128132311494,0.0549808677599124,0.143958565184142,0.303791340546433,0.450935718105865
2702,0.448261687072021,0.16965732145398,0.186384202312693,0.0731303278740561,0.0651382431612036,0.0574282181260463
2703,0.106192578563817,0.0830497988544106,0.190805443162171,0.099117047824503,0.225891294729041,0.294943836866058
2704,0.0370464690757238,0.183437173533028,0.500854261997426,0.0365905732728925,0.114541030612602,0.127530491508327
2705,0.0177329842491751,0.144517118004669,0.414888210959841,0.0188722060608581,0.131019347172412,0.272970133553044
2706,0.02158249557982,0.0815023709690844,0.192753656326186,0.142602332983903,0.187921223660654,0.373637920480353
2707,0.012335573579586,0.0280659805346605,0.0299982614862296,0.0488831948305376,0.537852208440348,0.342864781128638
2708,0.290672252844868,0.37966781775402,0.0819556761833982,0.0725164241536627,0.137918754150128,0.0372690749139228
2709,0.0651691611011752,0.168509955920881,0.404258599668082,0.0375997503367681,0.0902317007025092,0.234230832270585
2710,0.0926003512488231,0.0783704428962061,0.255933744085155,0.0608100292098075,0.106453464305974,0.405831968254034
2711,0.0247905413587824,0.0631385717252077,0.132641659256495,0.0522456945081281,0.293705163995856,0.43347836915553
2712,0.118207190655605,0.0925743644567706,0.0979234508259175,0.295929997403577,0.263420885354412,0.131944111303719
2713,0.107953521442483,0.237393636226596,0.260929216015895,0.0396771622007382,0.123110753302903,0.230935710811385
2714,0.00508078274842362,0.0622039753990509,0.123184355713876,0.0157747729547997,0.24069905114172,0.55305706204213
2715,0.0402275331084185,0.0982407545638803,0.453070862689444,0.0331131817639188,0.198055004556808,0.17729266331753
2716,0.0401997546165503,0.0705969218218614,0.112088046526043,0.0708620565987436,0.321120975269918,0.385132245166884
2717,0.00870810858751982,0.0275521093835876,0.0276857094672711,0.0289733771754705,0.234960695777275,0.672119999608876
2718,0.0138091571383804,0.0323019422171513,0.267023603391383,0.0458832500293345,0.157381821093565,0.483600226130186
2719,0.0286863157071925,0.096220569079751,0.181216780017328,0.05159755704589,0.34310073410143,0.299178044048409
2720,0.150525695402954,0.123509316602368,0.252188388200699,0.100223748681406,0.213174479509494,0.160378371603079
2721,0.0247127609075577,0.068814946898727,0.104586932710406,0.0543298933642939,0.342292125582988,0.405263340536027
2722,0.299094006191814,0.487825495210497,0.122348741105676,0.0112315135229219,0.0553331616188675,0.0241670823502233
2723,0.0521320910613349,0.146643171174222,0.148673215845279,0.0661608140810879,0.192432590738597,0.393958117099479
2724,0.68005154518835,0.0921507968116979,0.0753811175212689,0.0795863956636046,0.0491185741513308,0.0237115706637475
2725,0.252993595571665,0.317399319666461,0.0695120428035477,0.171195519179508,0.123861510778886,0.0650380119999329
2726,0.0565169218962527,0.0819625499188276,0.0498538571493872,0.151186869361199,0.611168225967268,0.0493115757070661
2727,0.00239951951082091,0.0251661690066839,0.0609094836310288,0.0176175547614142,0.235346912568848,0.658560360521204
2728,0.0182052574078391,0.031453900075121,0.133489850841139,0.0315354665569385,0.101185841019388,0.684129684099575
2729,0.120905628541287,0.227176495873658,0.119418333740957,0.0998890446007349,0.252239577060131,0.180370920183233
2730,0.0118053468549267,0.0297525087370087,0.0536067081640087,0.0577423491523263,0.560391216284485,0.286701870807245
2731,0.135930329094265,0.147657861134053,0.0771267289346389,0.190929591747889,0.360927266135691,0.0874282229534625
2732,0.0196806630337978,0.0738881894419971,0.258333633479638,0.0192709401292187,0.0946864602337568,0.534140113681591
2733,0.0341684402019672,0.13631313410579,0.165483558409572,0.138889818694994,0.420459597208725,0.104685451378952
2734,0.0574494123472169,0.577456736958826,0.061337708120431,0.0220190689250725,0.170387975425995,0.111349098222459
2735,0.0886512646933892,0.514382834257663,0.102062142819727,0.0233631707424199,0.119576288415657,0.151964299071144
2736,0.032655838245017,0.0459483110507193,0.0252310383223722,0.5731159303926,0.267085670417753,0.0559632115715393
2737,0.155052641551992,0.141664298213358,0.258432211553377,0.0538580129918693,0.208832160838475,0.182160674850929
2738,0.028137172805239,0.119117789919898,0.121329468580374,0.0625469355357413,0.209933153251207,0.45893547990754
2739,0.158715041176184,0.261139351143174,0.247665665407525,0.0327483575603973,0.221018634085994,0.078712950626727
2740,0.243370881104283,0.376688751485004,0.0598812440017297,0.0817794508604531,0.123084390501913,0.115195282046617
2741,0.0838154738397371,0.353912983093842,0.103427620547314,0.0263332996224909,0.276663178903171,0.155847443993445
2742,0.0643274235893429,0.0619488558707871,0.0376951352167671,0.222326853263977,0.455387738793442,0.158313993265684
2743,0.206655649414914,0.205533223774413,0.0938145429334962,0.134835234400366,0.207026162635549,0.152135186841263
2744,0.0135934456980021,0.0786586991374969,0.0474623208154619,0.115806107777839,0.586063361679517,0.158416064891683
2745,0.00620048386075644,0.0578097161519895,0.319312153031079,0.0577243779960412,0.362491769237234,0.1964614997229
2746,0.0119776995222921,0.0539783205195003,0.0939883209748338,0.0373642814655207,0.310827148594235,0.491864228923618
2747,0.0227545037650718,0.025257699515705,0.0104804997494752,0.190907259733482,0.571181669671688,0.179418367564578
2748,0.00625784642795597,0.0493821246340074,0.0613956411340952,0.0364626436337754,0.582979823932484,0.263521920237682
2749,0.17906595050854,0.067713842104122,0.0413021223019536,0.362049690206459,0.244855547393797,0.105012847485129
2750,0.0131379596368154,0.0635337419066244,0.349713889366791,0.0381925786285073,0.117082255960457,0.418339574500805
2751,0.163293982723268,0.15674173373582,0.0554013395241576,0.189288203849389,0.375315120795226,0.0599596193721396
2752,0.0453976061042269,0.157355038852216,0.195586320308993,0.074081310152648,0.178504095783041,0.349075628798875
2753,0.0415184405802835,0.0537366622296483,0.0166910202615867,0.461307503011838,0.368077509212445,0.0586688647041982
2754,0.0101938387735796,0.215220307124116,0.0812157956409828,0.0172864684595926,0.46694249788773,0.209141092113999
2755,0.00252015932926852,0.00810114146232298,0.0440899678526271,0.0147207244984963,0.309833605675399,0.620734401181886
2756,0.00820908223160764,0.0164999654474327,0.0887296533280668,0.0114620085636852,0.0298663608916687,0.845232929537539
2757,0.0114977642818139,0.120594827699647,0.0233315826665239,0.0287216390120889,0.60408925025992,0.211764936080006
2758,0.0733446209375059,0.225345516060118,0.196403949177409,0.0326887527878802,0.309541212578774,0.162675948458312
2759,0.0191202377325383,0.205479781930466,0.113008938372873,0.0158480774442958,0.246268791667653,0.400274172852174
2760,0.311823206330032,0.0692004563136658,0.0261624924909596,0.541524544110293,0.0420960979087998,0.00919320284625024
2761,0.209502656751345,0.119192512934169,0.0964740263281018,0.30180064440655,0.181456909843301,0.0915732497365324
2762,0.00668185754428456,0.145819547386657,0.106013007273007,0.0224355892074966,0.426977923566656,0.292072075021899
2763,0.0488620402686225,0.172696044481378,0.248493470265668,0.0608959611237124,0.247380515803293,0.221671968057327
2764,0.00575951165679729,0.0175402379634075,0.120748826925403,0.0130711512052357,0.0794002047908001,0.763480067458356
2765,0.0424108219894345,0.140704160074951,0.202483397326763,0.0349473897840163,0.194422150826063,0.385032079998771
2766,0.0310060360352725,0.108850213455951,0.111664984024824,0.060940461432847,0.394693252125637,0.292845052925469
2767,0.0155176128877596,0.0483355690357139,0.0633083139513468,0.395393010986654,0.291135727911056,0.186309765227469
2768,0.0411849087262958,0.20745978073462,0.323426695697929,0.0228636199614652,0.137233762726219,0.26783123215347
2769,0.0451861170324701,0.317639766198571,0.0782952235460584,0.0887129932853625,0.321127808764472,0.149038091173066
2770,0.00175903460986817,0.0303020570298231,0.16461971388458,0.014600984666354,0.160101091914109,0.628617117895266
2771,0.0256488878821149,0.136963365801571,0.443648094210015,0.0309378019497942,0.135685905484164,0.227115944672341
2772,0.0596371766594965,0.0633275324701494,0.111783179225988,0.189351436373197,0.406892197333167,0.169008477938001
2773,0.0400321042884095,0.293614609206867,0.146842716475068,0.020483823827515,0.350629695246861,0.148397050955278
2774,0.160991557807646,0.414669229136441,0.0862692810518999,0.0385831822877557,0.22641734413922,0.0730694055770385
2775,0.00195541265094089,0.0112462109391357,0.11020146957393,0.00626914897530866,0.0782880838825997,0.792039673978085
2776,0.00858922079879351,0.0261841638897335,0.0449024520234274,0.0336504321968943,0.235303647846892,0.651370083244259
2777,0.00111342864405085,0.0109163909228043,0.0851144175464534,0.010020037327965,0.0611233551125395,0.831712370446187
2778,0.0890260807522579,0.15534480163066,0.145426331613609,0.0983564902076556,0.188833500823748,0.32301279497207
2779,0.0397254435361325,0.0760963343321441,0.327275535659134,0.100656425830126,0.164814888215107,0.291431372427356
2780,0.0629938922813198,0.248348866604098,0.286604245238373,0.0551429030647608,0.135581839489814,0.211328253321635
2781,0.0140371242991226,0.0291066994574573,0.0500598090213214,0.120726010710063,0.537260354001353,0.248810002510683
2782,0.00622528496693243,0.0290245355219534,0.217498613019851,0.0170295045317237,0.115269348627856,0.614952713331684
2783,0.55554663515455,0.266118378193087,0.0779605728740523,0.0411163887940919,0.0423040261141398,0.0169539988700788
2784,0.0457093614146556,0.322775923838291,0.0672876767765262,0.0931942148959039,0.367172871939339,0.103859951135284
2785,0.0022426585131617,0.014806299319722,0.0457958567933444,0.0241958597824363,0.305696232005658,0.607263093585677
2786,0.0150948725484651,0.0810112247818556,0.0611590891090208,0.0595998217176818,0.413539499023909,0.369595492819068
2787,0.00513617010605773,0.037019337874313,0.0884302139969063,0.0255897554306591,0.301560186551589,0.542264336040475
2788,0.0107370536510613,0.0427181103836152,0.0962830214628519,0.0244813948486425,0.127901326082451,0.697879093571378
2789,0.064501710767574,0.0710056374102119,0.285475272580398,0.0710110154083075,0.203158998045125,0.304847365788384
2790,0.0601198092751511,0.163101643065169,0.0542946502296272,0.0743852034599207,0.450059826558379,0.198038867411752
2791,0.104969499243855,0.0397896401714226,0.0306192302023155,0.682502607377243,0.10130639088997,0.0408126321151939
2792,0.569680787973509,0.244164134504833,0.0307149947753345,0.0598159915383309,0.0731260698000976,0.0224980214078945
2793,0.00624493190839977,0.0533653999598361,0.0383613336258219,0.0193402275847564,0.477438465192165,0.40524964172902
2794,0.464546605996912,0.150172982802731,0.0671617919282332,0.181946044000465,0.10163212838895,0.0345404468827089
2795,0.324115629043943,0.139018423846921,0.0584090125424578,0.353085154193049,0.104985712027389,0.0203860683462399
2796,0.00220290515181833,0.0207228923238149,0.118404915645063,0.0192791721455063,0.0802227051867936,0.759167409547003
2797,0.0281122187899757,0.0415845702956957,0.0617731928930789,0.0906378481197066,0.127703864225545,0.650188305675998
2798,0.00627738129583287,0.131353998452041,0.210849274055301,0.0128568878852226,0.23872671621677,0.399935742094833
2799,0.0981892962567584,0.160043793985447,0.370548225716363,0.0218949452247776,0.126295235323106,0.223028503493548
2800,0.00496361920010339,0.0304275347418562,0.0483975308234395,0.036862283565477,0.272072920033618,0.607276111635506
2801,0.0129916603507523,0.0509197279439812,0.0168517106264536,0.0348923265654296,0.544104330483699,0.340240244029684
2802,0.0177804901452606,0.083185424593185,0.0460162229953694,0.0630697336392056,0.485707766018632,0.304240362608347
2803,0.0981161659513661,0.479905699585145,0.121890879560081,0.0307379921138077,0.171234740819363,0.0981145219702366
2804,0.0103808055997705,0.0634765466205221,0.108990836490434,0.0320925938823834,0.442164590196382,0.342894627210508
2805,0.278104348040747,0.186587935468584,0.247369460653476,0.0897639257632268,0.136645307216966,0.0615290228569995
2806,0.139385777337058,0.0698597405756942,0.0558740632892867,0.274562344444098,0.265586062208348,0.194732012145515
2807,0.0604971801543984,0.188732038165072,0.16696268693535,0.0948773037415143,0.213452732563313,0.275478058440352
2808,0.00988102087350891,0.048256627528491,0.0484924574656558,0.0221008190981894,0.341450159308906,0.529818915725249
2809,0.0316063189582503,0.0911775386988306,0.299097955168098,0.0380016462589525,0.109129959757839,0.43098658115803
2810,0.007777604559076,0.0477065457121383,0.0790560918740232,0.0608215839107797,0.457221886290357,0.347416287653625
2811,0.00932702637298456,0.132251171251917,0.187941574004982,0.0342348626550637,0.35875995975406,0.277485405960993
2812,0.486469236113,0.25223883475772,0.106871193109217,0.066341310890999,0.057314876078074,0.0307645490509908
2813,0.0996864445557517,0.102665026400381,0.166438765469273,0.124691400584993,0.316213606195939,0.190304756793662
2814,0.0264068521286691,0.229232381762838,0.225985065871776,0.03897175372186,0.201016295830719,0.278387650684138
2815,0.0423734921610173,0.0871486550171613,0.130317944165493,0.110934937117634,0.174459465855421,0.454765505683273
2816,0.167477956879646,0.15409724021863,0.295814579571765,0.0778225732170994,0.194091921746341,0.110695728366519
2817,0.0903655712438412,0.337405962946446,0.129068687491734,0.0606621414604881,0.283873153701013,0.0986244831564769
2818,0.336816999831621,0.264769788568052,0.163139921605994,0.0585064601955357,0.114901034810198,0.0618657949886
2819,0.476024878685283,0.327680464905183,0.0866031894654061,0.0340219753177212,0.0586344161323787,0.0170350754940285
2820,0.310545638231518,0.194448659355411,0.351152526747987,0.0414394633560253,0.0623886972589694,0.040025015050089
2821,0.00217091015445698,0.0247664299378349,0.0153018411744559,0.00674037586690318,0.451485187632169,0.49953525523418
2822,0.183636192631594,0.19788137459679,0.212290886218211,0.0583838103326806,0.226360594681706,0.121447141539018
2823,0.0553243051154891,0.0893187124843782,0.125165863011626,0.0958398038832383,0.193229688943606,0.441121626561662
2824,0.0550060487288152,0.130571370988689,0.20988835704569,0.0536446501982512,0.282389773233488,0.268499799805067
2825,0.00284819152713144,0.0185386023262624,0.175352787928193,0.00954056687200686,0.0191809807672188,0.774538870579188
2826,0.021731633311268,0.189287055644071,0.0425996510382834,0.0317993133219343,0.470870046871575,0.243712299812868
2827,0.0661841015209829,0.430897259117372,0.140061488328134,0.0336446666001207,0.169454175750304,0.159758308683086
2828,0.0208876987983128,0.141086308650949,0.201841794232339,0.0450088209159841,0.378069077019347,0.213106300383068
2829,0.0427585861254007,0.0350573651600663,0.0333526402217089,0.153035966509011,0.573878071705071,0.161917370278742
2830,0.00249436876922346,0.0283440122408281,0.106212824031063,0.0207747745786781,0.15392373612372,0.688250284256487
2831,0.329211393071989,0.451034674276805,0.0771697112731665,0.0478986250241189,0.0610129946099661,0.033672601743954
2832,0.0373343912696692,0.203538538811267,0.216435445243339,0.0307736222961913,0.315846157595178,0.196071844784355
2833,0.141264532148367,0.130632059897888,0.0838676507822515,0.258132927440339,0.229996142290849,0.156106687440305
2834,0.0173828486466956,0.064539797479754,0.0818622789281677,0.0223044628792763,0.273694019193319,0.540216592872787
2835,0.244301211927156,0.184078623426128,0.0365142075460966,0.22296618668965,0.249578938317624,0.0625608320933454
2836,0.010166347934425,0.0220211870925573,0.0424171532084275,0.0487698290001396,0.250902696206176,0.625722786558275
2837,0.0742574113188549,0.22021086030262,0.333702361808128,0.0517952675076212,0.149280452954478,0.170753646108298
2838,0.154011523806397,0.25189772569377,0.222225187442725,0.0615314225543897,0.131555128082097,0.178779012420622
2839,0.0984042538667313,0.144309280885907,0.136244342432875,0.0904998466656428,0.311201183131318,0.219341093017526
2840,0.103959185632873,0.0881956625815704,0.164271429005819,0.176819716967356,0.172941445928714,0.293812559883669
2841,0.470774517655207,0.0979883187531857,0.0394118486383742,0.20242051276576,0.146192073599939,0.0432127285875334
2842,0.00599482812485719,0.0265200552997948,0.0177198124303509,0.0381287124238535,0.628937923449444,0.2826986682717
2843,0.086287378345184,0.111637350008716,0.11680465546046,0.0284737501507864,0.426806973303738,0.229989892731116
2844,0.0310838670003751,0.151219150014484,0.491589057118328,0.0168421560656439,0.0958986238174146,0.213367145983755
2845,0.204284721506453,0.403906802215781,0.158373786732049,0.11951573744496,0.0863503865650256,0.0275685655357304
2846,0.0066441933622413,0.0320805685544823,0.0327695303980983,0.0506688543664398,0.392291168460241,0.485545684858497
