"CUS_ID","F20-","F30","F30+","M20-","M30","M30+"
2501,0.0395423228600621,0.445368128438223,0.151051939848969,0.00973591630945076,0.179937272601855,0.17436441994144
2502,0.108834223046225,0.213657922431409,0.0735560929418053,0.150013533124242,0.332160837357918,0.121777391098401
2503,0.0119889526067575,0.701738108488514,0.015884161572487,0.0112813894311481,0.225693129131712,0.0334142587693819
2504,0.490571961161677,0.100668713658939,0.104764430307829,0.20266691793383,0.0446805850579121,0.0566473918798133
2505,0.10843729188188,0.20548589474562,0.131357537786755,0.0862566839858846,0.116876732363911,0.351585859235949
2506,0.00414925604100656,0.34044290381294,0.120766473690481,0.0125321554295531,0.224604572895394,0.297504638130624
2507,0.00772283052990366,0.0270569627106892,0.122958134991619,0.033898584836543,0.21196898859646,0.596394498334786
2508,0.0034281085997512,0.0540646995518661,0.0214769496127487,0.022057412643269,0.536590960743046,0.362381868849319
2509,0.0396552327023254,0.0289524773605081,0.232463305793166,0.0432658941633976,0.0765335385136474,0.579129551466956
2510,0.0062682485462045,0.053967958097246,0.0520560431437372,0.0214215560329143,0.36623837182735,0.500047822352548
2511,0.738482566782536,0.102222415599973,0.0462540244828289,0.089613517727399,0.0145763488947993,0.00885112651246442
2512,0.0305751247093636,0.138898341422592,0.0367855089650871,0.11402890951794,0.555485840795713,0.124226274589305
2513,0.00763988884673174,0.018898745076544,0.0287200371163181,0.0277334614560178,0.488237072952396,0.428770794551992
2514,0.0906565790770507,0.586509255548005,0.0465142385885581,0.0184743645612244,0.22130898836678,0.0365365738583814
2515,0.00652098753807821,0.0400427359195403,0.0387339051587553,0.0197118696544767,0.270383579989849,0.624606921739301
2516,0.0944703974260123,0.0648562587390686,0.0467812702942273,0.295958861927052,0.360062732278575,0.137870479335065
2517,0.010840053659447,0.604483467228883,0.0708928612140133,0.0116958984497133,0.185120864243881,0.116966855204063
2518,0.433618456129768,0.240157081215167,0.143592292108913,0.0757756577678987,0.0538014403571986,0.0530550724210547
2519,0.0480077924826543,0.890859380637702,0.0180461809434316,0.0034816988653059,0.0283258272737283,0.0112791197971782
2520,0.0318470954937852,0.0425441268796421,0.0264307540019034,0.16376806010965,0.488077396604712,0.247332566910308
2521,0.00418684115958089,0.0456036493086803,0.222686126924498,0.0138253006493314,0.105208262535573,0.608489819422336
2522,0.246237970930703,0.175656801162309,0.244617341196318,0.0781896654404737,0.096071153505343,0.159227067764853
2523,0.0330359000673859,0.456004924384542,0.0586047449097388,0.0109446843323733,0.271946198199336,0.169463548106625
2524,0.0152094572525508,0.139090165676712,0.278710072259707,0.0510167883006969,0.0770762543656834,0.43889726214465
2525,0.0873797158454954,0.0886611604690675,0.0861950991669422,0.24846968286502,0.280968050584141,0.208326291069334
2526,0.18985293121955,0.243114862381175,0.0609822230793271,0.100907968620041,0.292373983216209,0.112768031483699
2527,0.586022770730513,0.134066292884524,0.105398371096806,0.0537446517119834,0.0565776375428312,0.0641902760333425
2528,0.00431124305654128,0.00930405564005658,0.0331917599218509,0.0399169624315038,0.122779767402388,0.79049621154766
2529,0.116214583904786,0.218056046719759,0.197912595460239,0.0731971062842596,0.160070766285736,0.234548901345221
2530,0.00523917174904648,0.0100861112140017,0.178058743373223,0.0161754294803136,0.0920943830459699,0.698346161137445
2531,0.0213481339490538,0.215103066048293,0.0614043783848826,0.0748099106499204,0.450548641813503,0.176785869154347
2532,0.0268036317142279,0.259025588479776,0.154661602493544,0.0326201060000609,0.205533251920613,0.321355819391779
2533,0.00023669098389941,0.00198694852426251,0.0313069858401721,0.00269021973390674,0.0306608849758875,0.933118269941872
2534,0.245833298153821,0.139806496145757,0.160082839022459,0.27219395311156,0.0621926948331037,0.119890718733299
2535,0.045483319639703,0.085238108558633,0.271311263045312,0.0281849156375011,0.130552862858319,0.439229530260533
2536,0.118860645578376,0.266511390425903,0.117323070731613,0.067335521473689,0.201718699061671,0.228250672728749
2537,0.0284957611845793,0.834205226822269,0.0505802951571629,0.00474107860850925,0.0622730814698631,0.0197045567576164
2538,0.205561149361814,0.108779875241346,0.0725067749884179,0.135533791439822,0.268038093525943,0.209580315442658
2539,0.248330846100003,0.265291087569829,0.218525248098892,0.0632680315794347,0.124712818016998,0.0798719686348435
2540,0.204611250610193,0.0646863502809696,0.0341141437305897,0.325474084106614,0.308976049957681,0.0621381213139533
2541,0.0733729657330701,0.0271886007631135,0.00846865770081378,0.619805911279984,0.252633014086579,0.0185308504364393
2542,0.0305524989675377,0.577291640570858,0.0222232523206648,0.0226274895037568,0.322964861469144,0.0243402571680389
2543,0.00595117209446217,0.0217103966834663,0.101900644774764,0.00511276007286513,0.134709829769233,0.730615196605209
2544,0.110154317252903,0.150034828872213,0.172560577971031,0.190275822668848,0.168080862237803,0.208893590997202
2545,0.0520638643518791,0.383151723466363,0.118443709651301,0.0252024919309664,0.281777627125715,0.139360583473775
2546,0.0400827480073749,0.0784248790368868,0.0475937874831857,0.196339078875798,0.544705633813007,0.0928538727837476
2547,0.012573096657669,0.057491135485576,0.599533185033102,0.0148208877068328,0.0595968587112633,0.255984836405557
2548,0.0463143485263583,0.0352659475225322,0.0362560079983477,0.268109467778645,0.540389661563818,0.0736645666102986
2549,0.0110098910654199,0.0776317741229287,0.0335786135568227,0.0321091571671394,0.36407799925268,0.481592564835009
2550,0.00925295366177984,0.0120969981816817,0.0193784799970009,0.226139420702342,0.490856289730679,0.242275857726517
2551,0.393000021812271,0.143286666465427,0.020687675233009,0.259215023207356,0.136732447330338,0.0470781659515987
2552,0.0997324594504462,0.268326655251449,0.259693734899002,0.0254099046835075,0.188132544729875,0.15870470098572
2553,0.420831856850478,0.215708514653798,0.0550825344310676,0.10550867601019,0.164245765320198,0.0386226527342693
2554,0.182733392565388,0.291093389135772,0.10411608000243,0.10277202988213,0.263548289209312,0.0557368192049675
2555,0.0102927885657927,0.134998798123627,0.0697393605020176,0.0346270588430325,0.627685765840914,0.122656228124616
2556,0.0631317063668494,0.301854912504804,0.299786423065733,0.033818915499515,0.150428599615419,0.15097944294768
2557,0.591486562638479,0.103098385901216,0.22849189441685,0.0400239059230968,0.0257780517715489,0.0111211993488089
2558,0.0225687439788736,0.0570815183049614,0.750261493643655,0.0256568273266201,0.0458472417770047,0.0985841749688856
2559,0.0835392504120133,0.434174856324558,0.180425852152245,0.0194258409303817,0.116070383058844,0.166363817121958
2560,0.00855266120386758,0.1144563472053,0.130400737439713,0.0156613623068083,0.225810941486847,0.505117950357465
2561,0.00703627311167339,0.063951087077777,0.263973849069444,0.00426348494905712,0.174634743820829,0.486140561971219
2562,0.170439743642053,0.30471186560182,0.0353150686221356,0.075732063222435,0.38216684513623,0.0316344137753272
2563,0.580229086264627,0.0711341863366919,0.176581843829351,0.0715681827037457,0.0588770129398085,0.0416096879257751
2564,0.115308673145631,0.0380631386182831,0.0813950236195866,0.557259743423127,0.069844405255575,0.138129015937797
2565,0.0465124826355726,0.141008442182843,0.122699032091626,0.0722697781173419,0.249213285530261,0.368296979442356
2566,0.0107966047894909,0.0513792570329424,0.173855988021143,0.0454033923231313,0.280166530187099,0.438398227646194
2567,0.02870664917754,0.176040669710815,0.146096121851929,0.0263225170072885,0.211231357282418,0.41160268497001
2568,0.010637988788432,0.0605923125536088,0.0739788007059946,0.015182785946083,0.377536104445055,0.462072007560826
2569,0.0702448605460932,0.121383719357749,0.142068196562356,0.0258718814369299,0.141265020789815,0.499166321307057
2570,0.0136449388702763,0.74291189438163,0.10366267389336,0.00183274088934808,0.046763186634343,0.0911845653310433
2571,0.0328224263371769,0.0931915272812163,0.0205909180198425,0.174507482270646,0.469382768961079,0.20950487713004
2572,0.0784987019673431,0.0410726036200063,0.282060568811518,0.0956115025371621,0.130368057659473,0.372388565404497
2573,0.0394450638712102,0.210893493748434,0.084510731998257,0.0161870880495471,0.26855202756692,0.380411594765632
2574,0.0224669518933046,0.0495575310403855,0.022037819456327,0.245936919031715,0.52710416033094,0.132896618247328
2575,0.0193802581288261,0.0269057577110789,0.0193041264017019,0.11530709431148,0.620273984923802,0.198828778523111
2576,0.373310669500958,0.317959925373539,0.152876209569462,0.0860570229893275,0.0279332711475213,0.0418629014191918
2577,0.0450002408825931,0.257856032602935,0.361721595860983,0.0275818360824479,0.148524361547901,0.15931593302314
2578,0.000753316288139756,0.00571518651026734,0.0226699825925457,0.00484292729370915,0.136673693389337,0.829344893926001
2579,0.318979511755712,0.175759669330801,0.150110080912291,0.129919928579588,0.150302010507754,0.0749287989138536
2580,0.039698601716489,0.406481811580362,0.147414609873952,0.0102752628914278,0.176812433664339,0.21931728027343
2581,0.000764885259782519,0.0141386101797246,0.0479716010527001,0.0200251031342895,0.308156989799056,0.608942810574447
2582,0.303850965385545,0.289452152003852,0.136046294444057,0.0480775830465891,0.134932222814816,0.0876407823051403
2583,0.1896741265392,0.456377663310016,0.194301936997096,0.0271937876176996,0.0560604276829645,0.0763920578530232
2584,0.266412383710614,0.387275316337793,0.118782927352792,0.0658569119221913,0.111152646972479,0.0505198137041315
2585,0.013225655359337,0.0635396863436235,0.0360786500389068,0.0643142372229884,0.546580437105418,0.276261333929727
2586,0.0338681457378732,0.289675876848782,0.0866310252208869,0.0248154282114195,0.23915873653429,0.325850787446748
2587,0.204578039476748,0.0509937614933672,0.0276059040457841,0.447660325376482,0.192168864280391,0.0769931053272272
2588,0.0331818842837652,0.0182844023084596,0.00763093696294452,0.405735428360084,0.454945603882355,0.0802217442023908
2589,0.0939609855080748,0.10317758942157,0.0336120191704685,0.224724121778017,0.476541232047897,0.0679840520739725
2590,0.0162980536509655,0.081439624094866,0.0998596047419526,0.107965452040925,0.402025236709911,0.29241202876138
2591,0.0605174345813996,0.0816196475943195,0.541221643306636,0.0137580629471132,0.0457071584378016,0.25717605313273
2592,0.00753576554749545,0.014127298950635,0.0031863934001216,0.177996242448452,0.713728782808597,0.0834255168446997
2593,0.131045639435262,0.140455698079101,0.0665552695604259,0.0737749013873608,0.488862126069288,0.0993063654685627
2594,0.0342638261243654,0.105682893060671,0.0566038664456455,0.0546514285345148,0.375866382629289,0.372931603205515
2595,0.229102245536241,0.0631987350059579,0.176388741376159,0.403612788573183,0.0732769770176744,0.0544205124907837
2596,0.736904559990092,0.052750194936433,0.00995400084422948,0.170060314295076,0.0273766360407897,0.00295429389337969
2597,0.00452352493707248,0.029305150559117,0.16429006671702,0.00986774794560741,0.099526397086252,0.692487112754931
2598,0.0115949385489379,0.0934221952643988,0.0710605563806613,0.0127187422845943,0.24588379805121,0.565319769470197
2599,0.243876932767812,0.353937011426589,0.034779434616822,0.12495065907414,0.195112992916548,0.0473429691980892
2600,0.00129651508657112,0.0227402720641809,0.0248795025002268,0.00905796723101117,0.841029707172825,0.100996035945185
2601,0.0100441532213069,0.0381381991732221,0.193645845393147,0.00789458683328442,0.0834815568011003,0.66679565857794
2602,0.0296981291634581,0.132241007987342,0.100087531695501,0.0325815198643355,0.272058126871171,0.433333684418193
2603,0.0367255710100571,0.595419900522043,0.0426837199958166,0.0178383213048641,0.262863778941299,0.04446870822592
2604,0.0708341247706845,0.0613058785510561,0.35412261536617,0.246790408791586,0.101601307390478,0.165345665130026
2605,2.60107212535794e-05,0.00970315767686344,0.089582362068539,0.00245433807313864,0.21934678098325,0.678887350476955
2606,0.0187032556718638,0.0721507281911372,0.140077947973078,0.0230828056832126,0.138070016462325,0.607915246018383
2607,0.0189542285862266,0.0373422444877692,0.0740460609397807,0.0688809069493446,0.231558414777842,0.569218144259037
2608,0.212494652373671,0.255869554905648,0.120637853999131,0.130752532672138,0.119244665495014,0.161000740554399
2609,0.0147816897086949,0.0399570630262866,0.0335116982999073,0.126733424091423,0.524114899713623,0.260901225160065
2610,0.0849200281375651,0.245104984535207,0.0625279971772918,0.168783255990704,0.342110236078035,0.0965534980811966
2611,0.0505832576279126,0.197388450676252,0.237356789783268,0.0513642361576103,0.0935414570644439,0.369765808690513
2612,0.0247092988476231,0.187320644434846,0.138239945331894,0.0389638866389154,0.299791986534794,0.310974238211927
2613,0.644962230626994,0.185592138927174,0.0272051396188418,0.0798909881903494,0.0562708267522162,0.00607867588442377
2614,0.107293137312176,0.154625686512118,0.1047049478072,0.10864025828125,0.344589688763758,0.180146281323498
2615,0.583747737278538,0.145242047434969,0.0855896379666373,0.084772481710657,0.0629613217385356,0.0376867738706633
2616,0.00677757253419667,0.0511750837496731,0.0888430153496313,0.0520062846856224,0.369906692982588,0.431291350698289
2617,0.418352328217625,0.345729142470579,0.106948085288864,0.0365343270491258,0.0748454568672268,0.0175906601065795
2618,0.103853688718413,0.108053509135807,0.0598127703700792,0.142327480003714,0.396467067828336,0.189485483943651
2619,0.0211303092482092,0.0221031998965599,0.0166866113562154,0.129775350216205,0.568643148876068,0.241661380406743
2620,0.0408384298096864,0.158595667843612,0.254054046077743,0.0397883436725145,0.304707362766728,0.202016149829715
2621,0.0516198206890135,0.100134290671512,0.0164971194717857,0.100350693400361,0.677906829678455,0.053491246088873
2622,0.000433200640410973,0.00230300845510658,0.0128736188399077,0.00340638338626318,0.0756220906317396,0.905361698046572
2623,0.456806430013687,0.21973173576604,0.0386546481622167,0.127743541739494,0.137170486526611,0.0198931577919512
2624,0.00215815144878976,0.0166343112365123,0.115855680116876,0.00820340601183352,0.0750279862652189,0.782120464920769
2625,0.225312798354492,0.360055342333323,0.31486992893763,0.0242981176818467,0.039457544697341,0.0360062679953674
2626,0.00113744472318546,0.0105455491141304,0.0330763224606702,0.007056484032857,0.201245544412052,0.746938655257105
2627,0.139434567084353,0.175438026959552,0.473229985267783,0.0177715937656076,0.0548466195494367,0.139279207373268
2628,0.186236439608192,0.346000168866824,0.0337437296504795,0.175809308667788,0.211702791877258,0.0465075613294584
2629,0.012588046288515,0.224181378872252,0.0805852076160514,0.0155073485262167,0.312979571090581,0.354158447606383
2630,0.216788708780173,0.0682134923537213,0.119525616573625,0.103021810158447,0.222529317799075,0.269921054334959
2631,0.027953865772978,0.226804477131215,0.185510991011407,0.0263574145955325,0.293155984243881,0.240217267244986
2632,0.00666398413276724,0.021097112339446,0.0689822604867172,0.0243231048755336,0.222789691836287,0.656143846329249
2633,0.106948479043933,0.293777234196424,0.114086371829403,0.0718059469053271,0.273161037282653,0.14022093074226
2634,0.0330832521932777,0.150760489426137,0.181455412974468,0.0652469215085267,0.178765000084653,0.390688923812938
2635,0.0746647113878048,0.171165302626572,0.0787022320831505,0.100221772888576,0.41520996592624,0.160036015087657
2636,0.103751054444282,0.082801535045589,0.192134833305107,0.171042726495965,0.161602100357436,0.288667750351621
2637,0.0162727037499949,0.0829125622589047,0.0138060671769581,0.0850955796982825,0.684026582120887,0.117886504994973
2638,0.0796393354590001,0.0475811658645661,0.129458457385612,0.23970328019386,0.103519212482363,0.400098548614598
2639,0.215653272665655,0.0652080902867735,0.0640598614767451,0.321344907180761,0.223858762935745,0.109875105454321
2640,0.00834776124511079,0.0320105317924323,0.0530165166142592,0.0161475880532682,0.146827482402563,0.743650119892367
2641,0.42604091083416,0.136214298306845,0.13441951433652,0.116894739617716,0.114907218731559,0.0715233181731998
2642,0.00802060430471854,0.0820958415082231,0.11544229276345,0.0234611889854625,0.258082190303652,0.512897882134494
2643,0.434391542801569,0.335569573988179,0.0243342545506376,0.0950682457990554,0.0920262304428013,0.0186101524177583
2644,0.0035857998797809,0.205810048897628,0.0663291493253295,0.00634626630511815,0.320800129498229,0.397128606093915
2645,0.0513354865834606,0.0466781086814542,0.0335200311758564,0.119222461717014,0.403704520716404,0.345539391125811
2646,0.00182807653291618,0.0208484795958993,0.104243106589587,0.00850742309377935,0.0783435669734045,0.786229347214414
2647,0.0380650003970272,0.0611136363623319,0.0687833067790273,0.0745779181985147,0.375483658280923,0.381976479982175
2648,0.0917228459413431,0.144996856076494,0.720736195568452,0.0064089584064927,0.0100862102094776,0.0260489337977405
2649,0.0211356722264279,0.0356987801213664,0.0708783998350054,0.0501997014103757,0.179407783451711,0.642679662955113
2650,0.0481177316161336,0.01883563413167,0.237717043968137,0.0770841225706866,0.0922298339854354,0.526015633727938
2651,0.010334627784369,0.065830033051857,0.0588451065879555,0.0592609311803149,0.425307301671049,0.380421999724455
2652,0.00852515729101611,0.0822374843717125,0.0549241092727983,0.0174788387318452,0.525006297421862,0.311828112910766
2653,0.299627529633403,0.218777029941249,0.0698188607890256,0.114163830036749,0.184942708260549,0.112670041339024
2654,0.00144719695774589,0.0227452228945013,0.0480450618449538,0.0178686477038592,0.165459689265581,0.744434181333359
2655,0.609513624105616,0.170794780769154,0.0264473699399598,0.0881935543863678,0.0962099962612649,0.00884067453763774
2656,0.0181823803565505,0.0961545665595648,0.0426371222366475,0.0306628548293156,0.546745326633616,0.265617749384306
2657,0.0068960020634214,0.0454493954477838,0.143889863708439,0.00818771625783116,0.119978537305381,0.675598485217143
2658,0.16178806232948,0.0726977958329203,0.0975511377592594,0.464366458847345,0.125621234574847,0.0779753106561483
2659,0.449082595562907,0.0835131306513677,0.0260650696389128,0.3917003947228,0.0341005635277324,0.0155382458962804
2660,0.00987655558622848,0.044187231634978,0.0754364724699228,0.020652981113058,0.260692092949535,0.589154666246278
2661,0.010344803924871,0.0271851921489813,0.141967432227415,0.0125790027806686,0.0705936058378745,0.737329963080189
2662,0.00532107015107591,0.052095501033532,0.117188938598598,0.0139731301499012,0.150202011253595,0.661219348813298
2663,0.0121547628721461,0.0546759324449884,0.0868188452891473,0.0322926286458364,0.207567459559459,0.606490371188423
2664,0.0450387801337842,0.158731978468706,0.0339660883247357,0.0746484324418385,0.526465293319385,0.16114942731155
2665,0.275567651681652,0.220998886878574,0.224895122346337,0.0734270820670306,0.124974710329893,0.080136546696513
2666,0.00022668903557151,0.00168086800364893,0.0296306903570428,0.000558224545058964,0.00670133698927569,0.961202191069402
2667,0.0623736675467252,0.144980572268943,0.318192185043587,0.0492816338364776,0.210045358531709,0.215126582772559
2668,0.00310012838720644,0.046510780432911,0.230861467814924,0.00402983887673932,0.0779430886774606,0.637554695810758
2669,0.100830892286914,0.354033984657551,0.158738793059034,0.0350350488971784,0.127406965491905,0.223954315607418
2670,0.0153243124716591,0.0646365621550659,0.141580303802875,0.0315843710088247,0.208831860394614,0.538042590166962
2671,0.0211930890845737,0.108431215496101,0.0947483981553865,0.0966252984778155,0.35775825170312,0.321243747083003
2672,0.00230594942639435,0.0153989845635545,0.125403550309803,0.00706897895401141,0.0976958961844456,0.752126640561791
2673,0.287428965912261,0.18578340296624,0.0816988196440998,0.160795093101133,0.215471302826244,0.0688224155500211
2674,0.00712775467183977,0.0310485119514842,0.0664122449471602,0.0509032128823461,0.316865194793723,0.527643080753446
2675,0.753275675247695,0.151548430332874,0.0102694069286811,0.0597957746827867,0.0226090840849326,0.00250162872303
2676,0.033581730096864,0.0879875041179244,0.106697720940223,0.110130863291772,0.37875315907946,0.282849022473756
2677,0.0627610137327567,0.0502050216459022,0.625176167746062,0.0604639154423984,0.145707530457243,0.0556863509756377
2678,0.0359220918056396,0.0954626267041322,0.223083267175248,0.0537147851217687,0.342831568749772,0.24898566044344
2679,0.00539061996808045,0.0163399624241253,0.0200875453920496,0.0325513685496976,0.330384146597589,0.595246357068458
2680,0.117728924135816,0.0727523623276283,0.295697019945323,0.377007271378324,0.0808406938034573,0.055973728409451
2681,0.0103205968745363,0.165594536230658,0.119402940271963,0.0115209451245934,0.416489616810946,0.276671364687303
2682,0.0114841415529486,0.0171382221158282,0.100825557978217,0.119963992683538,0.209359256706942,0.541228828962527
2683,0.634369588718797,0.110745782124608,0.00924594102015615,0.198199034312766,0.0449981283267113,0.0024415254969618
2684,0.00793888728030462,0.0470316832651764,0.0370304995450339,0.051855740202772,0.481592865477299,0.374550324229414
2685,0.0747904087512462,0.0264862674791363,0.309769791358613,0.0394523886863473,0.0415916617758891,0.507909481948768
2686,0.00907782179376477,0.0634045083613616,0.0640468312802062,0.0170246273908372,0.138978319599266,0.707467891574564
2687,0.360261856498291,0.2437534120915,0.0765191019729437,0.172092223279385,0.114008047192441,0.0333653589654392
2688,0.00875157223583724,0.110629648733592,0.0535494165517332,0.0787585055941285,0.557016422586838,0.19129443429787
2689,0.195337143583671,0.418386015154627,0.117464818113964,0.0848010937334348,0.141023824469127,0.0429871049451772
2690,0.0236251080402882,0.0332743910973791,0.0539344877674153,0.249765792104661,0.390542333422118,0.248857887568138
2691,0.039023544421525,0.205170027553917,0.163589366885547,0.0314752897177588,0.352597080206875,0.208144691214377
2692,0.147544947923924,0.118488946416287,0.27804412015042,0.0381952344838749,0.203744917359216,0.213981833666279
2693,0.021946613746308,0.0402906379849403,0.0813660806862411,0.0261432902615066,0.137849750657844,0.69240362666316
2694,0.00157148565371681,0.00722802767687407,0.0139179643994649,0.0282895871373505,0.389829127527097,0.559163807605497
2695,0.533891892794501,0.138813962945118,0.0557783820680687,0.146827122929797,0.0931752095838425,0.0315134296786723
2696,0.0176268397894919,0.0686877877239099,0.270403431229072,0.014654130854236,0.0697361980859412,0.558891612317349
2697,0.134625259753383,0.227015864846375,0.240873091220118,0.0449215787265333,0.212865430813437,0.139698774640153
2698,0.00266523135088678,0.0192694881597095,0.18608925074778,0.0118245801619992,0.455621318334214,0.324530131245411
2699,0.00710394645521335,0.221763832307861,0.629402742276054,0.000490839848561486,0.0135907523946954,0.127647886717615
2700,0.00141235303941392,0.0572099024554709,0.0350792650485953,0.00423383188742869,0.372170786784329,0.529893860784762
2701,0.00698767194621259,0.048323540113167,0.114366127749279,0.0413965389346984,0.235291739682355,0.553634381574288
2702,0.366924155417844,0.184067315680709,0.199967217340031,0.0749913512324555,0.0903191503766726,0.0837308099522888
2703,0.162406681591907,0.0560995741759294,0.123798903681676,0.208078396225996,0.257375422349881,0.192241021974611
2704,0.0647355926759532,0.207164278155846,0.57156922489625,0.0101951954870464,0.0488765696012918,0.097459139183613
2705,0.0115239700017815,0.091632788095128,0.334851642050258,0.0133772983142939,0.0925245199049912,0.456089781633548
2706,0.00788516919207111,0.0366229403245131,0.209906467680687,0.122438688845103,0.317713081979106,0.30543365197852
2707,0.00913295732319092,0.0331757657938376,0.0098652150237405,0.0843731088474135,0.711421283405141,0.152031669606676
2708,0.394150446812537,0.209638312966868,0.0563108409954547,0.170419269838511,0.152063724049494,0.0174174053371356
2709,0.050493618803824,0.187565338547875,0.492835363749952,0.0162659433870581,0.0683659291385316,0.184473806372759
2710,0.0528153909851383,0.0198840387924209,0.368535947708733,0.0273629448398492,0.0235520907542375,0.507849586919621
2711,0.223323555560274,0.121710632146944,0.0699331963211145,0.147906917012612,0.272688532779854,0.164437166179201
2712,0.189433051394874,0.055122691628607,0.0540529822426181,0.566978769328269,0.0924383099949386,0.0419741954106933
2713,0.0381198745152761,0.129904962592338,0.289220005400016,0.0575281006120803,0.141089876245141,0.344137180635148
2714,0.00595343792956957,0.0917023579548682,0.3044645006548,0.00607434322007625,0.144411825022672,0.447393535218014
2715,0.0108697402639754,0.0815615679157464,0.278894907375204,0.0195552463362869,0.32197612952977,0.287142408579017
2716,0.0424761446257417,0.0641810037631673,0.0394616057817631,0.0719168375450779,0.366582070402232,0.415382337882018
2717,0.00976771078181164,0.0346573124065708,0.075173536181802,0.0454499492178736,0.302320585155503,0.532630906256439
2718,0.0343099697299085,0.0414589499527874,0.215618819102826,0.049972179730211,0.119841254272423,0.538798827211844
2719,0.0094178329142685,0.0689274391684268,0.113926145775495,0.0273046719326762,0.347574130860149,0.432849779348984
2720,0.243137959487945,0.109573234862362,0.183078262562211,0.125814346968101,0.184521497796779,0.153874698322602
2721,0.0207699806481092,0.0659533398800954,0.130087511239361,0.0355976519592185,0.320827961263131,0.426763555010085
2722,0.264093289666107,0.411171614245243,0.168749808026966,0.01874366126858,0.103166948804355,0.0340746779887486
2723,0.0341809792007456,0.297789281891194,0.290005879880574,0.0205389036061229,0.112032260176139,0.245452695245224
2724,0.532248122597006,0.169452106842698,0.0623959401147635,0.167587137221015,0.0522505932834462,0.0160660999410718
2725,0.501871414175892,0.380492529043118,0.0193242368183563,0.069553869336155,0.0226781940697501,0.00607975655672888
2726,0.0148743707987298,0.0416575288257608,0.0169278218055989,0.0680415687154377,0.823102141410513,0.0353965684439597
2727,0.00232251006208616,0.0365373743129772,0.0280642018159843,0.0351139662101461,0.420292161921697,0.477669785677109
2728,0.0233635416449761,0.0303864024447566,0.213331927198025,0.0299625784676959,0.0680455271335163,0.63491002311103
2729,0.164591712117911,0.273758426311696,0.0695423722853744,0.0935848786399355,0.3052603880337,0.0932622226113837
2730,0.00168163968676652,0.0211197502653309,0.0522781051804678,0.0245226087732055,0.284906322179709,0.61549157391452
2731,0.121221005987059,0.163859992171987,0.0787592040719744,0.184610429249231,0.35892800012774,0.0926213683920082
2732,0.0125356809913797,0.0512137837114438,0.328798776093134,0.0103473013092008,0.0543626364002337,0.542741821494608
2733,0.0369409518835402,0.0829123822301143,0.0678515873391774,0.272708179501606,0.450737394361748,0.0888495046838138
2734,0.00992753688480711,0.885387544847779,0.0283432493220717,0.00185694410326889,0.0441134840788791,0.030371240763194
2735,0.0262821961031198,0.348630432233939,0.197475657970704,0.01207686637844,0.17520915472592,0.240325692587878
2736,0.0716697872829314,0.0924068327434681,0.047585409715928,0.386550375204222,0.326026926496643,0.0757606685568066
2737,0.174425677089944,0.132203500492622,0.295682459612264,0.0127512232472499,0.250249994859209,0.134687144698712
2738,0.0126878746792229,0.0947278584060175,0.0763411743592098,0.0426133500240112,0.292879521348959,0.480750221182579
2739,0.376724959840581,0.319498574473973,0.0667643574262707,0.0642633710585918,0.142711246819534,0.03003749038105
2740,0.267026066610355,0.197785728002917,0.14264578519248,0.1085284591964,0.16825698858088,0.115756972416967
2741,0.140541902368098,0.205591264834277,0.171861043317448,0.0565426755914797,0.260577285055119,0.164885828833578
2742,0.0336456172150096,0.0896057744983432,0.0578527512282695,0.0800300947199059,0.488993979310417,0.249871783028055
2743,0.285725014862174,0.165119011120824,0.150727408627382,0.164419274122427,0.116587727315778,0.117421563951417
2744,0.00961687159088194,0.0640304021004096,0.0131222417303493,0.155017352465921,0.659206221336041,0.0990069107763978
2745,0.000105769130743505,0.00192784062264182,0.214510390872138,0.0283481919061796,0.436056727494131,0.319051079974166
2746,0.0086330882940158,0.0704984073476141,0.134152846427469,0.0253232620664995,0.185810379269447,0.575582016594954
2747,0.01600125947769,0.0458300804679959,0.0243598336330087,0.0695991335884836,0.574219059024154,0.269990633808667
2748,0.00356900668629753,0.0295311201968681,0.0260582808832187,0.036583447456462,0.730055611582876,0.174202533194278
2749,0.22997658037477,0.231171884693708,0.0492445772650982,0.271268558154287,0.141006201611559,0.0773321979005777
2750,0.0116155090300531,0.0871755902265754,0.174850682776065,0.0359291320373343,0.185706326227619,0.504722759702353
2751,0.137105267823694,0.122987650432871,0.0407544963534903,0.17301625364849,0.491749928001785,0.0343864037396699
2752,0.0579693460880112,0.080780356556834,0.171407797660009,0.0706973222512333,0.132470126428844,0.486675051015069
2753,0.0356477403932542,0.0870717181014563,0.0473526103598166,0.162634749300344,0.538086531539286,0.129206650305843
2754,0.00563824401730539,0.20508513630787,0.0255145352654307,0.00585038485599341,0.667595607536679,0.090316092016722
2755,0.00053260387041645,0.00424412359215903,0.0285665959819269,0.00734349676082443,0.264094566384109,0.695218613410564
2756,0.00150714635328225,0.00417889085659753,0.0864473650436276,0.00492878894873985,0.0308053535493516,0.872132455248401
2757,0.0202616530391839,0.243576078101677,0.0513231071907994,0.0243141733553397,0.38205213310679,0.278472855206209
2758,0.0360714385449121,0.339456391897039,0.173816823690537,0.0177588287869348,0.287555393087627,0.14534112399295
2759,0.0231305016154406,0.24956463162969,0.0935171818436744,0.0183427195175317,0.226951996535707,0.388492968857957
2760,0.401696117215725,0.191676737797301,0.0899450624635587,0.226686646106005,0.0750133618383551,0.0149820745790554
2761,0.120471342684787,0.0732914390994768,0.0445307280043368,0.417103224055841,0.274675806147847,0.0699274600077108
2762,0.000945669233468403,0.0246625551999367,0.0315438587050107,0.00314255816917103,0.392637020252837,0.547068338439576
2763,0.0507916576193377,0.171625635681198,0.211860087364461,0.0404587727536551,0.276474286185614,0.248789560395734
2764,0.00727320278671265,0.009911454539519,0.0901514420977893,0.0242156174843469,0.0764471203036996,0.792001162787933
2765,0.0218910900330854,0.18731644475657,0.271398079549566,0.015950528025776,0.146526599614689,0.356917258020313
2766,0.0566130970339843,0.192067587151196,0.12067620555183,0.0268182746656689,0.392727694312933,0.211097141284388
2767,0.00191621584840503,0.00121080261611598,0.00294060040536547,0.894352617079744,0.0688200813800017,0.0307596826703676
2768,0.0181162811703796,0.136769563173515,0.434680731644727,0.00743713644614674,0.0581475832245228,0.344848704340709
2769,0.0629037902055948,0.373841476682356,0.0619180846052755,0.0845997515716315,0.345578239238674,0.0711586576964684
2770,0.000721424675805889,0.0122014602132638,0.060619242570009,0.00750542263536022,0.245614926332421,0.67333752357314
2771,0.014789885183178,0.0926936702847104,0.392988354761693,0.00799257607231979,0.0652459838691004,0.426289529828998
2772,0.00902812332415576,0.0208177015811381,0.0878522540968391,0.18782857358548,0.470109784173074,0.224363563239313
2773,0.0297919782099164,0.287408607945697,0.0864537555196058,0.0109871034771444,0.473719521043257,0.111639033804379
2774,0.0688123973827117,0.589284223363746,0.0775751847036109,0.0164282786797299,0.208324630905001,0.0395752849652006
2775,0.00030722921125944,0.00386305731455635,0.0448322150194833,0.00254898738356909,0.0608903109971059,0.887558200074026
2776,0.00657707911368139,0.050195571006849,0.105241062725346,0.0366518448239113,0.26046716381241,0.540867278517802
2777,0.00047999643260206,0.0125271678839846,0.0575730617590841,0.00476799442789866,0.148354165537281,0.776297613959149
2778,0.234227680135983,0.114520862652955,0.194188961835351,0.110288422703457,0.0993938037777563,0.247380268894498
2779,0.0339941918258946,0.0163825416119008,0.287144727202174,0.209138138076213,0.13785208637161,0.315488314912207
2780,0.0434320849259046,0.126727264193915,0.323178387869963,0.0587391329554209,0.0927073710309076,0.355215759023889
2781,0.00674472213250661,0.0113783427932457,0.0379051521604052,0.151119362528069,0.4960318956172,0.296820524768573
2782,0.00485698946747479,0.0144747271787862,0.216283435802411,0.0134390354451405,0.10224261635287,0.648703195753317
2783,0.59163647556331,0.163506946827366,0.0751501747902127,0.10912161270957,0.0421596111034999,0.0184251790060416
2784,0.0829432146555084,0.177738409642525,0.0619590566374746,0.106234046333188,0.439803830501578,0.131321442229726
2785,0.000426161178140779,0.00240415036033135,0.0139746722148055,0.00847347664262965,0.36533531063507,0.609386228969023
2786,0.0157260478667172,0.151168513641293,0.0676838482126119,0.0502942078179624,0.482744900102331,0.232382482359085
2787,0.00224354701807273,0.0150360102817565,0.0575122576351159,0.0142384915908716,0.153644910429549,0.757324783044634
2788,0.0209081303582511,0.0662808622543676,0.160883461145813,0.024215949832821,0.117923575390408,0.609788021018339
2789,0.0535534571905054,0.0934730246599324,0.328277737548587,0.0703422021625078,0.168489271553196,0.285864306885271
2790,0.204655997107076,0.151709658162597,0.0483461021511858,0.107855151610873,0.343813292542398,0.143619798425871
2791,0.232447977200964,0.0717348944787006,0.029998431350529,0.515537063798371,0.124329021491696,0.0259526116797394
2792,0.454553902718949,0.25448984987395,0.0376925961600225,0.111545351337562,0.123471332086516,0.0182469678230002
2793,0.00429452935420523,0.0491276359184987,0.0381760008295279,0.015234996287933,0.497521833848328,0.395645003761507
2794,0.44439228364404,0.149903414603325,0.0469503445037528,0.192317752297367,0.140814689653332,0.0256215152981824
2795,0.559100248981023,0.0980890304349458,0.0222513632084569,0.275971150497197,0.0397409605379812,0.00484724634039591
2796,0.000539299801010663,0.00595534142915604,0.0477006051691721,0.0115489950854739,0.139398055113101,0.794857703402086
2797,0.0901780646885732,0.096099628959604,0.104416199759717,0.0888559028042381,0.161685846426869,0.458764357360998
2798,0.0107669543485211,0.359387058113643,0.212336613386957,0.00442476805567309,0.271848009572715,0.141236596522491
2799,0.211452000811952,0.130213943160437,0.408368137855165,0.0171631403673771,0.0743254259050241,0.158477351900044
2800,0.0048796749661522,0.0116652821043887,0.0435297657909094,0.0156878223316753,0.147158514992531,0.777078939814344
2801,0.00396449793201704,0.0224445516752785,0.0143981838550743,0.021044469853045,0.431198449835131,0.506949846849455
2802,0.00713009407354113,0.0691011202308854,0.0589028209151598,0.0233212386385861,0.478737218199715,0.362807507942113
2803,0.0486496913981656,0.603206519158,0.1505387864392,0.0114122515804414,0.101381111394775,0.0848116400294175
2804,0.0160930262050001,0.051797989331888,0.111219599840299,0.0251752410794763,0.38282075727214,0.412893386271196
2805,0.392939114243982,0.143260060293069,0.235510783748361,0.0771082175194866,0.0749560251232551,0.0762257990718462
2806,0.0634366233888251,0.0507904358099962,0.0801834301071183,0.327800885074249,0.289262105965434,0.188526519654377
2807,0.130145655474154,0.21189370215913,0.198057649617283,0.125758702903359,0.177312073260233,0.156832216585841
2808,0.00982183896665821,0.0463405337191106,0.0578547855818791,0.0259807293325539,0.257627920971403,0.602374191428396
2809,0.0627475620517856,0.132422603442199,0.502453452041104,0.0357013577251759,0.0472323746175573,0.219442650122178
2810,0.0107498859824341,0.044390899217332,0.0502786860033203,0.0854934760326021,0.407006331849744,0.402080720914568
2811,0.00265926866891708,0.0906430483303624,0.0738443777679009,0.00808260695106492,0.549928202599974,0.274842495681781
2812,0.463998012087205,0.337366881616867,0.074020406390068,0.051768421392271,0.0517018517216517,0.0211444267919371
2813,0.280129913555645,0.0964987538513014,0.0887964348587447,0.202790147932819,0.266854616009829,0.0649301337916612
2814,0.0190025329620545,0.3091904921035,0.191654142753673,0.0192715422543086,0.159646794490996,0.301234495435468
2815,0.00683689170848656,0.0408873107865218,0.0895453124531208,0.0277875004092952,0.169226243988892,0.665716740653684
2816,0.277651538776137,0.137093993438538,0.238384254625959,0.15416615441993,0.150294894584867,0.0424091641545683
2817,0.106823766602998,0.446769847619674,0.077484069400999,0.0705403795934017,0.215015428878308,0.0833665079046188
2818,0.231253307335673,0.432846495016871,0.185169320641274,0.0307502875194638,0.061529625846719,0.0584509636399986
2819,0.298268889367574,0.397663914053439,0.0899069809219455,0.0487317638717863,0.135093024523827,0.0303354272614288
2820,0.54644094568788,0.203634945421292,0.170633928394248,0.0378296816312063,0.0310655027290615,0.0103949961363118
2821,0.00177950879895636,0.0378797971934518,0.0111547930280658,0.00672757443479926,0.360885865353048,0.581572461191679
2822,0.168971241733898,0.214180851632041,0.241533281968233,0.0697301684278059,0.177935210854361,0.127649245383661
2823,0.0163189842368021,0.0837767070315275,0.119575813886474,0.0478439833953525,0.247505324336442,0.484979187113402
2824,0.0226060364904292,0.0632159179666697,0.167900684807398,0.0573490242735563,0.350045265272134,0.338883071189813
2825,0.00327105042255669,0.00802429996841513,0.166563660983307,0.00666899038554726,0.013718896279947,0.801753101960227
2826,0.0414053388364988,0.166246632379129,0.0499805036444591,0.0587755217757698,0.536259002902836,0.147333000461307
2827,0.0603995925521051,0.62540856912753,0.17696844151678,0.00708080134807174,0.0718601645858121,0.0582824308697006
2828,0.00758221892549109,0.0923518558546933,0.113793910338299,0.0119516729871112,0.435241808327477,0.339078533566928
2829,0.0511988737800392,0.0447856831722099,0.0525405067212717,0.238124424742975,0.531665017205068,0.0816854943784361
2830,0.00333628674803079,0.025836318033017,0.124614548139852,0.0290928340786906,0.183277152881575,0.633842860118835
2831,0.34657202208456,0.335548470871059,0.0980373213124607,0.11060798382384,0.077783777284323,0.0314504246237568
2832,0.0336011124753075,0.407013443625315,0.17180802689686,0.0167360873247945,0.261639274897104,0.109202054780619
2833,0.29836916591131,0.112113023480784,0.128560830966413,0.18040196240292,0.148664950842131,0.131890066396443
2834,0.00458781574359006,0.0425025858954578,0.11552258707513,0.0125259981727289,0.181440434374677,0.643420578738416
2835,0.113298390976333,0.293202142488544,0.0711950236400093,0.0680684531224118,0.343074724950149,0.111161264822553
2836,0.0391097181767137,0.106401552396545,0.0711640303315147,0.137224775499502,0.374716727982639,0.271383195613085
2837,0.0298157619643259,0.241532500300177,0.280752334969064,0.0413502982281931,0.196791471609863,0.209757632928376
2838,0.353535679225956,0.218565922698718,0.2317364470809,0.0779941734406514,0.0397290057584458,0.078438771795328
2839,0.0511045724090952,0.148180352197022,0.211307278550019,0.13313210427416,0.228757077138797,0.227518615430907
2840,0.125106982042444,0.0543068493610316,0.100448114810773,0.435960131546394,0.110725077059322,0.173452845180035
2841,0.280597158169448,0.233118555118678,0.116336849206986,0.0732408392816524,0.174278179154061,0.122428419069174
2842,0.00817724764079256,0.0538253688015917,0.0283477784610126,0.0202740795506431,0.481411445323381,0.40796408022258
2843,0.0195666476609214,0.0450028643495953,0.0333462412359304,0.0026816572065725,0.70582139700828,0.1935811925387
2844,0.0262435286742278,0.188758998942298,0.335647910211565,0.00959793678489589,0.0778557335946123,0.361895891792401
2845,0.336256784781158,0.451427747262945,0.0571495277503151,0.116349043502477,0.0337190340151002,0.00509786268800492
