"CUS_ID","F20-","F30","F30+","M20-","M30","M30+"
2501,0.0435897084998559,0.450872594644046,0.141622200279407,0.0133759502385514,0.145358681816213,0.205180864521927
2502,0.115410356563274,0.229040289445988,0.0833664267418048,0.134406028259401,0.302622130329686,0.135154768659846
2503,0.0203053122071384,0.697273257471159,0.0258496645211687,0.0175855910656037,0.186730414724294,0.052255760010636
2504,0.526414872669326,0.111708370668507,0.0890582534426603,0.149549270880909,0.0607212711127698,0.0625479612258282
2505,0.0913405964357853,0.193885750606983,0.134794711033788,0.0695750010489482,0.095593586391007,0.414810354483488
2506,0.0073983150859247,0.378046803702125,0.116629666462338,0.0249174471593342,0.187888493124011,0.285119274466267
2507,0.0110097379330165,0.0292270919614372,0.147914428062029,0.0304141015483809,0.147035785821172,0.634398854673965
2508,0.00838258188809651,0.0561866782958473,0.0226092858887895,0.035910727528345,0.545831732269673,0.331078994129249
2509,0.0533947999940698,0.0433426295911838,0.195000920854559,0.0660460455223179,0.0967382267431868,0.545477377294682
2510,0.0105274650291257,0.0593047233179905,0.0506609386668722,0.023917693155798,0.327925379750343,0.527663800079871
2511,0.78772173232036,0.0795033549376676,0.0318256450585809,0.0716420022341378,0.0204029884503816,0.0089042769988721
2512,0.0343474768667881,0.130247670089521,0.0376744157044831,0.119987648778008,0.559640410801159,0.118102377760041
2513,0.0117365197576047,0.0174029285614906,0.0276641001628754,0.0344959678171447,0.472326529461091,0.436373954239794
2514,0.071942828756543,0.686535992123497,0.0291825292065817,0.0162730389883193,0.158413476895552,0.0376521340295068
2515,0.0109531538319509,0.032345740405499,0.0312836161736778,0.0220762674301115,0.207320332381011,0.696020889777749
2516,0.065907169665353,0.0661615130803246,0.0492948404730337,0.221884243515585,0.441701381476701,0.155050851789003
2517,0.0178450409318318,0.579415309256884,0.0698072534570029,0.0120650718447415,0.12658969485276,0.19427762965678
2518,0.425346292051267,0.242247290695564,0.163649736915738,0.0650886911877901,0.0404802119184379,0.063187777231202
2519,0.0455032343153151,0.896907000920268,0.0125705329113043,0.00422940821487407,0.0244102677059814,0.0163795559322572
2520,0.0284937350612616,0.0333817686781413,0.0278084054329471,0.130524148214408,0.572407714814641,0.207384227798601
2521,0.0183751119247193,0.0783867262459221,0.305317299976569,0.039794209883354,0.121058627960585,0.437068024008851
2522,0.279372751126583,0.147834439341396,0.180902254197425,0.0935864036403067,0.122701334536279,0.17560281715801
2523,0.0376928170816251,0.548860210552828,0.0385700094038957,0.0181902002228791,0.188156571536753,0.168530191202018
2524,0.0242266604469772,0.150800005602604,0.280046928234054,0.0555222874984901,0.0845943782408845,0.40480973997699
2525,0.0753220636414194,0.0723151795770089,0.0968490270978209,0.248643764744326,0.354425245218682,0.152444719720743
2526,0.186161491267146,0.27680252214486,0.0588955839806362,0.0951759850883656,0.278029447558517,0.104934969960475
2527,0.600561279181466,0.111042906019937,0.0858268305459621,0.041438741960499,0.0722039373410095,0.0889263049511266
2528,0.00663181015200479,0.0127295478932984,0.038918320710707,0.033793088367498,0.122478034182243,0.785449198694249
2529,0.113883329988046,0.211855690092659,0.23544270390556,0.0887370214216595,0.13608144907535,0.213999805516725
2530,0.0142690710451407,0.0242435482387997,0.241298281900575,0.0384731689396896,0.112826450686579,0.568889479189216
2531,0.0255608626305755,0.21373320967848,0.0714692992386918,0.0823918912501309,0.379151381822179,0.227693355379943
2532,0.0370127575730987,0.276507049826266,0.116816881950256,0.0314644647511688,0.16635106919765,0.371847776701561
2533,0.00151837643199904,0.00702447960906641,0.0430426098998706,0.0075460738962538,0.0423165192855131,0.898551940877297
2534,0.200613698507107,0.115270188781497,0.166065544071038,0.259358578060518,0.0773723763662846,0.181319614213556
2535,0.0440262151734106,0.109193352638989,0.251107279720252,0.0315569189860868,0.151647750580174,0.412468482901087
2536,0.138155042320533,0.292810179725152,0.0995976073536227,0.0749950958360201,0.180887805740819,0.213554269023853
2537,0.0496627370523792,0.819345352292258,0.0471787420181008,0.00605186829194104,0.0539488016784298,0.0238124986668915
2538,0.264696961222722,0.107664057249605,0.0690201179317988,0.114489683044074,0.241464236860597,0.202664943691203
2539,0.286167503242641,0.259800262571423,0.214576279909719,0.0493266994252814,0.106036244344524,0.0840930105064117
2540,0.189817609562725,0.0657490435622091,0.0575669645027274,0.232724050023126,0.377966242950728,0.0761760893984848
2541,0.117036166927931,0.0559138474451611,0.029298564260409,0.437465601569956,0.330730627643755,0.0295551921527877
2542,0.0450607360465223,0.575648866658084,0.0280463533832456,0.0393172014071677,0.272936804833431,0.0389900376715488
2543,0.0135755370940393,0.0290703544005199,0.0878695812798329,0.00880550992919455,0.11673042120721,0.743948596089204
2544,0.0841055484790848,0.150581610147705,0.190879404644695,0.213593189812014,0.145444660963484,0.215395585953017
2545,0.0574130236895895,0.352728249492707,0.125610497391633,0.0311122390084615,0.27138706659567,0.161748923821939
2546,0.0381445972084668,0.0687349466182421,0.0553183710714384,0.1670312315601,0.571221825079303,0.0995490284624501
2547,0.0213063251079481,0.0713784379722749,0.614597360249739,0.0283765929148769,0.0526890921864741,0.211652191568687
2548,0.0537408182109836,0.0620667813749701,0.072379028918997,0.251215128002318,0.476442016674084,0.084156226818648
2549,0.0116172731795714,0.0661830697031605,0.0286994188482031,0.0347579067444298,0.315144130220349,0.543598201304286
2550,0.012402848675284,0.0120211986985043,0.0279834541689258,0.183851335309618,0.519895632689143,0.243845530458525
2551,0.404652398233001,0.191152698240966,0.0409636526876779,0.17559721018665,0.113144530563754,0.0744895100879514
2552,0.0945491014417453,0.309243350650897,0.285910846078381,0.0252377754332753,0.140753273916919,0.144305652478782
2553,0.408310657515444,0.264969139073163,0.0482145684977436,0.0985105201239995,0.141190328014715,0.0388047867749345
2554,0.155391550126705,0.349336601885869,0.111293130074095,0.0924679233352746,0.221377381012679,0.0701334135653775
2555,0.0147267736409332,0.177705249830145,0.132224377527923,0.0474840608528038,0.456482349766939,0.171377188381256
2556,0.0681446866251237,0.352691952269084,0.338358140081999,0.0365193581801995,0.0804232055957811,0.123862657247813
2557,0.481555247213774,0.12168723672383,0.303630678860744,0.0414516309199224,0.0346420710856893,0.017033135196039
2558,0.0237069384099525,0.0614949474437018,0.79280666844091,0.0285943017762,0.0362694833006186,0.057127660628617
2559,0.0814281840717657,0.466721677279715,0.192226622850632,0.0199055613460779,0.0853398387668688,0.154378115684941
2560,0.0159904715240708,0.169142099877137,0.115694377666733,0.0260175558125843,0.196466787889568,0.476688707229907
2561,0.0138516114261788,0.0765394265159864,0.275451858480749,0.0103720556538453,0.187573151302341,0.436211896620899
2562,0.189621457394028,0.335587117660644,0.0358890390081164,0.0862171724555029,0.308199970331134,0.0444852431505756
2563,0.517532316147358,0.0926469319507935,0.158662420323388,0.106047634560504,0.0873336658713156,0.0377770311466409
2564,0.15720070571032,0.0707548295573922,0.0924519887809113,0.39714953611072,0.120185322223555,0.162257617617101
2565,0.0425907502836823,0.128878705852248,0.149927818892499,0.070426940768159,0.219610776179216,0.388565008024195
2566,0.0204425175378182,0.0571260638895973,0.164038626666927,0.0552577244522651,0.231325995574789,0.471809071878603
2567,0.032059595115967,0.151131442702048,0.140349385615678,0.0373272490396446,0.167275315232833,0.471857012293829
2568,0.0137724097534724,0.0733028799128786,0.0786773995934179,0.0251457700133645,0.370850854549174,0.438250686177693
2569,0.079272190302791,0.142463471858907,0.154758693189407,0.0279450644253391,0.106474762184101,0.489085818039455
2570,0.0313701394313965,0.69757077576261,0.0602551216123763,0.0067386750332902,0.0750603302053994,0.129004957954928
2571,0.0428132192776564,0.0836362918534366,0.0257385808117222,0.182612579507649,0.41761051675199,0.247588811797546
2572,0.0814314947790329,0.0544931542564239,0.287673228206028,0.0823016003589715,0.105078241890918,0.389022280508626
2573,0.0455018603732939,0.213097510963019,0.0735852715076017,0.0192766319949217,0.204510761116958,0.444027964044205
2574,0.0260237983222969,0.0501277274745654,0.0303314261335207,0.180643500305357,0.586320824286566,0.126552723477695
2575,0.0189214228477551,0.021303996918779,0.0188179390172042,0.0999282804089831,0.677792893671114,0.163235467136165
2576,0.319874914735313,0.366562041969478,0.175735537762846,0.0775704944125818,0.0204144776937494,0.0398425334260323
2577,0.0338720384998973,0.272308434286522,0.465056084476892,0.0216251385255733,0.0845406071049367,0.122597697106179
2578,0.00291974867586282,0.0103841803153365,0.0298715523251809,0.00930570884234792,0.109148320027276,0.838370489813996
2579,0.342738003526721,0.174217162565013,0.131349327857449,0.121902276750927,0.151340670746775,0.0784525585531165
2580,0.0442234778258259,0.393717342319116,0.118387527372532,0.0130214357254305,0.175803146478171,0.254847070278925
2581,0.00187139800538469,0.0210476436005313,0.0555285516543703,0.0246807326183084,0.268675018479816,0.62819665564159
2582,0.356022056238068,0.323222352500191,0.100941888262379,0.043544581895587,0.0943545922821619,0.0819145288216141
2583,0.185849539710358,0.467417472422688,0.195598815864468,0.0280077910286933,0.0515183972662903,0.0716079837075025
2584,0.211700391357376,0.527415520619987,0.0972407575532434,0.0435486721580042,0.07413580210358,0.0459588562078099
2585,0.015150054887846,0.0683710539927,0.0376288844173777,0.0763620370942223,0.51209673954979,0.290391230058064
2586,0.0370813191492326,0.248416331432214,0.071625199533346,0.0238240184484182,0.179378173171984,0.439674958264806
2587,0.217670379895115,0.0556642256258711,0.0348864957924077,0.316248872748173,0.281637695794567,0.0938923301438657
2588,0.0282389244105538,0.0194297523867043,0.0129894952860271,0.258272965316258,0.605824436582105,0.0752444260183509
2589,0.111421266091466,0.115101010147671,0.0461618595198051,0.191866506733055,0.461728242460685,0.0737211150473178
2590,0.0269975316985493,0.0816144447539131,0.126041836497446,0.128682008492425,0.299639514834716,0.33702466372295
2591,0.0600270024094908,0.104905885224768,0.529174832735416,0.0215798996489427,0.0537427624592773,0.230569617522105
2592,0.00917794468705919,0.0131271962892019,0.00594348899392063,0.118125139228734,0.771125985003657,0.0825002457974272
2593,0.152817722367675,0.1620199207859,0.074986710532507,0.0773583151175575,0.401711593837039,0.131105737359322
2594,0.0524255675934636,0.108893456291645,0.063484991782061,0.0554670361144521,0.274960495681921,0.444768452536457
2595,0.172390951426899,0.0677030085807426,0.21351393548696,0.35124237736434,0.0969775818629991,0.0981721452780586
2596,0.677810212306365,0.0687607401286202,0.0149755496526305,0.193547113722917,0.0365673896007406,0.00833899458872687
2597,0.0110385792130945,0.0380247846927027,0.199256673240759,0.0203908059222485,0.0967877102243275,0.634501446706868
2598,0.0176167464015115,0.0914564825559245,0.0612084234240147,0.0185104383453383,0.202456170289945,0.608751738983266
2599,0.298184922852607,0.366670999583023,0.0326028206004254,0.0843909431607074,0.168008165490001,0.0501421483132361
2600,0.00472428736479825,0.0335317247229917,0.0600792372577392,0.0296404885293199,0.702546513285304,0.169477748839847
2601,0.0207638122831851,0.0528049444457108,0.213843682441524,0.0129018216788864,0.0947070094307952,0.604978729719898
2602,0.0323907626628033,0.165976459058421,0.132759436864303,0.0433698799808554,0.223371219975275,0.402132241458343
2603,0.0335199994299781,0.661682519327952,0.0295678820141935,0.0232624033671232,0.183351499760967,0.0686156960997866
2604,0.0666868543772511,0.0555798124270782,0.349937065581014,0.303245854321835,0.100435779354204,0.124114633938617
2605,0.00121340353020183,0.0458336295588099,0.164939978181898,0.0254311991494249,0.26427211867854,0.498309670901125
2606,0.0291228127371121,0.0891704783240264,0.188893174323318,0.0328738847672538,0.121001494497821,0.538938155350468
2607,0.0265361889904307,0.0376063209373498,0.0646647393452838,0.0683906691862362,0.247112643373973,0.555689438166727
2608,0.191971072307704,0.236149507905473,0.0632464802341403,0.163009859875663,0.15148960349676,0.194133476180259
2609,0.0181139742383974,0.0344906176065487,0.0341144895367623,0.131127731386062,0.580207062957412,0.201946124274818
2610,0.0765077066592833,0.225939772588126,0.0726752183964188,0.171896088738533,0.330853527808522,0.122127685809117
2611,0.0408445922916803,0.260616996552377,0.29936532225183,0.0785424477678071,0.0672748412289094,0.253355799907396
2612,0.0318346252202625,0.202032699264623,0.148199821421466,0.0591420828674468,0.25314813399634,0.305642637229862
2613,0.627696305188609,0.225252857641225,0.0214468062242101,0.0584385300858042,0.0592845528736288,0.00788094798652232
2614,0.0961660090710116,0.126692587182285,0.0838606072081729,0.101081495648747,0.34341587506389,0.248783425825893
2615,0.589466151987081,0.149438757105831,0.0894232302667265,0.0587181501780583,0.0677358088147773,0.0452179016475255
2616,0.0181537833692556,0.0546705757487559,0.0890915062663006,0.076774636174517,0.330550054484733,0.430759443956438
2617,0.400301503976562,0.362701674308305,0.0903770880755493,0.0353797970207907,0.0872626341895545,0.0239773024292383
2618,0.113353115301238,0.112927112076069,0.0660687963720499,0.124319155431266,0.372460923966216,0.210870896853161
2619,0.0155672056695388,0.0152062858172997,0.0148028643150408,0.104911704205257,0.643441419242176,0.206070520750687
2620,0.0386387329204348,0.140313531327635,0.273654596118591,0.0500494102578356,0.2900873355428,0.207256393832704
2621,0.0428691566430841,0.103849927447079,0.0212495813238514,0.102351962238435,0.66236126944926,0.06731810289829
2622,0.00203553687496734,0.00399157071577321,0.0165792059716481,0.00908266730826942,0.0824039302386723,0.88590708889067
2623,0.435932302395526,0.266268008260769,0.0305571555651855,0.107103826952449,0.134133928338642,0.0260047784874289
2624,0.00922577726647066,0.041010314782996,0.138622720142989,0.0165763982672056,0.105289891616234,0.689274897924104
2625,0.210976309896614,0.330980378671617,0.338238352579458,0.0308862666205448,0.0426222311412276,0.0462964610905386
2626,0.00430671808235835,0.017411096211025,0.0403409182190191,0.0141153327042072,0.158789909493343,0.765036025290047
2627,0.142401557836885,0.213354577504845,0.425292627633725,0.0326989481643194,0.0665418032682771,0.119710485591949
2628,0.168459372861615,0.376883984268314,0.033933694714398,0.156769010143077,0.201292627269762,0.0626613107428339
2629,0.0179167115500618,0.169297756962219,0.0935936062908817,0.0238248955139335,0.275967526684473,0.41939950299843
2630,0.18983342782428,0.0617136982344727,0.108087386170728,0.0875394136187685,0.232289437493938,0.320536636657813
2631,0.0273130614122923,0.301508616164093,0.206759859231587,0.0335354737698695,0.192253675798093,0.238629313624065
2632,0.00922336849669028,0.0285971573997216,0.0559250354411952,0.0272944767932502,0.189226898931042,0.6897330629381
2633,0.101308716356939,0.399891114808904,0.116476765364201,0.0589799722692508,0.188872036405746,0.134471394794959
2634,0.0390469071118991,0.156457230218092,0.222430781449704,0.0842544160229897,0.145493433400719,0.352317231796596
2635,0.069153177595442,0.17668386550586,0.0987673849312565,0.0884905717182735,0.357090410734075,0.209814589515094
2636,0.0791960247421258,0.0752357796480575,0.170198516448463,0.263407068518401,0.191622089536584,0.220340521106369
2637,0.0275738442002581,0.0622581418744637,0.0210222931718466,0.0949378978432245,0.644266931553346,0.149940891356861
2638,0.0687288266498808,0.0436551826929492,0.145831202917727,0.242023441175545,0.145664254070187,0.35409709249371
2639,0.173234768483531,0.0683730086805459,0.0682059933001037,0.271137611320226,0.296282281055163,0.122766337160431
2640,0.017011813669538,0.0338820767046046,0.0503730058677039,0.0270154940542627,0.118699145737499,0.753018463966392
2641,0.422960238484303,0.121684352648067,0.163182515064134,0.0762347740997334,0.131723936467457,0.0842141832363054
2642,0.00843604911262817,0.0782026465560132,0.0768113570232896,0.0245240958261676,0.203169578299669,0.608856273182232
2643,0.420239819390359,0.382903709854702,0.0161662477844285,0.0797478368221312,0.0780354721260356,0.0229069140223434
2644,0.00764509436036825,0.232210981213155,0.06944447876041,0.0174157255045808,0.281489729390346,0.39179399077114
2645,0.0566085572080037,0.0520366837281565,0.0341847533088643,0.102232200553574,0.450048109274602,0.3048896959268
2646,0.00626642394638809,0.0327667240813458,0.180930963439102,0.0266768575856341,0.086612937912572,0.666746093034958
2647,0.0429386053900811,0.0626776598284031,0.0974574038076367,0.0789551903905799,0.31737567499202,0.400595465591279
2648,0.123211282877563,0.183243366959259,0.628057877476795,0.0166924960509431,0.0184481013982292,0.0303468752372106
2649,0.0301098029837004,0.0429833555323995,0.067567656447178,0.0730574005998436,0.211211474739444,0.575070309697434
2650,0.0634375141616358,0.0333330314685277,0.176067102172587,0.0992955270217347,0.149151199476243,0.478715625699272
2651,0.00972607064613223,0.0443065517660903,0.0537137462200182,0.0667598348109918,0.422966047267841,0.402527749288927
2652,0.01994912627341,0.10703121989833,0.0750282399612756,0.0354802846840135,0.450153005636939,0.312358123546032
2653,0.34680474269126,0.202729724481355,0.0626500990619785,0.0883953089475791,0.157375590205553,0.142044534612274
2654,0.00497730603987808,0.0343591568300597,0.0454633880873123,0.0251028275040677,0.14940388150477,0.740693440033912
2655,0.664320332507795,0.137635940311648,0.019294671691277,0.0815704277470099,0.0852385014337592,0.011940126308511
2656,0.0265930423892322,0.0978144723105054,0.0464855202261845,0.0425235945356058,0.514221020068416,0.272362350470056
2657,0.0124798654988471,0.0520869636924558,0.163500274350357,0.0186179282348405,0.135367805318964,0.617947162904536
2658,0.133198809716934,0.082166706582891,0.0958683340526524,0.38325127318155,0.192609711565887,0.112905164900086
2659,0.419650014722963,0.104956040276851,0.0434606519121726,0.361987195207474,0.0419577949774671,0.0279883029030724
2660,0.0133368800006747,0.0376594918152698,0.0691551107564241,0.0276558985206102,0.243064722522414,0.609127896384607
2661,0.0176177985920062,0.0492231551592173,0.19696771632344,0.0237499949650685,0.094162047765483,0.618279287194785
2662,0.00959838694905886,0.0727310658358497,0.125224218200878,0.0264196642119269,0.16058992557056,0.605436739231726
2663,0.0132771429801783,0.0460312043664476,0.0732880127234818,0.049577073139111,0.205513916859604,0.612312649931177
2664,0.04299218767764,0.167677091427708,0.0371660027168467,0.0696999993368365,0.519986953280585,0.162477765560384
2665,0.242612940309552,0.236022070833176,0.249597041249956,0.0742574541786116,0.124508957904434,0.073001535524271
2666,0.00196849669355501,0.00616678744932678,0.0556412329419543,0.00346516263545797,0.0134289213463411,0.919329398933365
2667,0.0468782799240027,0.173205934141123,0.370989424379821,0.0436335188338826,0.175465063963972,0.1898277787572
2668,0.00807247136598847,0.0623124692334526,0.269192185658047,0.0113464425462606,0.0737325258989708,0.57534390529728
2669,0.087563119744257,0.358535251850391,0.163432577359998,0.0304138123224729,0.0962640079524654,0.263791230770415
2670,0.0173514082532429,0.0566212911720974,0.177525232717366,0.0367399510324157,0.153388647378965,0.558373469445913
2671,0.0328713817541246,0.0762697428301289,0.103438117515605,0.101141827800622,0.235145760979332,0.451133169120187
2672,0.010044819325649,0.0358546279135154,0.145757193086123,0.0184370175179533,0.114410279292637,0.675496062864122
2673,0.253476622075688,0.21951222458281,0.0757631397040653,0.134160386831764,0.230161855425193,0.086925771380479
2674,0.0123610959037345,0.0437027382171988,0.0833497752239106,0.0763557029054301,0.339789893982469,0.444440793767258
2675,0.730310869360383,0.143556482143093,0.00905454678471454,0.087321514284363,0.0226194749054232,0.00713711252202326
2676,0.0308044359273619,0.0818485516533718,0.112882069415028,0.148009550981986,0.391773014879316,0.234682377142937
2677,0.0699036184909571,0.115146745375459,0.312152195883453,0.108359548235113,0.307146122799544,0.0872917692154742
2678,0.0351273443068946,0.087696349285304,0.24937732270674,0.0629708546945763,0.328416874271247,0.236411254735238
2679,0.00780450472584429,0.0118426649571458,0.0166609776781767,0.0353382809444549,0.351241694903638,0.577111876790741
2680,0.115393102995467,0.073262743981902,0.31092791527998,0.367900253344132,0.0660818836893396,0.066434100709179
2681,0.0196793521471559,0.227653705457198,0.121114579204173,0.0150240096452027,0.310107853692531,0.306420499853739
2682,0.0124406016784678,0.0200885596709428,0.102491740494473,0.107808772442075,0.182206619976704,0.574963705737337
2683,0.610901186160684,0.110732406196094,0.0181692265062979,0.177653503959911,0.0732351982184465,0.00930847895856653
2684,0.014976061730247,0.0442995655593977,0.0401456322177776,0.0573387837549125,0.443438766950798,0.399801189786867
2685,0.0829434917899776,0.0471220425687158,0.364850792252834,0.0418149222786436,0.0592737784400273,0.403994972669801
2686,0.0151457040533694,0.0752394662857303,0.079141659467738,0.0233658197085417,0.125531654168668,0.681575696315953
2687,0.334900018512763,0.243769486853645,0.0908150193667933,0.155298836657897,0.125796914890331,0.0494197237185707
2688,0.0143179758049172,0.126150634375168,0.0631163322630201,0.0979971907493761,0.476626729554492,0.221791137253027
2689,0.112765580979714,0.548540329802409,0.0983966863332975,0.0646510692982468,0.126044557197369,0.0496017763889634
2690,0.0244987578771227,0.03318186674888,0.0637868350373356,0.237321906791729,0.425584430903992,0.215626202640941
2691,0.051756974804091,0.174227197602024,0.147605786693588,0.033394199663561,0.323907711849983,0.269108129386753
2692,0.144204332035391,0.131772242238543,0.25165439699991,0.0518366282236514,0.175370966076118,0.245161434426387
2693,0.028491635843571,0.0498809827717956,0.0726598942741703,0.0378690176318607,0.115724868560687,0.695373600917915
2694,0.00377085445626749,0.0109781639531617,0.0168659615591659,0.038218779885362,0.385783739602564,0.544382500543479
2695,0.626983919576803,0.135661479350136,0.0431380080646768,0.0962673134128288,0.070696025239345,0.0272532543562107
2696,0.0269285274792205,0.124937854270052,0.303181383388924,0.0267370558050879,0.0616462307344721,0.456568948322244
2697,0.122515519883618,0.284872511794165,0.240332582807679,0.0473037799783859,0.158466982623928,0.146508622912224
2698,0.00702338069242083,0.0289007017822145,0.246289346870832,0.0163195695495874,0.375470356476412,0.325996644628533
2699,0.0108423922398061,0.224559179550296,0.594233780170099,0.00207066013075757,0.0221780236918206,0.146115964217221
2700,0.00417712886853591,0.054162675744436,0.0311162746332909,0.00945666727692067,0.323443981043349,0.577643272433467
2701,0.0107720593904304,0.037364208678283,0.11844300620738,0.0487472011621334,0.166887695689974,0.6177858288718
2702,0.494662901007965,0.141987535398308,0.146171973941508,0.0733727132062843,0.0742636879295064,0.0695411885164281
2703,0.150115588397269,0.0740804598291147,0.129175697907343,0.176167749644501,0.304232408855482,0.166228095366291
2704,0.063282895017762,0.202763875181105,0.591798987581587,0.0199793629534638,0.0440434830237223,0.07813139624236
2705,0.0121283428816959,0.117546967980096,0.392646438292784,0.0211340672772891,0.0705715639191006,0.385972619649035
2706,0.0208376596695144,0.049024809543071,0.261560465190077,0.174275827752847,0.195433700899846,0.298867536944644
2707,0.0107072630060927,0.0203899729233913,0.0116841912714982,0.06820241185106,0.774885845210977,0.114130315736981
2708,0.351321742385421,0.212056990701611,0.0755598912373353,0.16186125728018,0.165406569029844,0.0337935493656094
2709,0.0367025560309306,0.234970076411782,0.439994723793449,0.0284982075286968,0.0726140725888307,0.187220363646311
2710,0.05545629318236,0.042431748036103,0.392563482214525,0.0337283260266543,0.0424516574954024,0.433368493044955
2711,0.217675444304819,0.130513899470883,0.0612368191169144,0.13310546108995,0.266538177452697,0.190930198564737
2712,0.205240894932026,0.0900819046661152,0.0585441264391759,0.428144448117992,0.161215229078835,0.0567733967658564
2713,0.0428224893942472,0.128200563814538,0.331264488477709,0.0649181791989461,0.108848252636329,0.32394602647823
2714,0.00964831904426531,0.122403512664095,0.362073538721138,0.0124795913805677,0.135553495148923,0.357841543041011
2715,0.013303012914208,0.0853104928961182,0.377374475407792,0.0337524459512077,0.246495642076109,0.243763930754565
2716,0.0368769896695192,0.0503122728061012,0.0370620779289541,0.0718292168226499,0.419024674177095,0.38489476859568
2717,0.0107497736183019,0.0252290625945901,0.0493507219763366,0.0382958493860427,0.227498752570244,0.648875839854485
2718,0.0388405806335419,0.0424687407125405,0.19327779386709,0.0713334639351119,0.155518845689034,0.498560575162681
2719,0.0250269794522734,0.0876611050346396,0.12829175796729,0.0563890007743088,0.286213584526918,0.41641757224457
2720,0.299927520979268,0.0955656331566139,0.131572413253521,0.111505859401365,0.208202250296191,0.153226322913041
2721,0.0279190639924421,0.0782860921586407,0.148440625009459,0.0571576888934334,0.260140304904929,0.428056225041096
2722,0.266475678944586,0.445153743010019,0.159832602648167,0.0143856601328457,0.0802324070741735,0.0339199081902086
2723,0.0426543128239743,0.287852163723765,0.349093468407593,0.0312456459561912,0.0790029473757739,0.210151461712702
2724,0.567531460468975,0.15377549158723,0.0502369089634654,0.131014134611598,0.0774412252346014,0.0200007791341295
2725,0.393840841528852,0.469311229583471,0.0176654587817685,0.0699597250055478,0.0348700730255064,0.0143526720748539
2726,0.026146194071048,0.0712480441271585,0.0453148650995582,0.0819708093094818,0.719840675728734,0.0554794116640197
2727,0.00549630735162579,0.0422118643999729,0.0470024079159205,0.0500051720995809,0.338318258626745,0.516965989606155
2728,0.0334321485461772,0.052080956062563,0.231825164133463,0.0459385958187796,0.075311494997414,0.561411640441604
2729,0.237175407757297,0.274564149165223,0.0526660992889007,0.0909285535051711,0.26215785717384,0.082507933109568
2730,0.00656925431914961,0.0397101655219073,0.0726526761713104,0.0510048442804202,0.322074841047904,0.507988218659308
2731,0.0961911236682685,0.168843321119121,0.0927041356381398,0.19594538606226,0.347217801147969,0.0990982323642425
2732,0.0175901837380362,0.0717294202187245,0.326186141163217,0.0135851645870025,0.0672041543521127,0.503704935940907
2733,0.0295210813776301,0.118684263854855,0.105107462398758,0.240343326791955,0.423784475657764,0.0825593899190382
2734,0.0107459735725422,0.908192829990494,0.019458450892784,0.00218950133116065,0.0320438396393062,0.027369404573713
2735,0.0383230722812605,0.368920565099434,0.169149429755479,0.0133770156128983,0.134286545151384,0.275943372099544
2736,0.0580917140726987,0.092657816170203,0.0613979702810303,0.322085228305357,0.386365819652869,0.0794014515178425
2737,0.131774368164042,0.189844629638541,0.30600189686051,0.014175995333323,0.216166065261417,0.142037044742167
2738,0.0224257558974937,0.0890765228107206,0.101348021034585,0.0298872257722684,0.198431358478779,0.558831116006153
2739,0.428260212764552,0.342496885633953,0.0524992308067782,0.0387396771639075,0.106349541120816,0.0316544525099925
2740,0.219582866035125,0.28002226917584,0.157294378269738,0.088958000677386,0.139996655246746,0.114145830595165
2741,0.123351705094648,0.242681530865513,0.18082025922622,0.071074267497663,0.195341130603751,0.186731106712204
2742,0.0426848269374319,0.104151117567661,0.0665310997234823,0.0828774329038335,0.48856274871963,0.215192774147961
2743,0.289136542411574,0.171952823908745,0.132148475855461,0.15900862015526,0.136751895123876,0.111001642545085
2744,0.0146098983343175,0.0715329009681466,0.0293485598744309,0.156044829883499,0.578811545204682,0.149652265734924
2745,0.00169898219280037,0.0149661109705652,0.414278447700887,0.0445245712946515,0.305842229087501,0.218689658753595
2746,0.015124925817296,0.0556266862111378,0.129278440127277,0.0320369833141572,0.137640110056846,0.630292854473286
2747,0.0202204391508052,0.0325875296454928,0.0214453752791902,0.0566179340184988,0.578803631019689,0.290325090886323
2748,0.00682951019158427,0.0407323303156634,0.0377325611472018,0.0503808581046635,0.666431034466324,0.197893705774563
2749,0.27047412760479,0.195880444826468,0.0438678322255897,0.234073238680947,0.147099263073018,0.108605093589188
2750,0.0155333441975986,0.106144778342509,0.224733381272767,0.0634062877106301,0.162321526708042,0.427860681768453
2751,0.147219800723811,0.138173236429862,0.0819145754409494,0.198171372663727,0.377591935332537,0.0569290794091133
2752,0.0540124342355479,0.113657828189857,0.211868714400759,0.104283646362788,0.126434676997773,0.389742699813276
2753,0.0346465889895849,0.0876007587896019,0.0637327423420468,0.137382033185516,0.537055462288007,0.139582414405243
2754,0.0161211353378577,0.253643246061609,0.0416395947431565,0.0148669141297049,0.574165015027536,0.0995640947001358
2755,0.00150519456293567,0.00597375418149929,0.0283856074371021,0.011581903145268,0.238054090169925,0.714499450503269
2756,0.00434334383113223,0.0111294197871215,0.103323387035853,0.00968620991410658,0.0464808940188225,0.825036745412964
2757,0.0302087642299171,0.252440027107533,0.0635700069903525,0.0409470156530145,0.309433329985169,0.303400856034014
2758,0.0432531866504754,0.301530611655839,0.169434778750716,0.0225709616674554,0.276693803451309,0.186516657824206
2759,0.0295129288593753,0.263544622477022,0.0738819562537047,0.0201349658535679,0.184482648811906,0.428442877744424
2760,0.442098032300257,0.207472434777968,0.0904085671779797,0.155304729567001,0.0839963203581365,0.0207199158186578
2761,0.109259700583081,0.0759542869076953,0.0675501469681186,0.319165195312655,0.32533652778253,0.102734142445919
2762,0.0049080043495077,0.0419100139658424,0.0546133302078585,0.0194518711779517,0.456393535139737,0.422723245159102
2763,0.0572903180530261,0.198871755542832,0.195268360285019,0.0466196069246952,0.204103712377902,0.297846246816525
2764,0.0125189392862603,0.0171203756913716,0.0874813954993754,0.0260257892349587,0.0771391100979814,0.779714390190053
2765,0.0391292730300709,0.17795780066972,0.272164210871354,0.020567671076845,0.147393291615646,0.342787752736364
2766,0.0508978178413302,0.18217787540896,0.119044504457034,0.0324465181760909,0.365204514638353,0.250228769478232
2767,0.00466191976863371,0.00812388919532143,0.0215432745979225,0.736583760050542,0.126689299737649,0.102397856649932
2768,0.0239158287067614,0.156110894149824,0.438241453159593,0.0164759963345889,0.0593347950382722,0.30592103261096
2769,0.0694187682186127,0.454183325805973,0.0615840486438669,0.106208785225398,0.238245779995165,0.0703592921109843
2770,0.00280564482544312,0.0258898220555957,0.0800030319137274,0.0201850800490666,0.244369661718086,0.626746759438081
2771,0.0196371856151282,0.119866576727804,0.454604337054987,0.0221206673493908,0.0559891035891418,0.327782129663548
2772,0.0197351065403465,0.0397173634613215,0.123145715658466,0.234526310653159,0.353384361701151,0.229491141985556
2773,0.0457176283283633,0.319530939672707,0.135584574981353,0.015153997879345,0.355865686715944,0.128147172422288
2774,0.0711855396534466,0.624184149609367,0.0591128788622498,0.0182941350524213,0.165039568039969,0.0621837287825463
2775,0.00230317250527539,0.0110196287306884,0.0784319851007116,0.00945868658157776,0.0894735315312085,0.809312995550538
2776,0.0101329876208681,0.0507282297774788,0.101342732822397,0.056731356909974,0.239948005744358,0.541116687124924
2777,0.00242865367099011,0.019261184517966,0.0710885109558268,0.0160092927942981,0.160130885867056,0.731081472193863
2778,0.278334191435204,0.105192203681352,0.170358561793932,0.1079736297028,0.112967858244855,0.225173555141857
2779,0.0412183430523224,0.0348487931426036,0.27864083773859,0.1803846581927,0.147819631500414,0.31708773637337
2780,0.047370115378475,0.167720296100165,0.341202059056793,0.0749880076242411,0.0984688921159166,0.270250629724409
2781,0.0104134234934043,0.0147837555771252,0.056068682922312,0.186369667303456,0.449716472508564,0.282647998195139
2782,0.0118518333601622,0.0299897758101201,0.250421433060631,0.0220696642445604,0.148258028634202,0.537409264890325
2783,0.50682517875297,0.196629761841391,0.0936466282528595,0.114120439900821,0.0574009859050789,0.0313770053468797
2784,0.091552285067213,0.194228403455958,0.0674597614070725,0.0878318653738359,0.424321080159345,0.134606604536576
2785,0.00205323396867321,0.00501693468192302,0.0173065556184898,0.0171989473594676,0.418598939969879,0.539825388401567
2786,0.0196305032009524,0.161714947763815,0.0676067384791621,0.0619205914054437,0.430401673802779,0.258725545347848
2787,0.00552557932129231,0.0219631485512643,0.0474277378017815,0.0202208382503841,0.129710564903189,0.775152131172088
2788,0.021798234151164,0.0746726075503263,0.201665299905104,0.0393929141295784,0.108902189286182,0.553568754977645
2789,0.0563524183604316,0.0931012701549322,0.311243064521523,0.0782737209233711,0.190324316393806,0.270705209645936
2790,0.193039893980319,0.164997980772494,0.0639307986560631,0.0939607271559401,0.335480400772514,0.148590198662669
2791,0.196137299672099,0.110259360210611,0.0517546699106517,0.339380339335457,0.258708372541749,0.0437599583294321
2792,0.467508295819363,0.310530923251999,0.0270889474540345,0.0670422837173261,0.107960719781333,0.0198688299759444
2793,0.00875719390529331,0.0555535394300676,0.0496613998492203,0.0212069049704832,0.418220534530812,0.446600427314123
2794,0.435138577966461,0.111104749297239,0.0536550894164947,0.174318503938995,0.178261430566829,0.0475216488139818
2795,0.438420303746822,0.143545426919192,0.0470381519474153,0.272842154242445,0.0822067850168634,0.0159471781272622
2796,0.00190683850294511,0.0107165335027712,0.067847101150017,0.0214754829348398,0.153450253419817,0.74460379048961
2797,0.0773695810180872,0.10434709389804,0.1072649596133,0.0994460613809938,0.156859673911056,0.454712630178523
2798,0.018421146904081,0.354093063183242,0.208457445726989,0.00710988606756222,0.211377432164572,0.200541025953555
2799,0.260390559574272,0.136280143064245,0.348299297552567,0.0177956419288488,0.0820856785926154,0.155148679287452
2800,0.010665942739042,0.0150814983644152,0.0534278431065993,0.0182225477572628,0.124676985750788,0.777925182281893
2801,0.00638596593280875,0.0211213017004402,0.0141957761482265,0.0190103883347737,0.416910716168479,0.522375851715272
2802,0.0119599916474745,0.0573653585008231,0.0606432512877189,0.031378540366029,0.422944233804126,0.415708624393829
2803,0.0635401412547792,0.628685033954613,0.128229012086492,0.0152210652670125,0.087163308407931,0.077161439029172
2804,0.0193357253561343,0.0688830477640562,0.121513324297268,0.0293053596463039,0.321587598370958,0.43937494456528
2805,0.37956564581724,0.141089257702595,0.215534655366044,0.0955902605537507,0.0871970577182189,0.0810231228421518
2806,0.0472891389318372,0.0381292542140829,0.0543232250706271,0.391608860420718,0.33596103310052,0.132688488262216
2807,0.128606662134059,0.173287294241776,0.219723405515362,0.119983850760446,0.156008924988865,0.202389862359492
2808,0.0116533576752019,0.0325681251418203,0.046147153243126,0.0240570672928764,0.172664821642352,0.712909475004623
2809,0.0513144825844246,0.121007214474116,0.529456155136766,0.0383098169467222,0.045134386971001,0.21477794388697
2810,0.011210966966022,0.0366825334790735,0.052578358546806,0.0948133955472399,0.387847821772591,0.416866923688267
2811,0.00618985316890312,0.113680851590647,0.0950449670496766,0.0146382387972637,0.436268504281196,0.334177585112313
2812,0.5190263298386,0.285068247719911,0.0798911306545319,0.0440875600026915,0.048536746067262,0.0233899857170037
2813,0.351972003192767,0.0903801594345733,0.0889278771684082,0.151008876936126,0.244209045144845,0.0735020381232806
2814,0.0225844120757298,0.320192596345419,0.204925449680543,0.0249712222674247,0.123102912623333,0.30422340700755
2815,0.0112906137653574,0.0426745305028124,0.0977832371522674,0.043833268541666,0.140456212497529,0.663962137540368
2816,0.277293977439762,0.158366101754784,0.252046018964465,0.121187905412981,0.150454003238503,0.0406519931895051
2817,0.0685798049646643,0.575121406594892,0.0745033613004403,0.0692610819342118,0.131428261025405,0.0811060841803868
2818,0.242793421845168,0.475658557234654,0.151962762292853,0.0248787113260264,0.0440590812667531,0.0606474660345457
2819,0.287577096261513,0.44413621361848,0.0816442954675345,0.0311009961906047,0.122645755136181,0.0328956433256875
2820,0.458643431528919,0.249044114905076,0.188388071737907,0.0471240870826302,0.0402751414172889,0.0165251533281784
2821,0.00489627425719244,0.0460936761690064,0.0159755833317879,0.0106770901358419,0.296838237157541,0.625519138948631
2822,0.171320804056821,0.297542744704032,0.228081820341045,0.0553858755476109,0.120869455341788,0.126799300008703
2823,0.0238850308666084,0.0800324302093494,0.105836988238417,0.0693466702748039,0.201688008480293,0.519210871930528
2824,0.0310938856835778,0.0701937063072065,0.211330433589218,0.0642449155636096,0.290516400969852,0.332620657886536
2825,0.00735330340590436,0.0278928293828929,0.209165277077077,0.0209000288482665,0.0346237496509868,0.700064811634873
2826,0.0483166986264074,0.18376303406097,0.0579586061619347,0.0836284915409845,0.453408726999749,0.172924442609954
2827,0.0648843202729542,0.674947684558217,0.133579371697934,0.00710086860212367,0.0561386488299638,0.0633491060388068
2828,0.0128107125327703,0.112748653801102,0.096841113077104,0.0182054911175778,0.345315526576756,0.414078502894691
2829,0.0524169020154693,0.0346036173117953,0.0548323054219619,0.207736684690042,0.564336259833913,0.086074230726818
2830,0.00753580943594975,0.0325431546255417,0.149563769512067,0.0595987498842957,0.164890762587951,0.585867753954195
2831,0.357063957973231,0.396993318726233,0.0928659255283614,0.0717265576124991,0.049793158499801,0.0315570816598746
2832,0.0381749396460095,0.377806264272677,0.18390303540895,0.0243528593910045,0.239739431707156,0.136023469574203
2833,0.238200688272673,0.102168972382009,0.154023478807266,0.179017016249757,0.197883529983607,0.128706314304689
2834,0.00825910794985217,0.0502865362791592,0.131816417608336,0.0186948689906542,0.152377844186886,0.638565224985112
2835,0.136196048266313,0.317437420916627,0.081752549756315,0.0720887571202312,0.253496719265699,0.139028504674814
2836,0.0292741854587776,0.0888731904041543,0.0776224758420335,0.109681892427646,0.357582827801553,0.336965428065836
2837,0.0300993351354134,0.266489360328919,0.315726570594377,0.0518752723341656,0.14672803126187,0.189081430345255
2838,0.364695607611359,0.229434816208898,0.152895273509762,0.0996112863720911,0.0609333621105007,0.0924296541873881
2839,0.0475796048075026,0.152631500374899,0.209227366380146,0.166320882937583,0.205537409034489,0.218703236465381
2840,0.133585777597319,0.0603224349119107,0.0856134417770239,0.381995116473502,0.141252153192057,0.197231076048188
2841,0.312147574714889,0.177450866303315,0.0961014920670677,0.0632569572262575,0.180033862465117,0.171009247223354
2842,0.0114854022254924,0.0483366024361816,0.0310550526401915,0.0294803332997883,0.451550504106582,0.428092105291764
2843,0.0497265192466644,0.113958850046072,0.0706352140687598,0.00564441244704398,0.504917027312184,0.255117976879275
2844,0.0451777891265984,0.189513423155107,0.342166687617279,0.0161054873791686,0.0729048709027131,0.334131741819134
2845,0.277684721219654,0.5049156145329,0.0691101038259762,0.105156143511259,0.0337439274132151,0.00938948949699552
