"CUS_ID","F20-","F30","F30+","M20-","M30","M30+"
2501,0.0880470233021753,0.462940578705173,0.106656953016968,0.034872633398663,0.173976059369724,0.133506752207297
2502,0.0330645294689532,0.134957541625831,0.183714187023809,0.0779258812251362,0.383540465256957,0.186797395399314
2503,0.0517615524114886,0.365529099037751,0.0530433948019629,0.0552594287829637,0.381338875747806,0.0930676492180283
2504,0.343351283942423,0.147598212409508,0.14427211266999,0.177659787158021,0.0876871387694963,0.099431465050561
2505,0.0360198348797386,0.137375169876473,0.166905782516933,0.0570854041555591,0.180694251822007,0.42191955674929
2506,0.0172626552992671,0.314857210292307,0.0994331991765432,0.0207579826740263,0.290607778274906,0.25708117428295
2507,0.0112402673286398,0.0322477865450147,0.0870559982222604,0.02767651193541,0.219932771884654,0.621846664084021
2508,0.00575163727974914,0.0332059407210951,0.0382613921050612,0.0244291455105806,0.442776490689247,0.455575393694267
2509,0.0207609417525631,0.0406626382954033,0.167093387649293,0.033094516981216,0.149041833100304,0.589346682221221
2510,0.012407665436064,0.077240087973728,0.0535476050885428,0.0318278614192826,0.375996971158493,0.44897980892389
2511,0.622151815430743,0.105843540955561,0.0852124351755103,0.125166737365742,0.0409048172073339,0.020720653865109
2512,0.0516249832340274,0.177715764414162,0.0753455115276576,0.13309998752486,0.449849519486423,0.11236423381287
2513,0.00597115131523756,0.0305496261579208,0.0906970321776821,0.027700175420232,0.272350224475506,0.572731790453421
2514,0.114978125487849,0.528754118422677,0.0698153727338969,0.035084079147135,0.198629426452884,0.0527388777555584
2515,0.0130342528964441,0.0545548941604632,0.123064479707259,0.0374988744446711,0.20534162941855,0.566505869372613
2516,0.0855792341257501,0.119068035638309,0.0721143907239393,0.167948444461564,0.314162863065475,0.241127031984962
2517,0.0274353494505561,0.374722619269326,0.124279152115713,0.0169604968786041,0.236413064656597,0.220189317629204
2518,0.45421474825257,0.220858693649312,0.09839041709683,0.0648296950319032,0.0981108904361731,0.0635955555332113
2519,0.0449683310231816,0.83754817638686,0.0228729080438018,0.00867268321482876,0.0616276476799306,0.0243102536513968
2520,0.0279214803752658,0.0570018810624525,0.0207184027916429,0.110898420766364,0.589210246434307,0.194249568569968
2521,0.0183682667260102,0.063625528050179,0.286243780934952,0.0366512075721144,0.127737206793367,0.467374009923378
2522,0.31694663415592,0.244314716180282,0.186195039500007,0.0709832075150912,0.119818127213318,0.0617422754353814
2523,0.0546554785949594,0.352041713854319,0.092383141344841,0.0151198804766385,0.339403200980156,0.146396584749087
2524,0.0469353797361984,0.135693750614073,0.266684831712926,0.0581001822630438,0.133400287327303,0.359185568346457
2525,0.121286323260988,0.0802984852460097,0.076173885775662,0.389474786747484,0.261804777642457,0.070961741327399
2526,0.0990505899664723,0.203058882940299,0.0805088499550744,0.104719954550002,0.345050952624003,0.167610769964149
2527,0.522715998557424,0.181796700638931,0.100199685939176,0.0562998333609145,0.0849606989516871,0.054027082551867
2528,0.00549411774098622,0.0186924755949089,0.056012303040761,0.0492695204797362,0.212015721645619,0.658515861497989
2529,0.0678219718097195,0.0945556480441838,0.270569737670778,0.0593418811676064,0.128166118488388,0.379544642819324
2530,0.00276426736886736,0.0145140380165821,0.12397926589687,0.0159044836907935,0.0980353079059827,0.744802637120905
2531,0.0355085655964327,0.148610413300813,0.132091102718101,0.0824173802455408,0.350894412591527,0.250478125547586
2532,0.0318472194964073,0.160985437230422,0.154184332868124,0.0646954751992946,0.286943289610401,0.301344245595352
2533,0.00165633836044935,0.00649042982844342,0.0507183114009131,0.00583588117748128,0.0250067791460479,0.910292260086665
2534,0.249816748753949,0.0695936335775136,0.0528238145249107,0.487590460619204,0.0836755274323303,0.056499815092092
2535,0.0505742921562015,0.105202972631643,0.151248661737764,0.0515701173855013,0.184417786849849,0.45698616923904
2536,0.135772011452227,0.242082834580837,0.121034120614812,0.0650101783851645,0.200175848757471,0.235925006209488
2537,0.0312180494806015,0.743343064408435,0.0928895479319596,0.00763479512143591,0.0770294325314587,0.0478851105261093
2538,0.217208529655021,0.113735960705301,0.0712325154077383,0.115172293344733,0.313827692486553,0.168823008400654
2539,0.152945920437566,0.263367148965804,0.218198082181713,0.0494946611836373,0.169558511786496,0.146435675444783
2540,0.385972052090604,0.160531303860296,0.0357423000242528,0.183536302730223,0.195814412990934,0.03840362830369
2541,0.12818278431992,0.0518749460179829,0.0152077265430113,0.456968963547218,0.291458492202233,0.0563070873696348
2542,0.0944343974688373,0.446227956555879,0.0677655147481108,0.028513491508788,0.317759104969827,0.0452995347485581
2543,0.00802019700043458,0.022069394483479,0.0763830220920341,0.00817206348467555,0.257795443760976,0.627559879178401
2544,0.100869943696848,0.13999537344535,0.104848642031646,0.229168619421519,0.167535570331447,0.25758185107319
2545,0.0299180568556938,0.29941648139522,0.0521756063722118,0.0140774547304509,0.419180837103219,0.185231563543205
2546,0.0348679109187382,0.035649601142384,0.0119570087777344,0.281101272700292,0.559791392389785,0.0766328140710663
2547,0.0803030143450428,0.163815576330685,0.279474880238885,0.0437628567696526,0.199872249517602,0.232771422798134
2548,0.0629072097688496,0.0730057924495758,0.0904098562669655,0.24723002697335,0.426104000138484,0.100343114402776
2549,0.00757661651477443,0.0411678206896056,0.0412702529035074,0.0474796523785418,0.347977339496989,0.514528318016582
2550,0.0164299634545171,0.0279636840262132,0.0157491468522062,0.193459148542376,0.574635641097396,0.171762416027291
2551,0.131846338080807,0.211688599269259,0.0489442122334619,0.209662394509566,0.257028305178969,0.140830150727937
2552,0.149743528378416,0.351382443840774,0.149308403251942,0.0588479955198913,0.144419285880827,0.146298343128149
2553,0.482880615674746,0.194222342787225,0.0461713153924319,0.121443787626155,0.132185962632583,0.0230959758868591
2554,0.0958556004090113,0.17593675678638,0.0996270805508291,0.139927882640924,0.40469713333829,0.0839555462745658
2555,0.0135733881632373,0.0696895165744739,0.0508388555561138,0.0390943960549506,0.658307676974106,0.168496166677118
2556,0.0806598294637221,0.27141664096248,0.266411590164729,0.0527800474508729,0.187484614032437,0.141247277925759
2557,0.327393899539604,0.238399850418605,0.298669562358491,0.0511666338205763,0.0606639289502208,0.0237061249125037
2558,0.036868939897967,0.0889437219182435,0.622331942009417,0.0343199402226618,0.0977230504764856,0.119812405475225
2559,0.0715698993805756,0.447707242248038,0.139105874905794,0.0301920543336361,0.119896792171414,0.191528136960542
2560,0.00705066374540392,0.0851096304862776,0.0984852362357464,0.0221321975231199,0.191822180978347,0.595400091031105
2561,0.0171305564156137,0.0621254768206189,0.158101128371521,0.0128454363509784,0.120700210487556,0.629097191553711
2562,0.317799996174916,0.378677947024738,0.0428483505428317,0.0384575590671859,0.199453517418688,0.0227626297716401
2563,0.264409114076766,0.174060711015694,0.26901949838673,0.0874107218649613,0.095502170159866,0.109597784495983
2564,0.142453088323991,0.0700932739381461,0.0787482542559962,0.365344540423528,0.192528529475026,0.150832313583313
2565,0.0208143263717604,0.071550069974816,0.0767587788193589,0.0391629725553318,0.205971265452272,0.585742586826461
2566,0.0109674979239137,0.0345076279227985,0.0955602730960736,0.086605182202813,0.308647538038588,0.463711880815813
2567,0.0357248164517218,0.139185007220514,0.122238838165734,0.052379850373511,0.169637471263345,0.480834016525174
2568,0.00757298360026201,0.0457501412820683,0.0752399633714681,0.0234234077001346,0.244241922668197,0.60377158137787
2569,0.0235066094191441,0.0776876216561825,0.207904089806526,0.0188035673776374,0.195439627171964,0.476658484568546
2570,0.0224025068102678,0.579682449038409,0.110097850997264,0.0108492694732654,0.142021486526101,0.134946437154692
2571,0.105962819858469,0.0832247587690452,0.0291011428095547,0.333304074401072,0.322837923271069,0.12556928089079
2572,0.0800903778740882,0.0788884199604177,0.354195082389016,0.139952253682168,0.127942451439305,0.218931414655005
2573,0.0824863786158973,0.31992620828227,0.0917649311423219,0.0366862036656252,0.282669267613534,0.186467010680352
2574,0.0290004635958787,0.0533882796961756,0.027769125051416,0.444025316881758,0.367769729942909,0.0780470848318626
2575,0.0221817404778006,0.034245910272315,0.0167010329813828,0.157425105375513,0.653161001971772,0.116285208921217
2576,0.298750274940594,0.307698418786898,0.122972662556914,0.0773669309758144,0.102866619528696,0.0903450932110836
2577,0.0476197126931648,0.212599862616551,0.252126596550251,0.0314183193877958,0.203062989317696,0.253172519434541
2578,0.00140103228376288,0.00713125580962495,0.0367611511994134,0.00852581112093705,0.0707385932328907,0.875442156353371
2579,0.254980797750461,0.208613230288986,0.318926767736808,0.0423374500424845,0.0918496973285014,0.0832920568527601
2580,0.0654932738642937,0.282094016699853,0.178836744476628,0.0279145848629426,0.216717042306826,0.228944337789456
2581,0.00835773979749085,0.0392505165311429,0.0798071092600505,0.101316736370272,0.489672180118367,0.281595717922677
2582,0.110608558831386,0.523074170995056,0.0718038858361947,0.0329419748027019,0.204027967561915,0.0575434419727467
2583,0.0502089892796213,0.57444768940591,0.167547293999478,0.0173045673910822,0.106491868276957,0.0839995916469513
2584,0.296910734988886,0.568965462722481,0.0327392837377628,0.0138073579415826,0.0690052056787898,0.0185719549304975
2585,0.0198208935236617,0.0638429763240547,0.0663927479593397,0.0645532765916915,0.482692883597409,0.302697222003844
2586,0.0426714563987772,0.299279999406542,0.138034812444328,0.0404104321470544,0.218161866873498,0.261441432729801
2587,0.199052903722905,0.0738031644041588,0.053711164280324,0.326129869233024,0.245938741684854,0.101364156674735
2588,0.0527652875336151,0.0355844784456437,0.0221203641902583,0.219183679205276,0.542198854368393,0.128147336256814
2589,0.0404913121547861,0.0806037594275876,0.0427243453848908,0.147008501495165,0.586165554428562,0.103006527109008
2590,0.0109118970401288,0.0605805981834172,0.129073806437995,0.0618093302355867,0.200608488406172,0.5370158796967
2591,0.0964123171232101,0.106551371952415,0.26820876361682,0.0412752252001545,0.080917295546477,0.406635026560923
2592,0.0186317203613621,0.0540120468452734,0.0230206851581437,0.168217639034367,0.575944760898655,0.160173147702199
2593,0.185511186527043,0.211795354885541,0.075557896318094,0.193015430609191,0.242699460936407,0.0914206707237239
2594,0.0258037305619408,0.056191557207548,0.0546408603803842,0.0285182214859,0.453814021087701,0.381031609276526
2595,0.111473670578373,0.118279077764363,0.211499368392426,0.197881890524354,0.158983963708437,0.201882029032047
2596,0.793198795891542,0.0612941644532259,0.0118470170452067,0.0998686470804684,0.029250156956231,0.00454121857332623
2597,0.00681794874185741,0.0362746478319132,0.165318924248631,0.022468326983509,0.181102066490755,0.588018085703334
2598,0.013875123918766,0.10156810166578,0.129440449322843,0.0145830140246204,0.153581825051532,0.586951486016458
2599,0.205834365462097,0.220976195996064,0.107379732975106,0.188257682443073,0.182970769401457,0.0945812537222022
2600,0.0125839471236283,0.0563357038524558,0.0693383682142023,0.0389449523325914,0.74971949724366,0.073077531233462
2601,0.03066027721851,0.0764118908978587,0.214104991443945,0.0373856208666226,0.132375930307327,0.509061289265737
2602,0.020086042160648,0.0770571987627167,0.0958037661211572,0.0372528516195825,0.215334594881328,0.554465546454568
2603,0.0422420138500733,0.542905331184158,0.0453783734735589,0.0245932645626571,0.286802546468741,0.058078470460812
2604,0.0443198942967465,0.169009170817571,0.299378466366741,0.109626210375871,0.107859789922235,0.269806468220837
2605,0.00216190837046579,0.0653988004767942,0.25680584762683,0.0174440341847115,0.2255728577404,0.432616551600798
2606,0.0339419595878201,0.0823361410583614,0.107265421039057,0.035680602868552,0.240732398219211,0.500043477226998
2607,0.00626359495916299,0.0210998565697125,0.0668995571748442,0.0214270585831315,0.106531950570132,0.777777982143017
2608,0.201518085954251,0.179490992177648,0.0934798272134227,0.144617462213611,0.228387219390981,0.152506413050087
2609,0.0182365627834655,0.0516005899428087,0.0532626035332842,0.0949646478479104,0.402222607121982,0.37971298877055
2610,0.102494997772373,0.199147194425095,0.0529574639818563,0.165287313254167,0.307739332983557,0.172373697582951
2611,0.0212816728165906,0.0656634478904214,0.183789651266153,0.0332359283158537,0.0873316501035476,0.608697649607434
2612,0.0609116373490744,0.255905003115883,0.126681064263323,0.0361735887602297,0.166288284074927,0.354040422436563
2613,0.441995921340963,0.343765449017197,0.0625915606584467,0.0633016994900946,0.0705403176483905,0.0178050518449084
2614,0.144902825935678,0.105691554347807,0.0769186060994626,0.16289156382765,0.263601924905951,0.245993524883452
2615,0.428152356367407,0.248347168620608,0.161919150841114,0.0554557242065989,0.0659474502374556,0.0401781497268161
2616,0.00784960058322751,0.0555503104340536,0.0690988587619818,0.0395408064137013,0.48687028729984,0.341090136507196
2617,0.16336637780807,0.31010522397161,0.284499409244363,0.0408654353498773,0.119256127192003,0.0819074264340764
2618,0.0581769393182791,0.0749890421767149,0.0936404035797777,0.0653252334642802,0.456508731455489,0.251359650005459
2619,0.0329626912818067,0.0415832863898117,0.0183942705623028,0.0866891526791782,0.679510625312699,0.140859973774201
2620,0.0118689074474364,0.106788814866279,0.220353219565076,0.0250350947961652,0.308904622545532,0.327049340779511
2621,0.0308224045905526,0.0817402362651321,0.0404740790513368,0.119516203152119,0.621076426246656,0.106370650694204
2622,0.00257854834578447,0.0127251129246115,0.0285913233557477,0.011107977020672,0.144807883876165,0.800189154477019
2623,0.226661714458313,0.207138079072392,0.0479576767789268,0.0816484464704457,0.366917489456696,0.069676593763227
2624,0.0191320713552655,0.0396891770589056,0.103944068610688,0.0529895393397675,0.172069445389954,0.612175698245419
2625,0.0819451131319676,0.205284794370321,0.515561149215727,0.0308691383258623,0.0804987907481981,0.0858410142079234
2626,0.00630218791205175,0.025654735402008,0.0619054856242496,0.0225409667764249,0.19364848033802,0.689948143947245
2627,0.0632036362738441,0.141763541585279,0.342680380998834,0.0266041573086895,0.162392492655227,0.263355791178126
2628,0.103680283355085,0.12000815840463,0.0799950620617035,0.333101023644262,0.293424883361314,0.0697905891730052
2629,0.0326487553783091,0.227879324492228,0.0615055644384844,0.0382456941239844,0.400420047001426,0.239300614565568
2630,0.143540350855317,0.133144845399633,0.144159680948438,0.0910421464934132,0.222525455735689,0.265587520567509
2631,0.0184652373310333,0.185902902172352,0.199195767613517,0.0259701870438757,0.328099730929304,0.242366174909918
2632,0.00532909622313543,0.0196578920206862,0.0698307994702386,0.0204852079315317,0.147852127287383,0.736844877067025
2633,0.135189234086643,0.354862545206471,0.0618220005480253,0.0955188907949638,0.266860790069179,0.0857465392947179
2634,0.0401619947441651,0.0761875493133529,0.249470275697995,0.0706425686743575,0.170311155681599,0.39322645588853
2635,0.0219211097694882,0.0704258184134734,0.053021063318184,0.0342529751289339,0.652262320879672,0.168116712490248
2636,0.0269656758596791,0.0694115838706187,0.143737048035989,0.0387064652069258,0.306574062396132,0.414605164630655
2637,0.0154755537092127,0.086601416427722,0.0257587053999453,0.0244802411295774,0.68677422521224,0.160909858121302
2638,0.0725171941592777,0.0488244508932449,0.0778672724306318,0.298091170431716,0.176702660737851,0.325997251347279
2639,0.102126189615077,0.0746427305826683,0.0487492889707905,0.389052568943422,0.299474866173012,0.0859543557150304
2640,0.014294250285104,0.0356052887892596,0.062300253263191,0.0243369513839832,0.13886895766652,0.724594298611943
2641,0.16355634172542,0.202190546363246,0.141921704515577,0.144783684111192,0.191619021749002,0.155928701535563
2642,0.0176696259034468,0.0900669338621009,0.135111299998376,0.0323790743935477,0.249182876295184,0.475590189547345
2643,0.3662069294565,0.354459794749802,0.0311740050105735,0.125634136561146,0.0972348333437142,0.0252903008782648
2644,0.00605726078945875,0.113059747979115,0.0422008882860583,0.012375480580028,0.246615849448734,0.579690772916606
2645,0.0195634372317693,0.0679722384851661,0.0397000455713286,0.0544049242413652,0.286494418020024,0.531864936450347
2646,0.00313795745374914,0.0170257991295367,0.0784864061175259,0.0137180107874245,0.0524936267046851,0.835138199807079
2647,0.0720116942623273,0.106910047509443,0.113297502565073,0.12595665424246,0.261937008158384,0.319887093262313
2648,0.156909003226969,0.254525029385834,0.438099163763725,0.0181331510040642,0.0427521175039185,0.0895815351154897
2649,0.0371210079773441,0.0544569042693998,0.100652898852338,0.0493309472850324,0.243465899141462,0.514972342474424
2650,0.0533192620731802,0.0408294043799715,0.233616210475611,0.0480571185498153,0.0959128174766452,0.528265187044777
2651,0.0248227950285877,0.0914454643092395,0.042794083371821,0.0495813502642541,0.559429211350995,0.231927095675103
2652,0.0147828626874767,0.165003046368171,0.0508178977612429,0.0344354271597305,0.469941362367566,0.265019403655813
2653,0.268623114843181,0.238637626353469,0.134415173390071,0.0613000720045827,0.189569919747217,0.107454093661479
2654,0.0041339380675273,0.0394680774173203,0.085554714139285,0.0438617219906258,0.162346173770814,0.664635374614428
2655,0.383937097868121,0.24569484666866,0.0736588054639015,0.107031619006325,0.151292611519817,0.0383850194731757
2656,0.0102812550721253,0.0654451769621251,0.0579684783764449,0.0288011926992855,0.434337716812422,0.403166180077597
2657,0.0140972435241467,0.0378923239391721,0.182375162726897,0.0233738699122991,0.107472671459965,0.63478872843752
2658,0.190083726228403,0.174247787336048,0.156394353692045,0.272990581417424,0.110977870150102,0.0953056811759782
2659,0.155774144569891,0.0809132222317308,0.0967939987603489,0.505158310138144,0.0859877681974359,0.0753725561024489
2660,0.00925559319857795,0.0364365682924396,0.0448448844201726,0.0334599497896183,0.265047923014367,0.610955081284824
2661,0.00415546087875266,0.0209677183239979,0.0892423108375821,0.0193671601022695,0.0877111290265997,0.778556220830798
2662,0.00523938876026588,0.0451903528128753,0.10202110532928,0.010367554768826,0.124015224992255,0.713166373336497
2663,0.00636709762941032,0.0321341794180604,0.0505446069852449,0.0307601485897824,0.40768915892628,0.472504808451222
2664,0.0388798056181906,0.0977403863850921,0.0330276997605215,0.101245861305087,0.56509077712581,0.164015469805298
2665,0.245752892860788,0.271553469799057,0.104726583957755,0.0662332820971958,0.189077379374756,0.122656391910449
2666,0.00334352803633322,0.0111310132093441,0.0992046776373587,0.0094663701729288,0.0244361514256449,0.85241825951839
2667,0.0728536170156127,0.13003502036598,0.412684405508428,0.0781666958040306,0.192530769798045,0.113729491507904
2668,0.0115137354545769,0.0675072672360199,0.421731451150028,0.0173173916252985,0.123285302342803,0.358644852191274
2669,0.0500848547619273,0.187032885602274,0.117563909990901,0.0304730027261008,0.242023622906719,0.372821724012078
2670,0.00967059766610402,0.0560946008295365,0.142571869878822,0.02274452263444,0.209085654050633,0.559832754940465
2671,0.0310401452241643,0.0872505970633125,0.03837670298855,0.0952645359507376,0.387773455213883,0.360294563559352
2672,0.00461277520998491,0.0477980394582804,0.13491644853763,0.0147937296781662,0.181889054873931,0.615989952242008
2673,0.333896149120381,0.302597691670316,0.0558737264798177,0.119042929049046,0.149899784379636,0.038689719300804
2674,0.026092431877303,0.0446826836116211,0.0672167902462831,0.239946818728836,0.383266903343911,0.238794372192046
2675,0.544510311059418,0.193403268591004,0.022349247261596,0.154032062725521,0.0732228787030838,0.0124822316593777
2676,0.0263959061581154,0.0398423330052729,0.0590223966894347,0.126398510800251,0.431909078618473,0.316431774728453
2677,0.0880996652731173,0.172667462439465,0.403352043832375,0.0452553190065084,0.183667856863604,0.106957652584931
2678,0.046799555270638,0.173490283996169,0.188136309595328,0.0512808645100176,0.310901003852459,0.229391982775388
2679,0.00312197082695213,0.0211691926174072,0.0480871163569374,0.0247809890880481,0.314147807951827,0.588692923158828
2680,0.067832975310827,0.111168222221445,0.334290500000626,0.172381225340664,0.146658834111101,0.167668243015337
2681,0.0338276363529382,0.151957400838689,0.111928852722591,0.0620100143827344,0.363081362412189,0.277194733290858
2682,0.0144026959334499,0.0366093351782943,0.127160373231373,0.146161672923464,0.216789319038026,0.458876603695393
2683,0.46910500868449,0.27926638391112,0.0329890034843517,0.120687689331652,0.0859910947124991,0.0119608198758884
2684,0.00973591356215422,0.0430577477573378,0.0462680976995435,0.078554354789637,0.460896472244139,0.361487413947189
2685,0.132852683182942,0.075418534535935,0.142626011236084,0.0374194501314322,0.0735053201796578,0.538178000733948
2686,0.0137252353261974,0.140509789751949,0.147729430436417,0.0351178234911251,0.206585881893601,0.456331839100711
2687,0.337763114045748,0.202736411872348,0.0886582369845954,0.173679234318292,0.164854752707466,0.0323082500715502
2688,0.0352085323290548,0.160943306812418,0.0721466370188312,0.228858096633969,0.371440487612396,0.131402939593331
2689,0.191889426074685,0.564405443905037,0.0342937649002037,0.0478740268628984,0.1344573290007,0.0270800092564768
2690,0.0122816490373555,0.0266255553489983,0.0359934384747923,0.217027012387045,0.439628831671588,0.268443513080221
2691,0.0391544567635212,0.234142002414374,0.079850372235523,0.0514631314231892,0.361970261953805,0.233419775209588
2692,0.0620285188145632,0.0989425385075466,0.239844449111609,0.0680387512761708,0.222086952622146,0.309058789667964
2693,0.0343848149900612,0.0671449356830155,0.22842700263142,0.0460566581640072,0.149127855119576,0.47485873341192
2694,0.00782164589160779,0.0262764143621364,0.0666675501267483,0.042922398845517,0.205354072928782,0.650957917845208
2695,0.568735035372106,0.173452012046983,0.0521202205949252,0.112472676313239,0.0707269524372292,0.0224931032355174
2696,0.0191485200917667,0.0765225098318368,0.283712788967782,0.0271997088888277,0.126940359238209,0.466476112981578
2697,0.0447481133122616,0.145971906867102,0.26728074999225,0.0383454750955716,0.179106571294974,0.32454718343784
2698,0.011169729359156,0.0462361883189504,0.198299125068894,0.0421998538162423,0.253459868890873,0.448635234545884
2699,0.0148060847391953,0.130484172611812,0.36091113444585,0.0111295545643376,0.0733617864784149,0.40930726716039
2700,0.0018271605674377,0.0361616978615465,0.0273932186310333,0.00641018874251707,0.354996616211181,0.573211117986284
2701,0.017774613706678,0.0487977379151959,0.0904140651979657,0.103782235385052,0.305751570004909,0.4334797777902
2702,0.39562420244179,0.193081847827389,0.195328506944005,0.07041164761683,0.0813580424320628,0.0641957527379241
2703,0.0948810422291826,0.0764616557898285,0.149695469932034,0.106805133238778,0.250434380895856,0.321722317914321
2704,0.034274301904506,0.199101574234314,0.496074555619104,0.0381949310745233,0.108466162471228,0.123888474696325
2705,0.0178558703133182,0.152623913874693,0.391246670919462,0.019028237230088,0.147037100173655,0.272208207488784
2706,0.0124306006451619,0.0825897030353433,0.168984052854262,0.135794871811332,0.198333522197923,0.401867249455978
2707,0.013384435355681,0.0391843042862871,0.0278810249634025,0.0666572130710629,0.597270723337859,0.255622298985708
2708,0.37930610078553,0.368163785280301,0.0578490610794168,0.0601511093378647,0.107671008765796,0.0268589347510918
2709,0.0762164965044078,0.150597108541366,0.313537684335018,0.0447325911321495,0.109091267115299,0.30582485237176
2710,0.0758847274696172,0.0649049585640075,0.231479468262186,0.0657599355535097,0.109636339107284,0.452334571043395
2711,0.0319784254836749,0.0752512327442811,0.170808553648875,0.0491948392510289,0.285422944221309,0.387344004650831
2712,0.137571424325651,0.08616647407249,0.0955535586786489,0.23726708016186,0.291510009992489,0.151931452768861
2713,0.147193992721678,0.232520038361622,0.235600083202196,0.0516729026182358,0.122301238234114,0.210711744862155
2714,0.00401531965217594,0.0540860347990496,0.111261467573945,0.0150201203319183,0.165099679643321,0.65051737799959
2715,0.0335164549787481,0.111053323891185,0.363686432860579,0.0374372851357366,0.253512297799434,0.200794205334317
2716,0.0316112711601087,0.0718053357088162,0.0977099275165859,0.0719419999205631,0.374623724744744,0.352307740949182
2717,0.0109616630732462,0.0452572783660093,0.0407521195837195,0.0359661562113817,0.296523281141394,0.57053950162425
2718,0.0188692517145373,0.0532660526820728,0.269547712997863,0.0597274837480476,0.16223645057509,0.436353048282389
2719,0.0269521298013523,0.111131715979097,0.200279409016456,0.0471689862936982,0.358784929599415,0.255682829309981
2720,0.0963027567403075,0.10585258209053,0.280773574281652,0.0958357918435049,0.214555522018075,0.20667977302593
2721,0.0167986376492839,0.0533352558223197,0.0898096637697238,0.0396680034011888,0.33933126628891,0.461057173068574
2722,0.281574963829976,0.486949666353292,0.124356594031666,0.0155233951075094,0.0668290693616466,0.0247663113159095
2723,0.0473935456127252,0.135536730073105,0.11241742181497,0.0548919422678436,0.215387759391195,0.434372600840161
2724,0.672355120572349,0.0913886686879961,0.0629174857123661,0.105564965018505,0.0464101198734467,0.0213636401353367
2725,0.263231181832695,0.283163706650782,0.076083551335015,0.207336453132115,0.116548251493901,0.0536368555554926
2726,0.0498117460230362,0.078953468374998,0.0379431680492738,0.152189095287355,0.627944539454857,0.0531579828104802
2727,0.00475792844206552,0.0384824589779204,0.066721822649764,0.0308729613417974,0.331858020757894,0.527306807830559
2728,0.0176342290327228,0.0346795487431935,0.125932257385335,0.0433034510099017,0.117954990246142,0.660495523582705
2729,0.142375731321099,0.224001841061342,0.0958618546739877,0.107512652286052,0.282912170605086,0.147335750052434
2730,0.0111837134912012,0.0284269037438367,0.0765685397570085,0.0519325650400927,0.426183915189642,0.405704362778219
2731,0.175932967134017,0.154956696099746,0.0635276295342551,0.172018586031178,0.329735790939671,0.103828330261132
2732,0.0234515089087185,0.0715022195073581,0.28224051307809,0.0284433820589959,0.101419893227493,0.492942483219345
2733,0.0580659563217083,0.123349680256379,0.118680239009683,0.192996324229162,0.408548924514959,0.0983588756681087
2734,0.0325441358610815,0.661802467882387,0.0497655288299816,0.0126503685228199,0.151137205978924,0.0921002929248069
2735,0.0407939224528798,0.446396025485489,0.141640048939949,0.027101208774557,0.151180702818237,0.192888091528888
2736,0.0382495184049441,0.083255450500975,0.0486918575340804,0.387042973446611,0.339852890468867,0.102907309644523
2737,0.181087936586201,0.106584640678744,0.263280413567299,0.0893982486834316,0.18667637433805,0.172972386146275
2738,0.0245620607969701,0.113820423121495,0.121309521280313,0.0641963226762492,0.187032014525995,0.489079657598977
2739,0.118914705009941,0.242258742312207,0.259397134224724,0.0449656062292687,0.242598885030767,0.0918649271930932
2740,0.249004010002467,0.327498359520904,0.0583156828162375,0.0975038691288918,0.122604075972578,0.145074002558921
2741,0.0616295451475685,0.295346102696975,0.10922317079674,0.0327124745521303,0.354221445407324,0.146867261399263
2742,0.0560183620085327,0.0619622883480706,0.0404246203857258,0.199237990575743,0.482584371882964,0.159772366798964
2743,0.187079212253792,0.224338893058991,0.110150061185065,0.115015194848767,0.212426204660013,0.150990433993372
2744,0.0247164546517828,0.0764318596454707,0.0401298654292933,0.123057515794684,0.641404613632908,0.0942596908458614
2745,0.00408676590377708,0.0503127982229948,0.273883198155715,0.0616575557115545,0.334714525236186,0.275345156769773
2746,0.0146409501880719,0.0798903968127139,0.107193857450285,0.0318561911956163,0.318659192904583,0.44775941144873
2747,0.0184894202167787,0.0343829655581082,0.0140389170081824,0.0930270337560849,0.646071193954941,0.193990469505905
2748,0.00711482620083828,0.0452413971563511,0.0576458541278212,0.0351046279111063,0.629676747796691,0.225216546807192
2749,0.212945509978014,0.103499722516693,0.0597409379587502,0.326237018116739,0.222552473941406,0.0750243374883989
2750,0.0114037913338134,0.0611808577847816,0.365143668727216,0.0280152905491803,0.124973642161269,0.40928274944374
2751,0.216849508671925,0.17483237968108,0.0523193201256602,0.108630825737859,0.39653559725694,0.0508323685265363
2752,0.0433103777495232,0.148935948044042,0.180401585064234,0.0769707898739799,0.180191793009314,0.370189506258907
2753,0.0590331559311955,0.0660600521553334,0.017563074791933,0.371359552580209,0.434556130771538,0.0514280337697911
2754,0.00992794227782638,0.222687678665559,0.0771832499772802,0.0142077607699677,0.443532146447264,0.232461221862103
2755,0.00230274222186032,0.00884001354996493,0.0473962410649063,0.0111831253832541,0.216523771154658,0.713754106625356
2756,0.00628533919809141,0.0145613057672206,0.0691667494181483,0.0131416792635576,0.0343734498833195,0.862471476469663
2757,0.0088646082724949,0.126400341283996,0.0237007921099063,0.0303525371283305,0.551330089097517,0.259351632107755
2758,0.0833740052808781,0.269251905589354,0.191694481130713,0.0279840313639123,0.281565426953888,0.146130149681255
2759,0.0201603001087394,0.197245003056302,0.0993095022004466,0.0175997169759712,0.287155275501239,0.378530202157301
2760,0.360518827411736,0.0714153284541931,0.0281028292363116,0.486098469698614,0.0447783444857517,0.00908620071339364
2761,0.182245190764051,0.138419373314417,0.0721356042188734,0.291411484657518,0.213642477212109,0.102145869833032
2762,0.00520923760264049,0.117812799669314,0.104695164326792,0.0129253354796689,0.398559335268581,0.360798127653003
2763,0.0484641757624912,0.168546482294257,0.307765557169911,0.0566902246067634,0.22876697041388,0.189766589752696
2764,0.0105196272219861,0.0223796568798094,0.153582217756306,0.0197212710682952,0.100775526823222,0.693021700250382
2765,0.0214293133272089,0.15973594814873,0.214989599074125,0.0287038511183187,0.182599065967065,0.392542222364553
2766,0.0339880159370572,0.130157582612107,0.0989946801496728,0.0529679268738811,0.38782986894765,0.296061925479632
2767,0.024585382537882,0.046864498603062,0.0625446512108306,0.391543757515407,0.256798778158013,0.217662931974806
2768,0.0463317874983465,0.265582719054229,0.374365873702119,0.018482063944878,0.101940127197429,0.193297428602998
2769,0.044568309438445,0.279748184727378,0.106146683715853,0.07402372024395,0.341983873989783,0.153529227884591
2770,0.00204631645510614,0.0315989886099561,0.156744024043492,0.0171390166217732,0.15787367880663,0.634597975463043
2771,0.0277709424726616,0.137061809412024,0.47365891300744,0.0295895599320823,0.133608446018829,0.198310329156962
2772,0.0483440228965575,0.0635452873639654,0.0861812589192836,0.163852402483685,0.477865435222845,0.160211593113663
2773,0.0547874080803841,0.296115805550347,0.109221850694819,0.0320490734794987,0.367214383261886,0.140611478933065
2774,0.112407981345251,0.380123470898014,0.0977119540777655,0.0467064618868451,0.262820191278552,0.100229940513573
2775,0.00153027829689602,0.011492538133921,0.0763660663634271,0.00581282785386953,0.0822169793534332,0.822581309998453
2776,0.00915365586576389,0.0308918883302032,0.0541209224638934,0.041557211705251,0.273557885846215,0.590718435788674
2777,0.00120902585499205,0.0117676617885213,0.0686110727785816,0.0085277465722746,0.0576625382347019,0.852221954770929
2778,0.073000563659246,0.148058944116583,0.13911541358471,0.0874015381964119,0.168847372967956,0.383576167475093
2779,0.0363728022740532,0.0552162885588899,0.339698137806194,0.123783096131572,0.150313926169141,0.29461574906015
2780,0.0500253857340242,0.221894208587805,0.275100385973982,0.0446991555612771,0.12877773275163,0.279503131391282
2781,0.0126048968987959,0.0311303518115895,0.0443959596726955,0.101514396007642,0.545657157937514,0.264697237671764
2782,0.0063316408586831,0.0304200476347278,0.192816232042554,0.0186259316641271,0.0988597631320187,0.652946384667889
2783,0.323820370020996,0.389675423936854,0.111691285303494,0.0576234627435294,0.0843609428168866,0.0328285151782398
2784,0.0605322897222512,0.282624218299448,0.0530456535124509,0.121373872051884,0.406305721806459,0.0761182446075063
2785,0.00175344943956159,0.0132320362990087,0.0446765666807758,0.0243975391501517,0.241740525464254,0.674199882966248
2786,0.0145570327051625,0.0703098833148065,0.0586906959450159,0.0576368913369309,0.422022967679154,0.37678252901893
2787,0.00464076598789771,0.0332127887404082,0.0904065494495694,0.0202093430262695,0.248198100324696,0.603332452471159
2788,0.0152452176013638,0.0557249290620914,0.111412596499826,0.0283021327813459,0.142583773266674,0.646731350788699
2789,0.0639399346631073,0.0688042345352538,0.290146158412667,0.0773432578810052,0.205694868723894,0.294071545784072
2790,0.0625875580661017,0.134735995922606,0.0495149017122293,0.10101136982199,0.431760033241992,0.220390141235082
2791,0.185659963029644,0.05415137584831,0.0287651007702301,0.584985615390622,0.101760729605508,0.044677215355686
2792,0.572307607668023,0.238211311026032,0.029308576757685,0.0593365929787761,0.0794075560547407,0.0214283555147429
2793,0.00681479096345547,0.0636048614395659,0.0403423895543968,0.0225115232079043,0.498872227821701,0.367854207012977
2794,0.49197206292237,0.234495419684068,0.0556140534940135,0.095407850301631,0.0968295350956995,0.0256810785022179
2795,0.393804818516616,0.0997883091051562,0.0372887386033481,0.371562568641374,0.0820644390471463,0.0154911260863591
2796,0.00294710033423942,0.0223079253645394,0.107320005190884,0.0185709929548666,0.0992034557517637,0.749650520403707
2797,0.0356844383921889,0.0509202019297329,0.0732044156069675,0.106006540083799,0.176421049084045,0.557763354903267
2798,0.00792977838392565,0.139483709741504,0.202438413626764,0.0125158792996066,0.298242945546437,0.339389273401763
2799,0.101180315294545,0.172738236959943,0.344009354667155,0.0322620026366203,0.146429351126852,0.203380739314885
2800,0.00576827977427427,0.0263859451722462,0.0427439232359736,0.0414016000411045,0.245421866569339,0.638278385207062
2801,0.0112882844282224,0.0424002965551579,0.0269459324092002,0.0338994919146257,0.487252730367475,0.398213264325319
2802,0.021414483458584,0.0901556518611537,0.0587106057204545,0.084542707308572,0.374356468606214,0.370820083045022
2803,0.071299474015973,0.515502900901776,0.0938715452587863,0.0206312883866722,0.192167380626574,0.106527410810218
2804,0.0147137379815828,0.0694802436080319,0.117628521433081,0.0489270874665983,0.426413414922542,0.322836994588164
2805,0.243203517778752,0.1798957102664,0.289028745501417,0.0804800927048444,0.130615062728067,0.0767768710205195
2806,0.148894027320661,0.0935071642858592,0.0703824120654546,0.231323142793455,0.225770103945398,0.230123149589172
2807,0.0709398709934948,0.184793015056513,0.17010224485769,0.0803456518856245,0.209310021201954,0.284509196004724
2808,0.00886421123868878,0.049499583698674,0.0611837673299299,0.0282548539781881,0.325764962925392,0.526432620829127
2809,0.0397415930906734,0.0830745360071244,0.282147917711329,0.0499127081259143,0.103398884004016,0.441724361060943
2810,0.00936100246766132,0.0455824897535944,0.0677667833107592,0.0829783103217009,0.465611906379798,0.328699507766486
2811,0.00894437532206316,0.142895456441382,0.21434942975269,0.0374821751174739,0.30045159310834,0.295876970258052
2812,0.374140938490587,0.293128326802779,0.129094039209816,0.0865194559451322,0.07855710582863,0.0385601337230553
2813,0.0642869203226223,0.117893130859477,0.155029151556303,0.130033447393334,0.294740829445253,0.238016520423011
2814,0.0201215463565533,0.211920470837353,0.217469494468471,0.0385662902270148,0.231367980240678,0.280554217869929
2815,0.0394253816023389,0.096313952626079,0.149465874117987,0.0668839537919943,0.17807721665682,0.469833621204781
2816,0.201530051743583,0.164170097917215,0.313250851868699,0.0830509826935253,0.161100293756671,0.0768977220203059
2817,0.0868577173171281,0.285052519326369,0.116137311128551,0.0564468297047418,0.320205798333416,0.135299824189794
2818,0.270422115963754,0.267424359955363,0.188457269905468,0.0562183314802048,0.135762136550823,0.0817157861443873
2819,0.490518813911174,0.317145170778465,0.0536000160637046,0.0506796963808034,0.0689425990584801,0.0191137038073728
2820,0.339362007522733,0.193755353616288,0.344450841536002,0.0363809853678989,0.0543891312524204,0.0316616807046586
2821,0.00266289200221859,0.029613604864739,0.0185477283922765,0.00818838813848665,0.476995960998844,0.463991425603435
2822,0.176950174094487,0.16740111203789,0.182009878404721,0.0634995721914704,0.292174509598256,0.117964753673175
2823,0.0560757287799128,0.105585106237115,0.117576616321639,0.0863557584575004,0.247429822589906,0.386976967613927
2824,0.0351684576571317,0.137755106323685,0.18150498864216,0.0437379258512408,0.285719197408944,0.316114324116837
2825,0.00332153329551781,0.0241273031709003,0.172138041955255,0.0101352838677067,0.02485648994208,0.76542134776854
2826,0.0233599766765763,0.178893398601831,0.0469770645411165,0.0312422552764222,0.503814454444054,0.21571285046
2827,0.101481286976441,0.379006910680149,0.136808561804084,0.0354704765911258,0.19648200603077,0.150750757917431
2828,0.017721633666528,0.135381992826463,0.155427031724249,0.041114469966899,0.438174500620859,0.212180371195002
2829,0.0288656952853894,0.0399383277518033,0.0329511522179986,0.164026979520973,0.58930478827,0.144913056953836
2830,0.00294797520181121,0.0269919430846533,0.103831188970005,0.0185894705269106,0.16232330839934,0.68531611381728
2831,0.335499398659484,0.416084761569377,0.0879419657524599,0.0508390826880309,0.0723362735849114,0.0372985177457367
2832,0.0289109271014145,0.239664831258139,0.232655734464244,0.0226306847193833,0.270825461598285,0.205312360858534
2833,0.147868192062888,0.128747656263396,0.0884120701090367,0.190931987039402,0.24337264707181,0.200667447453467
2834,0.0155427853171638,0.0658538691403663,0.0860033036738025,0.0280448656297328,0.276486390966051,0.528068785272884
2835,0.249424962805985,0.210294302857756,0.0353495096278775,0.181663114883285,0.254145325399513,0.0691227844255838
2836,0.0136181514044331,0.0313812978825114,0.0437280921484405,0.0507187578931717,0.26261980920706,0.597933891464384
2837,0.0544556705523357,0.221340009916509,0.319728743126961,0.0502275416337373,0.182735568715748,0.171512466054709
2838,0.145156754365327,0.216014444389685,0.265127607303054,0.0735612013528667,0.104150483850824,0.195989508738244
2839,0.147780394710036,0.171125118825643,0.134456682162656,0.087580655129042,0.270217763408791,0.188839385763831
2840,0.129299034477606,0.0888827699972743,0.170595579521424,0.189791144021882,0.180481688068984,0.240949783912829
2841,0.439369475651069,0.117754087012067,0.0586667043699566,0.180165922829415,0.153838398117056,0.0502054120204362
2842,0.00573887910168566,0.0284055424904697,0.0218160728899583,0.0342491154807232,0.569140739165516,0.340649650871647
2843,0.109982529674009,0.101056529163804,0.120924269789794,0.0615889602043781,0.376267017269393,0.230180693898621
2844,0.0217639023572192,0.0877711713372994,0.609363919434552,0.0165774695760752,0.07132904835756,0.193194488937294
2845,0.200582682638237,0.342289192026289,0.159679619274251,0.171436149594207,0.102392797546449,0.0236195589205674
2846,0.00924946112738089,0.0428253676279468,0.0437537056695886,0.0491832341592492,0.416573553965809,0.438414677450026
