"CUS_ID","F20-","F30","F30+","M20-","M30","M30+"
2501,0.0511257390160236,0.411742341041989,0.146137249014694,0.0206691808963135,0.147177801696343,0.223147688334637
2502,0.121997119944057,0.205825979430829,0.0804300757704344,0.139770584685526,0.308690018316912,0.143286221852242
2503,0.0333182070605989,0.610175391591721,0.043977533909712,0.0238641625780583,0.199410010995462,0.0892546938644478
2504,0.450628026416449,0.130491888733731,0.10830091463832,0.147348308744461,0.0853928227676833,0.0778380386993567
2505,0.0828929829220271,0.17503302039788,0.15258562100673,0.0781280032217783,0.0965399790086372,0.414820393442947
2506,0.0117967048649221,0.349351191352017,0.136796860864409,0.0296498007858001,0.174992492095163,0.297412950037689
2507,0.0153904141506178,0.0370560808192819,0.15654892335642,0.036483556052157,0.141271158345168,0.613249867276356
2508,0.0137615952030409,0.0629653576617739,0.034027795770328,0.0413441469710098,0.506325663952545,0.341575440441303
2509,0.0450639907279664,0.0523343612379091,0.181593975517621,0.0734492439421294,0.112288425349679,0.535270003224695
2510,0.0126017424496838,0.0540685719395901,0.0497606216102743,0.030051106579481,0.312288055708607,0.541229901712364
2511,0.771446231310065,0.0836583923199872,0.0321724264221865,0.0771662492761725,0.0256728824637588,0.00988381820782972
2512,0.0449382462836666,0.13639000805028,0.052160453338396,0.11444728007975,0.521642581705655,0.130421430542252
2513,0.0137428722533107,0.0194825448298921,0.0318631646897906,0.0484194109884423,0.458468772696241,0.428023234542323
2514,0.0781812174004761,0.692664961203242,0.0303129882057353,0.0178132383200546,0.139648020120899,0.0413795747495924
2515,0.0144454615408002,0.0315190059395014,0.0332649653746325,0.0284488043590337,0.188699926278229,0.703621836507803
2516,0.0641873942662118,0.0685005420140608,0.0587517108269453,0.188757192380763,0.451504137522971,0.168299022989048
2517,0.0274523345364698,0.53029922694248,0.0702313953862748,0.0139419972601672,0.11890026280106,0.239174783073548
2518,0.402999426681379,0.244806102883921,0.172212383533778,0.0656666548569486,0.0423331772000375,0.0719822548439366
2519,0.049621823031233,0.873050155901794,0.0182808466254621,0.00523323953024517,0.0290416076037952,0.0247723273074709
2520,0.0294769726148545,0.0317799764778106,0.0338033789253292,0.123606554812159,0.57923878713972,0.202094330030126
2521,0.0386419839392418,0.101922894522724,0.340171939964833,0.0592152671183467,0.120353154665206,0.339694759789647
2522,0.272599508340314,0.143885739805226,0.1774495247911,0.0953644289657554,0.127994982618041,0.182705815479563
2523,0.0416292091721407,0.539205818092457,0.0395494427572614,0.0258108745564339,0.171220265134025,0.182584390287681
2524,0.0436118766493762,0.179828713898558,0.252005599774324,0.0609511965030137,0.0961187462914146,0.367483866883313
2525,0.0841749737251318,0.072019170796407,0.116003398879506,0.231497449517692,0.363162558634204,0.13314244844706
2526,0.192271658125882,0.247916184842143,0.0661918010397033,0.108653036367081,0.275088482882825,0.109878836742365
2527,0.585745581453825,0.114331268213923,0.0922987897659065,0.0433991714668602,0.0722848824510256,0.0919403066484592
2528,0.0108208227806907,0.0176043315091275,0.0485368876389615,0.0449430837848228,0.13326702489897,0.744827849387428
2529,0.11455784356744,0.201719037503236,0.246522911965372,0.0973317940442522,0.130326391544733,0.209542021374967
2530,0.0205281070903445,0.0396128684050943,0.272117058530618,0.0614547047988265,0.120499510708661,0.485787750466456
2531,0.0334721593310764,0.206007621104964,0.0802601045178925,0.0824852442829851,0.346278506677811,0.251496364085271
2532,0.0456458251997015,0.260632213121867,0.111589949062333,0.0337275879054506,0.159438040176781,0.388966384533867
2533,0.00333458309177055,0.0138163305933345,0.0565690275215967,0.0131281650650452,0.0512927301611862,0.861859163567067
2534,0.21970403965584,0.121028356924998,0.159788110049882,0.228336145247196,0.0767599524080986,0.194383395713985
2535,0.0473977341227318,0.114951137244329,0.23655230961827,0.039385601706651,0.162391219631788,0.399321997676231
2536,0.139854509405517,0.282701513314087,0.107959939105251,0.0835698839049786,0.172396682757963,0.213517471512203
2537,0.0777402758482077,0.750869062395184,0.0563403360118499,0.00912035043762353,0.0707310017798151,0.0351989735273194
2538,0.271344099884492,0.117483196619567,0.0747822337106769,0.111606741174092,0.223697136167594,0.201086592443578
2539,0.308685367635993,0.246709933891897,0.19238381817904,0.0585811871897722,0.107309128771116,0.0863305643321829
2540,0.174126021765987,0.0707429990289394,0.076518835482544,0.216486366057938,0.383781977038228,0.0783438006263639
2541,0.147788991433614,0.0688178164636363,0.0475093167396596,0.319285372982709,0.374325081022339,0.0422734213580426
2542,0.0544696593043234,0.529866879889838,0.0442522662021721,0.0482132158606212,0.26530578373144,0.057892195011605
2543,0.0197629102732333,0.0348811225830167,0.0845100012477916,0.0135414508374776,0.109278138189345,0.738026376869135
2544,0.0895035829010955,0.163075117206064,0.182924749888714,0.223786176701822,0.139465744733342,0.201244628568962
2545,0.056367866672796,0.344627759867701,0.143869939455952,0.0333690170053066,0.258558635073369,0.163206781924875
2546,0.0437294037573542,0.0702976403829533,0.0594243019724915,0.164964365908565,0.557170857291515,0.104413430687121
2547,0.033082353270106,0.0955301380344821,0.559510882835155,0.0434773846097395,0.0583488133016409,0.210050427948876
2548,0.0590189188755283,0.0747251820414142,0.0870540126382165,0.272992287774534,0.417688008627222,0.0885215900430849
2549,0.0128090195704648,0.058857141739186,0.0335840105032635,0.0427697773239628,0.298368565964915,0.553611484898208
2550,0.0165852812743462,0.0131904321169355,0.030056530632658,0.194891997207153,0.510582369048434,0.234693389720473
2551,0.331762205924018,0.210457268771087,0.0642262781283899,0.181935696149413,0.124187400329359,0.0874311506977322
2552,0.103974381678285,0.302995807962661,0.270493957490921,0.0375217358594565,0.138647298398686,0.14636681860999
2553,0.35569788389825,0.291015699349005,0.0545849850659643,0.11767143460253,0.13967314922177,0.0413568478624801
2554,0.148034016654284,0.370798504667173,0.108088002317911,0.0981507766695107,0.200923501365176,0.074005198325945
2555,0.0178830989312072,0.203077338993188,0.149280356064006,0.0557585582750779,0.391134669469613,0.182865978266907
2556,0.0672942783068931,0.369106866635169,0.317830034026325,0.0493963086806573,0.0743677756226046,0.122004736728351
2557,0.467012835937384,0.135991990171654,0.279479552000426,0.0556971803926998,0.0412359035136098,0.0205825379842264
2558,0.0307514924762106,0.0837825394146466,0.733872880217204,0.0410482102371337,0.0479800826462168,0.0625647950085879
2559,0.0795175123684226,0.423455972235124,0.224885525293226,0.0246067300893735,0.0834577433469808,0.164076516666873
2560,0.0211927283751211,0.167707795409524,0.116632624487239,0.0322898615270326,0.176220735275644,0.48595625492544
2561,0.0193665031783463,0.0872214359637403,0.259305341455073,0.0221049899997037,0.192138870745639,0.419862858657498
2562,0.182477942203672,0.346357339094293,0.0397645204410928,0.101310638646234,0.280686581443693,0.0494029781710158
2563,0.420238917590189,0.110914897235591,0.170140686747676,0.152183222034587,0.106215681367188,0.0403065950247689
2564,0.191892935361312,0.0834907870840779,0.104524651421792,0.295247985365667,0.151010951546846,0.173832689220306
2565,0.0395090370930578,0.106889182150028,0.155467773456604,0.0797475309782268,0.210294557364038,0.408091918958046
2566,0.0275311579541336,0.064430412104221,0.154128410223006,0.0587390658039606,0.199348173372779,0.4958227805419
2567,0.0420791146401076,0.143250325171314,0.141705164158627,0.051178255533044,0.159187784127977,0.46259935636893
2568,0.0154009198376232,0.0811415655338298,0.0979527729153326,0.0339199335093784,0.34290937126449,0.428675436939346
2569,0.0825744373828496,0.157851099731494,0.171915036686375,0.0453048659078789,0.109606849356535,0.432747710934867
2570,0.0476232372659357,0.630426520346048,0.0684748165885091,0.0120614206552304,0.0955293598860227,0.145884645258254
2571,0.0410794259870612,0.0789590927345998,0.0371603074438588,0.177123766138485,0.404643134705654,0.261034272990341
2572,0.099084278168783,0.0696080891886038,0.274629644615587,0.110348333040779,0.105620959175904,0.340708695810343
2573,0.0527397966479705,0.214963998304414,0.0888458804206537,0.0250864745726502,0.178375511032264,0.439988339022047
2574,0.0305943985890575,0.049599463542399,0.0424908129922403,0.148955986337651,0.591940786185693,0.136418552352959
2575,0.0229461008918763,0.0231576151522093,0.0219374389988559,0.103947850154056,0.669691320247164,0.158319674555839
2576,0.300075650121113,0.362922496653634,0.195031673561765,0.0824348733226214,0.0207107566156651,0.0388245497252011
2577,0.0357881866588739,0.278975736688323,0.467030713848405,0.0246579647616553,0.0765646001566478,0.116982797886095
2578,0.00577342558579421,0.0159782254797718,0.0419927432814397,0.0157104587771198,0.105312417592868,0.815232729283006
2579,0.308422276191465,0.183290385817771,0.128096546149755,0.143053633130352,0.153254978989661,0.0838821797209958
2580,0.0574864804170695,0.372597369543827,0.118733518261938,0.0176814662227884,0.169073870666158,0.264427294888219
2581,0.00368095319811842,0.0283047250503219,0.0577532456001984,0.0359895865019747,0.27627411889421,0.597997370755177
2582,0.340970073142245,0.341617282888584,0.095665412329032,0.050142495352017,0.089515557397445,0.0820891788906776
2583,0.187022282551389,0.46006834671973,0.206355024055536,0.0323928849469941,0.0499658302447299,0.0641956314816202
2584,0.191044774686928,0.560857967309812,0.0937916851292975,0.0377417337745829,0.0695835104396102,0.0469803286597699
2585,0.0215958722403664,0.071546087150114,0.0486810538824968,0.0946896557552238,0.457966980879107,0.305520350092692
2586,0.0448606244772166,0.234346183633872,0.0782137081931461,0.0280645788989799,0.162029285003875,0.45248561979291
2587,0.221443437310569,0.0648152089485648,0.0457096330540776,0.258348437100925,0.309890646984913,0.0997926366009513
2588,0.0280202757677452,0.0224703947095451,0.0184691216659102,0.201236810217957,0.655117987540645,0.0746854100981974
2589,0.0991552516656518,0.116274128400624,0.056759144425321,0.180966697661501,0.462404321264905,0.0844404565819981
2590,0.0269281118380375,0.0722631827644992,0.121260029556102,0.123087508812413,0.292054585122058,0.364406581906891
2591,0.0627181776419651,0.103694554691294,0.487763882814583,0.0412489592270228,0.0644904530891699,0.240083972535965
2592,0.0129638638306862,0.014827755489798,0.00941727680593911,0.103918127550598,0.773816656781885,0.0850563195410934
2593,0.146745288365465,0.179696673126479,0.0906429332126807,0.0886223808985173,0.347709858740472,0.146582865656386
2594,0.0636933356621328,0.109959749432403,0.0714602230255105,0.0652383356178794,0.245611072700382,0.444037283561692
2595,0.189226863474242,0.0780404236350509,0.199763603906677,0.312818389107955,0.101280790853812,0.118869929022263
2596,0.595730719214213,0.0899470101587335,0.0229555496489596,0.227531015443395,0.0503178497912065,0.0135178557434928
2597,0.0165859212401035,0.0465810390376911,0.194765116881212,0.0317532853337356,0.106618989394535,0.603695648112723
2598,0.0216249452202584,0.0882308764027913,0.0644731237786625,0.0255896099657031,0.1892159718973,0.610865472735285
2599,0.291782675855056,0.367161139013249,0.0385386868196167,0.0739545676450111,0.17109347915327,0.0574694515137976
2600,0.0107576625703388,0.0466642511549626,0.0792304292091833,0.0558080210177738,0.607622207907739,0.199917428140003
2601,0.0322077482853078,0.0679101548762462,0.243253864906007,0.0228856816784054,0.108285833012191,0.525456717241843
2602,0.0320046211291477,0.168972841531078,0.143511724506118,0.0572732373423218,0.211265850904814,0.38697172458652
2603,0.0378665327028744,0.656349230575419,0.0323807777240669,0.0306495702940702,0.163632489884012,0.0791213988195583
2604,0.0681650006574644,0.071393329937659,0.318280165294613,0.313914454748501,0.11081973450032,0.117427314861443
2605,0.00727911733874752,0.0989261068481319,0.215495558514121,0.0438267826488098,0.220962109376129,0.413510325274061
2606,0.0376130360341368,0.0968051929691678,0.200603934406989,0.0454412891411235,0.123180998165097,0.496355549283486
2607,0.0296219168533139,0.0373187284496226,0.0628187404657808,0.0728967296520123,0.243624419903629,0.553719464675641
2608,0.171863426545922,0.222913230520451,0.0687069952227557,0.154059061665294,0.154682386368685,0.227774899676892
2609,0.0214503045071569,0.0337620681180381,0.0391319640963208,0.122564766423966,0.584059427356254,0.199031469498264
2610,0.0726378208980558,0.216686975077649,0.080620947073176,0.16888847105611,0.326016303859336,0.135149482035673
2611,0.0417144301993325,0.271988564608224,0.305229802497877,0.0987321667119532,0.0591708163457168,0.223164219636897
2612,0.0303415464361571,0.188164637754071,0.155770999074365,0.0725472305860155,0.248383032763071,0.304792553386319
2613,0.595602918688263,0.249775438849948,0.0233531081902027,0.0592900536517285,0.0632286966142193,0.00874978400563801
2614,0.106891989025458,0.118421844465423,0.0830272854011941,0.116707257649867,0.315716080819332,0.259235542638726
2615,0.525208374162604,0.16501435881501,0.102335728494443,0.0693607385381534,0.0838350562921596,0.054245743697629
2616,0.0257007801442738,0.0581399366999431,0.093343382003971,0.0784373267279049,0.302085568636358,0.442293005787549
2617,0.361124973263697,0.376960117754409,0.0932936849368602,0.0444764733913861,0.095168398506863,0.0289763521467842
2618,0.11161143708231,0.124021641495976,0.0679477336576029,0.128128097464333,0.368350076251102,0.199941014048676
2619,0.0145063820243837,0.0144454891533281,0.0167798867824405,0.103038929257458,0.652244081105731,0.198985231676659
2620,0.0441648022831031,0.140248387041266,0.250428706469766,0.0623047228006424,0.292681781150161,0.210171600255062
2621,0.0516948536991606,0.11341767277303,0.0308586764800794,0.112661512652723,0.613197372388247,0.0781699120067587
2622,0.0043165559594482,0.00686328603133334,0.0279474738772317,0.0155072128477393,0.0891546186547135,0.856210852629534
2623,0.367312812087738,0.312962070238234,0.0331754461799901,0.109641965824021,0.145874926377963,0.0310327792920535
2624,0.0190102497567791,0.0547416000067231,0.142172271851781,0.0280367438202682,0.121373741297015,0.634665393267434
2625,0.196928522008131,0.351880200642823,0.314605527974636,0.034232620264102,0.0483876820167438,0.0539654470935649
2626,0.00666410106810188,0.0235984858428349,0.0526210027095304,0.0207551250742945,0.150999171667752,0.745362113637486
2627,0.155735620827148,0.216726279741918,0.389153654608232,0.048666933247462,0.0674593630291214,0.122258148546119
2628,0.167848203024532,0.37647462308864,0.0423916851128782,0.140137324070059,0.196730466439447,0.076417698264443
2629,0.0214487715496445,0.153551470953012,0.108672184044956,0.0297114246166304,0.255771600655729,0.430844548180028
2630,0.181626959426615,0.0683359569607336,0.113289468593338,0.0976643975632194,0.226447061016161,0.312636156439933
2631,0.0309787691274753,0.295537175734512,0.219568504611923,0.0468039010948183,0.167601103198484,0.239510546232787
2632,0.0142507912090872,0.0388417757791385,0.0626152721097242,0.0363943186931119,0.171916949028533,0.675980893180405
2633,0.111099922331893,0.39524200500813,0.108666258541368,0.0718350617696304,0.175602466956104,0.137554285392875
2634,0.0481235007645263,0.150369206709788,0.233044371655018,0.0946048230017497,0.134133863448208,0.339724234420711
2635,0.0726353487189919,0.163085237066941,0.0982242244696258,0.10304421693032,0.340797776330915,0.222213196483206
2636,0.068839708876658,0.0831449595603801,0.176165042495807,0.273288519783863,0.186811402892583,0.211750366390709
2637,0.0377898961785238,0.0632945859186756,0.0283238716136965,0.0979220245510171,0.612751824444674,0.159917797293413
2638,0.0818942149165224,0.0463107078837497,0.165424053472283,0.248829632894352,0.147725718655281,0.309815672177812
2639,0.157764553235262,0.0764413027812686,0.0714297111502121,0.225586900351676,0.329874251644591,0.13890328083699
2640,0.0207913288570961,0.0375666861043675,0.0625450602553534,0.0373264472149279,0.116123230388907,0.725647247179348
2641,0.377626122478026,0.124943096363063,0.172073423932152,0.0799998564247247,0.154519694462459,0.090837806339575
2642,0.0136826468178841,0.0920619215431415,0.0851325573703148,0.0417924210286921,0.18616189336064,0.581168559879327
2643,0.383182966670519,0.409558116403151,0.0180436815794255,0.0798640055659192,0.0817448141528129,0.0276064156281726
2644,0.0111966208554371,0.230451543249286,0.0858294913968136,0.0219869819936951,0.247108473340644,0.403426889164125
2645,0.0475675391306741,0.055291294829584,0.0398733741446042,0.0961402770311578,0.457782960217384,0.303344554646596
2646,0.0113170480284359,0.043285379221482,0.224250981352484,0.0398888008336174,0.0929836457996048,0.588274144764376
2647,0.0430886957553002,0.0650471917252499,0.106218906851935,0.0877969748461491,0.300652398099276,0.39719583272209
2648,0.164163374502702,0.215284289681582,0.507671438686339,0.0424213604788582,0.031377065448729,0.0390824712017892
2649,0.0348985159036032,0.046343734366847,0.0769078091373469,0.0925569052485656,0.224108341911098,0.52518469343254
2650,0.0712189799151165,0.044016412813492,0.173580159825407,0.116743774213807,0.161610510773739,0.432830162458439
2651,0.0114170169698812,0.0410777929238674,0.0586269277322788,0.0716719737470249,0.422210647420195,0.394995641206753
2652,0.0258569835966103,0.117707972178636,0.0845852747445881,0.0451558389897415,0.413171261683426,0.313522668806998
2653,0.369474154435311,0.196105041650443,0.0659672192751048,0.0873040262468886,0.146043533445443,0.135106024946809
2654,0.00806875815698735,0.0371635300865702,0.0492809170161417,0.0337382958599149,0.149097441290398,0.722651057589988
2655,0.609625701049425,0.149606147385238,0.0205237725087111,0.105489574378999,0.100158672926247,0.0145961317513809
2656,0.0344832585252455,0.103678549171808,0.0533420621974362,0.0565260859394419,0.481062569298899,0.270907474867169
2657,0.0182770172722006,0.0622627966172522,0.161576562092183,0.0309272725229854,0.150168893266771,0.576787458228608
2658,0.161090567880639,0.0899375561064943,0.103613219020668,0.310790359598147,0.206132018684996,0.128436278709056
2659,0.41137160006816,0.130533616178578,0.0649034767134562,0.304194056333996,0.0523343782412089,0.0366628724645996
2660,0.0180042446253695,0.0390628489195447,0.0747389603282615,0.0374330247882822,0.234317495883837,0.596443425454705
2661,0.0263500280367516,0.0637136811185424,0.225677976262317,0.0381335296071458,0.106737435647731,0.539387349327513
2662,0.012769885684934,0.0804555094749849,0.128241643937233,0.0328023496187631,0.166337666852941,0.579392944431144
2663,0.0154632750885259,0.0493687135498577,0.0854155178546642,0.0633278495507671,0.201712198918802,0.584712445037383
2664,0.0506459988512286,0.157516296908286,0.0449215167089973,0.0875536686717437,0.488954415016797,0.170408103842947
2665,0.236610997295768,0.230142646397129,0.240371946914008,0.0911183532067089,0.12871024033674,0.0730458158496461
2666,0.00552359053923553,0.0130758206760472,0.0847114213389868,0.00977753867421589,0.0214300028251556,0.865481625946359
2667,0.0451361275507456,0.174052216760499,0.366495435649022,0.0553070208412344,0.167690842103832,0.191318357094667
2668,0.0137576809754722,0.0782834709761563,0.26519239273342,0.0202626580481751,0.0773491811027836,0.545154616163993
2669,0.0832007556417223,0.368284054864315,0.16241738307818,0.0305591799378985,0.0883894154286146,0.267149211049269
2670,0.0229802707949183,0.0616634765821536,0.175921625364011,0.0490009002945381,0.153838630554602,0.536595096409777
2671,0.0422850647602143,0.069561406256017,0.0882093837436212,0.101807006967331,0.211110528420887,0.487026609851929
2672,0.0151506672915988,0.0468563343754278,0.165473646702355,0.0278886968431516,0.111639714105487,0.63299094068198
2673,0.25517598890687,0.229733787349653,0.0707897519047336,0.131210776927857,0.225549689913159,0.0875400049977275
2674,0.017695968502594,0.0474982436610469,0.0933331290554439,0.10233764153497,0.328799574240459,0.410335443005486
2675,0.678790018641608,0.169610305047457,0.011750680328057,0.104396200794266,0.0248508105396245,0.0106019846489876
2676,0.0307210716264331,0.086539380942406,0.129102745288361,0.163116300381776,0.374284630998818,0.216235870762206
2677,0.0953973247374815,0.144697057103706,0.297757618853997,0.113053606175739,0.273763453586432,0.0753309395426437
2678,0.0387836004299673,0.0814461813127508,0.222972327692874,0.0759730727527884,0.3308864803635,0.24993833744812
2679,0.0111206868439995,0.0111834051588925,0.0189951496403067,0.0478665237478888,0.345795243244409,0.565038991364503
2680,0.143003765082307,0.0879358199750714,0.331243695910836,0.289361563986436,0.0714892986409052,0.0769658564044443
2681,0.0304868382528371,0.229090566578662,0.115703415576459,0.0237544903066411,0.282594510740917,0.318370178544484
2682,0.0167710680999946,0.0248247616612141,0.121755157671292,0.0990377027839595,0.169959020628588,0.567652289154952
2683,0.583334450428394,0.127701010328005,0.0288872430882035,0.159486321860461,0.0869836399261035,0.013607334368833
2684,0.0204992750169073,0.047423481121746,0.050383560944427,0.0586067109593828,0.424532527747542,0.398554444209995
2685,0.0980213466440447,0.0619730196772128,0.360168497612918,0.0541309561768531,0.064177346111289,0.361528833777682
2686,0.0178733264287013,0.0763454914424297,0.0949576262625524,0.0278458462914754,0.13080832247315,0.652169387101691
2687,0.303636791931968,0.240466479579708,0.0899812292329334,0.167180167154739,0.141743375095989,0.0569919570046634
2688,0.0223506921526212,0.138009391270491,0.0757194799023545,0.100963140388561,0.423632772131552,0.23932452415442
2689,0.110601008297725,0.552255910864669,0.0955726922003721,0.0685445126412065,0.119905638260283,0.0531202377357441
2690,0.0271865439669048,0.0366535689579133,0.0718304182308176,0.217050511155327,0.442855680908078,0.204423276780959
2691,0.0589438966363772,0.176865969541724,0.140016594115654,0.0323887634884201,0.293069377839902,0.298715398377922
2692,0.10498414764422,0.130740647690218,0.262152622103771,0.0710538220599854,0.165694779616502,0.265373980885303
2693,0.0298687041290597,0.0513603239047495,0.0789196035417414,0.0521155629367084,0.106999673444904,0.680736132042837
2694,0.00566394825327074,0.0145252017965061,0.0228888711298178,0.0452390610152594,0.377811017907717,0.533871899897429
2695,0.641097981265923,0.138966967123562,0.0413887842737708,0.0866588214256854,0.0655955925638045,0.0262918533472544
2696,0.0317268698579707,0.154865425672261,0.292331644265672,0.0403357169139497,0.0630627987997115,0.417677544490435
2697,0.110965307613994,0.285363299699902,0.247637204229182,0.0602100031683259,0.1400201242661,0.155804061022496
2698,0.00962883247005955,0.0381573817881685,0.228882976750478,0.0248885216340462,0.360671340544721,0.337770946812527
2699,0.0185586536972955,0.260436744512891,0.516191630378335,0.00509151829259838,0.0317716768840331,0.167949776234847
2700,0.0059099754066745,0.0535309126595124,0.0344082436115207,0.0152450474071317,0.314868604224673,0.576037216690487
2701,0.0167285228364006,0.037847851995031,0.117753749159525,0.059618929034766,0.148677941993697,0.619373004980581
2702,0.495340921960676,0.145416394476775,0.136653932852909,0.080958211331536,0.0763441667721235,0.0652863726059811
2703,0.111474023554382,0.0742791097005569,0.124291261634339,0.189927349307025,0.338605359876304,0.161422895927394
2704,0.0655339230394951,0.214517437524874,0.563218058051422,0.0289190137915846,0.0482065196479853,0.0796050479446393
2705,0.0151127879550913,0.143239812842893,0.377619004148848,0.0296086097395307,0.067005225001075,0.367414560312562
2706,0.0315852831683172,0.061695395620694,0.223382872156922,0.208987731340458,0.166284219764943,0.308064497948666
2707,0.0133344458169373,0.018656483600553,0.0141553828514735,0.0715709463408252,0.775261750680587,0.107020990709624
2708,0.337010352011785,0.212336054991856,0.0664079285146773,0.16836404225981,0.178478505486563,0.0374031167353095
2709,0.0408659674513851,0.222852783737384,0.40559662929765,0.055294916121424,0.0745820953841053,0.200807608008051
2710,0.0566195959046949,0.0709967966259441,0.414552091838034,0.0468267704988944,0.0641243100859367,0.346880435046496
2711,0.175404727648677,0.151486071942893,0.0693527292740088,0.135764256553606,0.270731319896484,0.197260894684331
2712,0.216101586445899,0.11987809581004,0.0698617096752666,0.31575560287668,0.211017611150798,0.0673853940413165
2713,0.049062122088719,0.130062484827368,0.319963786404148,0.0748049919019148,0.106885443591857,0.319221171185993
2714,0.0125539594462779,0.133601559489169,0.336601418305033,0.020385749147814,0.139994812736038,0.356862500875668
2715,0.018600749441418,0.0988309581349518,0.355823479936714,0.0515642360470289,0.243000708401047,0.23217986803884
2716,0.036494751794017,0.0477227504624777,0.0468895115874997,0.0861549771480455,0.419549492243306,0.363188516764654
2717,0.0131796875144983,0.0268735441450574,0.0467055992834302,0.0450604173905477,0.208847542418536,0.659333209247931
2718,0.0420615761123246,0.0495051129566359,0.192301316749727,0.0881739575004179,0.172986136529164,0.45497190015173
2719,0.0322521025948066,0.0952734138456593,0.137145581092933,0.077400104167847,0.263952872124563,0.393975926174191
2720,0.310216414943652,0.104667302001609,0.134962853983044,0.11869430162089,0.190539188479985,0.14091993897082
2721,0.0361007246748814,0.0869167034160526,0.155399962158377,0.0725617601327204,0.230743459655612,0.418277389962357
2722,0.256389382038015,0.452232848656124,0.153831631362385,0.0183174623321371,0.0827047475679892,0.03652392804335
2723,0.0465559148171633,0.261585499706806,0.370433134362481,0.044130283002332,0.0740111195933738,0.203284048517844
2724,0.540966157978455,0.156780490126757,0.0570609782090003,0.122557486364552,0.0967795499232073,0.0258553373980288
2725,0.326322574586391,0.519445237157171,0.0218834937403971,0.065519072105196,0.0462719989328873,0.0205576234779584
2726,0.0360355889167498,0.0836674086428699,0.057467810857258,0.107134176122906,0.651481317608861,0.0642136978513563
2727,0.00819662611215123,0.0447765491930836,0.060415689437147,0.061749637301573,0.331588710162906,0.493272787793139
2728,0.0382365758428137,0.0645158526897249,0.225825983095428,0.059405745558623,0.0772437164520125,0.534772126361398
2729,0.240506295636745,0.279087663899988,0.0594869019739465,0.0856463132671233,0.254325267540972,0.0809475576812243
2730,0.0130288373910081,0.052478493450975,0.0961547133514045,0.0714902308573307,0.306026046977196,0.460821677972086
2731,0.0841799186596261,0.16478530177077,0.0974877711007171,0.209743920449007,0.336900439907729,0.106902648112151
2732,0.0293503948277125,0.0929730785702215,0.331050119899074,0.0234542657927685,0.0704455066929551,0.452726634217269
2733,0.0378478077483685,0.122011011125241,0.119851844664371,0.276144877949902,0.366325159729227,0.0778192987828913
2734,0.0133221252744535,0.881713934675615,0.0243637145165278,0.00294010325368214,0.0396244654535142,0.0380356568262078
2735,0.0468100847204438,0.350299295517106,0.160253965417281,0.0167604399142195,0.13108304946378,0.29479316496717
2736,0.0647832240027479,0.0990279344501935,0.0720164339043121,0.273063358816109,0.405052401951874,0.086056646874763
2737,0.135310849035429,0.237071959139534,0.266163654638294,0.0304519822410821,0.197221386017125,0.133780168928536
2738,0.0301648041744491,0.0933879217258131,0.106623263603445,0.0307722862640163,0.194892975964433,0.544158748267843
2739,0.401642874358347,0.362378945149601,0.0505405849708352,0.040542411052443,0.108463582262105,0.036431602206668
2740,0.198423101833491,0.306914187699025,0.152278568764168,0.0966874340608121,0.135731721397135,0.109964986245369
2741,0.113843634907687,0.248201876132572,0.167335562026964,0.0923650251104778,0.182715671519217,0.195538230303082
2742,0.0509406526757798,0.104859474178583,0.0792427423218472,0.0909968700633681,0.469381233659352,0.204579027101069
2743,0.261567180939839,0.164944420149867,0.130832658178843,0.170862840500051,0.151280371047115,0.120512529184284
2744,0.0223385697333691,0.0722335785846618,0.0439394416277985,0.159786044719036,0.536226636511814,0.16547572882332
2745,0.00721669708455717,0.0388321706062925,0.424599041987421,0.0523308877438076,0.232511409711466,0.244509792866455
2746,0.018001340432384,0.0537059547576837,0.125409179898607,0.0394812331096557,0.134775299072974,0.628626992728695
2747,0.0243581815473559,0.0311506116194191,0.0258872833183772,0.0576983444560689,0.558343192911738,0.302562386147041
2748,0.010516271808402,0.0469888318009618,0.0454311205809991,0.0642832507805136,0.609871062312479,0.222909462716645
2749,0.305690422420771,0.173315865783743,0.0449195952023101,0.207927319010895,0.149687298950743,0.118459498631537
2750,0.0198157963918159,0.116960258846839,0.247932835765265,0.0714255904847892,0.147292696014912,0.396572822496378
2751,0.142876208708209,0.161480346534784,0.122690692286384,0.185300060666487,0.312461372869291,0.0751913189348454
2752,0.0454560301756675,0.108728966076883,0.226618822294244,0.135933100823956,0.1269694349648,0.356293645664449
2753,0.0419064831488693,0.0856916864335548,0.0759134792813059,0.138365846143683,0.513937541475146,0.144184963517441
2754,0.0253988299290849,0.249456633931096,0.0674200470160968,0.0244426746136887,0.505985677442173,0.127296137067861
2755,0.00271408188559791,0.00849099136423144,0.0323226263077552,0.0164839889540085,0.217258981059216,0.722729330429191
2756,0.00971628942948987,0.0195070787633581,0.125011858064194,0.0159501356663418,0.0547593382414139,0.775055299835202
2757,0.0364082404585644,0.23760036866117,0.0777632135736597,0.0531968969274232,0.280796214020259,0.314235066358924
2758,0.0485385725135768,0.282067988062283,0.162294151163426,0.030338294015525,0.268142222358219,0.20861877188697
2759,0.0348852705829112,0.258673735497139,0.0772732069892975,0.0249095558713409,0.175496141089641,0.428762089969671
2760,0.457744293017176,0.218615753395901,0.0854795251477598,0.122689426702191,0.0923914895995519,0.0230795121374209
2761,0.103446483600139,0.0791776803608984,0.0792868034989067,0.259253605873678,0.358595235307803,0.120240191358574
2762,0.00827036524042285,0.0542720311992,0.0759554095114806,0.036123829415279,0.438269182780083,0.387109181853535
2763,0.0512908427774958,0.210805651806504,0.185973473573796,0.0561487501575628,0.186674262455225,0.309107019229416
2764,0.017762792166834,0.0228518992005047,0.0900324889788383,0.0388661537603003,0.0826128198757627,0.74787384601776
2765,0.0570350665219823,0.177067977202353,0.243884505951209,0.0293142238282741,0.147559092050201,0.345139134445981
2766,0.0552415252331081,0.185001588186095,0.115202582348192,0.0443962175558772,0.341246630707243,0.258911455969485
2767,0.0146833624811947,0.0350131012802874,0.0732364743616177,0.536886409483485,0.185455749674175,0.15472490271924
2768,0.0290061716605173,0.179007326352355,0.397820051963559,0.0286890389210636,0.0673065785821142,0.298170832520391
2769,0.0705089344616699,0.444579070377814,0.0804849778001886,0.111097685245491,0.21576452746576,0.0775648046490763
2770,0.00411108993077797,0.0323825102786041,0.0767785140743559,0.0337635105353216,0.239343085734331,0.613621289446609
2771,0.0234113276321238,0.147478056135027,0.458443526417281,0.0437225902527243,0.0570126555183804,0.269931844044464
2772,0.0299538421146462,0.0627486978708235,0.15749352939565,0.213181358965476,0.316158491987934,0.22046407966547
2773,0.0490744694606745,0.315046565178538,0.144626361106123,0.0244605534543615,0.332043817808286,0.134748232992017
2774,0.082690168901889,0.606940005171972,0.0592195296485952,0.0232021731314938,0.15165019756309,0.0762979255829607
2775,0.00540222535771302,0.0178292233686344,0.0883978294015625,0.0179103932166715,0.10978092228537,0.760679406370049
2776,0.0139143380520696,0.0558102843599324,0.101623717662554,0.0706700189350549,0.245085845218143,0.512895795772247
2777,0.00531425118217292,0.0236957053926345,0.0761937796971868,0.025691257090899,0.160690814422411,0.708414192214695
2778,0.293859888156607,0.110085528231055,0.167381499654382,0.113949220427573,0.114203602149413,0.200520261380969
2779,0.0528159168866697,0.0647868027566449,0.281301178838468,0.174878690431388,0.138761759486447,0.287455651600382
2780,0.0514576144329135,0.178773968626975,0.321523462533792,0.0855459714665638,0.105096080866639,0.257602902073116
2781,0.0124437739572308,0.0190518249687062,0.0603198883709008,0.213269758192466,0.426835883208364,0.268078871302332
2782,0.0192086791408766,0.0474472312397535,0.256453144154121,0.0333427773967602,0.176178308978348,0.467369859090141
2783,0.472924973056148,0.204660063997694,0.0928061770958986,0.131435061057893,0.0650133671883901,0.0331603576039762
2784,0.107236237146639,0.198921959157935,0.0746436990649769,0.0911077442048571,0.393425712212492,0.1346646482131
2785,0.00373095258560615,0.00836125883925493,0.0240601031967297,0.0232206411828652,0.415440279557047,0.525186764638497
2786,0.0237240879441994,0.142219945023835,0.0745568413677936,0.0693268319006323,0.394875112968669,0.29529718079487
2787,0.00813374630227668,0.0257043798621709,0.0451553507890238,0.0269937213322157,0.123308734060952,0.770704067653361
2788,0.0248058228901716,0.0812688546864032,0.23183657361568,0.0484969980799871,0.102698447892828,0.510893302834931
2789,0.0698047107707857,0.0991463963046632,0.266582455855803,0.107910479914976,0.193681303042158,0.262874654111613
2790,0.170585383060596,0.161832448255046,0.077020425579855,0.106339918242981,0.330553874019745,0.153667950841777
2791,0.166387872937494,0.133760415431348,0.0762432438503324,0.237245301969135,0.329659824011234,0.0567033418004565
2792,0.442185764627274,0.342161842904266,0.0288920697409344,0.0651903265075922,0.101822784054881,0.0197472121650523
2793,0.0128357960791784,0.0603710515471976,0.0551422386297011,0.031934547502864,0.393534673828366,0.446181692412693
2794,0.44465232819233,0.0968378982044951,0.0640033033878278,0.156750232525993,0.182047429933259,0.0557088077560951
2795,0.39736514648965,0.15958913069722,0.0656004854183772,0.254087675521297,0.100930373930375,0.022427187943081
2796,0.00373054503923268,0.0141493701633445,0.0814655581184489,0.0300718480717865,0.155474878573492,0.715107800033695
2797,0.0753455391889331,0.105810646064897,0.11850970573485,0.109073824214553,0.150751561378432,0.440508723418334
2798,0.0273729652187037,0.35106984708784,0.1728732757654,0.010292964398165,0.202945783175569,0.235445164354323
2799,0.258568728869645,0.146951311572202,0.309751878266569,0.0277626192410346,0.092670071111012,0.164295390939538
2800,0.0155790037333794,0.0202096706514554,0.0639057989208843,0.0263391503438098,0.12721669463984,0.746749681710631
2801,0.00799443824153516,0.0203075299897493,0.0171515953597134,0.0236270553007895,0.404076202170044,0.526843178938169
2802,0.0160298293792396,0.0575810232240516,0.0672899217958082,0.0380002519903157,0.380927703586128,0.440171270024457
2803,0.0635127476832852,0.615546515971424,0.132036037804524,0.0153511150120255,0.0890179730790271,0.0845356104497142
2804,0.0215975578645587,0.0780077955801945,0.118105443165892,0.0419124170346896,0.295941442061522,0.444435344293143
2805,0.347076590967701,0.149784547907655,0.209102280184046,0.113018109477185,0.0951832465146439,0.0858352249487696
2806,0.0557001922514143,0.0431133690177918,0.0617208480736232,0.372818814897557,0.337835348296434,0.128811427463179
2807,0.122960762383714,0.164873499886471,0.208099274294001,0.129763238400886,0.15945256621955,0.214850658815378
2808,0.0133391586012907,0.0347582633346284,0.0497240304392452,0.0276299364675919,0.161597159810167,0.712951451347077
2809,0.06215321025074,0.129129330438068,0.494501930225012,0.0467675895845866,0.0484932177983606,0.218954721703233
2810,0.0139550879015955,0.0349342839565599,0.0524861992005552,0.10819393303207,0.378489608308919,0.411940887600301
2811,0.0092892309385489,0.128165429686511,0.104934488425008,0.0222939634802071,0.373714774856442,0.361602112613283
2812,0.524501544273963,0.262456190877038,0.0891699574393535,0.0496367202763996,0.0503556830991175,0.0238799040341287
2813,0.336869626823606,0.0939037501641546,0.0913638524933233,0.145700066860119,0.243307826952993,0.0888548767058039
2814,0.0265121433629768,0.276737221523657,0.241609770137169,0.0288335169951495,0.11731406884758,0.308993279133467
2815,0.0145574052900263,0.0438729811551491,0.109169592661858,0.0551240192061629,0.13224274288442,0.645033258802384
2816,0.286951230510791,0.158589822175431,0.23276276214688,0.121778716862633,0.152760969401436,0.0471564989028286
2817,0.0619838783334383,0.595968937810843,0.0732727733985035,0.0733328408816805,0.116010896195712,0.0794306733798228
2818,0.243392911607267,0.497480641968988,0.132812020189227,0.0265990601154901,0.0394685638778238,0.0602468022412042
2819,0.287853305214936,0.439545112116006,0.089256617299415,0.0297696878065157,0.116715715307234,0.0368595622558936
2820,0.403806452460949,0.25913238429449,0.199687772724101,0.0689132968511399,0.04809182843817,0.0203682652311492
2821,0.00816160997748305,0.053733447210737,0.0239178435236475,0.0158574524179869,0.274353311139008,0.623976335731138
2822,0.18205625695066,0.33653252361357,0.19691525711469,0.0592867911303943,0.105233263223936,0.119975907966749
2823,0.032402820821726,0.0806182482521105,0.102752088201374,0.081613933289071,0.186300511058764,0.516312398376954
2824,0.0378727495488676,0.0801210446055313,0.208888704933093,0.0813675084124134,0.269545338255575,0.32220465424452
2825,0.0115492419322694,0.0455274080237097,0.218197033825742,0.0437196354235019,0.0558737161911976,0.62513296460358
2826,0.0539280756945226,0.195292518654026,0.0662769786122763,0.0983540430388956,0.406524907003982,0.179623476996298
2827,0.0710135549509082,0.671810477940663,0.12874074387024,0.00776888640289382,0.0551597531470573,0.0655065836882376
2828,0.0144189526535601,0.115533473552611,0.090123284637601,0.0251656753441619,0.312153165913917,0.44260544789815
2829,0.0622738395097541,0.0381112783265753,0.0589366675900286,0.222839507410523,0.529374688573376,0.0884640185897425
2830,0.0111678116831578,0.0429187394227927,0.15656967080292,0.0657120667793242,0.166776188202153,0.556855523109653
2831,0.351192536461389,0.403216366245897,0.0881939267619291,0.0746071367836739,0.0489823778436125,0.0338076559034981
2832,0.0465592950532395,0.366300761889707,0.185026512559658,0.0314000413937398,0.228428475310227,0.142284913793429
2833,0.205517480992056,0.103914349527085,0.168295640508998,0.171378235083356,0.212929784656707,0.137964509231798
2834,0.012588278336533,0.0531886118048881,0.1417377465958,0.0295514921851633,0.145918546548874,0.617015324528742
2835,0.14505668984631,0.316890428436468,0.0908405990001003,0.0800578160500404,0.221485364669664,0.145669101997417
2836,0.0322858896062646,0.0954831034491978,0.0881302066113985,0.114241234061667,0.347154703534584,0.322704862736888
2837,0.0379687989634988,0.281202692979133,0.30319803639346,0.0631671535156295,0.133999135856191,0.180464182292088
2838,0.363930520639691,0.209368776930449,0.133496468226697,0.121729509465274,0.0676682777401826,0.103806446997706
2839,0.0469158046209729,0.15454327285994,0.220376343935356,0.173617404166674,0.190409631720338,0.214137542696719
2840,0.12895908763804,0.0715812413791884,0.0911012139269464,0.32635713495753,0.162623846673468,0.219377475424827
2841,0.305376137902731,0.176433595220952,0.0956938166644159,0.0740346822697008,0.176390046237223,0.172071721704978
2842,0.0148186524214193,0.0484763591079529,0.0365734394782178,0.0455258476460602,0.429223039086719,0.425382662259631
2843,0.0662092373793417,0.129896244336456,0.0851934175588458,0.0154896535912602,0.375913552137356,0.327297894996741
2844,0.0560804422453777,0.178829850509038,0.325567173349566,0.0207574993965579,0.0799108659953968,0.338854168504064
2845,0.253761698624637,0.496146093296303,0.0805981919724426,0.106948298262968,0.047277743923243,0.015267973920406
2846,0.00313038320769641,0.00661552251670341,0.0157987572994209,0.0218973665796223,0.186800264330524,0.765757706066033
