"CUS_ID","F20-","F30","F30+","M20-","M30","M30+"
2501,0.100784747481052,0.432288314076518,0.108624183836598,0.0438905245622643,0.181013044461183,0.133399185582384
2502,0.0334862369865283,0.13178597152661,0.195810447219646,0.0730809343616753,0.378041117888119,0.187795292017422
2503,0.0635965786855285,0.321771953026697,0.0639850758568462,0.0647814541197308,0.380378363954226,0.105486574356972
2504,0.312256121816806,0.161758752690246,0.141571191343648,0.159876241355091,0.103559220633309,0.120978472160901
2505,0.0329444479023384,0.130585208103989,0.160442535658016,0.0516605357309215,0.177439545898179,0.446927726706556
2506,0.0218106239851131,0.304064810795277,0.0985727849880863,0.0277522052454129,0.295070399977687,0.252729175008423
2507,0.0125061001882386,0.0350155283284929,0.0908541009655568,0.0262227297955477,0.20049859641906,0.634902944303104
2508,0.00792652024402793,0.034784099238665,0.0393078651412401,0.0281829268575398,0.441884125857055,0.447914462661472
2509,0.0205680736273994,0.0442443069694362,0.140531523536881,0.0342377814567733,0.157942995911514,0.602475318497996
2510,0.0151912699596554,0.08426936623096,0.0547595333394087,0.0328221524704958,0.359585613110558,0.453372064888922
2511,0.568625934867508,0.11240244288042,0.0945635970642706,0.13587306400457,0.0599852308453075,0.0285497303379235
2512,0.0581999323481852,0.180916301447703,0.0798443152506498,0.135240223437195,0.43733784963996,0.108461377876306
2513,0.00747899064700155,0.0351371066992669,0.0999365765821244,0.0300418010996197,0.257745706367894,0.569659818604093
2514,0.1177633453769,0.501398390089825,0.0716581460045974,0.0401860633133345,0.21132532475507,0.0576687304602724
2515,0.0169132635988728,0.0589853229736927,0.127418031307029,0.0427220403206264,0.202823271240656,0.551138070559123
2516,0.0774718079424127,0.12816416708811,0.0760918861863292,0.150180623177261,0.307283191322852,0.260808324283036
2517,0.0362098134529298,0.328855590881772,0.131987476689993,0.0205537979642009,0.237850104153254,0.24454321685785
2518,0.437562932432938,0.209871039338242,0.107873626030481,0.0656902561001756,0.105688621509666,0.0733135245884974
2519,0.0542358626665349,0.795039734728618,0.0264380351033662,0.0128604482478474,0.0797847372387943,0.0316411820148389
2520,0.0303292986779974,0.0631412361508271,0.0235542939759874,0.108430377307139,0.578410530713737,0.196134263174312
2521,0.0299004032109095,0.0748422345304705,0.285443038806334,0.0493337046284568,0.138755951806468,0.421724667017361
2522,0.312637137621109,0.233623949284322,0.165016651689643,0.0774266017097933,0.144177311546019,0.0671183481491145
2523,0.0657997725535093,0.344749815911272,0.0900538834409185,0.0203066774194956,0.338048709214977,0.141041141459827
2524,0.0575608455241065,0.138956055118735,0.244337866171979,0.0588627251079324,0.147270852892748,0.353011655184498
2525,0.128173216383979,0.081571245681216,0.0807705566404305,0.366806548744243,0.275715178582774,0.066963253967357
2526,0.0918858745885454,0.197352703078724,0.0854946113533866,0.103476032455017,0.355512281246196,0.166278497278132
2527,0.492877824395587,0.18141008009044,0.102544407176794,0.0564859356610548,0.106032796118338,0.0606489565577865
2528,0.00622528825922106,0.0224203164462476,0.0583112742089635,0.0454119276995239,0.215500068270855,0.652131125115189
2529,0.0659137105499322,0.090419415765915,0.271170759483068,0.0620285563746068,0.130880323251588,0.37958723457489
2530,0.00372443886406493,0.0192749803241221,0.12448477823736,0.0200673942037259,0.107761740755591,0.724686667615136
2531,0.0394234195059429,0.144394344275028,0.137788527321212,0.0831369505325845,0.335180205707645,0.260076552657588
2532,0.0385297340162923,0.159595339631394,0.137175970078805,0.0675500134764628,0.29125245721227,0.305896485584776
2533,0.00271439819703347,0.00987356298910267,0.0523560086518355,0.00777667201375991,0.0283068687004412,0.898972489447827
2534,0.227178518117449,0.0691299725637112,0.055605399195907,0.476551093250192,0.098955768343421,0.0725792485293201
2535,0.045541586820928,0.107865619383467,0.13663844682548,0.0512418323096765,0.198051596609636,0.460660918050812
2536,0.144279322023871,0.23866570007583,0.116583731564282,0.0694723657198944,0.206875539692886,0.224123340923236
2537,0.0441896671274732,0.686283487414973,0.108195857979162,0.0108946296995309,0.0926980035497827,0.0577383542290784
2538,0.221122475442009,0.119520172125256,0.075933355911483,0.110903252958168,0.304084953223231,0.168435790339853
2539,0.150474162102053,0.246788981077865,0.216465291458944,0.0485659332956166,0.182621282165088,0.155084349900433
2540,0.37553159173043,0.170701128351727,0.0447647076631154,0.164149001074967,0.200561606641399,0.0442919645383619
2541,0.148252161187269,0.0668129967317578,0.0233862710265077,0.397253801316199,0.295656974165858,0.0686377955724096
2542,0.11481916639032,0.402994307702645,0.076869359925891,0.0340487141438864,0.32115798903269,0.0501104628045674
2543,0.0102153606325582,0.0247529784149005,0.0724435096832559,0.00974723031568521,0.262512144193334,0.620328776760266
2544,0.091037434800266,0.138711403372166,0.103663305535081,0.222313380970057,0.167888826790484,0.276385648531945
2545,0.0326156027336367,0.259832141450862,0.0544627742909446,0.0159778237856199,0.448808565274997,0.18830309246394
2546,0.0381546243964724,0.0376870337498707,0.0135397315839444,0.270018482754259,0.555996373594473,0.0846037539209806
2547,0.0985136859907281,0.167563984959853,0.248370678449615,0.0533101505830788,0.207416632960186,0.224824867056539
2548,0.0657867267511243,0.0903117570149966,0.113038424553144,0.228096796936398,0.387938643297714,0.114827651446623
2549,0.00802192964065127,0.0422863768029241,0.042284115620959,0.0503165645739772,0.335524628979456,0.521566384382032
2550,0.0218809533519535,0.0354610504566183,0.0203714119370854,0.18249037374597,0.55407921371386,0.185716996794513
2551,0.127548506451523,0.23135706368778,0.061593673130279,0.171327670395955,0.239294561207976,0.168878525126487
2552,0.151199002192957,0.350460203358938,0.147064027657999,0.0614848491789103,0.144809533069536,0.144982384541659
2553,0.453101160998539,0.20333094334636,0.0507779878386255,0.127474108983038,0.139198071263606,0.0261177275698314
2554,0.0897321395796851,0.172872274848383,0.105632400815292,0.135196196261005,0.407160801465742,0.0894061870298919
2555,0.0163688685581747,0.075247259300976,0.0599443872966989,0.0426504352921601,0.619957897286971,0.18583115226502
2556,0.0903860148407553,0.271723594118529,0.262703508075103,0.0566533728877656,0.176823127716185,0.141710382361662
2557,0.275508933852586,0.251106499886659,0.312689188186291,0.0529965488129052,0.0776426184345886,0.0300562108269713
2558,0.0413786937104451,0.0942538009610619,0.606020772578772,0.0368003476754485,0.105300379836656,0.116246005237617
2559,0.0760011134181459,0.426769347532243,0.139746964795769,0.0340149775975643,0.124687417886679,0.198780178769598
2560,0.00882725155355444,0.0961400309972581,0.0940371188832017,0.0271692167491548,0.196370637998719,0.577455743818112
2561,0.0217657896111508,0.0655569427233368,0.15315972478201,0.017627882682752,0.132850266848805,0.609039393351945
2562,0.32710327605253,0.36859498314725,0.0466635521973664,0.0401119851544466,0.193292300353654,0.0242339030947526
2563,0.234469637411718,0.190562963310167,0.250211263436932,0.0983350433814958,0.115804265154,0.110616827305688
2564,0.142522952792322,0.0871118634224018,0.0807246609698398,0.294320427561231,0.219929717758605,0.1753903774956
2565,0.0210000139883385,0.0722127678890531,0.0846291732428109,0.0393900377607294,0.206734375930389,0.576033631188679
2566,0.0129945425875783,0.0367850736309137,0.0899460191607716,0.0881321965782288,0.291802038694176,0.480340129348331
2567,0.0386385633264066,0.13049197836395,0.121212263314761,0.0610728225013404,0.170877171433616,0.477707201059926
2568,0.00850107371953787,0.0502278895321047,0.0792865612257577,0.0286539776017943,0.255679730139521,0.577650767781284
2569,0.0247302195475295,0.0818539262542173,0.211846500781048,0.0197086551447826,0.19535083620937,0.466509862063052
2570,0.031133620674088,0.515321338842313,0.0919174402705109,0.0182908758817657,0.187090460291416,0.156246264039906
2571,0.122150789295118,0.0840668981723788,0.0326941746641488,0.33007525394219,0.293377332114637,0.137635551811527
2572,0.0802073026882698,0.0889446685282585,0.339203493599375,0.132314143731144,0.126185122539868,0.233145268913084
2573,0.089261234785993,0.31337639740145,0.0896614631926843,0.0411632807112316,0.278847443170887,0.187690180737754
2574,0.0335155093949987,0.0603840896540411,0.03365131053845,0.41649948625378,0.3716394526842,0.08431015147453
2575,0.0272662626068911,0.0402512517077206,0.0193871250442026,0.1629945246979,0.636926931648438,0.113173904294847
2576,0.27048085615558,0.305610432325938,0.131084359170544,0.0799837368275558,0.115682186710658,0.0971584288097241
2577,0.0523342841729423,0.2127904166507,0.262792304293766,0.033131262835841,0.196784546433003,0.242167185613747
2578,0.00214377502639006,0.00951482773889598,0.0419039468895057,0.0111379377867478,0.0711815145414883,0.864117998016972
2579,0.247505599702282,0.209429262192316,0.315600123950932,0.0422566566468635,0.0991269318302908,0.0860814256773157
2580,0.0733503304280908,0.260768490216844,0.169236546439641,0.032950524408373,0.235392840753492,0.22830126775356
2581,0.011446459654886,0.0469990808399016,0.0866548670845643,0.108207935743921,0.468115721182354,0.278575935494373
2582,0.112308239497887,0.513821807018207,0.0699296386457815,0.0352205845126829,0.209158276814402,0.0595614535110395
2583,0.0517358408064044,0.55163986090716,0.166724405478767,0.0197843096755988,0.12449724234239,0.0856183407896803
2584,0.272344685213717,0.587467892467302,0.0332622083804692,0.0134721015918331,0.073430212501325,0.0200228998453529
2585,0.0221663232603313,0.0706877157045648,0.0703268704171687,0.0673639771126095,0.463985841440869,0.305469272064456
2586,0.048377084474087,0.287085944070673,0.141127385609278,0.0450832538107239,0.218957397835389,0.259368934199849
2587,0.192792503540932,0.0813054094593091,0.061798251477799,0.287371826690456,0.260865663156494,0.11586634567501
2588,0.0585052663375659,0.0431731851379954,0.0286770378426574,0.203653685791388,0.52715432721954,0.138836497670854
2589,0.0436336339162787,0.0853871707769458,0.0495655030131291,0.139593281314391,0.571237750988007,0.110582659991249
2590,0.0131227349336302,0.0621520544959422,0.135808528171197,0.0611022858200199,0.176880337270999,0.550934059308212
2591,0.0934956867333123,0.108833661071661,0.241980247934232,0.047345123557547,0.0925873128357244,0.415757967867523
2592,0.0233220404883742,0.0658568649782095,0.0315762516651168,0.160914465662565,0.531135904667495,0.187194472538239
2593,0.189650321314826,0.214315461964621,0.0794234087463517,0.18785507525428,0.231670351246962,0.0970853814729601
2594,0.0300810830995528,0.0584434175596002,0.0600287255915111,0.0290380838538365,0.422765525329714,0.399643164565785
2595,0.0880851850326592,0.115687259063854,0.205662260792675,0.170541328074894,0.16867908068863,0.251344886347288
2596,0.755741833059319,0.0746254717223927,0.0161048660408017,0.109281126312944,0.0372752303838213,0.00697147248072146
2597,0.00904059679890129,0.0390749061147726,0.160529096193055,0.0271800071735796,0.185406980636328,0.578768413083363
2598,0.0168584362079363,0.105583035788736,0.129852172661088,0.0177140949163647,0.156844409073797,0.573147851352078
2599,0.216406158989309,0.213229555257895,0.115319094654926,0.16858672476334,0.184227014317184,0.102231452017347
2600,0.0192745289411853,0.064811880035095,0.0904924912016843,0.0538282810448386,0.687107755844974,0.0844850629322223
2601,0.0352844039164796,0.0789264256774817,0.19594871407104,0.0408045039781132,0.139208990644947,0.509826961711939
2602,0.021240172912014,0.0841374738573324,0.105210561775791,0.0416065834271328,0.214452464621936,0.533352743405793
2603,0.0488780436902275,0.513441340513586,0.0474542929254346,0.0301914320631991,0.292448669362957,0.0675862214445959
2604,0.0464129050124846,0.173307066069236,0.284178845968101,0.111897573537212,0.11748207139959,0.266721538013376
2605,0.00571821527938871,0.0891868035382513,0.250775213381584,0.0307287368071549,0.211205738724524,0.412385292269097
2606,0.0396367868564957,0.088919850075047,0.113696293929379,0.0393867985663379,0.244982052783653,0.473378217789087
2607,0.00719105601875697,0.023589930720136,0.0672559772031163,0.0217853278719148,0.115450272707634,0.764727435478442
2608,0.181664263001468,0.17238951855926,0.0790157202365137,0.154005646275209,0.25376708516975,0.1591577667578
2609,0.0225349756402434,0.059639202086626,0.0599154748901211,0.0973334696373514,0.39269071884717,0.367886158898488
2610,0.100175660453026,0.18585360256072,0.0572086666034585,0.159969400505192,0.311629903180845,0.185162766696759
2611,0.0219924756479122,0.0725987813372753,0.193154822978899,0.0403742427305076,0.0920855360831141,0.579794141222292
2612,0.0666256451446557,0.254608456511341,0.127004400995754,0.0410319483186561,0.165042691115541,0.345686857914052
2613,0.404514598506871,0.359248996218527,0.0692556195956989,0.0613997971688256,0.083298963624443,0.0222820248856343
2614,0.141137406639701,0.0978165308134292,0.0727804219121174,0.155128549423409,0.269904973148863,0.26323211806248
2615,0.396708650114362,0.251213031610766,0.174899570359312,0.0520830225025749,0.0761035884124854,0.0489921370004995
2616,0.0106995950021807,0.0599380165639617,0.069309177321571,0.043237068085057,0.463874480171851,0.352941662855378
2617,0.147474982783446,0.293224154699769,0.281980386932208,0.0442634978438027,0.137806958380333,0.0952500193604403
2618,0.0615969491315235,0.0795380691950856,0.101732754369644,0.0615643896024186,0.439398697614086,0.256169140087242
2619,0.0380051308928326,0.0488701516309136,0.0211665000228735,0.0879661677872885,0.663002083448631,0.14098996621746
2620,0.0122262651056968,0.0989770342262553,0.2097557738156,0.0269444656448557,0.320807949330928,0.331288511876664
2621,0.0299455554502578,0.0832781983722495,0.0459980632575614,0.117410475972727,0.609756742848558,0.113610964098646
2622,0.00382746863512808,0.0158927031686032,0.029544340268579,0.0148414410355661,0.151551080176284,0.784342966715839
2623,0.203716015804254,0.206286104600671,0.0493934569220461,0.0778381666549139,0.383644133408438,0.0791221226096775
2624,0.0281427335181521,0.0494338540231733,0.0980602246303003,0.0614466391108931,0.191456055723148,0.571460492994333
2625,0.0766020937471572,0.187550169826862,0.504131259111625,0.0349598777154278,0.0961188104845289,0.1006377891144
2626,0.00939685119135955,0.0322437496092717,0.0677669274552449,0.0292625075272591,0.18934199767994,0.671987966536925
2627,0.0622368094064762,0.145260532791055,0.310570356534757,0.0327930109955584,0.190316951648046,0.258822338624107
2628,0.0995275440069936,0.115077249844768,0.0879459879516484,0.318143641935417,0.301555090320763,0.0777504859404101
2629,0.0396513178610719,0.205073749407937,0.0665134099780364,0.0460993591793259,0.405901830354156,0.236760333219473
2630,0.129694026220689,0.134637052107377,0.140259612336887,0.0850669191944453,0.229723769668291,0.280618620472312
2631,0.0192125868093367,0.186756259769707,0.195714632894395,0.0294235057036621,0.313443794147715,0.255449220675185
2632,0.00588266181283227,0.0230787449316512,0.0652655725837383,0.0212726518901472,0.144316390170057,0.740183978611574
2633,0.135566931661773,0.361074746058762,0.0648982363934779,0.0921599606775985,0.260248964308905,0.0860511608994829
2634,0.0447745587139268,0.0782444364671508,0.25329253027843,0.0733076771181072,0.166743435523184,0.383637361899202
2635,0.0222059194503187,0.0681685602358299,0.0581717441370571,0.0318039256646008,0.64022906982348,0.179420780688713
2636,0.0245372194943273,0.0703946545856215,0.136879906510847,0.0405134269508559,0.320031898176851,0.407642894281498
2637,0.020306702126636,0.0887287435312024,0.0326522996398727,0.0265407445963158,0.652019730506741,0.179751779599232
2638,0.0664834690439617,0.05027960144315,0.0817059317032073,0.263373007395948,0.196961528983184,0.341196461430549
2639,0.0926399013641348,0.0814485943263083,0.0523470536071109,0.374686987291639,0.305972099577812,0.0929053638329944
2640,0.0179310746476949,0.0380996897864789,0.0613210509987498,0.0290497987184632,0.137812589320748,0.715785796527866
2641,0.145311444275625,0.198184945212141,0.150142464784032,0.12361122472315,0.207511331373445,0.175238589631608
2642,0.0174840733520428,0.0867071649825439,0.11179861137405,0.032292034897639,0.239531270065746,0.512186845327979
2643,0.352240085738523,0.356943760513597,0.0333330042910328,0.126630272221309,0.102454728489104,0.0283981487464345
2644,0.00837614882611458,0.112375212089006,0.0437003328056044,0.0182104673449456,0.253482560518289,0.56385527841604
2645,0.0197487430122694,0.0758226036241432,0.0419723600568561,0.0497666120723125,0.272449602242192,0.540240078992227
2646,0.00438810280163415,0.0191280890995037,0.0854967023683092,0.0188060536670426,0.0548396469430803,0.81734140512043
2647,0.0742638426846003,0.113252367163936,0.129277118394647,0.123192765334908,0.241517365857394,0.318496540564514
2648,0.171421558946572,0.2626978577335,0.389560888724946,0.0249745072164309,0.0573928792120284,0.0939523081665238
2649,0.0444455692197128,0.0619799532540521,0.100789379235563,0.0557766268566612,0.26481794797228,0.472190523461731
2650,0.0529009540302842,0.0485085320604714,0.19582165442291,0.0475237863853186,0.111775394516435,0.543469678584581
2651,0.0277549577905343,0.092523527116424,0.0455211000563308,0.0524393366866498,0.551698752688801,0.23006232566126
2652,0.0200000131841865,0.177694173139671,0.0544259901745469,0.0420671608709991,0.450180586372093,0.255632076258503
2653,0.277485848821001,0.222314215960326,0.139085942126923,0.057648740210297,0.192981005450775,0.110484247430678
2654,0.00593005242606136,0.0469762407705277,0.0833743174692533,0.0488957819168982,0.161338779403418,0.653484828013842
2655,0.360265385410192,0.230056560399879,0.0823227665368109,0.113550672064502,0.166034090441605,0.0477705251470113
2656,0.0125929264276463,0.067927350754719,0.0622365403089642,0.0321535064755514,0.431814679682377,0.393274996350742
2657,0.0173768896815919,0.0398625415063789,0.180760050170956,0.0303788116067267,0.119308893658998,0.612312813375349
2658,0.166368732725652,0.187012764140928,0.156673478836094,0.244329665099774,0.125411472782537,0.120203886415016
2659,0.137814064804618,0.0848899304280812,0.115459326957842,0.476164851384505,0.0937978680611527,0.0918739583638009
2660,0.0108786078078263,0.0381221536516799,0.0464553775851367,0.0383453222473838,0.267918161600272,0.598280377107701
2661,0.00479999190789029,0.0252022432834083,0.0910146375915358,0.0226520391340276,0.099873905625656,0.756457182457482
2662,0.00633313631362921,0.05103269235595,0.0995724098316113,0.0127843966353858,0.132754316706504,0.69752304815692
2663,0.00682364078998709,0.0325180001893601,0.0482861363772658,0.0357958590419972,0.423380210874779,0.45319615272661
2664,0.0403075107236104,0.0997227145695455,0.0359705129405934,0.0974397598399276,0.563493641134536,0.163065860791788
2665,0.223480548419151,0.264913345719468,0.107675725624584,0.0679993901939691,0.208040894397372,0.127890095645457
2666,0.0058888313960934,0.01519558558728,0.102779332318865,0.0149763561445456,0.0292908660230921,0.831869028530123
2667,0.0690222295009349,0.136011041353134,0.409788522509291,0.0766735682264021,0.195554014331575,0.112950624078663
2668,0.0154650975640193,0.0714495597194787,0.406654941694551,0.0236919834997741,0.127943310892897,0.354795106629279
2669,0.0484383908893787,0.175568994839519,0.121139974292893,0.032093892998865,0.249301027812227,0.373457719167117
2670,0.0102017111522384,0.0554609348167005,0.148536433679141,0.0235463435471789,0.197780701539595,0.564473875265146
2671,0.0372127142514936,0.0822383068055062,0.0400943080203334,0.0953555018574298,0.349025449569966,0.396073719495271
2672,0.00667806325380773,0.0582233236016185,0.12634763893204,0.0186577413042427,0.190738922772629,0.599354310135662
2673,0.314010035445066,0.312954765840222,0.0595807208866036,0.112946157022295,0.159486921171411,0.0410213996344015
2674,0.0321042090640448,0.0526750034494832,0.0707341412382477,0.258744584873584,0.373975395806466,0.211766665568174
2675,0.491126064092439,0.189810053627518,0.026943415069003,0.185763676374061,0.0875897818739952,0.018767008962984
2676,0.0278556822541481,0.0417494654184066,0.0608766712370707,0.134953034311477,0.434873638633687,0.299691508145211
2677,0.0810612650918557,0.210838770246399,0.289818716112722,0.050234150266948,0.233784973873028,0.134262124409048
2678,0.0480939821474938,0.172918722495159,0.1826034482141,0.0529137432473556,0.313831744508144,0.229638359387748
2679,0.00401619419523205,0.0235378214230516,0.0523572986641514,0.0270291821478762,0.321245964956692,0.571813538612996
2680,0.0669067323308817,0.110773545518017,0.31708682740231,0.162501234895339,0.147593696999388,0.195137962854064
2681,0.0444965826914707,0.160597859904119,0.109860485708245,0.0691181723951056,0.346330070526495,0.269596828774565
2682,0.0140141928665309,0.0405461766742303,0.12460456771998,0.132552744853702,0.204315916082857,0.4839664018027
2683,0.438578963698412,0.277323586840522,0.0450992383995182,0.114416672023197,0.106212442662922,0.0183690963754293
2684,0.0126976806051588,0.045863875007607,0.0493707901934709,0.0808191418141975,0.445354822653852,0.365893689725714
2685,0.128906098722155,0.0903690116582426,0.136895119751955,0.0367121954569966,0.0865696245052148,0.520547949905436
2686,0.0160863958589173,0.148094011600168,0.153768849283894,0.038711491955767,0.210254145918822,0.433085105382431
2687,0.334505358757826,0.19471522375907,0.0962781305901381,0.161579138268566,0.177706644122335,0.0352155045020649
2688,0.0435435467876452,0.170726499736658,0.0768102718850462,0.235993149278382,0.339649167854956,0.133277364457313
2689,0.167585741744446,0.578802910444145,0.0349943482493397,0.0455470741501638,0.145396072671755,0.0276738527401505
2690,0.0133702091009282,0.0299396967843994,0.0408717269500357,0.204731235103724,0.427017776954515,0.284069355106398
2691,0.0449041248184904,0.214525389529286,0.0757331080759386,0.0536969054201533,0.371838105246505,0.239302366909627
2692,0.0563209365808422,0.0977350925997136,0.216976386832446,0.0738385089044524,0.217770482287719,0.337358592794827
2693,0.0369000940203259,0.0745946663468,0.213808903050977,0.0504241455281367,0.14688047751641,0.47739171353735
2694,0.0110407760949593,0.0342892273681852,0.0745153421547444,0.0454607197006467,0.191457100206502,0.643236834474962
2695,0.550153313923015,0.180062716005082,0.0580354128377134,0.108206953714406,0.0778366420784534,0.0257049614413303
2696,0.0223768153409681,0.0894097931387776,0.270006744587007,0.032691568702144,0.13298320489887,0.452531873332233
2697,0.0414534623833572,0.150424749833402,0.254470761370201,0.038916467600722,0.174092479612329,0.340642079199988
2698,0.0144043524705577,0.0510282525743613,0.196979562521219,0.0443284082096098,0.234891173455347,0.458368250768906
2699,0.017123085884477,0.121110759649614,0.314878113115394,0.0176933916574438,0.0937322793585535,0.435462370334517
2700,0.00270179698387654,0.036667509478495,0.0272671516907485,0.00861678282817926,0.349901670250628,0.574845088768073
2701,0.0215810088162141,0.0481961901338322,0.0935547404260117,0.112828992024312,0.292491091861886,0.431347976737744
2702,0.407262163975969,0.180658327454318,0.183348455279765,0.0759940033202028,0.0884042121124175,0.0643328378573272
2703,0.0931202698984401,0.0883164498344987,0.151728650284096,0.0949765877991646,0.255116072072793,0.316741970111008
2704,0.0341288638168045,0.189209779226625,0.480276099683699,0.0497046413069869,0.119969483379355,0.12671113258653
2705,0.019997929102811,0.163075269912803,0.370827170991645,0.0231079709692796,0.153610060529856,0.269381598493604
2706,0.0167160823057175,0.0925927148228617,0.171178171391007,0.139886483229072,0.16713013412642,0.412496414124922
2707,0.016493344505929,0.041819356267546,0.034573684875211,0.0672565432059389,0.578170615494797,0.261686455650578
2708,0.359177003882363,0.361917421932684,0.0690450659881999,0.0594050350968281,0.116602106176019,0.0338533669239061
2709,0.0664400165937507,0.150140956277963,0.272267012878464,0.0533140544420121,0.12111594677824,0.336722013029571
2710,0.0688668149183679,0.07717071714221,0.20586211132307,0.0638192886380375,0.133084377646377,0.451196690331937
2711,0.028420959776504,0.0752694218281011,0.16337340944045,0.0454029559247344,0.277244320995803,0.410288932034408
2712,0.125570887116058,0.0942117653863911,0.0931788461130384,0.199089727535908,0.318061022985312,0.169887750863293
2713,0.154680560442128,0.227149508859129,0.226019225973844,0.0517030392871084,0.121492633785037,0.218955031652754
2714,0.00504318573500564,0.0595752705612309,0.109637578715318,0.0200167876559795,0.176691986511524,0.629035190820942
2715,0.0374420826737176,0.111251655202552,0.371723314837734,0.0453514888857385,0.244238306900888,0.18999315149937
2716,0.0328349122932242,0.0743768219358992,0.103632925697124,0.0718127584035971,0.376190088974986,0.34115249269517
2717,0.0120521253956157,0.0456732162511986,0.0377736815577376,0.0341355373754012,0.276425819617582,0.593939619802464
2718,0.0200979500999761,0.0549598591328003,0.244629977269992,0.0645570877733906,0.183539399609865,0.432215726113976
2719,0.0382055278676944,0.121138287312264,0.201005296229322,0.0582078475518237,0.341353435057088,0.240089605981808
2720,0.0948700726825248,0.104298903193992,0.25620170882586,0.0923435374977015,0.23363663997572,0.218649137824202
2721,0.0196093128986623,0.0589520474011482,0.0925898374493711,0.0458916923402795,0.328181726828461,0.454775383082078
2722,0.280146219317981,0.471416915399636,0.128927781706493,0.0168966749795092,0.0748481458269795,0.0277642627694019
2723,0.0509927179399885,0.124367669016894,0.109845572391019,0.0634244616493803,0.20987319653293,0.441496382469788
2724,0.636531567685019,0.0958683994649835,0.0694865028827561,0.106867806590277,0.0609107083595214,0.0303350150174429
2725,0.223130117056658,0.26922438967623,0.0842891602083353,0.2060529614582,0.14679133483139,0.070512036769187
2726,0.0594185158922163,0.0895518701725372,0.050300600698411,0.148293315442546,0.59230180679838,0.0601338909959094
2727,0.00663331050070573,0.0430424399077972,0.0815778350227808,0.0343125380496677,0.304550548429384,0.529883328089665
2728,0.0188036320197496,0.040315888320081,0.116057294045718,0.0462004777064197,0.123115256646726,0.655507451261306
2729,0.15361440512043,0.214164250735149,0.0953474793776022,0.108063687600541,0.283633805067595,0.145176372098683
2730,0.0161172135715744,0.0349149751028695,0.0809591886621971,0.0617639508463949,0.430039750420129,0.376204921396835
2731,0.1678065234772,0.154931773599227,0.068409468918272,0.170405387085971,0.329062311098347,0.109384535820983
2732,0.0239793828050549,0.0761805343513394,0.25130028686322,0.028864240957275,0.110003214942408,0.509672340080703
2733,0.0570117989907012,0.139910005660224,0.131518278214437,0.170726113181359,0.398843482747489,0.10199032120579
2734,0.0434654939121285,0.600703646671473,0.0527131418814081,0.0189600256142679,0.181819498701737,0.102338193218986
2735,0.0497190216988404,0.431170161456555,0.134018395287995,0.0306134099715212,0.154209490510955,0.200269521074134
2736,0.0380686567547893,0.0876789064269773,0.0556916246796072,0.360197004067522,0.345971996210221,0.112391811860884
2737,0.159564554813741,0.117311424324106,0.253446687260931,0.0912322664817694,0.187844886159752,0.190600180959701
2738,0.0308460091764643,0.114101983439463,0.134506964373938,0.0590705654030928,0.175954091157873,0.485520386449169
2739,0.116118202909741,0.227867176048644,0.26539180790861,0.0407471214631986,0.249237019927994,0.100638671741812
2740,0.225161923384678,0.354771751145591,0.0624948454143613,0.0915332300396653,0.122756553854868,0.143281696160836
2741,0.0588571113387108,0.297045863928586,0.108785395541955,0.0353286579681342,0.346837751877485,0.153145219345129
2742,0.0637586864756215,0.0673547534267954,0.0433013609430642,0.195606287721568,0.477298519715002,0.15268039171795
2743,0.168463409789496,0.229362821710546,0.105739374559391,0.108906185356917,0.229895129652284,0.157633078931366
2744,0.0303963442105829,0.0852675935930505,0.0544224378950473,0.119901599252164,0.590957192826862,0.119054832222294
2745,0.00895919832568606,0.0900090589961793,0.297069211842953,0.0633321856464553,0.286082914148889,0.254547431039838
2746,0.0180529105949043,0.0751365291154866,0.103160607366743,0.0348601648335404,0.310223378731325,0.458566409358
2747,0.0221908370495983,0.0373129572556595,0.0156275804984189,0.092907806873299,0.619591220655118,0.212369597667907
2748,0.009085190670975,0.0539537998131949,0.0678753157205094,0.0384899364612056,0.583275606055552,0.247320151278563
2749,0.214081347213407,0.0953473129932724,0.0630740944092178,0.306570145000193,0.234693093144932,0.0862340072389783
2750,0.0130494624540311,0.0663119958805268,0.373863507993644,0.0337864497299803,0.124940105138067,0.38804847880375
2751,0.228541577959664,0.179394043884514,0.0660381838977058,0.107104745553291,0.361843111501829,0.0570783372029966
2752,0.0408352691168615,0.164178265262536,0.178183106464485,0.0813173856353938,0.182196852294942,0.353289121225782
2753,0.0651387837218322,0.0719920556341312,0.0208068309824546,0.361638427066528,0.425737956863471,0.0546859457315828
2754,0.0141761945088816,0.21981917862674,0.0866984307237979,0.0186393390703886,0.434625003662236,0.226041853407955
2755,0.00342384477365814,0.0115432733980001,0.0520689629217536,0.0138813676765445,0.213874398581101,0.705208152648942
2756,0.00769654987206531,0.0187069559312114,0.0642661134827272,0.0146524805392335,0.0380257401284881,0.856652160046274
2757,0.0108022170832732,0.119312942887661,0.0260333786620694,0.0365268489909974,0.54401435469954,0.263310257676459
2758,0.0920671325515903,0.246319896206212,0.185846159105345,0.0308140535098954,0.293198026511464,0.151754732115494
2759,0.0244416670167994,0.196577297250248,0.099007271428803,0.0206500861146472,0.299035939866228,0.360287738323274
2760,0.357189524808187,0.0768230392987364,0.0328441169317793,0.465405458703694,0.0555347345208791,0.0122031257367245
2761,0.177203354144806,0.144980842338167,0.0835360000644066,0.264448354042979,0.209135685340351,0.120695764069291
2762,0.0084163372488048,0.133185220001687,0.11561042734948,0.0220190999005134,0.405487237171359,0.315281678328155
2763,0.0521352894040838,0.171712453723992,0.292716430271742,0.0611975188034536,0.223018938299432,0.199219369497296
2764,0.0118323936353434,0.0273183909068191,0.14606851628184,0.0191865401470611,0.102417306600882,0.693176852428055
2765,0.0260509630959941,0.151964116731045,0.203974676751463,0.031527899893578,0.19533939067494,0.39114295285298
2766,0.0340973888966737,0.12597633360099,0.0988119926143641,0.0566258160024927,0.392680211893572,0.291808256991907
2767,0.0277397799404892,0.0722131616598344,0.0936668093809342,0.283825611385827,0.265112583626457,0.257442054006458
2768,0.0530850512889284,0.269394516117279,0.347238779916606,0.0242909114814458,0.113525867429448,0.192464873766293
2769,0.0473079202837691,0.267562070662031,0.112203301951716,0.0817208896727788,0.329969521807424,0.161236295622281
2770,0.00287016999112155,0.0393145811644364,0.162301779613741,0.0225754251847621,0.154701466394755,0.618236577651184
2771,0.0319795678601817,0.144281253717949,0.443128096481482,0.041340647217613,0.142982272590225,0.196288162132549
2772,0.059893277569893,0.0774728308423708,0.0902378772972096,0.162142784938503,0.439420929302433,0.170832300049591
2773,0.0642911695446232,0.281338117828541,0.122126926839508,0.0356642375040491,0.355109525251933,0.141470023031346
2774,0.118337687372057,0.342540057403541,0.0959244909965135,0.0541661880842759,0.272836304012471,0.116195272131142
2775,0.0028637974006279,0.0166347741187622,0.0863132213304959,0.0086171699132466,0.0956983572966775,0.78987267994019
2776,0.0109157814115755,0.0328492303003602,0.054688093467965,0.0488770769427468,0.277930314852998,0.574739503024355
2777,0.00201910366972779,0.0144083618379953,0.0728276969430522,0.0128467494597979,0.061430383672937,0.83646770441649
2778,0.07063073297691,0.147711590670019,0.129128246101449,0.0835517639762297,0.185672739323068,0.383304926952323
2779,0.0378774230825206,0.0692181004928427,0.310818345049426,0.111198466768323,0.158391364447524,0.312496300159364
2780,0.0540272177373003,0.242956338702841,0.248815197120351,0.047036570650625,0.141187592115847,0.265977083673035
2781,0.0158694896414834,0.0395750217531594,0.0547114086987663,0.105108356384088,0.504034469802338,0.280701253720165
2782,0.00744722217434465,0.0370952189002775,0.18325989395437,0.0202762739969531,0.110214765877232,0.641706625096823
2783,0.284281571365991,0.392994074590421,0.124275642037902,0.0578818219750385,0.100689531513878,0.0398773585167695
2784,0.0641271447431417,0.284969970318314,0.0579753723510583,0.111630047404117,0.406723225338315,0.0745742398450549
2785,0.00278495262241884,0.0180915792374233,0.0485060747796467,0.0299054238961825,0.240033135185939,0.66067883427839
2786,0.0160180486105918,0.0710643068764489,0.0582781039788895,0.059037048031714,0.401697391337862,0.393905101164494
2787,0.00627211023065256,0.0414671911542836,0.0884337468062516,0.0234652026306689,0.250686246553999,0.589675502624144
2788,0.0161194845052196,0.0587434646881487,0.115488726719908,0.0333594296795974,0.149900752716613,0.626388141690513
2789,0.0678813322222876,0.0681130871524307,0.26639154124261,0.077870871329903,0.226677046532371,0.293066121520398
2790,0.0584019250671834,0.134860875219526,0.0566974449195432,0.0944048180344689,0.432865856989113,0.222769079770165
2791,0.165174830222064,0.0663906707164068,0.038338852197661,0.534210332619226,0.133183183118289,0.0627021311263536
2792,0.548427170182511,0.253351787287821,0.0321090413265059,0.0543293281408169,0.0865446847195072,0.0252379883428383
2793,0.00874168765608748,0.0681347015976527,0.0445376043739444,0.0248300997400926,0.474786592933544,0.378969313698679
2794,0.464288322794658,0.220911413430081,0.0668336135027598,0.0981525313142382,0.114299758829157,0.0355143601291061
2795,0.346303105544416,0.11268011612421,0.0501571125856163,0.360038601707242,0.108429114483362,0.0223919495551531
2796,0.00425571148147914,0.0287505987551678,0.116813151822908,0.0221360129010872,0.103065424601607,0.72497910043775
2797,0.034052941333107,0.0548239460805246,0.0737175439093116,0.108580959246372,0.183516240678846,0.545308368751838
2798,0.0101198679812731,0.120058359901505,0.195993649231409,0.0164316657406177,0.294974794028464,0.362421663116732
2799,0.102986638484538,0.173463882099609,0.313514675637715,0.0344082089799726,0.168459260601497,0.207167334196668
2800,0.00769787961533487,0.0325173074202593,0.0494024049198055,0.045985291743382,0.251723431295431,0.612673685005787
2801,0.0146050802718477,0.0487137327796526,0.0300805836181943,0.0338043995201048,0.472985031057798,0.399811172752402
2802,0.0261013059517106,0.0866492952994385,0.0597373148079427,0.0926215310761739,0.361819844411494,0.37307070845324
2803,0.0837546965162926,0.471263709100072,0.0923523138851042,0.0266040033947794,0.215087063514632,0.110938213589119
2804,0.0156732828336152,0.0764072506335332,0.118542397822229,0.0505316373624849,0.40918225004129,0.329663181306848
2805,0.225986270346928,0.184994439839042,0.275857373609535,0.0870473374546111,0.14715058645686,0.0789639922930234
2806,0.145955382876222,0.0962091582980896,0.0664877773215361,0.232539112562148,0.230813562224287,0.227995006717716
2807,0.0690644240196591,0.167813737191836,0.167804668947936,0.0765927543781178,0.211099400044519,0.307625015417933
2808,0.010184788060639,0.0504485108426023,0.0621134377669008,0.0294544141633616,0.30703215401081,0.540766695155686
2809,0.0372829105383262,0.0769089724927371,0.254307193290738,0.0487357505608663,0.111321460901648,0.471443712215685
2810,0.0109819013738746,0.0512390111076082,0.0760780173147854,0.0869735843675874,0.451396000882162,0.323331484953983
2811,0.0115355213491472,0.146540477041563,0.21965096541476,0.0440888906885035,0.277216960916421,0.300967184589605
2812,0.35453892461005,0.266199985252853,0.145452279742993,0.0923300466526193,0.0952741315910792,0.0462046321504065
2813,0.062287103086702,0.116160596842274,0.158596920424548,0.115586533999935,0.280949040772395,0.266419804874146
2814,0.0229937785118813,0.204413128127053,0.219869001103586,0.04468931861089,0.233300314424887,0.274734459221703
2815,0.0462859079277038,0.102110351034081,0.14824402084567,0.0758178931992912,0.173075057319484,0.45446676967377
2816,0.193528520431884,0.166242117684188,0.306089314535015,0.0748266004324907,0.17348826037915,0.0858251865372716
2817,0.0817184159070234,0.284502221342075,0.128047793210354,0.0593020596895759,0.308724801886351,0.137704707964621
2818,0.271716684642877,0.254210836071353,0.17836426843636,0.0596290951089766,0.149534483920279,0.0865446318201534
2819,0.479044852587127,0.313205691307839,0.0574796622185233,0.0505016160339713,0.0785085743770195,0.0212596034755198
2820,0.302184353558393,0.199748737797333,0.349868845567004,0.0405395142816801,0.0664417778064944,0.0412167709890955
2821,0.00388236032151236,0.0339210384098889,0.0222719918824663,0.00993253847577845,0.461403411032134,0.46858865987822
2822,0.173044957562845,0.173206930242107,0.183036957759589,0.0618551463000519,0.289266691718203,0.119589316417205
2823,0.0651469807670686,0.108214418804999,0.111394710896507,0.0976396056312754,0.239843859168986,0.377760424731164
2824,0.0388159469640806,0.141524848402589,0.184989916745536,0.0440016714833906,0.276745255864688,0.313922360539716
2825,0.00402257036270954,0.033103475813104,0.158912019640898,0.0133496159713018,0.0339592527707975,0.756653065441189
2826,0.0262120715949944,0.18615118342536,0.0509406629994968,0.0342937380443192,0.484109571602269,0.218292772333561
2827,0.111420840818112,0.348687775352785,0.128391680123155,0.0429447294342296,0.21411298093828,0.154441993333439
2828,0.0214087514870924,0.142203025071061,0.145579674915257,0.0476776211527161,0.420411704665064,0.222719222708811
2829,0.0323675278934654,0.0415222745137289,0.0351967281585821,0.152437992838473,0.57609323068168,0.162382245914071
2830,0.00387871723020477,0.0311906504378375,0.107844479058508,0.0232100118910014,0.162934682726332,0.670941458656116
2831,0.320495861457272,0.414544219150654,0.0950323887831529,0.0487522874315231,0.0777042692547377,0.043470973922661
2832,0.0326287797315714,0.203468703869967,0.235798766926188,0.0270745338628762,0.284772696491985,0.216256519117413
2833,0.12148964987386,0.12559431906954,0.0934144382572729,0.182375209102169,0.259749190049729,0.217377193647429
2834,0.0183917201345415,0.069965129342644,0.0877207542717469,0.03172460323821,0.272517233342275,0.519680559670583
2835,0.270342970205868,0.199525332871291,0.0384845933455998,0.181023999195488,0.240250982307862,0.0703721220738918
2836,0.0125385952685132,0.0297732788476173,0.0443154131537779,0.0443380883992657,0.253097416664232,0.615937207666594
2837,0.060771812253747,0.219069936522706,0.310939573186786,0.0554230622878397,0.182303592965202,0.171492022783719
2838,0.131070088725286,0.214129188914577,0.223182877110332,0.0770120442211608,0.129421273268483,0.22518452776016
2839,0.146594197898368,0.171246588796541,0.128690467609716,0.0895615298010649,0.27080400075943,0.19310321513488
2840,0.118700335661412,0.0921165186542085,0.163007721182368,0.16750642648714,0.186108853898122,0.27256014411675
2841,0.441305611803392,0.109208165673051,0.0575071015997291,0.175102771118389,0.164011608709851,0.0528647410955878
2842,0.00688639870536966,0.0295658888508291,0.0238696013845193,0.0395133338173261,0.560349682231155,0.3398150950108
2843,0.120397228895707,0.119555037541699,0.134428333500547,0.0679340817586545,0.308527453647311,0.249157864656081
2844,0.0271412345645543,0.0858973229331566,0.588396649135765,0.0203537595085541,0.0784128854050529,0.199798148452917
2845,0.177621720262498,0.325646554405333,0.176693003369893,0.168815185343323,0.11749860127666,0.0337249353422936
2846,0.0134200899424648,0.0557480161945103,0.0497304619734113,0.0537367248919549,0.419695632086878,0.407669074910781
