"CUS_ID","F20-","F30","F30+","M20-","M30","M30+"
2501,0.0407833570870343,0.410868081284379,0.165089844511821,0.0126872852913929,0.187095823169189,0.183475608656185
2502,0.0985714360899663,0.190752021109821,0.0685036389588105,0.143511728693047,0.375524537061076,0.123136638087279
2503,0.0150710247882867,0.65484929408215,0.0238188750057211,0.0145301947042073,0.249477256420803,0.042253354998832
2504,0.450567389779088,0.122788222276742,0.109595869804186,0.183284421615967,0.0572081448432993,0.0765559516807182
2505,0.0831201280378538,0.181750170265957,0.135407772834472,0.0774188201665777,0.115856890257994,0.406446218437146
2506,0.00474455290479147,0.355035022427026,0.127955968325682,0.0160817529627798,0.224837428281456,0.271345275098265
2507,0.00786277794111893,0.029987404648429,0.135529410109259,0.0262428422546185,0.175480707859299,0.624896857187276
2508,0.004317152677387,0.0542455896615948,0.0222243292023851,0.0213871141988689,0.545789824914041,0.352035989345723
2509,0.0283522796232925,0.0287691330570779,0.182505922341016,0.0384838442853371,0.0778057409542489,0.644083079739027
2510,0.00595606629670165,0.0472064967187811,0.0421853805928996,0.0185766283743469,0.360684638991949,0.525390789025322
2511,0.721314343360779,0.0942947718586654,0.0438913444067461,0.110312910785438,0.0205790858310508,0.0096075437573208
2512,0.0336386605663163,0.150507745232868,0.0403051888128129,0.105128530727272,0.550828528860281,0.11959134580045
2513,0.00806804096532291,0.019659604199778,0.0300779275403171,0.0313965862758356,0.50050031876073,0.410297522258017
2514,0.0797337734329743,0.619025752877888,0.0407050799166557,0.0175524326141056,0.208724032109127,0.0342589290492499
2515,0.0074925541147791,0.0388330090286285,0.0352549151515268,0.0212029690699233,0.264260299630217,0.632956253004925
2516,0.0832163489015751,0.0730313071105815,0.0485228977004771,0.273924994760177,0.364377236707272,0.156927214819917
2517,0.0146039932038255,0.565763421253345,0.0709151845020575,0.0156999163898166,0.196810290042416,0.136207194608539
2518,0.422568633401537,0.227890903786594,0.162356468759186,0.0736113972416112,0.0546330688171303,0.0589395279939411
2519,0.0426253367062118,0.889874776803015,0.0181514356231943,0.0039999659649863,0.0315469008570578,0.0138015840455345
2520,0.0302247200518007,0.0404765707583191,0.0276424622951918,0.164488019347226,0.495124302328672,0.242043925218791
2521,0.0118880634720877,0.0714902242456352,0.291838519552677,0.0262954798445124,0.129065417258748,0.46942229562634
2522,0.259282970214519,0.160194884082365,0.21086653836878,0.0859843290593953,0.112930063259939,0.170741215015002
2523,0.0340692366385162,0.503049787314585,0.0481469882490955,0.0148426840691149,0.243136528988666,0.156754774740023
2524,0.0240813779425869,0.174560875858406,0.237621075688702,0.060003782492942,0.107644365605915,0.396088522411448
2525,0.0937543267105738,0.0865764925706079,0.0972868430934136,0.2214133539543,0.31541864074918,0.185550342921925
2526,0.172991514202995,0.215961187832816,0.0656932476973734,0.113055616627126,0.330605545929044,0.101692887710645
2527,0.55995704419221,0.135427296987583,0.112751107795245,0.0477572990801487,0.0691875169045665,0.0749197350402476
2528,0.00465732948865212,0.0105217356443672,0.0329065889898882,0.0367975051150493,0.135125242095848,0.779991598666195
2529,0.111124790298678,0.198813414344957,0.215522323144522,0.0809137043254782,0.160840755421034,0.232785012465331
2530,0.00703708613713953,0.0157698556088927,0.209221045960238,0.0217162230137876,0.0988800828964801,0.647375706383462
2531,0.0214752527429941,0.216223815317372,0.062645549389501,0.0758064199428845,0.430696825172067,0.193152137435182
2532,0.0328472327190255,0.255663174187431,0.118910895295473,0.0296605994961732,0.2074012564101,0.355516841891796
2533,0.000353243509008924,0.00340323807002065,0.0315507632870852,0.00302760617669788,0.0347418288189657,0.926923320138222
2534,0.237222082653467,0.127306429310338,0.164914454711386,0.25750295426454,0.0640398708570394,0.14901420820323
2535,0.0335487202569468,0.0828617023112222,0.260791832851312,0.0272050205845788,0.152800015806992,0.442792708188947
2536,0.126730026791733,0.280904678340476,0.120402911045675,0.0748178156711635,0.199398279980073,0.19774628817088
2537,0.0433139374479496,0.790270231742964,0.0577195131061649,0.00685645448335984,0.0781312612296679,0.0237086019898935
2538,0.220641542913661,0.123965727844236,0.0793327941153919,0.124206362637505,0.238747649291307,0.2131059231979
2539,0.260962784980511,0.243802149685874,0.21041322755594,0.0637902771456841,0.141328236928142,0.0797033237038498
2540,0.198559415900616,0.0629814620591348,0.0453269919691378,0.319649453904528,0.310443665858964,0.0630390103076191
2541,0.0844713333315849,0.0303886433639443,0.0146668446772141,0.610271337814416,0.238658089246109,0.0215437515667317
2542,0.0366706239945503,0.556654012062545,0.0268922022410202,0.0271578275344555,0.324191450977836,0.0284338831895928
2543,0.00610827551486303,0.0215598715588043,0.0846849835493193,0.0051060808834022,0.119138174932266,0.763402613561345
2544,0.0876812092173455,0.151838544498448,0.170030817621522,0.218769989082111,0.158969346876209,0.212710092704364
2545,0.047261756082199,0.326552864294564,0.131559173846491,0.0233793508141511,0.336768220783889,0.134478634178705
2546,0.0396033082390781,0.0726263691214624,0.0453339775909264,0.198176394404156,0.549822004338128,0.0944379463062486
2547,0.0186972183880433,0.0645961286736097,0.576032469511038,0.0203211607535506,0.0634384723442128,0.256914550329545
2548,0.0429191591379059,0.0430213408270056,0.0479538966547855,0.327574294119509,0.455590951463998,0.0829403577967962
2549,0.00830879091860968,0.0653462110112683,0.0330494929212366,0.0341495523872107,0.365661735925065,0.493484216836609
2550,0.0123506587269081,0.0129792266943473,0.0215665143187823,0.215370040672163,0.506615601739369,0.23111795784843
2551,0.378190389970433,0.161706253320332,0.0311972169071771,0.25206931967998,0.121264349761183,0.0555724703608948
2552,0.0937308724911985,0.270692178663803,0.264133689083805,0.0261149041809509,0.183797614328509,0.161530741251734
2553,0.370624597414137,0.241629648857862,0.0606634212444541,0.129509666613869,0.157972196548159,0.0396004693215191
2554,0.162329442297791,0.308933787160681,0.107804584822834,0.0988863844594161,0.264564030992228,0.0574817702670499
2555,0.0104803369550942,0.150816505595284,0.0821381190555816,0.0349696040292046,0.593689450813797,0.127905983551039
2556,0.0730939440274262,0.324199521862305,0.294808302244012,0.0369816591843065,0.126792861570258,0.144123711111693
2557,0.533359908474071,0.122936527142273,0.247280202494848,0.0502191443605549,0.033001984614357,0.0132022329138963
2558,0.0203366811002602,0.0559184556468926,0.775401018539629,0.0236675621209383,0.043125911445396,0.0815503711468841
2559,0.0796123450983894,0.424508559002692,0.18920160100372,0.0196504886782947,0.113394450799061,0.173632555417843
2560,0.0103119859681929,0.131723705436574,0.118802307213983,0.0188664925588817,0.227888074444299,0.49240743437807
2561,0.00806065555459873,0.0617667148651729,0.265954890584504,0.00647088703860612,0.19521477214928,0.462532079807838
2562,0.161292295644275,0.320153123381813,0.034722822334378,0.080369346701791,0.370509033291793,0.0329533786459504
2563,0.514866062142142,0.0874900914523878,0.169042509149933,0.111188988958249,0.079507256782832,0.0379050915144565
2564,0.140779590666359,0.0538085835208105,0.0836407259619005,0.480726563013394,0.0898849926739327,0.151159544163603
2565,0.0352318694656103,0.116594708847935,0.150885686921573,0.0697159657544568,0.257440637354254,0.37013113165617
2566,0.0122251987229663,0.0551755037026204,0.160824711998685,0.0404534333726996,0.220771334509312,0.510549817693717
2567,0.0278810347278085,0.156112309952862,0.145203599588234,0.0339337654693695,0.211847423653132,0.425021866608594
2568,0.00817556122729671,0.0612960783913671,0.0790086901008728,0.0167741364067501,0.402331460689281,0.432414073184433
2569,0.0684228650220507,0.130686461061136,0.151972944107328,0.0297085412312665,0.152206976133887,0.467002212444332
2570,0.0211810998998218,0.734418877599557,0.073386411637916,0.00325891395663076,0.0651740929494564,0.102580603956618
2571,0.0353308925761629,0.084264901446044,0.0236350164408818,0.189629253209711,0.418077128048898,0.249062808278302
2572,0.084711912073515,0.0530185858706062,0.263050436418707,0.100034185910713,0.118626106292058,0.380558773434401
2573,0.0422008812724461,0.221258883479237,0.0911042887501056,0.0174398667037906,0.235767889405438,0.392228190388983
2574,0.0239557484103888,0.0473935306323938,0.0268885990052946,0.198979325956288,0.570877628589652,0.131905167405982
2575,0.0222507724678142,0.0288316096140836,0.0192903395836803,0.129030635798528,0.607465793797679,0.193130848738215
2576,0.322521075444322,0.324583373405361,0.197020024107095,0.0880750358518964,0.0270232369210657,0.0407772542702595
2577,0.044354106064068,0.264231706670924,0.397591046121466,0.0260213660961751,0.125347265684124,0.142454509363243
2578,0.00119625654775179,0.00856483768536614,0.0302185850884737,0.00655642449238674,0.136590360896897,0.816873535289124
2579,0.302242082257613,0.174110580596745,0.151973878364284,0.137678745972268,0.16133646650246,0.0726582463066311
2580,0.0454437814425173,0.400806361031838,0.14090519747925,0.0119671710437388,0.188673941524039,0.212203547478617
2581,0.00101310673869075,0.0154819797860178,0.0485231999732357,0.0209940274325806,0.337376208499402,0.576611477570074
2582,0.301030204455587,0.30766736945129,0.117474499779746,0.0533370419912539,0.130855500889623,0.0896353834325011
2583,0.194533613361899,0.469631909612001,0.192381896019075,0.0275418846123092,0.0568585143523668,0.0590521820423487
2584,0.209090039630091,0.474439918301251,0.108280923147114,0.0492934648387739,0.107035792820177,0.0518598612625932
2585,0.0132735968073252,0.0682212829037553,0.0382490576019682,0.0709465352990288,0.521407310055709,0.287902217332214
2586,0.0366723042872173,0.281543603704294,0.0964147425502309,0.0282951765380125,0.221894892303933,0.335179280616312
2587,0.201862314826332,0.0545857966604228,0.0338333348221075,0.428394477154115,0.198944018321863,0.0823800582151598
2588,0.0317410819667893,0.0203400629790671,0.00939756652270658,0.405321154677012,0.458906583530995,0.0742935503234299
2589,0.0886309012497229,0.0985137181807886,0.0368662460122646,0.226053603465628,0.477726619084114,0.0722089120074817
2590,0.0145171555696719,0.0731728844319901,0.0971625541609173,0.106128107085316,0.366414729829509,0.342604568922596
2591,0.0562656717422921,0.0731507385890938,0.544270809581787,0.0195455372160135,0.0509493754170746,0.255817867453739
2592,0.0093681480205447,0.016451340465844,0.00411207252091261,0.184927206584719,0.691135354726912,0.0940058776810678
2593,0.126425924734896,0.154516836729361,0.0742081005456341,0.0716131767914066,0.456701129833781,0.116534831364922
2594,0.0403327948065854,0.105858644986119,0.0615268384571781,0.0515445097952259,0.332563169897663,0.408174042057229
2595,0.199896836862981,0.0643352033688288,0.169142107968301,0.415166235565933,0.0773469310162603,0.0741126852176953
2596,0.659914225762739,0.0677823407424203,0.0128653979035555,0.222237590702504,0.0320832751854316,0.00511716970334908
2597,0.0049025430883451,0.027950432291182,0.141929395432053,0.010776810420888,0.104326573116774,0.710114245650758
2598,0.0122647539509254,0.0940398823491291,0.068142381631413,0.0142939960864212,0.252017839052324,0.559241146929787
2599,0.26407973444028,0.367150212178538,0.0354626545729835,0.0871147767985962,0.197730863092241,0.0484617589173618
2600,0.00202300447298198,0.0289547320622527,0.0329000934864739,0.015129247969361,0.804341502448084,0.116651419560846
2601,0.013759009115918,0.0427277878440894,0.192114493378504,0.00963968495466604,0.0926048765743372,0.649154148132485
2602,0.0231598750082466,0.145759855386743,0.119820239137367,0.0350398757377881,0.271453151882354,0.404767002847501
2603,0.0376836020105482,0.615845667040033,0.0373284431041699,0.0191750731951518,0.239507979539853,0.0504592351102441
2604,0.0627863929400708,0.0616574471433539,0.353379294760936,0.253238502243051,0.115692781867062,0.153245581045527
2605,0.000162227303475669,0.0207684467883878,0.116250957639442,0.00527646047353263,0.217991304443396,0.639550603351766
2606,0.0197323013562623,0.0762529447804892,0.158770947759744,0.0244154521329583,0.144522104038844,0.576306249931702
2607,0.0178933777860504,0.0326374221587673,0.0643667370674822,0.0641761892250985,0.265420510378567,0.555505763384034
2608,0.165673407384501,0.259266976428903,0.105813322889879,0.154228942121168,0.129062541703706,0.185954809471843
2609,0.0151970613296935,0.0420864195020414,0.033522466873997,0.124419780425894,0.533948297532361,0.250825974336013
2610,0.0736097794432032,0.215138363347898,0.0648559099627526,0.174612926881812,0.376539805657268,0.095243214707066
2611,0.0400664077775038,0.223088147528903,0.272118513915837,0.0676457424689528,0.0831455592158265,0.313935629092978
2612,0.0218453635049591,0.178659944468131,0.143718716109184,0.0443469072286656,0.329276961941449,0.282152106747612
2613,0.629078093154367,0.196492855310477,0.0270053358459313,0.0795754798659279,0.0607980149146622,0.00705022090863424
2614,0.109245148152292,0.130903145013891,0.0899022885260939,0.107679887210119,0.358052011316181,0.204217519781422
2615,0.572057119709579,0.140356264605754,0.0935346780651674,0.0819801740705273,0.0705113624350429,0.0415604011139292
2616,0.0103978115334964,0.0528155081196763,0.0857383333813268,0.0499034815703896,0.346437722715422,0.454707142679689
2617,0.380259940234291,0.368360411080059,0.104978252078233,0.0432937857526809,0.0829900994641432,0.0201175113905922
2618,0.107655482979388,0.12559458322024,0.0593401194024879,0.135734457212959,0.394491339742951,0.177184017441974
2619,0.0194608613559697,0.0227634994018606,0.0164438665183701,0.134752320143586,0.566685626709362,0.239893825870851
2620,0.03823903205895,0.129177075905349,0.211329395298371,0.0435831163198435,0.372018843831087,0.205652536586398
2621,0.0448775657938394,0.0959881874091847,0.0181309171342124,0.10129292104856,0.680937935033373,0.0587724735808311
2622,0.000637811400602706,0.00288618175317575,0.014382503253625,0.00452244586016574,0.0820113071675645,0.895559750564866
2623,0.425747604819778,0.243992336290977,0.0393871459011648,0.122371041705938,0.146364502827131,0.0221373684550116
2624,0.00415083156235916,0.0235023681395451,0.114877880815665,0.0117975404677584,0.103597404458214,0.742073974556458
2625,0.198265241878132,0.360681384922028,0.328678946748532,0.0249744796720405,0.046979585424622,0.0404203613546467
2626,0.00169822276600757,0.0147325858725126,0.0415232772775829,0.00952524382630046,0.210309171286029,0.722211498971567
2627,0.133749861739645,0.190857421212008,0.463119243021012,0.0245958165138187,0.0594352817276515,0.128242375785866
2628,0.175796630695585,0.35055354447093,0.0375993674067536,0.157657951810624,0.222015385847389,0.0563771197687187
2629,0.0135045076862049,0.183424844248721,0.0965354512224049,0.0168910221547588,0.338543669020641,0.351100505667269
2630,0.191430231931429,0.06799244498725,0.115624113748373,0.100289312569826,0.227951011313093,0.296712885450029
2631,0.0275056879409176,0.2129457558744,0.203965042204056,0.0324977699752608,0.259316479900512,0.263769264104853
2632,0.00655129397232154,0.0257221186861049,0.0562082819270961,0.0236411923225129,0.208591338419551,0.679285774672414
2633,0.110733942320832,0.306248435068465,0.112018368782525,0.0684264811617797,0.274927599276857,0.12764517338954
2634,0.0361941630222513,0.149894013067144,0.198997848590751,0.0648815502684883,0.161370798583839,0.388661626467526
2635,0.067638831545824,0.147605045028841,0.0801555222471303,0.0906187823599731,0.444856717861045,0.169125100957187
2636,0.0861803569557092,0.0857302095864435,0.209284890589727,0.201433987447427,0.152937772831204,0.264432782589489
2637,0.0220109012295982,0.0804835027502818,0.0156382790962437,0.0896047097393259,0.666290251091578,0.125972356092972
2638,0.07574869303034,0.0449407042261432,0.156807226438315,0.221606224963843,0.120932425020087,0.379964726321272
2639,0.17156576854882,0.0750315463102214,0.0614518232849897,0.348104065110332,0.225703180270215,0.118143616475422
2640,0.00893434712233059,0.0279978494329129,0.0481945856620125,0.0178317067430784,0.129704366241794,0.767337144797872
2641,0.387851934014029,0.138158303328665,0.157285852020586,0.0989867956274266,0.138796827794388,0.0789202872149055
2642,0.00869643983412805,0.0825992065133489,0.0870030098445884,0.0222682336871361,0.240321560741821,0.559111549378978
2643,0.398756595949517,0.378325765566978,0.0219024036442648,0.092035765311804,0.0878719437466491,0.021107525780787
2644,0.0039664199587914,0.216014757298244,0.0672885350909458,0.00814979469365445,0.316820865762944,0.38775962719542
2645,0.0443508870815381,0.0499183129698783,0.0332589580392279,0.0999654731649489,0.411609818419012,0.360896550325395
2646,0.00259979012561607,0.0221850902919868,0.137968606866852,0.0117534370725031,0.0780366241909865,0.747456451452055
2647,0.0366668424553532,0.0632049885958693,0.0897534421812046,0.0766632717338218,0.354990915217442,0.378720539816309
2648,0.119188387475911,0.151436274327595,0.675651298346039,0.0131211936715806,0.0144469090580179,0.0261559371208564
2649,0.0245982561023132,0.0391098708431023,0.0742926888382381,0.0615142616227369,0.223810881976001,0.576674040617608
2650,0.0496281486967514,0.0251302175500488,0.198352356399867,0.0759453012492075,0.116672345455677,0.534271630648449
2651,0.00925223214068108,0.0590901851060017,0.0562025836764766,0.0602058866429923,0.438919048658385,0.376330063775464
2652,0.0101124938438272,0.0917282670828458,0.0530724558127369,0.0199560310555279,0.525543995971392,0.29958675623367
2653,0.371867033275424,0.19190080141255,0.0641662497143372,0.0998363318926022,0.173842259925753,0.098387323779334
2654,0.00194708105681343,0.0239069056166625,0.0415217365337124,0.017670284002798,0.166822099014985,0.748131893775028
2655,0.582959506423394,0.157107258010264,0.0256048134547182,0.114959824370272,0.108597629178614,0.0107709685627372
2656,0.0195017375056556,0.0944490380321371,0.0406190690565323,0.0294842869011679,0.567201190527964,0.248744677976544
2657,0.00702065961318447,0.0433799198829287,0.13668774811713,0.0113757150504967,0.138580950721338,0.662955006614922
2658,0.153897944696282,0.0786293891749519,0.0928646823011291,0.442030417101877,0.137440567009866,0.0951369997158946
2659,0.426985390561115,0.0922941132054387,0.0319013475455364,0.39994546068249,0.0321662705437621,0.0167074174616576
2660,0.00974169797165364,0.036389220868462,0.0708661609898712,0.0226335792965572,0.255854551575501,0.604514789297955
2661,0.0116354726821954,0.0314303987901036,0.156548695773292,0.016285048728935,0.0828808727375247,0.701219511287949
2662,0.00559095350777573,0.057526311393436,0.108041014561778,0.0156586332806589,0.168496482042895,0.644686605213456
2663,0.00965501589835832,0.0486871848377407,0.0777643465294495,0.0344671978152864,0.211250435507922,0.618175819411243
2664,0.042236192228907,0.142831276083661,0.034364636974661,0.0727681396609864,0.557230927952407,0.150568827099378
2665,0.243099916048446,0.213505330161292,0.243263216769958,0.0815278631478751,0.137680405730063,0.0809232681423661
2666,0.000455039278249766,0.00257504553534701,0.0367457842169812,0.00100552749592401,0.00875214257118945,0.950466460902309
2667,0.0454540553198902,0.152876380388035,0.335808830666225,0.0458042953712557,0.212933843410373,0.207122594844221
2668,0.00364124972904399,0.0439869649410315,0.219611699890139,0.0053073850610336,0.0701870172682818,0.65726568311047
2669,0.0776459011115117,0.365283061434029,0.177079277383127,0.0319444355973299,0.123953934597384,0.224093389876619
2670,0.0134703913529002,0.0567979971985572,0.147418272557986,0.0327428012310565,0.195974981861636,0.553595555797864
2671,0.0253002392515116,0.0922778665914549,0.0831946993084898,0.0980547541296035,0.321395323008678,0.379777117710262
2672,0.0034289116886291,0.0195477190291208,0.125420550283721,0.00849278832463798,0.0957943020405092,0.747315728633382
2673,0.255303703337928,0.205992372378954,0.079530200780955,0.152306352626195,0.236465616994096,0.0704017538818715
2674,0.00809437860350577,0.0373017670396511,0.0732260766920761,0.0686176109184184,0.340146124014914,0.472614042731434
2675,0.697274957797959,0.166511867671638,0.01189717987385,0.0958245915044191,0.023710056756376,0.0047813463957581
2676,0.0315519175073409,0.0918975673433891,0.115954651099511,0.123807327715002,0.387881345940489,0.248907190394268
2677,0.0787159248034846,0.0566269041955012,0.526042767041888,0.102039120486856,0.170959812371568,0.0656154711007017
2678,0.0333912639660837,0.0834506357534114,0.198715780091529,0.0559031942325936,0.385817458155945,0.242721667800437
2679,0.00625373320168785,0.0127098179104491,0.0194379083718665,0.0348780296481062,0.35220267072857,0.574517840139321
2680,0.120158493620715,0.0687018491858775,0.296540489000161,0.369779036913336,0.0735100873602926,0.0713100439196186
2681,0.0139411955266498,0.185916870514443,0.104706961443631,0.0128014504162359,0.406880390432783,0.275753131666258
2682,0.0105246142869839,0.0177107575975893,0.106789459832,0.106935224043274,0.180267092801883,0.57777285143827
2683,0.642178065210261,0.10388356564368,0.0150810477828649,0.18308597371987,0.0514034464101853,0.00436790123313903
2684,0.00984147532000782,0.0438518442443796,0.0376934684096682,0.0428531296104234,0.472187762987273,0.393572319428248
2685,0.0720355481228568,0.0325073551029113,0.323550430496175,0.035946265198649,0.0459841013506491,0.489976299728758
2686,0.00770317326187852,0.0634940358517113,0.0719726351958168,0.0143239039850982,0.143342105493861,0.699164146211635
2687,0.364388081277437,0.222261025175353,0.0785109539144586,0.173691295827363,0.125460547099617,0.0356880967057714
2688,0.0103199353415018,0.130166628139761,0.0573997627621126,0.0722933913514402,0.507507196945218,0.222313085459967
2689,0.144183833374573,0.476009454123981,0.116792522620773,0.0723872536428986,0.147542853142231,0.0430840830955427
2690,0.0221457525865797,0.0360196425382085,0.0614433299522926,0.244226897166365,0.396549729483614,0.239614648272941
2691,0.0408574014987296,0.190636837921998,0.14317846086926,0.0264756704763455,0.368278322227275,0.230573307006392
2692,0.113864880189311,0.106653026586999,0.276290830474413,0.0483962198241889,0.184278077882842,0.270516965042246
2693,0.0177192099977222,0.0396369886211239,0.070046645101622,0.0278137370982208,0.11528983688468,0.729493582296631
2694,0.00209937816433213,0.00935134956367767,0.0150058455671645,0.0279578845488966,0.363488274670689,0.58209726748524
2695,0.563128112064929,0.137962644625021,0.052961774130385,0.127217391661129,0.0867366386633695,0.0319934388551669
2696,0.0179160632324376,0.091237974026493,0.2724078278576,0.0173307973130473,0.0665913876045336,0.534515949965888
2697,0.108486768645449,0.260413024492703,0.251330860540837,0.0469462416343041,0.180773523313738,0.152049581372969
2698,0.00308023193646338,0.0210365329294182,0.166944221994937,0.0122174661266115,0.47964341268175,0.31707813433082
2699,0.00769781149673913,0.233434407343945,0.611714527042147,0.000908832367446788,0.0167490259338642,0.129495395815858
2700,0.00170785374554748,0.0512744067369778,0.0284858023659242,0.00503914856563951,0.387052859121965,0.526439929463946
2701,0.00803082377722961,0.0371171074496712,0.119671120812539,0.0444805346212031,0.210594307044573,0.580106106294784
2702,0.421791704580322,0.157979489532985,0.170943995193355,0.0856614428990083,0.0905292594969273,0.0730941082974028
2703,0.133245045183483,0.0619452717739512,0.123012822369448,0.188352787842425,0.308564141155204,0.18487993167549
2704,0.0526438666682187,0.186549046056474,0.621915750394656,0.0126963395622752,0.0454193225381435,0.0807756747802329
2705,0.0109596727481364,0.103483165871502,0.316868212157303,0.0150153269927376,0.0932401129083797,0.460433509321942
2706,0.0117091670010992,0.0391752501712977,0.218976661989762,0.150071926114926,0.247734820367204,0.33233217435571
2707,0.00885320957345309,0.0255237534295037,0.00995325091542456,0.0785516894977624,0.741019133411453,0.136098963172404
2708,0.357993004439291,0.20632702804062,0.0598737390782687,0.187960647645758,0.167531441159165,0.0203141396368972
2709,0.0412516220994554,0.176141699781742,0.472308831209909,0.0261185911809206,0.071958364416391,0.212220891311582
2710,0.0507583981616893,0.0309635313047434,0.391273364170586,0.0286362882703652,0.0354689375437889,0.462899480548827
2711,0.185038963216101,0.144280502735965,0.0685522743186092,0.137817154883848,0.286875128584461,0.177435976261015
2712,0.201177285251062,0.0700045463742759,0.051306241507864,0.518648218607018,0.112487653019936,0.0463760552398441
2713,0.0392877436651893,0.118158644590783,0.285215781764025,0.0583173372005046,0.138787946229699,0.360232546549799
2714,0.00604085320652658,0.0995285396699162,0.286444104510715,0.00764066134658957,0.162062549880896,0.438283291385356
2715,0.0109990720876737,0.0806483510622966,0.304427912340299,0.0277383974548176,0.328835632196537,0.247350634858376
2716,0.0369301443974842,0.056675719115227,0.041047393281856,0.0728960977426401,0.377608033563585,0.414842611899207
2717,0.00889915483777972,0.0292984084169448,0.0566206794070066,0.0359059050948864,0.258197836526026,0.611078015717356
2718,0.0307712876645246,0.0378938339070705,0.184396564187821,0.0531851048415419,0.144763665935054,0.548989543463989
2719,0.0139076515499383,0.0859478846032243,0.114199185333037,0.0342169127735497,0.356777343072303,0.394951022667948
2720,0.283312573981744,0.106519096015915,0.173426403697119,0.120663276091966,0.176356502536933,0.139722147676323
2721,0.0228927583321325,0.0760646590908942,0.130009321964496,0.0413510794245066,0.287485547092622,0.442196634095349
2722,0.248023824465157,0.415668808336851,0.168464004786338,0.0188285204074732,0.110843511035914,0.038171330968266
2723,0.0347149325049804,0.258097155418976,0.3562384041494,0.0246134255602508,0.0947204667192883,0.231615615647105
2724,0.519526862453271,0.157679854369415,0.0638989767415837,0.174660804866242,0.0638085170112879,0.0204249845582001
2725,0.41126804420378,0.463580950923267,0.0198197194687672,0.0642989458921051,0.0325359499835637,0.00849638952851678
2726,0.0168885979169385,0.0416669309103457,0.021116786087964,0.0688823232730792,0.816823315295317,0.0346220465163556
2727,0.00308170272451495,0.0364126392361428,0.0388232952689629,0.0408364965030299,0.410662758089541,0.470183108177809
2728,0.0207221952244886,0.0363827592992679,0.196514436094163,0.028902264927029,0.0601279436906407,0.657350400764411
2729,0.191844728478009,0.272056019943086,0.0644543745104953,0.0842672677648534,0.305106297723014,0.0822713115805423
2730,0.0029693674499081,0.0290700697117848,0.0726847739214488,0.0343734319459751,0.311490383112913,0.54941197385797
2731,0.103216090945944,0.145275652792504,0.0797959774865837,0.21981356285167,0.358561284624133,0.0933374312991653
2732,0.0148207292220867,0.0595894718857603,0.327494903979636,0.0117481041322349,0.0579864435900558,0.528360347190226
2733,0.0381063975213399,0.0877434949782161,0.0714944926011619,0.28780161849942,0.438994423654022,0.0758595727458404
2734,0.0110976280980044,0.868685663275487,0.0278350253635166,0.00234634824526862,0.0563169468944225,0.033718388123301
2735,0.0319564120431421,0.347248077371161,0.186315964414661,0.0125826983209554,0.165251939951218,0.256644907898863
2736,0.0645608045290097,0.0930751436775816,0.0489485675006731,0.366260840149314,0.347308552226596,0.0798460919168255
2737,0.146879800463218,0.183895459314714,0.290983698033649,0.0164328480633529,0.233275515665399,0.128532678459667
2738,0.0167087063566296,0.0904056784679535,0.089652245190469,0.0366114500973265,0.309337840214705,0.457284079672916
2739,0.37964571143802,0.33234554605551,0.0603093041445621,0.0505949214142273,0.146246044332536,0.0308584726151453
2740,0.222428116559669,0.247802769540535,0.156299639537991,0.107381518067242,0.162514444221452,0.103573512073111
2741,0.117733203849953,0.214039745586334,0.15429980757405,0.06889574834033,0.254981758154675,0.190049736494658
2742,0.0371337762998286,0.0910484068735229,0.0591333304836631,0.0727373235324638,0.515486848509213,0.224460314301308
2743,0.251111489074222,0.172170752011026,0.145376634714001,0.174544262587299,0.131371533304956,0.125425328308496
2744,0.0110996874744383,0.0634668708420466,0.018679651983802,0.162777054019723,0.61170148462926,0.13227525105073
2745,0.000367970590463658,0.00567227954453554,0.280921050200173,0.0345238054798681,0.359009415646246,0.319505478538713
2746,0.00838184597753925,0.0517485941906946,0.109138895127842,0.0240939215410903,0.17382534391188,0.632811399250954
2747,0.0173660368958549,0.0435300065581802,0.0245427232165352,0.06164164736428,0.542029052489455,0.310890533475695
2748,0.00400661412537939,0.0348363623336389,0.0296411327576071,0.0411398902351661,0.684283599539183,0.206092401009026
2749,0.260241992299231,0.177871952594785,0.0472782215889695,0.283393625817431,0.145912634082094,0.0853015736174903
2750,0.0114862436644206,0.101447898536164,0.188170465151622,0.0390601929560306,0.172759501489171,0.487075698202592
2751,0.147488099683351,0.154301834721427,0.0680149604800896,0.180845451815776,0.397779096849392,0.0515705564499651
2752,0.0440831457499027,0.0862637198425615,0.185268666746469,0.0853240274091087,0.1367865793973,0.462273860854658
2753,0.0370175679149899,0.0829398570067759,0.0506205145925569,0.158842134444391,0.537087870785305,0.133492055255981
2754,0.00866303605398508,0.215778049987053,0.0350178274019712,0.00763254921187276,0.64546429601158,0.087444241333538
2755,0.000697905525226319,0.0054315544925354,0.030563834523573,0.00871157839190467,0.260877214262904,0.693717912803857
2756,0.00187562766854399,0.0055747232090545,0.0831916140850612,0.00500166209324005,0.0304605906150373,0.873895782329063
2757,0.0244514202893231,0.225294658720273,0.0581025399987415,0.0277939569967266,0.392277344115056,0.27208007987988
2758,0.0359279285667993,0.313719841106177,0.166497156116032,0.0188267424841074,0.319703800702374,0.14532453102451
2759,0.0250452962233271,0.258922231491818,0.0942649950309498,0.0197944498900616,0.244981337608233,0.35699168975561
2760,0.409432006632163,0.206739428888625,0.0934328853989291,0.183426613531479,0.0886839826612417,0.0182850828875618
2761,0.108340072566942,0.0733571807664936,0.0491715018841952,0.410732327136634,0.272939598227493,0.0854593194182416
2762,0.00150615809779098,0.0305852096023296,0.0405525878660603,0.00654805874671411,0.476545119118265,0.44426286656884
2763,0.0479436786643683,0.185526416660485,0.189883573599649,0.0401149036441336,0.263126845255587,0.273404582175777
2764,0.00729009084014899,0.0104037241507705,0.0799145366846593,0.0236375032165442,0.0695194017708022,0.809234743337075
2765,0.0302599166017173,0.174568799651625,0.26088127066996,0.0202946249425696,0.161915457979273,0.352079930154855
2766,0.0456547511695216,0.195680437148744,0.109399296917708,0.0284444105803927,0.423463196315393,0.197357907868241
2767,0.00377137215037478,0.00403392149005552,0.00861213247476004,0.828538027708242,0.106105454760872,0.048939091415695
2768,0.0173543724466837,0.149283755413739,0.404301545777866,0.0107850874913197,0.0670815680951301,0.351193670775261
2769,0.0610472355512951,0.352267197623823,0.0776508786087841,0.0998563845369674,0.332049980903152,0.077128322775978
2770,0.000937416129028978,0.0152365260580269,0.0640446531416225,0.0115964668089151,0.26758764322003,0.640597294642377
2771,0.0157949246683131,0.105218188003697,0.407776248348637,0.0136640199999277,0.0689833700163034,0.388563248963122
2772,0.0113855897060882,0.030349959905875,0.105002395839083,0.212522557180185,0.411260341493869,0.2294791558749
2773,0.031231225588839,0.259085727565244,0.0914115249912692,0.0112753463486484,0.506758025578436,0.100238149927563
2774,0.0677908867259925,0.598896442641035,0.0665563271669472,0.0183501366314642,0.200903318792884,0.0475028880416766
2775,0.000539061932265681,0.00584316299741578,0.0492173693081891,0.00363868447776682,0.0822598664517988,0.858501854832564
2776,0.00643343428884801,0.0501841800108628,0.104832663089215,0.0450792005787299,0.276876929751319,0.516593592281026
2777,0.000697700408062561,0.0132711483734757,0.0543400646601625,0.00697579817523044,0.158940751826546,0.765774536556523
2778,0.258766317394083,0.108780299923772,0.18263789286198,0.11387404275676,0.105757763794293,0.230183683269113
2779,0.0441213422896313,0.0258614869389908,0.315023863232358,0.193275560550886,0.135330722913224,0.286387024074909
2780,0.0416353935321155,0.144246926297588,0.290212286683802,0.0597778947630951,0.104228711376776,0.359898787346624
2781,0.00754890176128101,0.0140717354088031,0.0471581955183385,0.198963841261118,0.451360662802548,0.280896663247912
2782,0.00678360228193356,0.0213686750130076,0.244817170663795,0.0152920333384962,0.13743486027511,0.574303658427658
2783,0.535054312575148,0.174630792620277,0.0847173009830137,0.135048477624448,0.0492115548108627,0.0213375613862501
2784,0.0905230938860215,0.174398219967528,0.0647826751209376,0.0867733637257761,0.46721330179076,0.116309345508976
2785,0.000710288465880213,0.00349579363518508,0.0146357251642756,0.00992016080140576,0.392768722121358,0.578469309811896
2786,0.0146539637883693,0.138723779843196,0.0598710047934231,0.0480041691415532,0.465504464374951,0.273242618058507
2787,0.00243688396017043,0.0166058912848828,0.0439434065564169,0.015283488339495,0.150128248547312,0.771602081311723
2788,0.0168860530274961,0.0603198048279991,0.180811928588406,0.0262365583137984,0.10855407208892,0.60719158315338
2789,0.0563225824775563,0.0853051947998044,0.315403784029237,0.0732212608969436,0.191385570011797,0.278361607784662
2790,0.161894066981871,0.147540502707973,0.0624976171132898,0.110543850760252,0.380727589184808,0.136796373251807
2791,0.183918771549021,0.0929563510329492,0.0486138081532218,0.448251419262944,0.190345121487075,0.0359145285147889
2792,0.450528600862456,0.295288694662071,0.0345666409589885,0.0889673658287563,0.113084885124694,0.0175638125630337
2793,0.0050690760517043,0.0478992982563972,0.0395237566262367,0.0158401506451353,0.509286847559873,0.382380870860654
2794,0.42347474668426,0.115085620132327,0.0562791832163302,0.217013005852273,0.154285246823584,0.0338621972912259
2795,0.511309224232023,0.108563939089195,0.0352633437892527,0.288086825220901,0.0491460809961935,0.0076305866724349
2796,0.000681978696508282,0.00704998637937086,0.0499024634042193,0.0121010229694216,0.146766223592795,0.783498324957685
2797,0.0723045146830683,0.0997588400470236,0.106634132443315,0.0895641901447147,0.154811082946721,0.476927239735157
2798,0.0140445927407518,0.316018114010992,0.195304202757687,0.00666708810535744,0.297642127405841,0.17032387497937
2799,0.215828302793206,0.128269183993772,0.3899427190951,0.0182375114081809,0.0866603660792668,0.161061916630474
2800,0.00573403906180841,0.0145667597205676,0.0602799034884748,0.0171636495994821,0.164321964122409,0.737933684007259
2801,0.00377675936019536,0.0194545445553229,0.0137164988325465,0.0168553666813054,0.418687595352469,0.527509235218161
2802,0.007257561934917,0.0569120297496633,0.0561652000277627,0.0239598429406653,0.49421683799689,0.361488527350102
2803,0.0448661438583988,0.617166371696269,0.142888248764775,0.0106480820853336,0.104963886574808,0.0794672670204154
2804,0.0135083849058742,0.0536973752271729,0.10776769902319,0.0259734810712486,0.379147934323897,0.419905125448617
2805,0.332107205966579,0.166783350248017,0.242035319203335,0.0909928833099369,0.0829848924114374,0.0850963488606948
2806,0.0620849385272859,0.0491084822842337,0.0703653491639677,0.397082303220245,0.266495705699682,0.154863221104586
2807,0.113610415695985,0.187884286927457,0.205899519628491,0.127728711830434,0.193169879623002,0.171707186294632
2808,0.00972936061086659,0.0414003192820039,0.0544328076911943,0.0246975424785827,0.232925761767844,0.636814208169509
2809,0.0595144930405142,0.120464726339227,0.494262802352887,0.0319882819281969,0.0482916408849952,0.245478055454179
2810,0.0101886128996768,0.0463463961221726,0.0504949434866725,0.092237189716697,0.406071941376264,0.394660916398517
2811,0.00314350285735151,0.10245989732743,0.0726674936257893,0.00852944965542083,0.534576960251583,0.278622696282425
2812,0.482506189305579,0.283378950481244,0.0929220024873189,0.057693048329195,0.0614541194004658,0.0220456899961973
2813,0.280889243238586,0.089431824018218,0.0889706000552768,0.199304269904798,0.261326093377608,0.0800779694055133
2814,0.0191271013135864,0.287516612129204,0.228053722413481,0.020888557860065,0.154888213190033,0.289525793093632
2815,0.0061321818733294,0.0378017817132115,0.085171748030062,0.0293972834590706,0.155600392149224,0.685896612775102
2816,0.32442494221879,0.129650063994374,0.209023166915292,0.140633216572141,0.155839905353316,0.0404287049460865
2817,0.0829854652950617,0.505494543584905,0.0821183288751661,0.0719042621929352,0.18516016241805,0.0723372376338823
2818,0.238103239540679,0.468480656385586,0.154493695683317,0.0277394662652607,0.0565513850677941,0.0546315570573628
2819,0.27404261520898,0.417442402963738,0.0893775319003529,0.0384831512722718,0.149671587940658,0.0309827107139993
2820,0.49061067970106,0.217918391754841,0.188967030815725,0.0526500391540313,0.0356953576795441,0.0141585008947995
2821,0.00253906501169995,0.0449224138394044,0.0147848641584644,0.00726194122038093,0.355957275238489,0.574534440531561
2822,0.164301258161463,0.250581980862609,0.237973787293644,0.0625309864036894,0.161865690726228,0.122746296552367
2823,0.0165512515538419,0.0751631807743034,0.104847387533661,0.054557506609179,0.224254329561014,0.524626343968001
2824,0.023177388015955,0.0595645839909731,0.175951622577703,0.0615475938888459,0.353518520293331,0.326240291233192
2825,0.00351793634677496,0.0119595681170298,0.156839093279742,0.00979111825774561,0.0223623289232404,0.795529955075467
2826,0.0407035104972871,0.176267560130163,0.0480660159551798,0.0614600507047247,0.518642399410652,0.154860463301994
2827,0.0582195701887219,0.655234376392037,0.15383042359388,0.00667321783747602,0.0695314294518937,0.0565109825359917
2828,0.00740654476739188,0.0977847352506778,0.0877406836118081,0.0128028850108662,0.423737495348435,0.370527656010821
2829,0.0620315583562375,0.0448587388639385,0.047819503052851,0.230791850004483,0.529329222209954,0.0851691275125362
2830,0.00393599584329876,0.03224026950077,0.134835561628656,0.035583387337759,0.179801605936011,0.613603179753505
2831,0.331686685031356,0.340121435859183,0.106657244862495,0.103168014757984,0.0814883528883304,0.0368782666006517
2832,0.038203025586528,0.344065019851225,0.187816968508913,0.0199076982642474,0.294907757540622,0.115099530248465
2833,0.22425489002158,0.109687865204261,0.159985143689856,0.187811083959603,0.171327194148467,0.146933822976234
2834,0.00491815561150999,0.0400025960420388,0.127087632219673,0.0148431753780605,0.178631705823481,0.634516734925236
2835,0.123964892206052,0.292483927381887,0.0855054107297156,0.0693141540355126,0.317729767019064,0.111001848627768
2836,0.0334059054146476,0.101652203866024,0.0741626534996486,0.11582569399375,0.407702568920404,0.267250974305526
2837,0.0333341126532674,0.250234337300263,0.277452607162365,0.0436421751042,0.189407753056451,0.205929014723454
2838,0.350826950574475,0.234616325497217,0.184607257965163,0.0898264309059913,0.0496939926553227,0.0904290424018309
2839,0.0457993568664548,0.144681733603831,0.226799807259949,0.142877396804431,0.21501425623519,0.224827449230143
2840,0.11521255598745,0.0521776729877165,0.0967147305021448,0.423204103730266,0.112142832790578,0.200548104001845
2841,0.298931162099309,0.213261782298689,0.107417966926237,0.0728495616809964,0.181097247278386,0.126442279716382
2842,0.0075607543929939,0.0476477263681336,0.0276456519163586,0.023245685141866,0.487162729828274,0.406737452352374
2843,0.0257784948605336,0.065684417247017,0.0497512582981303,0.0051042383233013,0.567253903179177,0.286427688091841
2844,0.0302073389116574,0.162581777808732,0.337734844680174,0.010172153238668,0.0834445881817034,0.375859297179065
2845,0.318344141982201,0.442430927028723,0.0701600408000756,0.121612731359123,0.0387701265726885,0.00868203225718857
