"CUS_ID","F20-","F30","F30+","M20-","M30","M30+"
2501,0.0607569159836584,0.60848978120018,0.0874480833318694,0.0217132908837473,0.129572948435199,0.0920189801653454
2502,0.0483935214211649,0.179924966234823,0.170543468327034,0.0718301690314456,0.338323540581783,0.190984334403749
2503,0.0406774391722651,0.353480799181045,0.035367360772,0.051606616142524,0.419099515217191,0.0997682695149754
2504,0.355733442145309,0.135909266889707,0.0973381289890955,0.221161056544253,0.0892990990599621,0.100559006371673
2505,0.0402937199973738,0.163266159321496,0.121966541232379,0.0552888339089072,0.172031617879152,0.447153127660692
2506,0.0111707942536418,0.402218750551162,0.0746785531353781,0.0145766154994181,0.284348810561259,0.21300647599914
2507,0.0104894439688094,0.0261288227583719,0.083450027871646,0.02596355865615,0.220654293725945,0.633313853019078
2508,0.00492011658136707,0.0260406112536538,0.0217356699596603,0.0207123819901661,0.545049041831912,0.381542178383241
2509,0.0289054963361996,0.0431911747607674,0.152290005278039,0.0359543302544235,0.142074108894382,0.597584884476188
2510,0.00854596474625439,0.0530917402364538,0.0407175956762029,0.0255396565355864,0.441401019907543,0.43070402289796
2511,0.528712502574109,0.106394341383076,0.0959236638208566,0.190370396323036,0.0488980715907607,0.0297010243081617
2512,0.0478879545644206,0.188334347694545,0.0452862931029979,0.155150993047404,0.468133689929848,0.0952067216607841
2513,0.00849856487304212,0.0322553869599402,0.0748961631125027,0.0304894295384364,0.310372716885888,0.543487738630191
2514,0.0708142567565254,0.506493486775954,0.0695293774236748,0.0409823603399607,0.241683821488823,0.0704966972150621
2515,0.0143593734794094,0.0644264899658874,0.133144080904797,0.0392518690712008,0.218326305059375,0.53049188151933
2516,0.0962678843212641,0.10249495458857,0.0589645629024979,0.169238633879981,0.375845551398727,0.197188412908959
2517,0.0226893575426617,0.370889585922607,0.1244100769355,0.014218360616164,0.222684826605981,0.245107792377086
2518,0.458259102263304,0.236705886511358,0.109723105889116,0.0557826787255121,0.0756273575322376,0.0639018690784725
2519,0.0386908302691643,0.870294314185306,0.0135823502787755,0.00542523677733338,0.0543824235291541,0.0176248449602664
2520,0.0259133610582652,0.0726813154970443,0.0154903677007247,0.0874424128353179,0.630349384036901,0.168123158871747
2521,0.0131708563697211,0.0392592802570122,0.262252650994808,0.0262177368764313,0.0864990638477175,0.57260041165431
2522,0.223312981794559,0.231101530397435,0.223481776477695,0.0884043613403163,0.153008598667052,0.0806907513229431
2523,0.0569564099364731,0.447262401300856,0.0707214884548311,0.0114109068807935,0.285539973370242,0.128108820056804
2524,0.0396239719225062,0.129832304224526,0.240237014956868,0.0503962344187907,0.110553350785149,0.42935712369216
2525,0.0853627039503186,0.0753416845779897,0.086600272771646,0.335927204719143,0.321543433953003,0.0952247000278995
2526,0.092299499318343,0.210545687631662,0.0834861420557959,0.084561371647327,0.347464855731185,0.181642443615687
2527,0.609273173365355,0.141109489580903,0.0727389493320557,0.0470750598805839,0.0754669897319041,0.0543363381091981
2528,0.00493807226834049,0.0145817298410607,0.0299515494912534,0.0379083955094694,0.169565862383823,0.743054390506053
2529,0.069412132720726,0.100972232096161,0.289511892202315,0.0686402973453303,0.130504542419838,0.34095890321563
2530,0.00293992437174023,0.0114429815445652,0.11336619199855,0.0136041181551614,0.0887424189000058,0.769904365029977
2531,0.0450910694247307,0.163865861897692,0.132806919162684,0.0640313903655271,0.354181376689249,0.240023382460117
2532,0.0320469519297968,0.176610805298471,0.146182054595522,0.0625706577847499,0.256036762147793,0.326552768243667
2533,0.0013859868454124,0.00527916041918354,0.0330795319309199,0.00437351948871647,0.0221979674294013,0.933683833886366
2534,0.279346973874758,0.101909401308136,0.0714040200481491,0.380606712601122,0.0943772826854818,0.0723556094823529
2535,0.0489172199825092,0.110122179897483,0.115809774202475,0.0459466859345363,0.167576400306547,0.51162773967645
2536,0.105593288505227,0.24192833327111,0.10109668295697,0.0712223865291282,0.205506393312782,0.274652915424783
2537,0.0359815367931465,0.750634694643138,0.0875992016527576,0.00678289088160792,0.0782118241145143,0.040789851914836
2538,0.314755633418408,0.121164440164868,0.0551799176192081,0.110536442228414,0.282373070105001,0.115990496464101
2539,0.132930540996836,0.301260337104955,0.201819248028683,0.0462284976427162,0.18770903527689,0.130052340949921
2540,0.409618879046037,0.146597792467655,0.038838523516229,0.144084286391734,0.212638321192924,0.0482221973854218
2541,0.119607550291617,0.0566130184812629,0.0167231845111967,0.448008099856744,0.309639194979613,0.0494089518795668
2542,0.114846699175397,0.399738433937373,0.0541636909990078,0.0253831252648376,0.364618755840059,0.0412492947833258
2543,0.00959175050871285,0.0199300265282329,0.0808403675596865,0.00752334332731221,0.274966622827939,0.607147889248116
2544,0.100929105928257,0.112932057902277,0.0981682066508915,0.26799376160357,0.13930923931789,0.280667628597115
2545,0.0272406639890162,0.282817561992382,0.0478050698693041,0.0132418076785861,0.422738225500723,0.206156670969989
2546,0.0374856389690802,0.0423593241203173,0.0173836121487893,0.304228617248919,0.5268418021324,0.0717010053804941
2547,0.0840109145268498,0.170894611701222,0.265064292480054,0.0417153845117238,0.198727688266164,0.239587108513987
2548,0.0744256819523205,0.0704643079932187,0.0723073961197813,0.300883386661602,0.40584908406931,0.0760701432037675
2549,0.00944760166485044,0.0451047830813824,0.0363167242505514,0.0471025716406454,0.363081543397661,0.498946775964909
2550,0.0140062937421296,0.0239783132481157,0.0173486911511803,0.223700850116403,0.553131138930397,0.167834712811775
2551,0.164248887820101,0.251989744864871,0.0505443443452724,0.173410629300239,0.206268813467475,0.15353758020204
2552,0.109298883890733,0.385589832383,0.159296038339978,0.040756592832361,0.14652032155954,0.158538330994387
2553,0.544168135572349,0.165029666236108,0.0433514842458151,0.112128020152882,0.117386451941629,0.0179362418512166
2554,0.073284902956525,0.167817805517673,0.0773825704838792,0.136870585248289,0.448009156921159,0.096634978872475
2555,0.0101738376401635,0.065281589831491,0.0429242412498953,0.0265463156022763,0.691474466222074,0.1635995494541
2556,0.0571898988854343,0.249284467942139,0.32548544397257,0.0414441281109674,0.182178891594904,0.144417169493986
2557,0.323754434612385,0.239489650936787,0.337266198352571,0.0334675538368095,0.0466053006822187,0.0194168615792284
2558,0.0269444303671979,0.0630787208290655,0.72338336544413,0.0328539495289151,0.074939421034885,0.0788001127958061
2559,0.0744326091217527,0.468089268204429,0.142127316395753,0.0269884200020529,0.102040905452925,0.186321480823087
2560,0.00853919140416457,0.0827499981718836,0.082150649198003,0.0186761935601885,0.18581173516842,0.62207223249734
2561,0.0121281195376136,0.06487550428868,0.155613232394274,0.0103733792067265,0.116171874014063,0.640837890558642
2562,0.317417301096556,0.354457400516999,0.0338699646547112,0.0363339529589208,0.234683090322163,0.0232382904506504
2563,0.28091893659366,0.186660743353485,0.275049230801526,0.0920886366969429,0.0857812950161246,0.0795011575382614
2564,0.194318294963217,0.0679172838897134,0.0658675959236995,0.431181466038483,0.137527187154238,0.10318817203065
2565,0.0208580389739788,0.0904116748964235,0.0815179345389517,0.0454277186653699,0.231847935915026,0.52993669701025
2566,0.0104196635630281,0.0335432405396783,0.115968935268963,0.0706605385561484,0.240118061044262,0.529289561027921
2567,0.037028194767028,0.135124626614332,0.133053516279519,0.0401844350325465,0.160497625579182,0.494111601727392
2568,0.0132527903027868,0.0608192577191847,0.0704806693772434,0.0221156117767253,0.276203554259093,0.557128116564967
2569,0.0243609062566884,0.0708776726056863,0.171190755818403,0.0175057989135671,0.160949546632101,0.555115319773554
2570,0.0189870690684203,0.688380810877677,0.0569526414873028,0.00797188667499053,0.126678719082742,0.101028872808867
2571,0.126045859431111,0.102817888603957,0.0287568742538093,0.273678753021967,0.322437882720564,0.146262741968591
2572,0.0667327967356126,0.0547593055861534,0.47520411338158,0.0831101187025161,0.0882561257246908,0.231937539869447
2573,0.060570682156518,0.321122440925544,0.0615930722054036,0.0306902081459708,0.316261279693361,0.209762316873202
2574,0.0449818620663903,0.0631603135952977,0.0259805370401914,0.430154547983588,0.364277376394161,0.0714453629203712
2575,0.024882810888536,0.0336550270149958,0.018312299816517,0.156859665967119,0.663037028053482,0.103253168259351
2576,0.330031580653993,0.326266138145399,0.106225249580584,0.0774321319115957,0.0852525729739861,0.074792326734442
2577,0.0415361428718921,0.238418615962381,0.326399051006996,0.0246063493058849,0.175793702392301,0.193246138460545
2578,0.00108727080159777,0.00523212886806721,0.0229553710875426,0.00616157885194039,0.0742019534521065,0.890361696938746
2579,0.294178487552255,0.168185406353524,0.314769445910955,0.0457823952498951,0.0828783900402939,0.0942058748930773
2580,0.0567545386671974,0.280966179598443,0.192232166394909,0.0199329951663942,0.208276925412337,0.241837194760719
2581,0.00483875809250827,0.0333874502103404,0.074363366119734,0.09166505837207,0.553086584954452,0.242658782250895
2582,0.111394383231253,0.496765530844289,0.0754559772163383,0.0406709134407815,0.223802372075789,0.0519108231915488
2583,0.0597921550774547,0.541706916511231,0.172430027486828,0.0203392402931751,0.117906615628619,0.0878250450026932
2584,0.267468029850929,0.54881542326713,0.0439643212893313,0.0233197839639903,0.093707699561275,0.0227247420673441
2585,0.011236692961214,0.051450130312537,0.0449737594710764,0.0534288583152539,0.52712085576851,0.311789703171409
2586,0.0516495264248384,0.277325522703647,0.133154525818894,0.037398323692758,0.214698022634644,0.285774078725218
2587,0.197670223515406,0.0702874213041477,0.0441036983231919,0.298194753008612,0.274357826163019,0.115386077685624
2588,0.050893131743291,0.03681573670227,0.017432305982392,0.206402993529136,0.557945717177496,0.130510114865415
2589,0.0517749137158867,0.101314059815221,0.0362229064857778,0.118465144340611,0.574134428869248,0.118088546773257
2590,0.010937646218922,0.0588997449687475,0.132271797657742,0.0593389337848648,0.161223830765204,0.577328046604519
2591,0.082366122721513,0.0944370568038968,0.266388679854387,0.0363599670341197,0.0797614520683757,0.440686721517708
2592,0.0189646494804364,0.0409472078181815,0.0175849171705494,0.175401897073855,0.544607403018274,0.202493925438703
2593,0.241425113093907,0.193942726752624,0.061541886182081,0.243113047538856,0.205045480308488,0.054931746124044
2594,0.0227396861655119,0.0674755042412397,0.0533893109780507,0.0342761786878391,0.450006258071657,0.372113061855701
2595,0.0937941355084651,0.0844699214911877,0.257934805457428,0.2193922865381,0.126895814991076,0.217513036013743
2596,0.785041712457957,0.0653420101119034,0.0112148555472661,0.103196888748122,0.0308983286001729,0.00430620453457816
2597,0.00722825777529927,0.0400492457054237,0.210975814293101,0.0190183877663702,0.124854255132018,0.597874039327788
2598,0.0111233175071283,0.10030006337497,0.156705333434015,0.0138762683498129,0.167531378248068,0.550463639086006
2599,0.188819049832257,0.241597712082965,0.0983724282755094,0.222676501038047,0.16728470702222,0.0812496017490021
2600,0.0123915683444482,0.0403554062645905,0.0748708705627664,0.0301115925309302,0.772322986345412,0.0699475759518525
2601,0.0301213730346733,0.0665370622034445,0.184119686541277,0.0227767154718477,0.11293751124103,0.583507651507728
2602,0.0219053743022571,0.102698395064423,0.12191994915925,0.0401928033710453,0.237172322617571,0.476111155485454
2603,0.0300208070622446,0.524285120887111,0.0320902672134989,0.0176510353986044,0.343705214695628,0.0522475547429129
2604,0.0315490914321705,0.157883374464625,0.298888751323777,0.132079006726544,0.0901151696917618,0.289484606361122
2605,0.00145121299022321,0.0545642394254102,0.290101060362849,0.0163111201735637,0.183292251821148,0.454280115226806
2606,0.0401406784346395,0.101933341689331,0.100953158439445,0.0391872036608122,0.248902064212453,0.468883553563319
2607,0.00659842084123631,0.0254813709879329,0.0602919891968561,0.02302962643529,0.126126169913114,0.758472422625571
2608,0.215459010005562,0.190105277494696,0.0708341087543719,0.137736634729524,0.240763935685359,0.145101033330487
2609,0.0237214753832294,0.0542226265845069,0.0594149942066099,0.0898749282909699,0.388903405418805,0.383862570115879
2610,0.125377988057561,0.232990940735708,0.0595913266322921,0.135494719852396,0.288071993347039,0.158473031375004
2611,0.0270455555011234,0.0853350579041722,0.223682870473108,0.0347487708191491,0.0837004783358355,0.545487266966612
2612,0.0587459800415812,0.308713634562982,0.106062344902424,0.0271554082272579,0.169735452899723,0.329587179366033
2613,0.446911316818635,0.359099435047406,0.0560426173740812,0.0599865838485262,0.0635557309077762,0.014404316003576
2614,0.156161425558804,0.0959835136811706,0.0703991580049661,0.166645402000842,0.290130919115237,0.22067958163898
2615,0.468680496513275,0.261264905424936,0.139461443556087,0.0381828181987089,0.0574705888559546,0.0349397474510381
2616,0.0103080588298643,0.058518535972208,0.11029153195898,0.0434174133702213,0.42916608306869,0.348298376800036
2617,0.18053936598269,0.315119145210311,0.261359498524802,0.0383188699335177,0.130442592758288,0.0742205275903911
2618,0.0846207324659746,0.0793365195876429,0.0843812433575352,0.0617036282416083,0.460482647509972,0.229475228837267
2619,0.0298992951897454,0.0397788208373225,0.0164193023432506,0.0622763092970198,0.720479024198575,0.131147248134087
2620,0.01295424059214,0.0985728558680261,0.214812526048737,0.0200113565953493,0.321309409088819,0.332339611806929
2621,0.0221610264329096,0.0765858607920042,0.0255404112736381,0.0894347965024722,0.695662716139606,0.0906151888593702
2622,0.00227842636824158,0.00941272279118077,0.0255644976456233,0.0104176797743585,0.121772328036796,0.8305543453838
2623,0.177666728629886,0.222864851512295,0.0417913512846471,0.078875878765858,0.403378249145418,0.0754229406618963
2624,0.0233626475749121,0.0322917605277234,0.0933738221148494,0.0485042287095047,0.123796219079181,0.678671321993829
2625,0.0503759664348719,0.124968708693185,0.66578357043294,0.0241844944977066,0.0584102655926352,0.0762769943486612
2626,0.00740632003391158,0.0267825739570354,0.0633079547628518,0.0239985301997845,0.247987659653734,0.630516961392683
2627,0.052762365695248,0.132327071539649,0.383558270263073,0.0244905252585999,0.150972012895863,0.255889754347567
2628,0.10409594207897,0.108632727348961,0.0501003781588709,0.362987960789714,0.289083635518242,0.0850993561052432
2629,0.0266498119905272,0.255644984857313,0.0516025270438321,0.0352037434323333,0.395015340262687,0.235883592413307
2630,0.0947581740310801,0.0963882239086951,0.098957874690696,0.0864117496348692,0.265920974662589,0.357563003072071
2631,0.0150707880018727,0.203772046801851,0.208334779580459,0.0215699465706518,0.336484606397145,0.21476783264802
2632,0.00498670120783536,0.0198164364261755,0.0528449830314327,0.0178513796538759,0.182080538876546,0.722419960804134
2633,0.121993746214268,0.351906439684862,0.0674069788143716,0.0868619029785192,0.276959389709081,0.0948715425988986
2634,0.0356792462354864,0.0907578624510468,0.27302594215315,0.0779569026538932,0.165678420410756,0.356901626095668
2635,0.0283627158877504,0.0708805011897022,0.0425105791731956,0.0370759534418633,0.644392659080003,0.176777591227486
2636,0.0302079461334317,0.0860545521613431,0.149778059654561,0.04361812976776,0.335246124973191,0.355095187309713
2637,0.0158038930875455,0.0728313415783672,0.0233017166620005,0.0260965356901355,0.661249043487846,0.200717469494105
2638,0.0826440559185465,0.0511449623254477,0.0961279179150761,0.23281419706733,0.170570789933639,0.36669807683996
2639,0.095888317504344,0.0675134397971739,0.0596381900198336,0.345760448221606,0.330597302469608,0.100602301987435
2640,0.0128249511713113,0.0322380158433777,0.0718345664623506,0.0273156458773907,0.128611647096588,0.727175173548982
2641,0.284510780583595,0.218224666432149,0.140593761550072,0.105978145734497,0.134881040698462,0.115811605001224
2642,0.0137886010908868,0.0666479260488464,0.0927183049872682,0.0248496810012382,0.281847753907043,0.520147732964717
2643,0.444223227339676,0.290370885927883,0.0317305311011392,0.135051528254302,0.0780195019975468,0.0206043253794527
2644,0.00743206346977656,0.11577161073449,0.0429687417957484,0.0185385453876731,0.268892147894662,0.54639689071765
2645,0.0210461731864158,0.0734511207242624,0.038745288968167,0.0442708696996718,0.314416896572042,0.508069650849441
2646,0.00374624293813145,0.0207441078137146,0.0797170078829221,0.0242880942853534,0.0644897474748946,0.807014799604984
2647,0.0868921747499289,0.102169257375555,0.127715506820559,0.116261799680199,0.27727564687417,0.289685614499589
2648,0.162152076320474,0.250529602394066,0.444941517236639,0.014091961585044,0.0410965989109457,0.0871882435528316
2649,0.0367201719457069,0.0642758213228668,0.0781647736831438,0.0468584653038188,0.274797796566609,0.499182971177854
2650,0.0487980386018049,0.03216355212742,0.190859866200404,0.0435475075648761,0.0974168046208321,0.587214230884663
2651,0.0205629013428095,0.0837626962847137,0.047704328294265,0.0467340592044819,0.572894444431468,0.228341570442262
2652,0.0144687753326924,0.20209546110702,0.0503568223708507,0.0300160345777987,0.420802103610492,0.282260803001146
2653,0.270374385648017,0.223567461295059,0.137742181205901,0.0602026666362718,0.174183119167406,0.133930186047345
2654,0.00591158450931306,0.0515768710599929,0.0690233364914003,0.0533980248042543,0.234596274739023,0.585493908396017
2655,0.438410301290295,0.19628036954261,0.0576667494587098,0.139988980568487,0.136399528728031,0.0312540704118682
2656,0.0146969360479797,0.0655777896558691,0.0497079908179257,0.0327420990553,0.495275568949317,0.341999615473608
2657,0.0111481448289303,0.0415208076270389,0.202867169473908,0.0190944826903099,0.115702899265006,0.609666496114808
2658,0.176878718023897,0.182690452880148,0.210517514540562,0.190453594798739,0.126997731518262,0.112461988238393
2659,0.146212778006763,0.0732497348123218,0.0753331942424771,0.567009474158284,0.0670587632298519,0.0711360555503023
2660,0.00674920333459757,0.0331783461509448,0.0482638564876042,0.0223066561036338,0.294050160934207,0.595451776989013
2661,0.0032995711773362,0.0192294439633702,0.0770916231928172,0.0117192382628813,0.0804518971003992,0.808208226303196
2662,0.00458221119804669,0.0451106738876848,0.106635289365586,0.0100161046458897,0.106887196458671,0.726768524444122
2663,0.00737376528003249,0.0389001905182135,0.0503764262090817,0.0323820118315375,0.34924495771871,0.521722648442425
2664,0.0291749946080091,0.0916746692251858,0.0268692447894095,0.0776573306206424,0.603137453425731,0.171486307331022
2665,0.242235143867546,0.278148773416219,0.111117137307715,0.0678740066197286,0.19044581659963,0.110179122189162
2666,0.00373953603105597,0.0107681159794261,0.0944937607880297,0.010275724351841,0.0225024617194234,0.858220401130224
2667,0.0530670584903967,0.151823139565453,0.460459003001905,0.0553342593824724,0.187620827607338,0.0916957119524349
2668,0.0129970895963167,0.0600720290980924,0.465496392116443,0.0188187637254138,0.109171091069698,0.333444634394036
2669,0.0770708424514428,0.199171857867551,0.132568293941198,0.0357862834130972,0.206847225672796,0.348555496653915
2670,0.0112010412464449,0.0596526373143041,0.161854689879731,0.0224556250474005,0.202352666704144,0.542483339807975
2671,0.0311063646329139,0.0836421402300097,0.0416775108065324,0.0831761809327658,0.378721643506911,0.381676159890867
2672,0.00464688956022201,0.0601879190392562,0.111964279992028,0.0136720694104815,0.211676796739721,0.597852045258291
2673,0.340870725466272,0.272335046972879,0.0622349603345951,0.1159614792078,0.162254381670163,0.0463434063482918
2674,0.0193931628063456,0.0410805322138791,0.0608685676817389,0.21987416825919,0.431448167779016,0.22733540125983
2675,0.553870865498073,0.157178124045086,0.0203815478267812,0.194118635541791,0.0625435293442371,0.0119072977440327
2676,0.0195401634718052,0.0419613227678158,0.0585820879976853,0.112356913135493,0.476433231495212,0.291126281131988
2677,0.0767211277478691,0.209525196411602,0.341248689517899,0.0285489430784461,0.272713262557265,0.0712427806869193
2678,0.0466264680033209,0.167768937698564,0.165614242907114,0.0493198777780425,0.348084688520199,0.22258578509276
2679,0.00515041270048361,0.0243957675935971,0.041820480047147,0.0267395390593635,0.358763152996826,0.543130647602583
2680,0.0686644586988801,0.0852652943966939,0.348004677905855,0.164166959480278,0.117482563789855,0.216416045728438
2681,0.0226136417079833,0.138644068202223,0.091113190842443,0.049144326579093,0.387020528481759,0.311464244186499
2682,0.0148697869980849,0.0375632490818077,0.115605433727141,0.112696646048249,0.226336703599229,0.492928180545487
2683,0.467525576321556,0.210152873346798,0.0307356119188498,0.1635653288218,0.113418404018647,0.0146022055723493
2684,0.00996137421095125,0.0408090274458195,0.0343730133677312,0.0600241588390968,0.511979691396169,0.342852734740233
2685,0.169458414505527,0.0946598234481893,0.13684281296372,0.0269122334037079,0.0797484701945613,0.492378245484295
2686,0.0208228039208202,0.160173808003009,0.136952919442861,0.0461113646644006,0.217158539097157,0.418780564871753
2687,0.228423945204783,0.216665439699224,0.138967129294263,0.173738807266754,0.196146616063152,0.046058062471824
2688,0.0337881341375126,0.14913264349746,0.0714104254201191,0.23728272519688,0.397392684706123,0.110993387041906
2689,0.179239975500774,0.600733213859004,0.0340369122803175,0.0377805383472438,0.1215628225811,0.0266465374315607
2690,0.015608064135875,0.0259107703058139,0.0311527015467152,0.253053242459655,0.443423040697994,0.230852180853947
2691,0.0438185904388238,0.245980536702975,0.0948680013418069,0.0435007024989172,0.352366060355939,0.219466108661538
2692,0.0464082976392156,0.104988214403362,0.242344564683359,0.0512466886694045,0.218101124397653,0.336911110207005
2693,0.0474741210080957,0.0671082240775076,0.170072696768608,0.0537409778244417,0.16956284925489,0.492041131066457
2694,0.00953714564103087,0.0241765941998162,0.0569434032060931,0.0430177872075361,0.222359696959999,0.643965372785525
2695,0.5756480287593,0.165936905635624,0.061022197824312,0.10819951767578,0.0667534115136916,0.0224399385912919
2696,0.0226841482946569,0.0904141669213451,0.345142628283253,0.0248141765585286,0.129467630926639,0.387477249015578
2697,0.0410978981658365,0.151939883694608,0.274041001482136,0.0332636652497223,0.196549952437868,0.303107598969829
2698,0.0111814061990473,0.0400179785346246,0.224462009353175,0.0428728180930737,0.258727816047755,0.422737971772324
2699,0.0103634636682017,0.119287804259878,0.424163638470563,0.00652870307727237,0.054770819599248,0.384885570924837
2700,0.00245750206897073,0.032338344315452,0.0268023665888744,0.00561251318645811,0.33629616828249,0.596493105557754
2701,0.0150826325883177,0.0610429475500975,0.141088297083378,0.0698638470675504,0.262670395516883,0.450251880193773
2702,0.403577610467963,0.182155824758526,0.188502390210607,0.0691901152634848,0.0908297548518529,0.0657443044475668
2703,0.109623519812419,0.0838783148935435,0.124944469438639,0.107955949015655,0.265349110594818,0.308248636244925
2704,0.0301819985878579,0.19546671293229,0.560423899874708,0.0365651294544835,0.0819874824656119,0.0953747766850489
2705,0.0145862599490795,0.151168152373555,0.394692513023679,0.018406723899765,0.132491490549275,0.288654860204646
2706,0.0101280706266933,0.0860619693736707,0.19295920273341,0.14691551197906,0.167590768999238,0.396344476287928
2707,0.0129453988182957,0.0447001960481663,0.0211685888199606,0.0806166655436413,0.670809486468128,0.169759664301808
2708,0.452653502769327,0.328400460277458,0.0537807763251711,0.052994046919989,0.087251343940933,0.0249198697671218
2709,0.0626136502983994,0.165924830378879,0.25109446257074,0.041804883978755,0.127188102000685,0.351374070772542
2710,0.0543621120444032,0.0502590824021952,0.220452164523699,0.0489810748406667,0.0915377093881763,0.534407856800859
2711,0.0509256458197152,0.088644490692871,0.167597819611622,0.0505893204263954,0.281020636329276,0.36122208712012
2712,0.154341109248393,0.0825192681986332,0.0772422975570882,0.228170274337799,0.306166125566493,0.151560925091593
2713,0.175144898986589,0.214408347231263,0.237761080593444,0.0567785338905749,0.103531324638399,0.21237581465973
2714,0.00340186898020828,0.0563007956309444,0.130908015264634,0.0138680475411411,0.113964452483645,0.681556820099428
2715,0.0204536691886834,0.101618482747367,0.34862088486301,0.0369134117466437,0.28352997128248,0.208863580171816
2716,0.0241865248742744,0.0676339247506451,0.0666641298742324,0.0636076032577272,0.454586756844871,0.32332106039825
2717,0.0105004102491879,0.0522447793528422,0.0452249635984237,0.0335521336826021,0.321382308467785,0.537095404649159
2718,0.0250597296764321,0.0669822664222125,0.238643100129584,0.075090885182254,0.171902581109526,0.422321437479991
2719,0.0321068809488014,0.116942739875946,0.211360720783381,0.053234633877257,0.349731533882874,0.236623490631741
2720,0.0706967334243577,0.0800485699812048,0.240767669337954,0.0876415879016851,0.257313668214607,0.263531771140192
2721,0.0114411466086612,0.0411201449805925,0.0826616630495265,0.0312596382546691,0.324660990004506,0.508856417102044
2722,0.262798972139898,0.486552062833887,0.135539624783109,0.0154006657768714,0.0770713249522729,0.022637349513962
2723,0.0495200835754296,0.14890373281765,0.100340351540349,0.0446268876421679,0.204025613201861,0.452583331222542
2724,0.656737349364337,0.0944381700690975,0.047320393179689,0.131174229246541,0.0495405959508729,0.0207892621894624
2725,0.249885316918225,0.268560722907706,0.0720474704965922,0.254613512816636,0.102224987353305,0.0526679895075366
2726,0.0371293091350167,0.0734497763292992,0.0327285384791935,0.111830630036277,0.693925586846108,0.0509361591741054
2727,0.00788692733401322,0.0535823110255921,0.0666780868140565,0.0471661426967283,0.380413560339196,0.444272971790414
2728,0.0180812532751869,0.0388764785951789,0.1187697999106,0.054450551348498,0.120241344796816,0.649580572073721
2729,0.184264888513355,0.210032615346841,0.0630118784096949,0.116412533764882,0.316137392386605,0.110140691578622
2730,0.0104356990875965,0.0296801949399079,0.0854455189626608,0.0492018044059547,0.366052506677301,0.459184275926579
2731,0.192252799169918,0.171098238693899,0.0557325473988774,0.153050027125398,0.315320581246835,0.112545806365072
2732,0.0196033119016832,0.066674588145391,0.301301102814019,0.0220988417426342,0.0956180969408069,0.494704058455466
2733,0.0596698073220351,0.133253051707018,0.0914420373228222,0.214009228084985,0.419281842175374,0.082344033387765
2734,0.019048209664186,0.778264983926854,0.0285276079713541,0.00683889143298395,0.109991014222722,0.0573292927818999
2735,0.0205749358788993,0.387241427990103,0.166327314879071,0.0217004343886486,0.168641874838268,0.235514012025009
2736,0.0329023354251426,0.117040276984363,0.0802537805465634,0.261644787931404,0.366571853147033,0.141586965965494
2737,0.197403925204455,0.0944751792923271,0.30154409584042,0.0654458058497637,0.185014409301339,0.156116584511696
2738,0.0223667783345178,0.0997265601525741,0.126909440295863,0.0425079538959731,0.140499006096029,0.567990261225043
2739,0.118683166235119,0.230418170414331,0.253698989510983,0.0487979197687845,0.250079760343436,0.0983219937273465
2740,0.223930239019737,0.325950192958849,0.0698241989833017,0.0935472061908939,0.110462072955053,0.176286089892165
2741,0.0463094836209089,0.254257254179804,0.127531718211748,0.0381429610004146,0.395241707922217,0.138516875064907
2742,0.0479981774868477,0.0686124292816963,0.0407338203336673,0.154698077912908,0.537926658320086,0.150030836664795
2743,0.184556116428417,0.263451731300315,0.121326046890089,0.0961795535651844,0.207171238098875,0.12731531371712
2744,0.0368445324273182,0.0799670101284689,0.0337277268745061,0.120922500907543,0.659700862658051,0.0688373670041135
2745,0.00309380973665414,0.0470974201299284,0.351631527284962,0.0510690774288873,0.296934329635735,0.250173835783833
2746,0.0187110605130694,0.0935940178926321,0.122248106943532,0.0260778316699262,0.275443430755939,0.463925552224901
2747,0.0146680000649395,0.0391785899478447,0.0140297621445369,0.040211498959802,0.686366927336398,0.205545221546478
2748,0.00684001550564679,0.041339532697183,0.0495071566280512,0.0308962302543595,0.698715744597268,0.172701320317491
2749,0.244578829646461,0.147408559775316,0.0712706965833468,0.288561082769805,0.184307035978051,0.0638737952470201
2750,0.00912826364163167,0.0601016951113597,0.394700778588115,0.0282884611204146,0.127356547030689,0.38042425450779
2751,0.258360427188404,0.15531573612501,0.0532934697404422,0.0726138533279383,0.421683115508885,0.0387333981093208
2752,0.0429134344462569,0.167124585437606,0.172966505880611,0.0815904845611883,0.160636911187,0.374768078487338
2753,0.0629041220344045,0.0824254760475643,0.0212448388075707,0.27304595647289,0.510571584454134,0.0498080221834364
2754,0.0101827582954777,0.224349288947666,0.0512527599084106,0.0106040169438127,0.533023982118075,0.170587193786558
2755,0.0019348099473667,0.00803457106515765,0.0444210342222217,0.00815154753957163,0.165677780649082,0.771780256576601
2756,0.00377046286264073,0.0108786717255835,0.0474996738614748,0.0104259519563483,0.0362496483759813,0.891175591217971
2757,0.00789057266642194,0.127730785330039,0.0227786473605863,0.0342952681360292,0.494572294716306,0.312732431790617
2758,0.0858885372233554,0.301583686593697,0.180294644028176,0.0190805779992005,0.277551424891638,0.135601129263934
2759,0.0219651599864155,0.196187337737159,0.0729891645194239,0.0183610293933514,0.3185963199967,0.37190098836695
2760,0.388718229308103,0.0794271070739719,0.0378630483411024,0.431875521791212,0.0514540482722268,0.0106620452133831
2761,0.148931871467987,0.140432707042371,0.0581323895255759,0.301735364024468,0.228740973541976,0.122026694397622
2762,0.00496837619157805,0.0815566046613527,0.0852366658271944,0.0114356808659831,0.440469276833699,0.376333395620193
2763,0.0519443132369567,0.16500368044852,0.358716058647528,0.0506798144380176,0.199923506007454,0.173732627221525
2764,0.0161033251937646,0.0268181778941046,0.164066752932146,0.0196544319053644,0.10710093191575,0.66625638015887
2765,0.0119989638219028,0.1699993355364,0.240745640267861,0.0164760961305905,0.171823385290105,0.388956578953141
2766,0.0332706784989964,0.140564281785743,0.0882904859691127,0.0361170060737642,0.407998550064376,0.293758997608007
2767,0.0150214322390094,0.0287937542807638,0.052892300499041,0.423579269201898,0.193327534161193,0.286385709618094
2768,0.0462169636304013,0.286957011991749,0.450266639938074,0.0128150804432158,0.0607433325452018,0.143000971451359
2769,0.0465691226509296,0.286600463073031,0.110631332881035,0.0748265347768569,0.353302820763656,0.128069725854491
2770,0.00252285812186535,0.0365824503114382,0.150493928926779,0.0211939900154878,0.170404949729775,0.618801822894654
2771,0.0284003136980048,0.132831943771179,0.519795002179595,0.0280438324175366,0.104333300162207,0.186595607771478
2772,0.0397785113822069,0.0555922511809548,0.0631027793663604,0.155610049032336,0.541913013046811,0.144003395991331
2773,0.0744466218091302,0.301837646824977,0.0963013350334596,0.0324060111774768,0.371049517279402,0.123958867875555
2774,0.0737514529231333,0.338965602700535,0.0934384739181632,0.0471358347773877,0.315887814210101,0.130820821470679
2775,0.0014824092425251,0.0112467782050862,0.0576190670924915,0.00572720618312157,0.0797639931408625,0.844160546135913
2776,0.00860659699543021,0.0328657736190021,0.0616009064442563,0.0545044389326517,0.304897234469431,0.537525049539229
2777,0.00153284389933674,0.0129916459610391,0.0584377617908514,0.00980605702307516,0.0610088640600716,0.856222827265626
2778,0.0662330060716584,0.133603085662123,0.121566002360948,0.0690564283928196,0.149468359760596,0.460073117751855
2779,0.0267382700588614,0.0351044107124384,0.306129081901706,0.142643767630565,0.143073207547526,0.346311262148903
2780,0.0403910888108912,0.226068694812909,0.257509444134068,0.037677377674682,0.112665338534006,0.325688056033444
2781,0.0119396558143254,0.0301087709219914,0.047418395636461,0.0924956078317219,0.532746653298166,0.285290916497335
2782,0.00619292603960117,0.0304856512565671,0.18224181645935,0.0164297192912077,0.0933876361777963,0.671262250775478
2783,0.151266365216959,0.441769849078582,0.148259439863657,0.0645262920162945,0.130337202433656,0.0638408513908511
2784,0.0712025253262232,0.241967001105646,0.0422965232069595,0.12564032104319,0.465499145259174,0.0533944840588065
2785,0.00174978226419903,0.0105527734774047,0.0346811833801428,0.026027372665868,0.257506754450833,0.669482133761553
2786,0.0131683696009892,0.0733372438405524,0.0507259771351408,0.0525412147327641,0.457084635944992,0.353142558745561
2787,0.00438261507314051,0.0325019854301409,0.081344825057497,0.0152620284231474,0.191402197430187,0.675106348585887
2788,0.018522513220658,0.068511406604793,0.133671903841721,0.0335625932780903,0.147823016599944,0.597908566454794
2789,0.0597985244887459,0.062410723333849,0.2875915138539,0.0741748570540393,0.228620092078393,0.287404289191073
2790,0.076377241992419,0.118186896509632,0.0456062561457467,0.10821261538662,0.423551372395099,0.228065617570483
2791,0.243953506099082,0.0741253020775927,0.0255626224278127,0.492271958974764,0.117838485269258,0.0462481251514902
2792,0.548002542075317,0.262585098345259,0.0260198943601379,0.0497875731927684,0.0916925351136125,0.0219123569129058
2793,0.00696814606737578,0.0692011694799806,0.0392047101462628,0.019837583460845,0.508359200506169,0.356429190339367
2794,0.485031566948161,0.275766537324062,0.0471185385944575,0.0568349092412815,0.109035571686121,0.0262128762059168
2795,0.360328496451569,0.083046869954399,0.0281797928573516,0.432728983499529,0.0803901684667623,0.0153256887703884
2796,0.00329509493259413,0.022034621700041,0.101698038310567,0.018914547742024,0.127243363161321,0.726814334153453
2797,0.0407307534666991,0.064034818527865,0.0756023988005402,0.117528841215331,0.224460578632373,0.477642609357192
2798,0.0100106248928026,0.135215838520671,0.217751128832754,0.00952835969946619,0.345462589790663,0.282031458263643
2799,0.127617312461669,0.176535418581481,0.327322074210235,0.0316338161531161,0.16102989364328,0.175861484950219
2800,0.00764697691923216,0.020207160613462,0.0375843926235805,0.0360904562158985,0.194750329668784,0.703720683959042
2801,0.00949173534766721,0.0346838815894711,0.0298511477158003,0.0228214949154171,0.443113613775783,0.460038126655861
2802,0.0232674981885898,0.0772069699396645,0.0619671259058211,0.0895071074754528,0.306937379311218,0.441113919179254
2803,0.0672553443219525,0.531612369021212,0.0716924967136797,0.0175367325574437,0.210236959447083,0.101666097938629
2804,0.0189535030192121,0.0768978695882605,0.125336111315894,0.0517225000675697,0.405723897824064,0.321366118185
2805,0.231175760406876,0.160881022355342,0.319488154715242,0.0788878840425058,0.119573015930754,0.08999416254928
2806,0.126635353509971,0.0962474673187976,0.0663574910741199,0.248286001785567,0.227965128352002,0.234508557959542
2807,0.0883977602275977,0.159914415336257,0.183997415747324,0.0656137970264245,0.182488051357818,0.319588560304579
2808,0.00732927590151497,0.0418164839089658,0.0641202689757088,0.0284728970692493,0.26845487361096,0.589806200533601
2809,0.0410072780632261,0.0694310564396641,0.30693219360786,0.050605800799611,0.0802553895771728,0.451768281512466
2810,0.00960207281693242,0.0418911609838035,0.0609258966838521,0.110598830423673,0.454744253511337,0.322237785580403
2811,0.00770687612004204,0.146890578356943,0.22762972452126,0.0335092934040607,0.27701450255468,0.307249025043013
2812,0.293943888857519,0.315247766819604,0.147583352546809,0.0951380132597801,0.101905572029307,0.0461814064869813
2813,0.0625287341101097,0.13301311717724,0.14935478466469,0.127995160461107,0.266250737150411,0.260857466436443
2814,0.0149364824492468,0.222992098071378,0.209205426338766,0.0357765626302063,0.233118834304875,0.283970596205528
2815,0.0339777669874527,0.0966362219059841,0.154289416742312,0.0439764558768418,0.162717040260516,0.508403098226893
2816,0.230244018669418,0.172407921524813,0.34875585183422,0.0705892465037106,0.133295028372282,0.0447079330955558
2817,0.0705932924418634,0.286898164066929,0.112030723837892,0.054190225727603,0.308960161108818,0.167327432816894
2818,0.21887044882426,0.27606026299463,0.210421642898897,0.0476500188545744,0.142234750690637,0.104762875737
2819,0.477868568584752,0.31917138831439,0.0357381741760867,0.0603558309914633,0.087556569147536,0.0193094687857723
2820,0.357239139595168,0.213732479877124,0.332340179888071,0.0279491129829678,0.044930242008665,0.0238088456480044
2821,0.00338041975753494,0.0346161007057738,0.0161392938907316,0.00820425581346231,0.485551879330812,0.452108050501685
2822,0.156471524938402,0.155210776358981,0.188148199987392,0.0596297812243708,0.320979252733281,0.119560464757573
2823,0.0546420905328987,0.122435755918539,0.0986573472956101,0.0868021794524887,0.296143661832964,0.341318964967499
2824,0.0240997708977677,0.131426663366646,0.176448022446696,0.0315308271442983,0.288625607564452,0.34786910858014
2825,0.00334658972131289,0.0321632683993878,0.154676157057767,0.0104243881917868,0.0297653492113921,0.769624247418354
2826,0.0240019690474911,0.169379456044655,0.0481664464910031,0.0336904289949229,0.542964618949248,0.181797080472679
2827,0.144806143553157,0.355775359585554,0.1299595984992,0.032267624793433,0.202757789090529,0.134433484478127
2828,0.0148183446335611,0.127691173638714,0.10762264714447,0.0301922140284918,0.501240281139977,0.218435339414786
2829,0.0206964037807174,0.0340539883341854,0.0310555757903993,0.166240945651939,0.622893856280295,0.125059230162463
2830,0.00352243310392482,0.0235104943201322,0.109395230372593,0.0228795428306212,0.162167243733253,0.678525055639476
2831,0.336402244438556,0.414254077229561,0.0989574556671507,0.0470003149179289,0.0665384767828029,0.0368474309640006
2832,0.0218334420140252,0.241568236634376,0.256501454665085,0.0167904328006269,0.258882752955179,0.204423680930707
2833,0.151078534089083,0.116589795585382,0.101161967180651,0.150817984015496,0.253127063438564,0.227224655690824
2834,0.0119450058448872,0.0663011252093531,0.0949197822000458,0.0271382512713951,0.258713822312949,0.54098201316137
2835,0.270484077331645,0.239619311764334,0.0350976670836594,0.126775187901844,0.248921068495325,0.0791026874231918
2836,0.0130777416426321,0.037665718947879,0.040135220550479,0.0446319380937864,0.265217904956642,0.599271475808581
2837,0.0342626593523742,0.224441682658909,0.324858627500535,0.0482458574649207,0.196614936875072,0.171576236148189
2838,0.149537652391562,0.205390575570419,0.248892881236786,0.091625564714327,0.0903622186578887,0.214191107429017
2839,0.18258069815972,0.200770846370412,0.12457282222544,0.0956739400804906,0.235760805922965,0.160640887240973
2840,0.157580552629124,0.0844111382194104,0.147459791332252,0.22914690930737,0.168696374698486,0.212705233813357
2841,0.414178794682798,0.12798133768401,0.0813661583089837,0.129122674270957,0.174398513352488,0.0729525217007639
2842,0.00505668937237699,0.026656353603065,0.0214828278092536,0.0260924262147276,0.526259813587743,0.394451889412834
2843,0.158246527760621,0.123425760893254,0.114820575386078,0.0457939170544458,0.369531131641382,0.18818208726422
2844,0.0187329738752433,0.0541455398997508,0.695615122190737,0.0135800990766103,0.0443570084411321,0.173569256516527
2845,0.173458023372952,0.342110540344107,0.147166168372997,0.225653394961921,0.0926974783880657,0.0189143945599569
2846,0.0119351114471887,0.052042171811583,0.0447530313131155,0.0420309042250467,0.429520428159625,0.419718353043441
