"CUS_ID","F20-","F30","F30+","M20-","M30","M30+"
2501,0.0430244264595202,0.643194295026876,0.0939522370956316,0.015979270867245,0.118661101251447,0.0851886692992806
2502,0.0725865485305307,0.20750365398142,0.120042653588084,0.0798499500260027,0.343566245264175,0.176450948609787
2503,0.0297046863361219,0.374218748398658,0.0309655667458964,0.0429890070908273,0.420756046171305,0.101365945257192
2504,0.348475663134493,0.133506290423748,0.0788273051702439,0.236428186923046,0.0935884405900597,0.10917411375841
2505,0.0448745054553616,0.172714810995096,0.102411997621786,0.0586285320165675,0.15730371530904,0.46406643860215
2506,0.00700336917838985,0.460477915812604,0.0723065709219311,0.012092502628716,0.259168972493945,0.188950668964414
2507,0.00984663634837066,0.025725011822293,0.0937495417600598,0.0233334271385165,0.199642357949737,0.647703024981023
2508,0.00464025145117434,0.0269681761634202,0.0165205047765583,0.0175439967964092,0.602995430547339,0.331331640265099
2509,0.0283331331419136,0.0402367897279963,0.134500746862188,0.0351874720600392,0.11886925674444,0.642872601463424
2510,0.0055464020549349,0.034222902443386,0.0297430009972672,0.0194341844869794,0.466677936161959,0.444375573855473
2511,0.487107414040614,0.0974942550281679,0.0832753274715952,0.251377058344483,0.0514548206054341,0.0292911245097063
2512,0.0454271673368989,0.198316275638846,0.0340994252700844,0.145487515225441,0.485108067033816,0.0915615494949138
2513,0.0109379818790737,0.0312988292040047,0.0550065214761641,0.0369421783848885,0.391877699320367,0.473936789735501
2514,0.0490806857108705,0.529533816547375,0.0602237092577081,0.0370533021022523,0.25324165635354,0.0708668300282547
2515,0.0141560146270773,0.0662157566719782,0.103553439845487,0.0377343320090339,0.242946214719667,0.535394242126756
2516,0.0990776486416582,0.0887299709910851,0.0498680156526225,0.179191504347573,0.414903531724752,0.168229328642309
2517,0.0203855086791917,0.396158227619137,0.107360631976599,0.0156532011292285,0.220280092823816,0.240162337772028
2518,0.437936678414358,0.247077034727846,0.133824310792589,0.0539304560348236,0.0627841717421666,0.0644473482882173
2519,0.0324561733130089,0.891760018524983,0.0108631007441239,0.00373687468219729,0.0464924257366975,0.014691406998989
2520,0.0253403097291925,0.0749065826502802,0.0154836024201084,0.0868859243219476,0.628324689265092,0.169058891613379
2521,0.0167331572714854,0.0405428215880829,0.290282968281798,0.0282165028841561,0.0805114131232358,0.543713136851242
2522,0.175783334355417,0.19259652861186,0.239833124198999,0.102553802047306,0.171330639845799,0.117902570940617
2523,0.0496781006434883,0.553972724611742,0.0495224001672007,0.0109924078200106,0.219533219491119,0.116301147266439
2524,0.0409010515662918,0.155930430045074,0.199408144626572,0.054950234607722,0.121060629239802,0.427749509914539
2525,0.0698527556268286,0.0745471350634441,0.10407442785154,0.24125452060161,0.379180986113254,0.131090174743324
2526,0.0995710905012896,0.198188577778613,0.086615786033986,0.0857332716510604,0.365632171984545,0.164259102050506
2527,0.642589223965904,0.119404625762498,0.0669657694245939,0.0395827420099799,0.0713445493351029,0.0601130895019212
2528,0.00505895471728444,0.0123218192374811,0.0198784927668302,0.0328355539749228,0.147070986437466,0.782834192866015
2529,0.0776105936564195,0.118285051917799,0.290353103327884,0.083906892251277,0.141811372156689,0.288032986689931
2530,0.00438401572181457,0.013619096660655,0.137557148119535,0.0158222187304688,0.0895623314643461,0.73905518930318
2531,0.0460472451757302,0.189587444541724,0.114679137897455,0.0564761243357707,0.360908625403733,0.232301422645587
2532,0.0354926582290704,0.199559020797763,0.122448322790773,0.0497510568875664,0.226508645463445,0.366240295831382
2533,0.00101013386594998,0.00529111485475997,0.0247372746447208,0.00336539401989121,0.0248925426034413,0.940703540011237
2534,0.295059275723331,0.137625301337593,0.107519938301596,0.262671640175892,0.0927013088429516,0.104422535618637
2535,0.0377972664440476,0.102015033419283,0.114596907425881,0.039086473778458,0.164308266502469,0.542196052429861
2536,0.091270002607636,0.254060550622144,0.0993826540879736,0.0810698191208271,0.204571698713209,0.26964527484821
2537,0.0494606487023654,0.732911701858478,0.0815782150181363,0.00776694151645999,0.0919772447181146,0.036305248186446
2538,0.373277927619085,0.136422975282381,0.0520508822745674,0.103047705580651,0.232613987308037,0.102586521935278
2539,0.14534492073945,0.307210921228678,0.183529667941635,0.0512810887615911,0.207009828557519,0.105623572771126
2540,0.365718630002056,0.115590059291261,0.0501800904036428,0.154156216524692,0.252630542665605,0.0617244611127434
2541,0.10865007657222,0.0520629090776956,0.0221816679775909,0.479563318934791,0.296170984918538,0.0413710425191648
2542,0.109415892350753,0.392502310802671,0.0459056980539006,0.0259177378374809,0.385762896178419,0.040495464776776
2543,0.00976543635503598,0.0196640397090898,0.0817141910701084,0.00700175361221676,0.225330178444902,0.656524400808647
2544,0.0895236627130705,0.104077142824643,0.104428947953368,0.308154493126693,0.123460413324522,0.270355340057703
2545,0.0271551656727705,0.270798356400627,0.0611123611924391,0.0137410941979092,0.430273027137855,0.196919995398399
2546,0.0416408792385451,0.0541158789601741,0.0282820767546774,0.298499257786253,0.504058922715597,0.0734029845447532
2547,0.0767374256288569,0.157952715170259,0.296649611863625,0.0406749868900568,0.168562019144699,0.259423241302503
2548,0.0669216581289195,0.0611169479049254,0.0583982008331206,0.396272845608561,0.35142902943886,0.0658613180856132
2549,0.00943071439306701,0.0468824072704148,0.0345405922106035,0.0463343681359293,0.375241672675859,0.487570245314126
2550,0.0134297016744755,0.0188993459633513,0.0197344123991945,0.239441216749131,0.537837695888169,0.170657627325679
2551,0.214268883351649,0.256282027899737,0.0573873045875903,0.180342708840683,0.156559690515344,0.135159384804996
2552,0.081056412240253,0.367842800284825,0.185863546251007,0.0304215502519192,0.158455572344923,0.176360118627073
2553,0.513008547399404,0.172536126241736,0.050170672926968,0.127933352036348,0.117157135917176,0.0191941654783683
2554,0.0724999704026493,0.196734957049906,0.070852295405564,0.127890419861841,0.433723092856239,0.0982992644237998
2555,0.0088624401838236,0.081893918087142,0.0473239154832171,0.0224872675096808,0.685217768738849,0.154214689997288
2556,0.0499558265485546,0.251476878384552,0.351919667477857,0.0371992731610386,0.161508351392936,0.147940003035062
2557,0.360074993626896,0.224261075376775,0.327003434751276,0.0327378586276034,0.0393665187707464,0.0165561188467029
2558,0.0193340041260493,0.0492697416352824,0.784762504694749,0.0299883818737254,0.057081555221836,0.0595638124483584
2559,0.0748684702272727,0.459418148142387,0.159947113505767,0.0240242862792212,0.0958782997855447,0.185863682059807
2560,0.0110728446355932,0.0906023304147872,0.0766256211824305,0.0178855198564392,0.188689000811854,0.615124683098895
2561,0.00913651345548849,0.0670082570011425,0.176907641531227,0.0104073935125745,0.134255582814398,0.60228461168517
2562,0.260979489443089,0.342231797252677,0.0295726219143325,0.044365507015432,0.295666606346631,0.0271839780278391
2563,0.313645756593695,0.180051044628025,0.243934214264929,0.123310025097936,0.0877395580002476,0.0513194014151668
2564,0.235222919071398,0.0677932123168553,0.0593268138956863,0.450159135095614,0.105722799350749,0.081775120269697
2565,0.0200811180754203,0.098362412838847,0.105995639530688,0.0559477163801139,0.265446025287695,0.454167087887235
2566,0.0103939880352076,0.03749191252834,0.134564823972879,0.0477459355721407,0.161081651162521,0.608721688728912
2567,0.0361471028935922,0.132804200268932,0.145721265769457,0.0368331762190881,0.168127374455558,0.480366880393372
2568,0.0155512034047019,0.0751502948796768,0.073312884492692,0.0205873992423927,0.326736180351104,0.488662037629432
2569,0.0319483002069655,0.0802930234547265,0.150898485688414,0.022870163450863,0.155815747343628,0.558174279855403
2570,0.0199454630062162,0.752575652020052,0.0337167368246036,0.00620075398425537,0.106433164238685,0.0811282299261877
2571,0.105408355698232,0.109538994149248,0.0315249818168795,0.221800433337154,0.331573826900121,0.200153408098366
2572,0.067002301788142,0.0493039713466426,0.48170337983532,0.0652653245530108,0.0726643169961003,0.264060705480784
2573,0.0466222436310519,0.304707625292057,0.0574784304282331,0.0258493956113764,0.296537653052448,0.268804651984834
2574,0.0589734876058081,0.0683215132061859,0.0304438763733055,0.319576526876259,0.438524046427278,0.0841605495111633
2575,0.0292761838273263,0.0346469384736749,0.0209760603431102,0.160835490585158,0.640784701774195,0.113480624996535
2576,0.339362468670532,0.336775815266861,0.127364241512855,0.0812259765720991,0.0591528220781093,0.0561186758995438
2577,0.0384529683293715,0.263529324259062,0.398047978145581,0.0211139289054743,0.138888418728344,0.139967381632167
2578,0.00116780137386593,0.00601573005450298,0.0214005952376709,0.00593613904513499,0.0919447201253032,0.873535014163522
2579,0.32016764370848,0.146315235022828,0.27137968901865,0.0674653303574832,0.0955966168562345,0.0990754850363247
2580,0.0531077323614021,0.305176726544279,0.191820305647686,0.0157245469202698,0.197947774184452,0.236222914341912
2581,0.00276025240045532,0.0259450919481924,0.0635809309952508,0.0644801810730921,0.584508664006618,0.258724879576391
2582,0.140299712317082,0.446193041326423,0.0829854321588499,0.0563973542064177,0.217546984445644,0.0565774755455833
2583,0.0953029440269664,0.514724642928034,0.183792916632098,0.0255073598852193,0.109076584953338,0.0715955515743437
2584,0.204740552230926,0.543422286754179,0.0639061293420888,0.0355647979183707,0.119533232086051,0.0328330016683843
2585,0.00806763441710929,0.0481133283146465,0.0357264030364739,0.0534590602437792,0.532359739979475,0.322273834008516
2586,0.057616913850606,0.256960886874015,0.13207842328312,0.0366348748848212,0.20341416938506,0.313294731722378
2587,0.194433973076141,0.0672744227141037,0.0417908406483456,0.2997504639423,0.276468142458705,0.120282157160404
2588,0.0442708629184375,0.0362027513532495,0.0149227652335569,0.232452515817204,0.558169376306503,0.11398172837105
2589,0.0668107039865732,0.115664462233838,0.0341564612588227,0.119642759785572,0.539504215751971,0.124221396983223
2590,0.00998125696680551,0.055719393800959,0.116314292095141,0.0643455679067872,0.167117209668445,0.586522279561862
2591,0.0672417444492726,0.0771235147675965,0.318071178477639,0.0382657039045006,0.0781224374210253,0.421175420979966
2592,0.018538107145492,0.0295859033782651,0.0121219473217686,0.188668136612225,0.541477820609396,0.209608084932853
2593,0.24903251256873,0.191610773591648,0.0630024222441357,0.227826611687201,0.216551501602555,0.0519761783057292
2594,0.0252325631660004,0.0866199451523686,0.0574958109364551,0.0436139005036737,0.398964583296572,0.38807319694493
2595,0.103123994774923,0.0657448053021826,0.253708506007395,0.282787902612101,0.0996219430690431,0.195012848234355
2596,0.719347421165457,0.0806174251223805,0.0130759063787411,0.144690148284319,0.0366397529337087,0.00562934611539327
2597,0.00683639121816391,0.0396304191873061,0.206507173534967,0.0154268088398753,0.0979793503585568,0.633619856861131
2598,0.00997302872183823,0.0996461301586569,0.15219543965961,0.014578646465204,0.201432464076551,0.52217429091814
2599,0.197451464128055,0.301959666261409,0.0795164132761908,0.175483057558162,0.176120283176915,0.0694691155992685
2600,0.0101092277224132,0.0356453660938622,0.0712994651321735,0.0274822655423745,0.773366027067872,0.0820976484413046
2601,0.0284473852890527,0.0583693227426862,0.164721295727153,0.0156288043805386,0.101184639137,0.63164855272357
2602,0.0199158464241421,0.135440778774298,0.153062016152172,0.041936584391773,0.258925241112648,0.390719533144967
2603,0.0259626432698037,0.542735603282043,0.0254801526558227,0.0144944767358262,0.341679580913552,0.0496475431429522
2604,0.0274075089293875,0.12909272446179,0.313812284431331,0.171551629391064,0.0951097157837194,0.263026137002708
2605,0.00136460770905277,0.0507474500119721,0.279516289717942,0.0137397785325656,0.151233994349396,0.503397879679072
2606,0.039069152041837,0.11422917528984,0.112304737414238,0.0400269330139193,0.239844077960934,0.454525924279231
2607,0.00836467482987899,0.028767977822439,0.0547798332367093,0.0309430060145966,0.182317656415263,0.694826851681113
2608,0.190707467229404,0.217757969429036,0.0690637025104176,0.142091246247542,0.218727056626115,0.161652557957485
2609,0.0258646238830589,0.0546921487494747,0.0575438526380783,0.0907576277203946,0.413796776480164,0.35734497052883
2610,0.121619917761462,0.243992508710448,0.0685064349928119,0.127837630709479,0.30816178562518,0.129881722200619
2611,0.0326875429172041,0.135690989396578,0.28953861485508,0.047894988109098,0.0807706810520968,0.413417183669943
2612,0.0416718401772201,0.301411927678487,0.105792689270957,0.0267449576986236,0.223523912521836,0.300854672652877
2613,0.496734355795732,0.321897088070064,0.0447735317228987,0.0655183287243796,0.0599906057888932,0.0110860898980325
2614,0.157431832299841,0.0912725269433936,0.0672468155831415,0.156631315975291,0.321148625041775,0.206268884156558
2615,0.518056394326125,0.231215654163198,0.119653226723453,0.0378508311458979,0.0596455690636172,0.033578324577709
2616,0.0144248396708406,0.0588256082037939,0.143993288178813,0.0438715204824948,0.349114379511159,0.389770363952899
2617,0.22945381311712,0.347164433472885,0.198010325060031,0.0428116230122859,0.128975073623143,0.0535847317145356
2618,0.118542154533127,0.101527164067407,0.0705456492208706,0.0719890801466231,0.448328699594374,0.189067252437598
2619,0.0244817474967203,0.035989477513105,0.0162028869745929,0.0612272961857809,0.711511979773437,0.150586612056364
2620,0.0183215511217549,0.0922378702821824,0.184107253465589,0.0222535478720303,0.382136146017865,0.300943631240578
2621,0.0212911546080146,0.0777048309794483,0.0190867262350293,0.0775433512933047,0.725015975124738,0.0793579617594653
2622,0.00177819813258278,0.00678369571894618,0.0240236844585762,0.00909845606153834,0.100394366259551,0.857921599368806
2623,0.183085749851493,0.261404082132229,0.0414301069391904,0.0869219349218815,0.362677908034921,0.0644802181202846
2624,0.0234891994897196,0.0289226935231353,0.0892547075336714,0.0408975315274828,0.108083777461764,0.709352090464227
2625,0.0477796159344294,0.120353619211692,0.693816905451553,0.0214170602555067,0.0505586195449983,0.0660741796018206
2626,0.00661519828615309,0.028050161260252,0.0666647866179413,0.0226340658182206,0.291678239565787,0.584357548451646
2627,0.0576494457184087,0.144302984322014,0.435823166542576,0.0279884231914814,0.118766844153062,0.215469136072458
2628,0.124344159600132,0.141348485102132,0.0382647801617833,0.303791739496411,0.28841696618132,0.103833869458222
2629,0.0202422118450694,0.241791895042893,0.0596427920216051,0.0289423840615623,0.394581806934861,0.254798910094009
2630,0.074054463383661,0.0689711943190055,0.0749087810618131,0.0858100815435624,0.278035377030371,0.418220102661587
2631,0.0155732260362541,0.202835737500241,0.230795389229325,0.0242199616739297,0.306720527018215,0.219855158542035
2632,0.00541876155090054,0.024270586130632,0.0416880806200253,0.0180271377613427,0.214196230253372,0.696399203683728
2633,0.115513258933004,0.327884500341235,0.0786124695818855,0.078916713717534,0.294122293453635,0.104950763972706
2634,0.0343550985509942,0.113538976257534,0.278104058755099,0.0795579334636628,0.157112804460945,0.337331128511764
2635,0.0413961290658158,0.0792996078277813,0.0413079892945756,0.049612829293433,0.606973039189219,0.181410405329175
2636,0.0410883779457349,0.109659453868247,0.187924946761759,0.0741573401132796,0.289437034967296,0.297732846343683
2637,0.0204338687133251,0.0686918939898747,0.0213427952924893,0.0376295681448308,0.637842230262983,0.214059643596497
2638,0.0912895727995337,0.0510400016842564,0.137830948091267,0.185501741795358,0.162470165588038,0.371867570041546
2639,0.0943815851055877,0.0706352218177347,0.0677980357945707,0.319458469832005,0.325286506519434,0.122440180930667
2640,0.0107101831866851,0.0274637736242803,0.0738487573790408,0.0280146964625272,0.116762821086293,0.743199768261174
2641,0.400758006113663,0.194306529131087,0.13915962191664,0.0764739077279142,0.108118702452758,0.0811832326579376
2642,0.0124886946249352,0.0595393928162157,0.0666945873351316,0.0210598828270013,0.286346143252363,0.553871299144353
2643,0.476977711689779,0.279124185695432,0.0294743717981162,0.126763643461672,0.068584968654773,0.0190751187002275
2644,0.00774558337625332,0.144606929156735,0.0518075345509679,0.0215946502654408,0.29011643977468,0.484128862875922
2645,0.0232221179991692,0.0701930697306709,0.0373848528075137,0.0423232572117277,0.357872058516324,0.469004643734595
2646,0.00455665296063279,0.0256377959763572,0.103707697054384,0.0342907627175384,0.0804804141454422,0.751326677145645
2647,0.0784138036648285,0.0888807453058553,0.142014203073435,0.103249912238678,0.303885206845046,0.283556128872156
2648,0.182839280222165,0.221244828050674,0.46910404442969,0.0179908339767133,0.0394983144989418,0.0693226988218159
2649,0.0345436863622176,0.0668159500963456,0.0685347875951845,0.0516480174643785,0.31405980457547,0.464397753906403
2650,0.0451306863297014,0.0294274002011162,0.157431706672233,0.0453355840531743,0.109879262363506,0.612795360380268
2651,0.0149497826353008,0.0717278753334258,0.0538352986943036,0.0487104050146644,0.556728273873283,0.254048364449023
2652,0.0133835896820498,0.205504480416926,0.0500010979935307,0.0256554896458321,0.405109686264247,0.300345655997415
2653,0.329504115238804,0.199755416255699,0.113566748424766,0.0653743418029579,0.160861654806919,0.130937723470853
2654,0.00640549197064771,0.0495804556248295,0.0493931160908915,0.0457805961455672,0.283685948375444,0.56515439179262
2655,0.480819984533321,0.152280828072917,0.0378941999098925,0.182658899036233,0.12471178555096,0.0216343028966764
2656,0.0213146944359678,0.0727038981635213,0.0424760682202393,0.034298687671757,0.559444762840125,0.26976188866839
2657,0.00847128467561109,0.0456915825267116,0.194113580530536,0.0176108055936618,0.138010532806335,0.596102213867145
2658,0.171300111706351,0.162283575651387,0.216048720916576,0.172895137482934,0.146677277156173,0.130795177086579
2659,0.192914517856745,0.082004285561872,0.0587080689665243,0.566478636876815,0.050063688295677,0.0498308024423667
2660,0.0059554544195249,0.029054379816953,0.0548328674590184,0.0177419122056701,0.301884635129915,0.590530750968918
2661,0.00424058112324176,0.0218565843867442,0.0877176564214593,0.0108737409391044,0.0847651337699903,0.79054630335946
2662,0.00454204503039572,0.049677629567791,0.108162380806403,0.0113598341223523,0.114281675209462,0.711976435263595
2663,0.0080938154927124,0.0463595905794984,0.0557229123601102,0.0336383833557761,0.270772723059831,0.585412575152072
2664,0.0262198314078869,0.0897755218165005,0.0258669588000909,0.066357317611564,0.621927209532601,0.169853160831357
2665,0.232460718087533,0.261699368092239,0.142121002593408,0.0793980576938696,0.186244996718284,0.0980758568146672
2666,0.00342455487719876,0.0101349512091058,0.0885383499051886,0.00882786937742501,0.0220399044037502,0.867034370227332
2667,0.0356455650388198,0.173155543081366,0.458169825402809,0.0422553368709611,0.195002499298754,0.0957712303072898
2668,0.0117779062937558,0.0533615685659892,0.420605369680827,0.0181225399163763,0.0929645468782816,0.40316806866477
2669,0.0939519660915453,0.250419373171428,0.162906761923114,0.0380401218317226,0.163787114767786,0.290894662214404
2670,0.012807934364776,0.0600744116123986,0.171621293549957,0.0266726081710717,0.200980890739202,0.527842861562594
2671,0.0314276447188638,0.0797277043234964,0.0469760233147051,0.07885266031162,0.354692077640775,0.40832388969054
2672,0.00490035399571261,0.0601137494275703,0.103429783590222,0.0124460768514991,0.190252535060819,0.628857501074177
2673,0.309578321794595,0.246440296363874,0.0697113500441192,0.119753104612645,0.19598920544296,0.0585277217418071
2674,0.0132590417990288,0.0399328818583992,0.0615255108830325,0.180606724608569,0.451884042621089,0.252791798229881
2675,0.560773487619762,0.143776146295311,0.0178789438390055,0.222926711881563,0.0432889941869572,0.011355716177401
2676,0.0178102061980034,0.055894320855897,0.0743171423711277,0.108982087134382,0.486894658951264,0.256101584489326
2677,0.084730014931875,0.164751949309934,0.355890696948951,0.0380149065506187,0.298564835106319,0.0580475971523023
2678,0.0423229280663144,0.128777560637735,0.142753667715711,0.0518642032062517,0.410538939440013,0.223742700933975
2679,0.00853354819761777,0.0205830756601924,0.03279984782058,0.0321332008452954,0.39769259745627,0.508257730020044
2680,0.0810129357999204,0.067735489387363,0.34472440733602,0.182996566521,0.0910374483022007,0.232493152653496
2681,0.0170061308760691,0.141084017937212,0.0748935718041494,0.0339653098273517,0.403666545468589,0.329384424086629
2682,0.0143278032664965,0.0331234368453411,0.110742724776505,0.0874459548878305,0.20463776697121,0.549722313252617
2683,0.506952574519895,0.138886909789229,0.0313068279603627,0.192404669980949,0.115072919327519,0.0153760984220451
2684,0.0110843437891647,0.0393247821272482,0.0300594402992016,0.0404102216280222,0.529897131188085,0.349224080968278
2685,0.169189829083087,0.0968975612817199,0.166878803406406,0.0233818700124146,0.0794259867994923,0.464225949416881
2686,0.0202867658627993,0.144345389665047,0.1250404058085,0.0395755773300615,0.218585627677794,0.452166233655798
2687,0.185765475132888,0.212479068805998,0.162456312168048,0.175368870034073,0.208247706155238,0.055682567703755
2688,0.0282404127659687,0.154353300230026,0.0740024136896665,0.172980533144735,0.438103532108736,0.132319808060868
2689,0.155202810472738,0.610851889038278,0.0464784985233103,0.0359107350207111,0.121496441390035,0.0300596255549271
2690,0.0195672168997762,0.0294109345199549,0.035038679455258,0.273588499812202,0.439991850579466,0.202402818733342
2691,0.046496616261023,0.242400157736615,0.1127494219498,0.0314300502003985,0.342939501891431,0.223984251960732
2692,0.0377879958318215,0.0989404936090419,0.249294271548282,0.0463265860893189,0.18951317776821,0.378137475153325
2693,0.0425084069742441,0.0593344280505239,0.110919953116756,0.0557034146126882,0.161554345725591,0.569979451520196
2694,0.00878731042766701,0.0207578151685818,0.0405504358757959,0.0392379763595231,0.256319985247945,0.634346476920488
2695,0.589184524221638,0.154040618920799,0.0637789216365394,0.102117314643005,0.0661077953565778,0.024770825221441
2696,0.023791585976069,0.11428794244332,0.372591351813059,0.0231928883360143,0.113316594822214,0.352819636609323
2697,0.0441545909520797,0.187465526047191,0.283017128985864,0.0354761071412153,0.191080492088855,0.258806154784795
2698,0.00889802243539435,0.0344655042207588,0.20643958473377,0.036813910167073,0.327131099870453,0.386251878572551
2699,0.00841387994301312,0.143568148069928,0.517149536200868,0.00414143042215874,0.0381786866344173,0.288548318729614
2700,0.00294423274970824,0.032448142442081,0.0257252489710151,0.00543873431796118,0.338313394667527,0.595130246851708
2701,0.0126270730988628,0.056959375674687,0.188672300973416,0.0475875433486471,0.211392526920848,0.482761179983539
2702,0.427413991759445,0.162064249497011,0.167437704198536,0.0768452743815214,0.101022050769584,0.0652167293939026
2703,0.107290214351323,0.0828641246052945,0.106261767292994,0.121096706489348,0.319630055560783,0.262857131700258
2704,0.0286025660717587,0.182827151083753,0.628976582623459,0.0303676500016715,0.057573033534622,0.0716530166847365
2705,0.0121007243671552,0.14856312923553,0.360423915547268,0.0184571130722409,0.120039003935784,0.340416113842022
2706,0.0100370397413714,0.0728218186375682,0.206381499875426,0.16598335367333,0.150351965192388,0.394424322879917
2707,0.0111697718071519,0.0375375333633967,0.0144712206784925,0.0882593091540746,0.737368077390353,0.111194087606532
2708,0.481808893861057,0.276743407103192,0.0515300172041594,0.0718013201156061,0.0949260517584983,0.0231903099574878
2709,0.0472566793954358,0.163515876879704,0.241749385828105,0.0475879722428905,0.125339291710129,0.374550793943735
2710,0.0421038267986204,0.0468668085084319,0.250569692034248,0.0384226822157397,0.0813408790634678,0.540696111379492
2711,0.0871298596634301,0.12605799524903,0.13968095689311,0.0639784994273885,0.288395860391365,0.294756828375676
2712,0.191758888082085,0.0880158424998367,0.0618311838964643,0.255845136751576,0.279195747263793,0.123353201506245
2713,0.146328286224277,0.173119413959535,0.251716922351482,0.0671471078341003,0.106554600879393,0.255133668751213
2714,0.00351505096011199,0.068013899811417,0.165913479792804,0.0128664556192714,0.102486298508214,0.647204815308182
2715,0.0128919009947297,0.0919775783424098,0.318274382275041,0.0413332267647547,0.327945196785231,0.207577714837834
2716,0.0204693025802589,0.0580416224105013,0.0474771299956721,0.0619783301466895,0.493249345416094,0.318784269450784
2717,0.00992940198041606,0.0498002452293437,0.0478786714143249,0.0307922568042552,0.306833565475137,0.554765859096523
2718,0.0308085916743723,0.0693419138301899,0.192988311129628,0.0840379887405135,0.187008892218205,0.435814302407091
2719,0.0336661346166226,0.128642982251013,0.188679671382498,0.054997786699267,0.355663968850057,0.238349456200542
2720,0.0896840128762203,0.0753180135344226,0.215695433611294,0.0929523613879342,0.260200477360496,0.266149701229633
2721,0.0109186922747745,0.0431998655522582,0.0860086325637257,0.02997520304905,0.289299852276809,0.540597754283382
2722,0.238242938999055,0.468441288349266,0.149902966841674,0.0176744328198889,0.0990779776005199,0.0266603953895963
2723,0.0491357892184699,0.1777125353294,0.150229455917693,0.0393841308670511,0.16607823317934,0.417459855488046
2724,0.597807836629827,0.105081195977691,0.043119698154032,0.171915678839519,0.0595959268098423,0.0224796635890882
2725,0.266925407220271,0.344411874841244,0.0545053048660951,0.206599881093996,0.0891177634911534,0.0384397684872407
2726,0.02690434669059,0.0599122214070648,0.0281783634971448,0.0850552122111632,0.754937044427705,0.0450128117663319
2727,0.0103213057991344,0.0600072663263642,0.0668922956313053,0.0662539137636112,0.426247763619805,0.370277454859779
2728,0.0177644995158687,0.0458273958045603,0.125408590107219,0.0550042498160177,0.0990220484606877,0.656973216295647
2729,0.231670558776483,0.210958920937063,0.0459231162841404,0.103989814122724,0.33075841729521,0.07669917258438
2730,0.00915250278500716,0.0334741360072172,0.107148999088344,0.0481517591637605,0.302107521437018,0.499965081518654
2731,0.169598199327633,0.165598977226656,0.0560633505014211,0.173139916892718,0.316841870308447,0.118757685743125
2732,0.0191138835446293,0.0670984859592622,0.323502664353533,0.0196420927884239,0.0855518114741839,0.485091061879967
2733,0.0616489378957802,0.121747558195735,0.0700478080372433,0.268066804607378,0.412683391073494,0.0658055001903693
2734,0.0111469906033788,0.844349884852465,0.0194837942372923,0.00358815982989657,0.0832808648614349,0.0381503056155324
2735,0.0145738414395066,0.324925783880738,0.187812306494112,0.0172812595038634,0.174964622402152,0.280442186279628
2736,0.033298368431855,0.139596930564807,0.0987856063283033,0.19182132754446,0.379605825033432,0.156891942097142
2737,0.183176203051773,0.119564931942244,0.321565784127983,0.0520201904269105,0.185815669287283,0.137857221163807
2738,0.0223275830467725,0.0888250516674616,0.129886923926758,0.0315821434106342,0.152878785478541,0.574499512469833
2739,0.163560495720365,0.270325473503497,0.178611389016032,0.0533531701124697,0.248442182131376,0.0857072895162601
2740,0.193721928005588,0.327711615869145,0.0979416467187618,0.0989800760382059,0.114111274833204,0.167533458535095
2741,0.0433461130904913,0.219339500873933,0.137469993185894,0.0561919577918779,0.388748624947623,0.154903810110181
2742,0.041991713354149,0.0775710848107895,0.0461295790406724,0.102831435003981,0.579262927295499,0.152213260494909
2743,0.180792527700968,0.265100616791496,0.13623192601658,0.102532190343282,0.194406020644128,0.120936718503546
2744,0.0408343767176799,0.0758874884275955,0.0306846695608558,0.135507415283568,0.645145867827081,0.0719401821832202
2745,0.00255736935953853,0.0424776332257632,0.39375674479048,0.0454683790899744,0.24883110631009,0.266908767224154
2746,0.0178738247493159,0.0823177027838634,0.118895016407645,0.0220568663696773,0.22470778504778,0.534148804641718
2747,0.013292915118688,0.0441775497840484,0.0172571775012166,0.0230226825694964,0.648755653781351,0.253494021245199
2748,0.00634973610126423,0.0400276168051982,0.041968743784934,0.032805713981897,0.712631721243848,0.166216468082858
2749,0.28568494770799,0.171349946436995,0.0721033042739061,0.259922624194792,0.151579224676927,0.0593599527093894
2750,0.00850376246484488,0.0747074978035969,0.358892652154946,0.0302770999145555,0.138574757026486,0.389044230635571
2751,0.266960832579671,0.168091489281537,0.0732067231298919,0.0668174030007679,0.381793082494834,0.0431304695132979
2752,0.0366778558600002,0.15069080234097,0.175987425070574,0.0946373038803034,0.148561653774158,0.393444959073994
2753,0.0615557474585921,0.092027554096827,0.0300165649251418,0.186300156134741,0.568876576201608,0.0612234011830896
2754,0.0121489499894097,0.227760575322929,0.0440452763021588,0.00913715778002451,0.583759828433874,0.123148212171604
2755,0.00151179838791642,0.00797212540427217,0.0406672539952588,0.00718885429528773,0.147003733732258,0.795656234185007
2756,0.00256853346450136,0.00891914300779246,0.0422359073591433,0.00800492705887447,0.036440376703791,0.901831112405897
2757,0.0103803578786755,0.144479829931083,0.0306746248474225,0.0372662529247159,0.435715685148275,0.341483249269828
2758,0.0711580373982973,0.322547907311821,0.1662805264238,0.0157121233432933,0.294893780235471,0.129407625287317
2759,0.024911272746546,0.211365173486,0.0652955334236412,0.0203469352801001,0.336429971150437,0.341651113913276
2760,0.443351503030773,0.11697441702851,0.0595598496110269,0.291929132837843,0.0729751535942652,0.0152099438975824
2761,0.112334155562859,0.122667722105783,0.0485955421258726,0.324183126457381,0.255328776709882,0.136890677038223
2762,0.00408690147860343,0.0540147682106634,0.0697738974262145,0.0114571623828908,0.494548217845088,0.36611905265654
2763,0.0520238017848375,0.17872740911782,0.332460929506585,0.0451840550539721,0.197263782580467,0.194340021956318
2764,0.0189901321009087,0.025216163009603,0.141852124140857,0.0230663293196739,0.101038505123307,0.68983674630565
2765,0.0115301914903596,0.17445429131726,0.256303604042827,0.0144098422090693,0.169401234072073,0.373900836868411
2766,0.0326561034572296,0.168101708302986,0.0812178149562097,0.0280943622126599,0.435951323650652,0.253978687420263
2767,0.0128469313904496,0.0245470617508724,0.0511177129995202,0.48262350039822,0.168612259303211,0.260252534157726
2768,0.0358732876637021,0.279854326110963,0.477305219961562,0.0118908036925972,0.0488611717884859,0.14621519078269
2769,0.0497768679637753,0.284974010514481,0.124786847071278,0.084006155503383,0.348988101709711,0.107468017237372
2770,0.0025734835950875,0.0355219079466076,0.120242256481953,0.0263890437707667,0.208988406465228,0.606284901740357
2771,0.0258786617753474,0.13121660804853,0.526365908880204,0.029602888385661,0.0851313055193838,0.201804627390874
2772,0.0281289883760423,0.0549567870108834,0.0647912370738185,0.171402575823857,0.524320630358606,0.156399781356793
2773,0.0763855633948086,0.278788007996358,0.0857188570221753,0.0282359000085317,0.427524751289997,0.103346920288129
2774,0.0539577088801973,0.372429206430029,0.0804698605545432,0.0415167316340153,0.314615937215702,0.137010555285513
2775,0.00139419266776049,0.0115953844345851,0.045653823067203,0.00590480387406231,0.0932601854054499,0.842191610550939
2776,0.00765637249009055,0.0389529682714144,0.0778490286484247,0.0683780218447954,0.330899724070007,0.476263884675268
2777,0.00174816033292769,0.0145283314135756,0.0491327435923117,0.0113187014650502,0.0833499090336662,0.839922154162469
2778,0.0961567752869726,0.122299129721257,0.12852537574406,0.0735911132131489,0.136428546121306,0.442999059913255
2779,0.0293941704695585,0.030344606036202,0.308472211723519,0.165638895371113,0.131665773192309,0.334484343207299
2780,0.0331801935391742,0.205990297574769,0.235774988076744,0.0367756467991173,0.106603530779794,0.381675343230401
2781,0.0108115279635448,0.0280663182124593,0.0540376581363969,0.122168975193901,0.489506229471613,0.295409291022085
2782,0.00760041534704981,0.0348800590889855,0.200304378769903,0.0168160268803877,0.114225296364711,0.626173823548962
2783,0.115172523540879,0.396193563833254,0.161569731538357,0.0959448231541033,0.151897107083725,0.0792222508496813
2784,0.090942132660027,0.193800047689427,0.0403034707060846,0.109590517758796,0.518106465864372,0.0472573653212939
2785,0.00170869630961809,0.00847117743951666,0.0251990070693804,0.022855435080476,0.292930251994177,0.648835432106832
2786,0.0122340259585416,0.0808938104429966,0.0455219340441172,0.047113067826039,0.466387548229163,0.347849613499143
2787,0.00365047029036287,0.0271004809833057,0.0563153330426277,0.012844739897685,0.146563309544088,0.75352566624193
2788,0.0192447929038752,0.0738898810680014,0.173236201369361,0.0366431540688848,0.135348886089597,0.561637084500281
2789,0.058149574027842,0.0608914521150264,0.287069095160527,0.0753638937232063,0.244675500223041,0.273850484750357
2790,0.0906622131137099,0.109610715363943,0.0530125116649146,0.122624057875425,0.422882422350202,0.201208079631806
2791,0.253303448640085,0.109003109068413,0.0350441879761902,0.378478024190531,0.172832780093299,0.0513384500314816
2792,0.504586307059077,0.302933988730905,0.0248745422501249,0.0470577859966327,0.100489928656089,0.0200574473071705
2793,0.00722141276971761,0.0673570324020859,0.0399642403840171,0.0186952788018686,0.524836191967644,0.341925843674667
2794,0.480582847667934,0.240825708078185,0.0500516601995767,0.0598597980240805,0.136932403007402,0.0317475830228218
2795,0.377139106160195,0.078281167877223,0.0294603212682879,0.427822267946361,0.0724650882523623,0.0148320484955711
2796,0.00278167285651371,0.0179645802866283,0.0815067850807605,0.017117245583346,0.160808894145513,0.719820822047238
2797,0.0468495857411875,0.0846000176080666,0.0871935027975421,0.117657751154716,0.237323979334188,0.4263751633643
2798,0.0146118418926349,0.15466783771135,0.201950179851614,0.009192229304248,0.386273918307434,0.233303992932718
2799,0.166211539989365,0.165286070099643,0.319523584964449,0.0309009394130053,0.160598321509425,0.157479544024113
2800,0.00906507952453327,0.0175301760642737,0.0457066441353093,0.029722076279716,0.170552758970564,0.727423265025604
2801,0.0063214387534162,0.0234950549314308,0.0276453637120025,0.0151753551949155,0.392595382396208,0.534767405012027
2802,0.0189221588329641,0.0613710581899198,0.0648024006598566,0.071394313370557,0.303296426785737,0.480213642160966
2803,0.0519193175074869,0.581762201202173,0.0692521623560358,0.01238943102602,0.192275769756907,0.092401118151377
2804,0.0195553639295865,0.0767937190919822,0.124914990407389,0.05045116701463,0.385040391106355,0.343244368450057
2805,0.215914662123686,0.162994524676156,0.323678645308315,0.0847913140692595,0.10688659381301,0.105734260009574
2806,0.100162235439534,0.0887448784271951,0.0666947700195223,0.315576328703414,0.224378656367122,0.204443131043213
2807,0.101502304353496,0.145333950425918,0.201519661335005,0.0686832414298592,0.18072397252479,0.302236869930932
2808,0.00691850634246624,0.036164977933339,0.0639407850086725,0.0282932200561139,0.218711424721406,0.645971085938003
2809,0.0478607897114986,0.0691296875136611,0.356513654301308,0.0460646024573606,0.0625949736328642,0.417836292383307
2810,0.00999914577193054,0.0414916553656482,0.0526228889461551,0.135225275324999,0.434492238880571,0.326168795710697
2811,0.00634332430883871,0.152684066086465,0.183763899682032,0.0241285331211007,0.309498481091671,0.323581695709892
2812,0.281275985620758,0.296326535019125,0.162499339344708,0.0975515083118556,0.118197994608803,0.0441486370947514
2813,0.0856745650385968,0.131631316384469,0.131062818045337,0.149520454374691,0.255925336253379,0.246185509903527
2814,0.0129761924298887,0.230534043360757,0.22864378905663,0.0311985356495344,0.214611285277442,0.282036154225747
2815,0.0187600671887901,0.0749094636644529,0.136224204240967,0.0295157996075338,0.149595565721486,0.590994899576769
2816,0.306424804051971,0.161362567434919,0.30277000747329,0.0761719722488891,0.123383775257038,0.0298868735338922
2817,0.0602801604393667,0.356028476735047,0.105942960654716,0.0591940513927717,0.26330568354216,0.15524866723594
2818,0.198989462172457,0.345617068149329,0.19716447460227,0.0366289973238412,0.116366531717388,0.105233466034716
2819,0.400344697097907,0.357128889908828,0.0338201659560614,0.0581357341915725,0.127139816539209,0.0234306963064215
2820,0.382200302177256,0.231294966192772,0.293239262912739,0.0334686021937103,0.0398409631774591,0.0199559033460637
2821,0.00449122112299148,0.0460773579935595,0.0181666676311407,0.00876472841163085,0.45630843209412,0.466191592746558
2822,0.149682303448981,0.181489454053335,0.198592527348048,0.0580100837171811,0.291524975223077,0.120700656209379
2823,0.0403112839870477,0.115421807026367,0.0860127099175783,0.0814279284608658,0.307707800829399,0.369118469778742
2824,0.0180119331461689,0.102472801997917,0.171898426085331,0.0318623972318947,0.309174805828301,0.366579635710387
2825,0.00364620602246166,0.0370913288594085,0.140783094025124,0.0128148856694273,0.0412651685791137,0.764399316844464
2826,0.0281568720898629,0.16892087744006,0.0487659556587517,0.0415894019619806,0.55333892506126,0.159227967788085
2827,0.155344345833862,0.424623570940584,0.129045810819111,0.0210112780371142,0.166688110364804,0.103286884004526
2828,0.0106062503544464,0.116861133819853,0.0690366120737517,0.0208554364879998,0.518243614052627,0.264396953211322
2829,0.0238421750146639,0.0354859062774658,0.0323381965895732,0.184094964144203,0.618947826868451,0.105290931105643
2830,0.00451379104065166,0.0267051306674373,0.123181848577741,0.0307307751609554,0.167711566780756,0.647156887772459
2831,0.329515268777881,0.386737392124231,0.115552844943352,0.0547136643604245,0.0724752663313842,0.0410055634627268
2832,0.0220850392410845,0.252684731355282,0.262268173100654,0.0153411741552792,0.266646876968087,0.180974005179614
2833,0.143623879101102,0.105079379346876,0.135188994170418,0.131593298283878,0.247904996564564,0.236609452533163
2834,0.00843919001683958,0.0568547818563839,0.115095805593491,0.0266056869350959,0.227047420413088,0.565957115185102
2835,0.240036178711192,0.277166508558635,0.0483553237976203,0.0869959307698397,0.253082989606853,0.0943630685558603
2836,0.0170447612964465,0.0596592069038402,0.0487142485267869,0.0520906651026194,0.329257303574913,0.493233814595394
2837,0.0266016304136144,0.23581315632999,0.306348176830972,0.0467604166798927,0.206987843753665,0.177488775991866
2838,0.188929306840169,0.209790850169368,0.209790015653573,0.115617849324965,0.0772940293322919,0.198577948679633
2839,0.151326064036293,0.211541146325681,0.150748266059419,0.117969749947834,0.20773302028268,0.160681753348092
2840,0.161002632691091,0.0709890783265446,0.121680042296128,0.295123876525878,0.149055899374512,0.202148470785847
2841,0.36486006431539,0.148534791468483,0.10580443091183,0.0892232800737996,0.187987809479759,0.103589623750739
2842,0.00495673216223203,0.0284119649871045,0.0234453552083618,0.0229540342484744,0.479915642343699,0.440316271050128
2843,0.140120630668619,0.133830307931984,0.109893235591215,0.0377312331275711,0.346757727557766,0.231666865122845
2844,0.0200935426436673,0.0478215294413982,0.669940899220772,0.0121576496500818,0.0416730561741118,0.208313322869969
2845,0.183660344993222,0.345742605404591,0.129622395697673,0.244521429224898,0.0788434541395774,0.0176097705400392
