"CUS_ID","F20-","F30","F30+","M20-","M30","M30+"
2501,0.0541622648162194,0.461022672201033,0.119261489815752,0.0175761128060146,0.122018892501729,0.225958567859252
2502,0.15138475283224,0.243670080039193,0.0932266602950617,0.141728194772439,0.223842009361181,0.146148302699886
2503,0.0356253786720132,0.662235802726283,0.0329838251609577,0.021206601520129,0.155484385831996,0.0924640060886209
2504,0.518178733979611,0.101069786254835,0.101835291463287,0.155474309594153,0.0728806636476402,0.050561215060474
2505,0.122936080798241,0.205802419284769,0.154245622495285,0.0919926758875122,0.0889930889280369,0.336030112606157
2506,0.0150679091997125,0.322303141006159,0.128457610103367,0.0274316362628953,0.152674657733533,0.354065045694333
2507,0.0209700917319081,0.0353217462433861,0.145464181194058,0.0631841998665947,0.168361245396061,0.566698535567992
2508,0.0171812741537326,0.0667051694280486,0.0395291484204084,0.0594995507372254,0.469812132426538,0.347272724834047
2509,0.0858832205435787,0.0651245145856603,0.237968189410801,0.110543111246936,0.120266854613782,0.380214109599241
2510,0.0194149617064071,0.0693918007364141,0.0726778138653515,0.046432686408752,0.291684872930496,0.50039786435258
2511,0.811516044254654,0.0873344593043315,0.0292596838534393,0.0464008643251816,0.016784573386478,0.00870437487591568
2512,0.0447838958590228,0.114531367927242,0.0514787502099846,0.134218445790551,0.51151564021846,0.14347189999474
2513,0.0164434367573243,0.0181865530530133,0.0304436694240136,0.0496652318147767,0.420614277858489,0.464646831092383
2514,0.0942600797626612,0.678640078983098,0.0320910983456312,0.0194604893896741,0.125246513968204,0.0503017395507311
2515,0.0162042305671354,0.0295844361745076,0.0370253519119625,0.0293910700722625,0.164204563368641,0.723590347905491
2516,0.0683169345907828,0.0556260417212729,0.0613158551234895,0.176305725491326,0.494634994557515,0.143800448515614
2517,0.0239285680769728,0.5636795568827,0.0694490183705636,0.00839821670132396,0.0838118748270176,0.250732765141422
2518,0.408998343971512,0.274422841367049,0.147486356710131,0.0647618986323472,0.0364081608411823,0.0679223984777777
2519,0.0639008422743956,0.864928650414605,0.0181600068988223,0.00485395433808403,0.0236732035026035,0.0244833425714897
2520,0.0312611519978856,0.0301288702693571,0.034701762870421,0.105691000109197,0.608823629108611,0.189393585644528
2521,0.0167903016155748,0.0714949847090867,0.282269609877366,0.0390626850656897,0.0986286498329095,0.491753768899373
2522,0.263194662331787,0.159305850763501,0.206934409202558,0.0886073938738186,0.108783921182495,0.17317376264584
2523,0.0445230483683051,0.488199639669709,0.0487758349083122,0.021838222876204,0.172222564242594,0.224440689934876
2524,0.0293119691434576,0.129172270762721,0.328022997138893,0.0479198769003395,0.0547570909834068,0.410815795071182
2525,0.0725872375939051,0.0688533061243574,0.106849917471892,0.284625813223294,0.331371213195233,0.135712512391319
2526,0.223738023639963,0.304588638166779,0.0570506031561274,0.0862297724946688,0.200348898853346,0.128044063689116
2527,0.638114571116773,0.102940750239539,0.0750889515941457,0.049138097753294,0.054357035220329,0.0803605940759196
2528,0.0145923835195874,0.0188091408166644,0.0593189627110992,0.0557442088526277,0.113869461645969,0.737665842454052
2529,0.124496751006739,0.233578518243016,0.232200579836472,0.0919243414720167,0.116567133839558,0.201232675602199
2530,0.0235650408019819,0.0335986054341183,0.254920340341861,0.069531959733934,0.125096919532325,0.49328713415578
2531,0.0415450244665739,0.200132625073133,0.0884297217375862,0.0846099113697689,0.333225020253965,0.252057697098974
2532,0.0397668985255022,0.269058692100907,0.160766411653216,0.0415885104305157,0.13826604306351,0.350553444226349
2533,0.00558093694225425,0.0123340284267558,0.0743585345067372,0.0227409978396426,0.0513187427991315,0.833666759485479
2534,0.226770439043602,0.138070088567127,0.152930798124525,0.237571215513647,0.0817690134433785,0.162888445307721
2535,0.0866723416322941,0.137667287769597,0.232982013821005,0.048702478403173,0.128852978197694,0.365122900176238
2536,0.132451699014114,0.260131333139579,0.0975977605538982,0.0748472311944793,0.161887951789438,0.273084024308491
2537,0.0566256204039238,0.808785252450419,0.0465248159677369,0.00616258073649023,0.0487915227429505,0.0331102076984793
2538,0.271483883845842,0.0943212814980799,0.0636482587487222,0.120988984028936,0.25842451114082,0.1911330807376
2539,0.308213442302242,0.278597714748918,0.192551910383899,0.0548394921814924,0.076657107042777,0.089140333340671
2540,0.169598800745447,0.0775948083952474,0.0645437822015251,0.18200632513039,0.421271860844674,0.0849844226827172
2541,0.146856186543918,0.0813303612711248,0.0348145164067158,0.219356175744991,0.473805321890604,0.0438374381426459
2542,0.0508910319818479,0.550361619085712,0.0429870581871989,0.0492480930712237,0.24056122869383,0.0659509689801876
2543,0.0335879304785425,0.0440489285148478,0.109485123875283,0.0217093042114838,0.123633836141434,0.667534876778409
2544,0.126900206017066,0.165431454581652,0.193320660832288,0.182962581639346,0.14153518566668,0.189849911262968
2545,0.0673153810009782,0.425555870042167,0.121552203814627,0.0421985444002076,0.163990294499981,0.179387706242039
2546,0.0465037464648006,0.0771360774802024,0.0727408196847624,0.147518266152496,0.549712312095423,0.106388778122316
2547,0.0245911949118767,0.0988495314639851,0.593354689418689,0.0401407126634684,0.0516360868517128,0.191427784690268
2548,0.0771568701008174,0.0726913479509891,0.0766870724817741,0.183523195694972,0.513813104497904,0.0761284092735435
2549,0.0240671396201302,0.0717577757683263,0.0343965707766854,0.043294286155549,0.265652552260316,0.560831675418993
2550,0.0125030123775225,0.0120032094247097,0.030319217096534,0.200112815991096,0.490414387207647,0.254647357902491
2551,0.337132804689596,0.205113241843419,0.0509680159470444,0.165089675460535,0.154116864474038,0.0875793975853667
2552,0.119359446649791,0.314178920732323,0.265007868666548,0.0428676687565699,0.123840037593292,0.134746057601476
2553,0.422366177963827,0.269865825668076,0.044879668787742,0.0826241944337557,0.139483270784621,0.0407808623619783
2554,0.168672577618289,0.371188551146221,0.102621509768403,0.103502283242586,0.173918077063663,0.0800970011608382
2555,0.0227453701025988,0.199649880593874,0.157511106112056,0.0694047246443926,0.345274081720243,0.205414836826835
2556,0.0524616910551143,0.358152012282028,0.342529120225456,0.0505329964594859,0.0744988855253015,0.121825294452614
2557,0.522083053227077,0.112371374615656,0.269974248538853,0.042693344922756,0.0325520298954708,0.0203259488001873
2558,0.0433914502505724,0.103816684886335,0.66696255191847,0.0598883923069532,0.0544488452620632,0.0714920753756069
2559,0.0852515155948052,0.436585591807529,0.227862937532309,0.0270107593688335,0.0739999425301791,0.149289253166344
2560,0.0230522388369297,0.153966892912859,0.133495282913932,0.032094215759216,0.153541335781274,0.503850033795789
2561,0.024456716122389,0.109080158024093,0.252924331125657,0.0218274483102233,0.161117046330987,0.430594300086651
2562,0.209608622044253,0.332559741147955,0.0433928512812355,0.103439379176361,0.254436202156033,0.0565632041941628
2563,0.480146421413386,0.0967839212538692,0.192645142530679,0.0971908017527209,0.08270021788509,0.0505334951642549
2564,0.179382031192439,0.0668326220988486,0.121161928409424,0.31192312417456,0.144814689987826,0.175885604136903
2565,0.0627312353936169,0.134544790332137,0.114388522985672,0.0889821147079533,0.178937307909095,0.420416028671526
2566,0.0339427699597117,0.0619322833974351,0.167878305023905,0.0833112871509141,0.268070493836186,0.384864860631848
2567,0.0540143062508287,0.164339354628387,0.141297577689953,0.0429445608826365,0.137406966295609,0.459997234252586
2568,0.0306772410657926,0.0897156385862157,0.0966225457179028,0.0406136029117217,0.281372043902262,0.460998927816105
2569,0.093993937932329,0.154690260947208,0.164624940888317,0.0452906679955488,0.0828421707018632,0.458558021534735
2570,0.0381389320395194,0.61383238669527,0.114703958039666,0.0101084203740829,0.072609131131806,0.150607171719655
2571,0.0397698751337146,0.089134392047536,0.0379919484517356,0.151529272918805,0.474850646165477,0.206723865282732
2572,0.0959051329076531,0.0545621684287271,0.312598304208038,0.10865431508317,0.115199709688298,0.313080369684113
2573,0.0538460515652611,0.199270113394044,0.0792220955322137,0.0271910797370692,0.190623491183651,0.449847168587761
2574,0.0321260728286315,0.0555059893026136,0.0405468533029833,0.181177655897138,0.547109212091995,0.143534216576639
2575,0.0186590775973897,0.0184309823578888,0.0230702363916187,0.0776424636969017,0.714696033146862,0.147501206809339
2576,0.3602140102263,0.371836429996803,0.132547611535488,0.0769777732416882,0.0190426316619902,0.0393815433377297
2577,0.0336189938717598,0.282791472410609,0.44949742185661,0.0268059368576977,0.0789822342549291,0.128303940748394
2578,0.00639236898282188,0.0119975965042198,0.0324402352421478,0.0155705944327111,0.0933470850886911,0.840252119749408
2579,0.335665585647741,0.189536096836584,0.114719413260963,0.132825691796825,0.133462078500509,0.0937911339573784
2580,0.052332454161397,0.36371463274625,0.11561798656082,0.016950888280859,0.143935769085884,0.30744826916479
2581,0.00449935991989672,0.0326491411989582,0.0605436094103297,0.0429103611265459,0.21333675975837,0.6460607685859
2582,0.368309982255819,0.328761051323872,0.107682120800144,0.0416421662042211,0.0775899793245392,0.0760147000914044
2583,0.175060413997308,0.432543705120673,0.215097297557616,0.0341756493876691,0.0454703551252999,0.0976525788114344
2584,0.271880917194938,0.465540726224865,0.103820879357857,0.052791886360801,0.0614599515983854,0.0445056392631536
2585,0.0275492449830199,0.0662234320333077,0.0505916583181983,0.0949417267665159,0.463215584071459,0.297478353827499
2586,0.0436435796583807,0.221144251289408,0.059464704558692,0.0227513567916322,0.153545360751875,0.499450746950011
2587,0.231925907979407,0.0625041248450626,0.0383797352362781,0.210049167477227,0.359875673856248,0.0972653906057776
2588,0.0264003835230287,0.0188853975978056,0.0177745600383288,0.133235668907269,0.724875520428438,0.0788284695051302
2589,0.11353287555587,0.134278451744986,0.0608043811775223,0.159164680999762,0.449491735620646,0.0827278749012136
2590,0.0435783130983238,0.0842267275841845,0.140988740712567,0.135865238740638,0.29933064277727,0.296010337087017
2591,0.0732236613482706,0.144250097412614,0.453915124118467,0.0350822754654174,0.0611180224957909,0.23241081915944
2592,0.0106570723932965,0.0108505534903009,0.00941603816381442,0.0712531793616406,0.832306629621371,0.0655165269695762
2593,0.168820460272559,0.169935740773821,0.0860972367252711,0.104306036918365,0.339983758372616,0.130856766937368
2594,0.0639105831913154,0.113998629117923,0.0692996650755129,0.0817121046429106,0.25862379161848,0.412455226353858
2595,0.225297880509123,0.0834632696906633,0.230583435805563,0.259592704609182,0.106587558632721,0.0944751507527486
2596,0.686210076751302,0.0730841650886715,0.0214398539131625,0.15833267406819,0.0510312322773207,0.00990199790135274
2597,0.0255090071222245,0.0609065706144915,0.268071429017786,0.0450548031647982,0.0947503656802238,0.505707824400476
2598,0.0260452523927948,0.0835012327866015,0.0659003023171897,0.0283573394968034,0.155912179022943,0.640283693983667
2599,0.274326791975719,0.350251092246479,0.0393259927537258,0.117968133345707,0.15722571632166,0.0609022733567091
2600,0.0132584578237648,0.0429511002553653,0.0842266922045773,0.0517249200458132,0.588206696970138,0.219632132700341
2601,0.0307830871613875,0.072309854547825,0.277432662478883,0.0261752089596181,0.100380997556579,0.492918189295707
2602,0.0544387767413753,0.156663143716115,0.119483734014304,0.0654225698710385,0.186343753828768,0.417648021828399
2603,0.036896265233827,0.650795869426172,0.0372559491231335,0.0351272843538506,0.157112787243977,0.0828118446190397
2604,0.0846858365378771,0.0757886980852712,0.301507794458959,0.334569078986432,0.0888173806419661,0.114631211289495
2605,0.00348283365819253,0.0767117575504431,0.220816809316646,0.0445819994701965,0.24982116388246,0.404585436122062
2606,0.0480457159109169,0.100652036638115,0.187347757371752,0.0571355040953789,0.106468917622947,0.50035006836089
2607,0.0408587840857889,0.0480231206451828,0.075293065779947,0.0849481049530869,0.187022695139916,0.563854229396078
2608,0.254782106502782,0.203055430609768,0.0675341531267386,0.120434691253672,0.150694233250716,0.203499385256323
2609,0.0244007668927252,0.0279213449747963,0.0421800003076547,0.124822463127567,0.592943479790063,0.187731944907194
2610,0.0873284823465057,0.258290983201173,0.0831097636686257,0.154173170569156,0.256598335459778,0.160499264754762
2611,0.0633770712075505,0.262366809185688,0.2764267227164,0.0828422012284984,0.0625234210671868,0.252463774594676
2612,0.0416139165624364,0.200558480736316,0.148000615997754,0.0739278254949106,0.181300987058647,0.354598174149936
2613,0.60235515970957,0.258818634949002,0.0219846430312849,0.0515449390184713,0.0574834197706163,0.00781320352105546
2614,0.103657521977487,0.145646319793089,0.101011321965559,0.124020443661169,0.281926383232119,0.243738009370577
2615,0.519514639562914,0.188624823743509,0.0938358306516638,0.0671856524319706,0.0772453481168303,0.0535937054931118
2616,0.0212432185465712,0.0581232953602098,0.102632199830065,0.104515260307817,0.310925527846118,0.402560498109218
2617,0.408580053463634,0.348850969984732,0.0909867095579126,0.0351588612009212,0.087815965319799,0.028607440473001
2618,0.106952574714838,0.0976855484900236,0.073084304891034,0.132766068933305,0.356200470410457,0.233311032560342
2619,0.013970638199492,0.0108554034976346,0.0170832618640052,0.0839577390289557,0.693479232045451,0.180653725364461
2620,0.0487394801302605,0.184965009168036,0.334327578575785,0.0604582213932471,0.179046057883991,0.19246365284868
2621,0.0678875832496418,0.130290570083344,0.0346570670114167,0.11620878822801,0.573315406617422,0.0776405848101657
2622,0.00629282302146726,0.00755239104606687,0.0330283000602205,0.0187924988886254,0.0824008509391624,0.851933136044458
2623,0.384636558157699,0.307274786718144,0.0300276455241613,0.112284263347865,0.134027225693945,0.0317495205581861
2624,0.0157841437924559,0.0514809857180508,0.165772374736322,0.0259350062406271,0.0837936161288138,0.65723387338373
2625,0.237359209212059,0.346063828744409,0.288111146371613,0.0383958064239628,0.0377343160930302,0.0523356931549248
2626,0.00721344245116256,0.018030016267534,0.0419812469263292,0.0194734298193409,0.119387514197513,0.793914350338121
2627,0.180364756875924,0.20522752625918,0.371539632093128,0.0423954055902867,0.0642392184006731,0.136233460780808
2628,0.179849945590912,0.384741179427059,0.0384865462191628,0.156466417812051,0.173416547643422,0.0670393633073928
2629,0.0238990053419648,0.186491982062698,0.0863939104498165,0.0340546075224186,0.194141902972515,0.475018591650587
2630,0.213979034390354,0.0690915361261327,0.11828938727679,0.100706078885872,0.218481494782579,0.279452468538272
2631,0.0331747265198298,0.376921542393337,0.194621752662176,0.0404076407899594,0.159513169401363,0.195361168233335
2632,0.0214248337941202,0.035227506404028,0.0892767062267576,0.0468222626470321,0.171175017184081,0.636073673743981
2633,0.103553145804879,0.413586504771242,0.107846611626677,0.0775691762070761,0.136263530768974,0.161181030821151
2634,0.0485943467701579,0.152235454869084,0.220054761426954,0.11544688795995,0.142888147788333,0.320780401185521
2635,0.0840707710267023,0.206150915511655,0.101878769239845,0.123079071267307,0.259029110446978,0.225791362507513
2636,0.0820399573159137,0.0784582085360776,0.1435184373231,0.251430631178582,0.226381398226057,0.218171367420269
2637,0.0317657663651631,0.0592309192487179,0.0319108110006073,0.0956095480324013,0.61686670881662,0.164616246536491
2638,0.0919165235769633,0.051282312636,0.127624508869498,0.297011184508171,0.129479997989479,0.302685472419889
2639,0.203484272961104,0.0596623629668238,0.0782297043489944,0.153728241333671,0.375969245072101,0.128926173317305
2640,0.0281896383675694,0.0523517330783571,0.0808996333341332,0.0457970386443045,0.130231861210395,0.66253009536524
2641,0.434772352363892,0.117888733478945,0.144114840784171,0.0935396139598952,0.124469083255624,0.085215376157473
2642,0.0151246043542426,0.0958189141333931,0.128062974453229,0.0616028757247476,0.181421589337707,0.517969041996681
2643,0.430974687534292,0.359212564688968,0.0193538527688529,0.0788138939497793,0.0852694550040474,0.0263755460540609
2644,0.0160724035725134,0.220024549053386,0.0942970247705252,0.0246661416088672,0.221016345499677,0.423923535495031
2645,0.0607136365774338,0.0520755104501797,0.0437181868598135,0.121532784147272,0.464100162068034,0.257859719897267
2646,0.0143955251049462,0.0569526339767797,0.194144360916654,0.0467903762594209,0.105567615393391,0.582149488348808
2647,0.0497635274897783,0.0631933971994238,0.078081741769924,0.0907997002573422,0.303161113195356,0.415000520088176
2648,0.136068548833808,0.251588917415728,0.507210596021799,0.0272399514905792,0.0282199073385881,0.0496720788994976
2649,0.0336347888972796,0.0446947639465775,0.074079351311536,0.085030770794332,0.163511900153182,0.599048424897093
2650,0.0818953020950907,0.0380070042153641,0.214205035762605,0.148819545299888,0.134412446169616,0.382660666457436
2651,0.0149415260489492,0.0401913717766154,0.0640199664044143,0.0762106401081668,0.394181229952333,0.410455265709521
2652,0.0313867015986022,0.111006648964875,0.110252930096847,0.0546051020112875,0.358728266689541,0.334020350638848
2653,0.260036823807998,0.235582859805522,0.0741138943680944,0.0974604734716672,0.143393724012718,0.189412224534001
2654,0.0104008161992559,0.0424911002963992,0.0660350125335705,0.0468456381246676,0.137584783576787,0.69664264926932
2655,0.658584402145287,0.163516560602574,0.0190605084301764,0.0670958386530171,0.0792575495097279,0.0124851406592172
2656,0.0399670214826004,0.108032145885724,0.0636482459727703,0.0803657194586078,0.405943454867374,0.302043412332923
2657,0.02845252933054,0.0792830351146158,0.188051294046272,0.0308618428101786,0.124807561698723,0.54854373699967
2658,0.178915635011185,0.086121728821297,0.118674977553586,0.282603357702637,0.222163111244934,0.111521189666361
2659,0.428573367649167,0.13148557632213,0.0672794814911616,0.253026479036574,0.0717021094621964,0.0479329860387702
2660,0.0248362183593204,0.0538306609195428,0.0837913114828791,0.0417094238786179,0.229243343748828,0.566589041610812
2661,0.0337440198957424,0.0740726251812727,0.23753511121199,0.0402125454669422,0.0966550226758859,0.517780675568167
2662,0.0177871044861554,0.0813952355033291,0.156673038224039,0.0397272319911167,0.13807526374402,0.56634212605134
2663,0.0272375172607265,0.0582967349570278,0.104055889905722,0.0767073185586372,0.189166169984315,0.544536369333572
2664,0.0594956998015568,0.188797267447873,0.0491681480403189,0.0972114608838384,0.40977381556348,0.195553608262933
2665,0.280575089703003,0.250603611986837,0.211527492713473,0.0819983408832593,0.107184644517678,0.0681108201957501
2666,0.00683210540165909,0.0156894733017714,0.0940339996934515,0.0127333930938499,0.022684076514652,0.848026951994616
2667,0.0719256270413299,0.170625459157946,0.351312382304986,0.067472405639967,0.145039010858906,0.193625114996865
2668,0.0201189676102626,0.108744376323357,0.300799475761674,0.0250861607999863,0.0910029928220975,0.454248026682623
2669,0.125463920229661,0.34734202878024,0.129960834841042,0.033794871351052,0.0765674383457396,0.286870906452265
2670,0.036123955083764,0.0773650568564324,0.179403939928867,0.0563292908102418,0.148711134608811,0.502066622711884
2671,0.0436242505996227,0.0800745060541639,0.114906348499358,0.105625993623428,0.209158521645843,0.446610379577584
2672,0.01740647592447,0.0502689205432538,0.188330971132506,0.0380345174135719,0.123016777116818,0.58294233786938
2673,0.304702973866532,0.207769030746991,0.0695265235399344,0.132087836120326,0.191578566101819,0.0943350696243975
2674,0.0221781395802132,0.0417513211231328,0.0933568025737341,0.081912698362857,0.298146107738511,0.462654930621552
2675,0.757017741631703,0.149621925681531,0.00942767525318464,0.0540703200892693,0.023847903814335,0.00601443352997726
2676,0.0336833914454133,0.079616362221785,0.121679599080171,0.158955330482529,0.359002758738374,0.247062558031728
2677,0.0788632866126336,0.203669269236394,0.306137616278125,0.0572530300049239,0.287513999448328,0.066562798419596
2678,0.0452972694446412,0.0956136700066484,0.272857164333122,0.0810177507925542,0.249286706273933,0.255927439149101
2679,0.0118715750266576,0.0152964468252936,0.0197327163933995,0.0505742412323555,0.3113892257615,0.591135794760794
2680,0.149989545857026,0.107474762035682,0.345579383028885,0.261231323115754,0.0806003067356303,0.0551246792270232
2681,0.0285469761036498,0.212508624099529,0.147239737298034,0.0274641856251923,0.242467021486179,0.341773455387415
2682,0.0240996086004494,0.0279405841239526,0.119114244369393,0.113101695284128,0.206279062479236,0.509464805142841
2683,0.550667718187969,0.157216881575952,0.0193612490538097,0.169136717437736,0.0934919345551126,0.0101254991894212
2684,0.0211990241278019,0.0541737976597831,0.0560956932510603,0.0902277795835462,0.410058809378556,0.368244895999252
2685,0.119857778848786,0.0623565322388624,0.352730744940763,0.0756799877018938,0.0646214548300354,0.32475350143966
2686,0.0341241332173263,0.0818483327054002,0.0897071045070165,0.0492895274232825,0.116881692329837,0.628149209817138
2687,0.269832782641524,0.284475762646288,0.0917880607337968,0.160186869197609,0.129243015910283,0.0644735088704987
2688,0.0258338044845135,0.111981861782182,0.0788134042051406,0.136448891711703,0.447588218419789,0.199333819396672
2689,0.156749213536421,0.502999750194131,0.0894859793422495,0.0867879934782892,0.10365360541216,0.0603234580367487
2690,0.033231452021489,0.0328699677104748,0.0639516034836632,0.211881075216897,0.457971746696996,0.200094154870481
2691,0.065537318329194,0.188627696264715,0.167698165073739,0.0460504672311893,0.242886422129782,0.289199930971381
2692,0.148111955011883,0.168843339262837,0.256783157547672,0.0601270161147802,0.181946482129698,0.184188049933129
2693,0.0520945859827074,0.0583918174458017,0.102205250811565,0.0633546178953798,0.131342735061564,0.592610992802982
2694,0.00595766536342385,0.0121640248804594,0.0249684802216403,0.0579181369846897,0.423014696458072,0.475976996091715
2695,0.639609062274643,0.14257930677212,0.0400553237652269,0.0898251702059952,0.0643309260953931,0.0236002108866217
2696,0.0420056572308662,0.134366239890551,0.305339721830482,0.0487784631399412,0.06705042938124,0.402459488526919
2697,0.156849305260196,0.245822465508938,0.233173995367374,0.0645281649400586,0.159198595943949,0.140427472979485
2698,0.0129448968922154,0.0425625274540917,0.297962770781287,0.0319534368581416,0.273551534680225,0.341024833334039
2699,0.0255693032790537,0.254943498840117,0.495331574605801,0.00478737368863783,0.0320133087656427,0.187354940820748
2700,0.00809695042635088,0.0631308902977952,0.0506106588727305,0.0199990182904656,0.262238419710569,0.595924062402089
2701,0.0197601377033529,0.0572501630384618,0.110041000553478,0.0624895380391954,0.148768706210807,0.601690454454705
2702,0.446446985512885,0.179857627602816,0.158456078563956,0.0660819044003798,0.0716144753815919,0.0775429285383705
2703,0.13928805478498,0.0711660255589234,0.128051592171197,0.224816042779816,0.274315342268965,0.162362942436119
2704,0.0965463701374172,0.260673996686959,0.457269851444507,0.0304108853640789,0.0536841408519081,0.10141475551513
2705,0.018721789776401,0.137389970649615,0.438151740999007,0.0342083815924543,0.0549370277348149,0.316591089247708
2706,0.0301342009481135,0.0735619749810996,0.222579861298184,0.191041743506424,0.207980725529063,0.274701493737116
2707,0.0172940032664081,0.0238399020898394,0.0168007931966934,0.0767039243387633,0.752352556577004,0.113008820531292
2708,0.378010722890796,0.220762172033111,0.0638322954727387,0.137661819051646,0.159411617427706,0.0403213731240028
2709,0.055120417347442,0.275631432767132,0.400902998282319,0.0395680210714423,0.0703632710196281,0.158413859512036
2710,0.0663575484356368,0.0578401373457151,0.407796161838522,0.058474613977133,0.0487749856716973,0.360756552731296
2711,0.226958255014081,0.120543876590861,0.072041920398014,0.150163004636716,0.244304171457989,0.185988771902339
2712,0.211141379010137,0.113087228685702,0.0909512301759553,0.290530470790701,0.222129895726703,0.0721597956108016
2713,0.0516004420575758,0.154901845920714,0.340774854922393,0.0817412853523875,0.0946758116438091,0.276305760103121
2714,0.0173656693139264,0.134263525344565,0.392160994124736,0.0231495400697511,0.107342567664246,0.325717703482775
2715,0.0238179915844794,0.111524348125952,0.338093375754877,0.0417107410019541,0.202853217718143,0.282000325814595
2716,0.0447489540991002,0.052769808824012,0.0472374203049971,0.0917781949419253,0.422990702679319,0.340474919150647
2717,0.0187505665047681,0.0336633044770968,0.0659729346178488,0.0730846587557712,0.241938785972337,0.566589749672178
2718,0.0567909071014145,0.0635150679373397,0.243561736965202,0.101422481262754,0.139707156294142,0.395002650439148
2719,0.0273164252111343,0.0719023968878248,0.149468532406738,0.0828235921670804,0.217888429256135,0.450600624071088
2720,0.259026622766742,0.108647093967861,0.129612207228464,0.125802600998408,0.212747153642831,0.164164321395693
2721,0.0395558493532426,0.0757396259965992,0.171695822254786,0.0775173619457165,0.24606470786573,0.389426632583926
2722,0.283557220256073,0.459435319605045,0.145901771662113,0.0177659576213606,0.0635078484208848,0.0298318824345242
2723,0.0530216030747936,0.32852173999626,0.27928005964709,0.0453391412248181,0.0847069229930399,0.209130533063998
2724,0.570298309901192,0.17351931041705,0.0518378831024462,0.0961328071194401,0.0879927075305854,0.0202189819292871
2725,0.413021076188804,0.430963478191444,0.023334381134071,0.078431156999866,0.0338474447204735,0.0204024627653417
2726,0.041827057184595,0.113941220835301,0.0654142126449684,0.12610349276318,0.565804576566698,0.086909440005257
2727,0.00882205728059256,0.0503430912911457,0.0467230429784852,0.0610712430329115,0.311184648361647,0.521855917055218
2728,0.0589545983336403,0.0621713108369321,0.259608214688683,0.0852335147548601,0.0999318925635993,0.434100468822286
2729,0.215349093763221,0.287135370739539,0.0644529284267937,0.101693893858596,0.233845366732807,0.097523346479043
2730,0.0122352568938968,0.0459299656770235,0.0709629721834898,0.0653517653718511,0.279115846603227,0.526404193270512
2731,0.0957517267311372,0.208047873688422,0.104562760869328,0.156052704500985,0.32366701019011,0.111917924020017
2732,0.0323343697060706,0.0931188845446614,0.336967135046084,0.0275675745943326,0.0709313931976709,0.439080642911181
2733,0.035674349915029,0.130956304111144,0.142164304353396,0.247226436629775,0.344981763142923,0.0989968418477331
2734,0.0122311406727348,0.905255395147772,0.0231958999345601,0.00229489035196021,0.0228206873029665,0.0342019865900068
2735,0.0426693075669043,0.357402132637991,0.163762098785567,0.0183671573014258,0.128703946670282,0.28909535703783
2736,0.0761517506418994,0.101378305454291,0.084003603200656,0.256473835210762,0.399149709294372,0.0828427961980198
2737,0.173424869073341,0.169302616950507,0.269057510961281,0.0292379160189625,0.207909712346103,0.151067374649805
2738,0.0258423268407026,0.0980944433515679,0.0880393959018698,0.0341355954406943,0.137323503304812,0.616564735160353
2739,0.408795346257727,0.357054362200088,0.0539479590017872,0.0520070248719252,0.0901386828423923,0.0380566248260797
2740,0.251827769050565,0.248811075486785,0.13387355309346,0.0952303930958195,0.133494052362751,0.136763156910618
2741,0.145709228337031,0.251095445972208,0.204423527351185,0.0793513151915045,0.159464280595806,0.159956202552266
2742,0.0509093464501323,0.108696874521823,0.0878227109549232,0.116212085092376,0.409406675782673,0.226952307198074
2743,0.32273696636269,0.151031631604497,0.130514264361843,0.15394797224359,0.135187082120116,0.106582083307264
2744,0.0262942686148161,0.0803420102110257,0.0408230187292454,0.151370484392744,0.577862189002174,0.123308029049995
2745,0.00556370222252469,0.0227416996530016,0.393474352505942,0.0541541641791475,0.28295227671887,0.241113804720515
2746,0.0268535388480407,0.0847188098230629,0.17840583765405,0.0530303984663667,0.127722836092884,0.529268579115596
2747,0.0253448677649605,0.0282775158066281,0.0261149149034162,0.0665265844532898,0.613784667243112,0.239951449828594
2748,0.0145375215231202,0.043229271426145,0.0470533861263712,0.0683878723687612,0.64394733996374,0.182844608591862
2749,0.273430094830991,0.251824484762793,0.0462404449928906,0.165706391888805,0.143087550907959,0.119711032616562
2750,0.0265830541788271,0.100473139953829,0.256026790994318,0.0855792229002942,0.152234904844292,0.37910288712844
2751,0.13616646731352,0.126996756153274,0.0825723914879639,0.189623237945757,0.411235018371423,0.0534061287280621
2752,0.0705117331390252,0.112057739890711,0.225947512071744,0.131090516932932,0.118102859862846,0.342289638102742
2753,0.0421124363060417,0.0936382824335888,0.084061554771601,0.133717497662252,0.503859329843324,0.142610898983193
2754,0.0230340684393262,0.250699730576821,0.0586896073910445,0.0296097709264261,0.475343569435563,0.162623253230819
2755,0.00356635943038461,0.00732906945706539,0.0300199184713629,0.0175400821377476,0.201841747223808,0.739702823279632
2756,0.0154325173632788,0.0229445482386294,0.157268442190247,0.0269944472776972,0.0723429431952077,0.705017101734939
2757,0.032831753712091,0.26872696010765,0.0731696352237938,0.058994070872548,0.22370452947796,0.342573050605957
2758,0.0554547089433496,0.294137101449174,0.166995770282475,0.0344734654678528,0.204673481842323,0.244265472014825
2759,0.0350976451042043,0.234992487343527,0.0664001753695614,0.0239412760314612,0.127211381341223,0.512357034810023
2760,0.480576890939061,0.205057319161559,0.0789051274864801,0.140854433021495,0.0749568152372638,0.0196494141541412
2761,0.116346194144929,0.0806361847996722,0.0851716990187045,0.206902604592233,0.407319769091463,0.103623548352999
2762,0.00994377322576084,0.053987685168507,0.0735477775755898,0.0290928948574419,0.324180305135226,0.509247564037474
2763,0.0580438286030016,0.200611362252094,0.217643578497347,0.0675131104875027,0.169921719020589,0.286266401139465
2764,0.0269496336803431,0.0307167478368355,0.111678527839013,0.0504035141345789,0.101289438370314,0.678962138138916
2765,0.0486086193991834,0.199974849013942,0.252426763508225,0.024765828841257,0.122343745901055,0.351880193336338
2766,0.0800480849919296,0.1668777866074,0.130660938525321,0.0484418114557026,0.261010243651065,0.312961134768582
2767,0.0127978348205074,0.0206886127728179,0.0519701675964209,0.59114259644844,0.156202565353281,0.167198223008532
2768,0.0399825780905497,0.171836223282369,0.439768591753677,0.0267845714534706,0.0543909678210896,0.267237067598844
2769,0.0770551431038318,0.530838634583261,0.0567228380052007,0.0888406359842141,0.179529126936655,0.0670136213868377
2770,0.00585163742531945,0.0340589974237373,0.0779345179996437,0.0301997286679728,0.200401815043742,0.651553303439584
2771,0.0265891273170291,0.148640624689888,0.473486248695254,0.0360234205000647,0.0490853284162674,0.266175250381498
2772,0.0357996557235088,0.0534878180384747,0.154042266525971,0.185127588697428,0.353539081064403,0.218003589950214
2773,0.0524967062991704,0.371794088462411,0.153257859058264,0.0317425737592851,0.222510970575183,0.168197801845686
2774,0.0938867616552041,0.599471495785459,0.0706592623918075,0.0222161408196576,0.139851560745554,0.0739147786023179
2775,0.00747906937827795,0.0170165474275594,0.10468464573296,0.0236805889005769,0.082093483646937,0.765045664913689
2776,0.0210799895998981,0.0586743778625039,0.100297457731322,0.0646482637177372,0.209674676522065,0.545625234566474
2777,0.00832899760880323,0.0288986370014781,0.0979216052426164,0.0277270960932772,0.145002746937079,0.692120917116746
2778,0.272331534666326,0.120800127677181,0.177403363993559,0.109712997945504,0.109189225870403,0.210562749847026
2779,0.0396035281520258,0.0523928172952239,0.234422171495684,0.189748479858357,0.146389154540804,0.337443848657905
2780,0.0594947461102571,0.15997858428866,0.388207886639249,0.0973022499703006,0.0864151557470963,0.208601377244437
2781,0.0136623012852891,0.0163209417781524,0.0497784013025046,0.147993592265616,0.484200816245297,0.288043947123141
2782,0.0205777118339271,0.0414188030538818,0.22902559674714,0.0426231141079883,0.134494218999591,0.531860555257472
2783,0.524604003143844,0.203689609666699,0.0823517153859983,0.0955674898949467,0.0601272394551387,0.0336599424533728
2784,0.0997818529120365,0.21305838367059,0.0730492677312073,0.123265731470761,0.321394855096011,0.169449909119394
2785,0.00400384174790673,0.00743043728863714,0.0289992115069357,0.0282567591204748,0.386173611016791,0.545136139319255
2786,0.0331750545667375,0.161934409848344,0.0988630302259099,0.0883241101891256,0.379687834061561,0.238015561108322
2787,0.0130468142252659,0.0273855026616196,0.0681165264472324,0.0320612621790844,0.114994924165694,0.744394970321103
2788,0.0408668683536266,0.107194617202907,0.217375337003598,0.0576813238455308,0.111578094014897,0.46530375957944
2789,0.0716900317970898,0.121985837461754,0.258935276466019,0.122732758627159,0.160135298012155,0.264520797635824
2790,0.243090434831727,0.172614007137873,0.0568204216387134,0.0981786252777837,0.258165958249223,0.171130552864679
2791,0.259779564808253,0.125665166993448,0.0534707800020596,0.245939827367997,0.264581969260516,0.050562691567727
2792,0.453264326629585,0.300864172211103,0.0307078034728466,0.0799837081540062,0.112543023921081,0.0226369656113784
2793,0.0154306109298137,0.0682035163604685,0.0599002952013799,0.0414351793030352,0.323594371734394,0.491436026470909
2794,0.487632792349735,0.131465111323145,0.0517765972266108,0.110646363477778,0.171659281249752,0.0468198543729787
2795,0.417260970878248,0.173109249759435,0.0467201646483843,0.233066559171569,0.109564134469454,0.0202789210729092
2796,0.00607858166901085,0.0154180395775949,0.0963702467489681,0.0437877221427961,0.146744969870787,0.691600439990843
2797,0.106242244223663,0.102179604467647,0.120055098195077,0.117959198352046,0.157466081754487,0.39609777300708
2798,0.0251233488833141,0.439525165208727,0.180584178485537,0.00677248163994823,0.143266363728327,0.204728462054147
2799,0.274301772435539,0.160792385284697,0.295706432592162,0.0312549162636125,0.0760743099416194,0.161870183482371
2800,0.0199058800636085,0.0168446744885621,0.0398704938570536,0.0281536151016756,0.0936720089801684,0.801553327508932
2801,0.0124000791693392,0.0254864170901774,0.0204470509503202,0.0386851100364569,0.411272218558479,0.491709124195228
2802,0.0224578505432356,0.0750156710515952,0.0765787028796838,0.0444890005843255,0.308665435297346,0.472793339643814
2803,0.0843982539233327,0.587550650999007,0.135761859515248,0.0202294267802896,0.0769718245232372,0.0950879842588853
2804,0.0349471970925458,0.0876649322852923,0.12757198058812,0.0499999827279074,0.261059897477298,0.438756009828836
2805,0.449870439839625,0.111327127834948,0.183787104905588,0.0968002273588976,0.0862125914886121,0.0720025085723302
2806,0.0530998612586438,0.0414046001561013,0.0685216556119563,0.264041152201664,0.419165264941297,0.153767465830337
2807,0.156190896914039,0.184212934365241,0.196553280354425,0.127249242509619,0.126874281688399,0.208919364168276
2808,0.0160387429545989,0.0381837281644787,0.0527222583875124,0.0319224646384953,0.158511942829019,0.702620863025895
2809,0.0675276446581227,0.151320295600665,0.497870426614898,0.0654785713920998,0.0461608392807544,0.171642222453461
2810,0.0176414360539676,0.028336496408481,0.0529916194630037,0.104220009466032,0.365456872072882,0.431353566535634
2811,0.0121366319574117,0.116510000391523,0.126178715206204,0.0324772339466359,0.318465105125576,0.394232313372649
2812,0.51386790202478,0.326938946551443,0.0618843519694906,0.0389958111579488,0.0350503868852453,0.023262601411093
2813,0.365213953282868,0.107203348142937,0.0917587364392951,0.127090258226412,0.240805393961463,0.0679283099470259
2814,0.0308812829547971,0.302498917922664,0.19141848495054,0.0299925486000314,0.106742620844785,0.338466144727183
2815,0.0259233121449317,0.0521988014758297,0.130807374764822,0.0681047915476039,0.135751458146751,0.587214261920063
2816,0.20712653892619,0.18488304871868,0.29000114481856,0.126085976216492,0.138860765502,0.0530425258180775
2817,0.0807230923043212,0.554766441203946,0.0654537115424863,0.0742466889519156,0.118560332938619,0.106249733058711
2818,0.23786053347152,0.459770379899206,0.163172616954052,0.0306998452143054,0.0377899297346883,0.0707066947262281
2819,0.332007949515789,0.415625567769755,0.0891887268005156,0.0369789251967279,0.0875952550770543,0.0386035756401586
2820,0.443612398808951,0.26295181195935,0.181449657966546,0.0494662641420801,0.0466878608104684,0.0158320063126049
2821,0.00855934900706914,0.0453656110895207,0.0198753616461977,0.020830843002079,0.24513130776705,0.660237527488084
2822,0.203371699197128,0.313585907103735,0.186367838102709,0.0691706915274694,0.0995078816252144,0.127995982443744
2823,0.044358279184901,0.0981854463974183,0.12381071492002,0.0819220642440096,0.19676084121363,0.454962654040021
2824,0.0459243046780652,0.100052520491076,0.208934071317792,0.0828682369601672,0.228378065524643,0.333842801028257
2825,0.0186821618856216,0.0486106173588321,0.280463928755488,0.0517109303195687,0.0422569396909589,0.55827542198953
2826,0.063131911119543,0.186645996318509,0.0818039947984136,0.115346124459524,0.375113217833479,0.177958755470532
2827,0.0831088896531539,0.636128901765094,0.145732315121848,0.00918784677516674,0.0517637870564826,0.0740782596282553
2828,0.0207302664301197,0.114664555833133,0.13420637835281,0.0316578474435725,0.27745647810498,0.421284473835385
2829,0.0465884591803476,0.0348939081531246,0.0750350690900167,0.22851142449922,0.530645883522648,0.084325255554643
2830,0.0148531926457711,0.0359418924075017,0.151665771526177,0.066793477760524,0.167246995370106,0.56349867028992
2831,0.379075288053712,0.42251827505686,0.0694125237012154,0.0691725059363054,0.0347836893151108,0.0250377179367964
2832,0.0410058508193161,0.470316363161611,0.155398826390972,0.029399192289067,0.162483266175479,0.141396501163554
2833,0.304842443841207,0.105520157281494,0.125535977916249,0.155599487584776,0.193718064214898,0.114783869161376
2834,0.0180785740409402,0.0669244650117263,0.129250524937634,0.0322065532080514,0.134511685430437,0.619028197371211
2835,0.137411417775406,0.331809149770305,0.0712992931120151,0.083918662355681,0.207951858313444,0.167609618673149
2836,0.0393779945464306,0.0970581616519419,0.0884425771214777,0.143293741610252,0.276443402341553,0.355384122728345
2837,0.0341867031521976,0.281919185435963,0.321753205123439,0.0698985255429036,0.119039957365764,0.173202423379734
2838,0.385207844823261,0.18269578166847,0.164021985417443,0.117782884716723,0.0579875652378183,0.0923039381362844
2839,0.0560586611225938,0.165816129047726,0.195671183452392,0.172417011453699,0.196948988051995,0.213088026871594
2840,0.152352705355955,0.0878538667651582,0.0923555977987052,0.2957056575497,0.189605892658257,0.182126279872225
2841,0.281615967405975,0.184006526594343,0.102133922275396,0.0754833235713213,0.16488230127326,0.191877958879704
2842,0.0230944130241755,0.0581038011948937,0.0432301734280381,0.0513602909224861,0.391709803277381,0.432501518153026
2843,0.0811807395998693,0.119852204238175,0.0707761369624601,0.011888338538518,0.491399623590083,0.224902957070895
2844,0.0609724008725062,0.231198773588674,0.312063402159978,0.0267800469901847,0.0694474094440474,0.29953796694461
2845,0.246871871071766,0.543532383161175,0.0637451126880699,0.094203404693243,0.0425033347638915,0.00914389362185516
2846,0.00402152898269818,0.00609967913722219,0.0161910747658233,0.0218750867143174,0.132938728464881,0.818873901935058
