"CUS_ID","F20-","F30","F30+","M20-","M30","M30+"
2501,0.0386701116695372,0.43646010895635,0.15650655482156,0.0105290928303191,0.174339639122701,0.183494492599533
2502,0.102716207963478,0.217393511700687,0.0783089233415228,0.135500267316844,0.346200809349233,0.119880280328236
2503,0.014002352034496,0.707187773379235,0.0169182219175856,0.0106742286044599,0.220459025871696,0.0307583981925269
2504,0.513805089331008,0.122293820535602,0.0852149128902067,0.162161031381997,0.0464838586782005,0.0700412871829866
2505,0.083858909232941,0.194066542854473,0.114702404154094,0.0573978109163162,0.0865712019531605,0.463403130889016
2506,0.00434279797423252,0.38865961310081,0.111479489448603,0.0200713911569385,0.22723095596945,0.248215752349966
2507,0.0064193296776555,0.0240270132362298,0.148460603076664,0.0201986722072857,0.144701124466597,0.656193257335568
2508,0.00427800567672679,0.042927200147935,0.0120304291701842,0.0221253399251902,0.633676804688313,0.284962220391651
2509,0.0403078218658294,0.029194507923991,0.162677031617538,0.0441758193157789,0.0754927535696351,0.648152065707227
2510,0.00658233003756276,0.0576081933363562,0.0422690071547649,0.0149331425761528,0.352974873041258,0.525632453853905
2511,0.73026293850559,0.0935388994268925,0.0414694985386681,0.10235699632452,0.0219614813970154,0.0104101858073141
2512,0.0271113171142774,0.131469243660856,0.0279735466048021,0.119277857500813,0.598963437338074,0.0952045977811776
2513,0.00906104619205264,0.0173798541195912,0.0258864570370325,0.0258826837349769,0.498656235247999,0.423133723668348
2514,0.0694492946665408,0.612425693265737,0.0316352044516015,0.0159887790715968,0.236682974866933,0.033818053677591
2515,0.00779146504683964,0.0346523572885102,0.0285434744416595,0.0189770007505431,0.255427527935996,0.654608174536452
2516,0.065266469813718,0.069063228154391,0.0423059638464921,0.284990092671079,0.384430991547891,0.153943253966429
2517,0.0149761464405817,0.569501607520969,0.0739896834898383,0.0126692794182868,0.173528079918907,0.155335203211418
2518,0.444571255349584,0.199907341814606,0.187817676748903,0.0652212242083531,0.0382900603599007,0.0641924415186533
2519,0.0462154541332481,0.89675425071062,0.0121883286348917,0.00410828954206596,0.0283372709264672,0.0123964060527067
2520,0.0291325908454341,0.0393472994849558,0.0237078101031729,0.164750911292057,0.52096716070183,0.22209422757255
2521,0.0119071914939377,0.0642778335916414,0.277957834713719,0.0253185419344175,0.116626201341714,0.50391239692457
2522,0.270843555923063,0.144330076339587,0.171666631813153,0.096087019911463,0.135880631480767,0.181192084531967
2523,0.0370040580215102,0.523866557177411,0.0360422425014557,0.015474808415894,0.24624362171183,0.141368712171899
2524,0.0179927764712703,0.144005634789708,0.24344377133286,0.0422237947689228,0.074879788540305,0.477454234096934
2525,0.0824376228904927,0.0731208651973417,0.0877232113668806,0.250000990245349,0.334115509015687,0.172601801284249
2526,0.163377388572642,0.252123309173964,0.0586515177526492,0.096050445065291,0.340280170033982,0.0895171694014712
2527,0.57143103599165,0.114951096454748,0.101213823518009,0.0425129977355994,0.0790858607985895,0.0908051855014037
2528,0.00303703076481735,0.0081256514742886,0.025171050166598,0.0220778768299375,0.105976458679379,0.835611932084979
2529,0.110731418082177,0.208837053143285,0.228669530889688,0.0801737523774241,0.150411637561001,0.221176607946424
2530,0.00795751848919174,0.0139663728153341,0.202376204758953,0.023001846557964,0.0977350914199678,0.654962965958589
2531,0.0193829222844964,0.214547051272168,0.0559222699664343,0.0710238241309157,0.454041951314866,0.18508198103112
2532,0.0332125059103498,0.283261688184559,0.09600545943217,0.0255202190499073,0.192446505792134,0.36955362163088
2533,0.000409873381826485,0.00337831977112547,0.0266892261632936,0.00313667889992961,0.0303944941776123,0.935991407606213
2534,0.182146575848053,0.107609438662373,0.167863355081699,0.282573948933607,0.0613915926479336,0.198415088826334
2535,0.0322259751457556,0.0930513764041964,0.257639425387125,0.0205520205638873,0.157115420763734,0.439415781735301
2536,0.14526565772544,0.296435317877739,0.093946987234777,0.075769778728147,0.207670223105457,0.180912035328441
2537,0.0494063275441431,0.809030121398478,0.0528131630191406,0.00565394359802153,0.0643060971519275,0.0187903472882896
2538,0.253049054626186,0.114386161279459,0.0740030018067238,0.126640376006649,0.233852698510799,0.198068707770183
2539,0.265827297841204,0.235904504998345,0.240711923664816,0.0492510018229413,0.128201495074862,0.0801037765978315
2540,0.195255709405425,0.0578770030348572,0.0492423316907455,0.28922084601709,0.336767631916997,0.0716364779348861
2541,0.0963670293643876,0.0378271481483373,0.0169310040469467,0.590843709077726,0.240204271115167,0.0178268382474352
2542,0.0363656373976943,0.550401640939372,0.0191055605916467,0.0268256953576025,0.345833079033585,0.0214683866800997
2543,0.0072465918913978,0.0198533148102995,0.0772787022249079,0.00399283682169679,0.120664842980261,0.770963711271437
2544,0.0756910665411687,0.147449942540325,0.177598870145969,0.209291747746551,0.146562969269852,0.243405403756134
2545,0.0526014154534268,0.279662423927961,0.13101474465823,0.0259659039268483,0.372987621230285,0.137767890803248
2546,0.0331614350599194,0.0669100142551662,0.0468071661269766,0.17898778069072,0.578672019875233,0.0954615839919853
2547,0.015554999781829,0.0492807297100956,0.645835591762151,0.0183253857299654,0.0447790313975813,0.226224261618378
2548,0.0468467273024912,0.0540328493322211,0.0582000599901056,0.277498068016413,0.486085886105006,0.0773364092537637
2549,0.00797089463750822,0.0741347115686863,0.0237979648506971,0.0286425069243424,0.362788677576249,0.502665244442517
2550,0.0139240770386135,0.0129355273091442,0.0259546627738081,0.216887007485665,0.482829858589746,0.247468866803024
2551,0.49336602493307,0.190970522257814,0.0265978508687156,0.153601825037151,0.08003253843454,0.0554312384687096
2552,0.0890228828314466,0.300942014354179,0.289544866031165,0.0184483663395341,0.163853815108415,0.13818805533526
2553,0.39132338965371,0.251452435749189,0.0524109813661764,0.115475920485452,0.153125057580137,0.036212215165335
2554,0.145441533245842,0.323356110280893,0.117944065006305,0.0892162185976443,0.267137803919711,0.0569042689496045
2555,0.00867135568758939,0.152894706994345,0.0940914707681101,0.0302613485263178,0.580536872444035,0.133544245579602
2556,0.0740875338765968,0.351591023004449,0.332970669057309,0.0284427932975246,0.0899797987836161,0.122928181980504
2557,0.45182878751629,0.118380026146216,0.346211888083011,0.0362820602074527,0.0341384435686743,0.0131587944783565
2558,0.0157023115763285,0.0390097410559238,0.861360992976227,0.0156889981341488,0.0251725772991375,0.0430653789582339
2559,0.0851458544141062,0.454155118591061,0.184525154739808,0.0166858810576954,0.0953008547402583,0.164187136457071
2560,0.0113377914227098,0.177042874989335,0.10898935189607,0.0196944568374344,0.242516083175654,0.440419441678797
2561,0.00819606518110954,0.0580723038376169,0.278665299680381,0.0051134940673699,0.216783785677106,0.433169051556417
2562,0.168311537155593,0.316847144283885,0.0307589508345076,0.0798832767007518,0.37389573964653,0.0303033513787324
2563,0.537883224011655,0.0828939072993223,0.154284694713453,0.110551974418882,0.0834603883633397,0.0309258111933481
2564,0.146558598833442,0.0636697985861589,0.081321971526569,0.450084414322384,0.0828105044963919,0.175554712235054
2565,0.0383029639271597,0.141792025887125,0.169480290803052,0.0646861305206245,0.242486225042084,0.343252363819955
2566,0.0135618667147608,0.0524497606538925,0.160222325064573,0.0407876663286629,0.249524950561327,0.483453430676784
2567,0.0241477979742712,0.138331394616111,0.139536126986502,0.0302961117480752,0.196736207939295,0.470952360735746
2568,0.00807977435729176,0.0611368992575529,0.0680611253031945,0.0167015352933435,0.471635099500588,0.374385566288029
2569,0.0688709781668708,0.129286199984537,0.143312905879086,0.0184851836157776,0.106655912370737,0.533388819982992
2570,0.0235287704224493,0.741940837573107,0.044141745722918,0.00377349511287845,0.0766674215746335,0.109947729594014
2571,0.0398245910855787,0.0833444900970043,0.0172439279868692,0.200785212486934,0.38639948520225,0.272402293141365
2572,0.0690144040441564,0.0421443167906024,0.28045091396677,0.0702712884280294,0.0912997934292697,0.446819283341172
2573,0.0387307718527159,0.213558908814999,0.0637049135497819,0.0136528807815824,0.250439442819493,0.419913082181428
2574,0.0218978937772061,0.0470136621664256,0.0215083447088863,0.214920560862967,0.580416821153604,0.114242717330911
2575,0.0196865003675236,0.0244204976832944,0.0158323791735712,0.121208430543591,0.652218250025219,0.166633942206801
2576,0.29225629100734,0.364059530540366,0.194998782207868,0.0895034068235381,0.0202835998839631,0.0388983895369252
2577,0.0355460040125358,0.248444459191509,0.490796098739753,0.0185583777165117,0.0906432428529436,0.116011817486747
2578,0.00118314501465831,0.00722311127246907,0.023126968064306,0.00568683235877036,0.124800213937924,0.837979729351873
2579,0.326362318829577,0.173053701117621,0.139959308800736,0.133346924764432,0.160626693287047,0.0666510532005869
2580,0.0404737805121141,0.394672700588321,0.118216654945602,0.00916332906304202,0.211753811368254,0.225719723522667
2581,0.000700533165653682,0.0149242943188753,0.0503744137264129,0.0164197519816258,0.292719151854494,0.624861854952938
2582,0.341159240558645,0.29823016035709,0.113857917825486,0.0461213327478463,0.111968269968373,0.0886630785425584
2583,0.186475009477448,0.474765640897855,0.190202081421999,0.0268820244245972,0.0559481155816562,0.0657271281964447
2584,0.191244663523044,0.512698771257129,0.10723858693788,0.0463783543268293,0.0956653397266716,0.0467742842284464
2585,0.0104172571126077,0.0686537130902226,0.0274520759322959,0.0623853292990241,0.565177324263965,0.265914300301885
2586,0.0336089222874946,0.280217207412367,0.0770846687166913,0.0230334238121037,0.224503228351971,0.361552549419372
2587,0.209767069489735,0.0499466405266503,0.0267478067014743,0.421548952358668,0.207960747487512,0.084028783435961
2588,0.0299484227562632,0.017376065300466,0.0073877442915519,0.435007241405239,0.440799450124619,0.0694810761218611
2589,0.101689240884767,0.101988603505498,0.0347609318610958,0.219330864766519,0.480995486028276,0.061234872953845
2590,0.0226072477441141,0.0857580725992194,0.123840988698978,0.11952131788184,0.31675203222821,0.331520340847639
2591,0.0497188443766738,0.075942593607914,0.577907079050993,0.0125973527654935,0.0448629504010761,0.238971179797849
2592,0.00815391648999497,0.0141442180557442,0.00312032242649208,0.175928414273967,0.702392097553809,0.0962610311999924
2593,0.138092428426707,0.138212337923443,0.0629951235973689,0.0592816799603467,0.495354190135163,0.106064239956971
2594,0.0456278856613707,0.108328545283832,0.0592447212974326,0.0465660011353421,0.309617010677704,0.430615835944318
2595,0.138929692871055,0.0529605772035911,0.207677468177152,0.431277421776873,0.0738878189056402,0.0952670210656887
2596,0.644136951279357,0.0639138851993459,0.0119162784156227,0.245705934932012,0.0287187174174924,0.00560823275616991
2597,0.00567989671478039,0.0243211296016641,0.157554321729936,0.0099638283778468,0.0808147480687054,0.721666075507068
2598,0.0122899887068708,0.089972041366515,0.0553559123242715,0.0133973115000291,0.25198277523937,0.577001970862944
2599,0.317193154841142,0.364832106148712,0.027160101776976,0.0806460024218121,0.169404702541596,0.0407639322697631
2600,0.00168618917453554,0.0197866707764638,0.0376491773773362,0.0137431268459355,0.810466773996327,0.116668061829402
2601,0.0128335651596324,0.03505548255924,0.178821834294865,0.00566495839160319,0.0822190800032998,0.68540507959136
2602,0.0254110578364739,0.176796689810404,0.125864176971822,0.0336555543345535,0.261523912061336,0.376748608985412
2603,0.0323397752566798,0.614158212349453,0.0299005977843132,0.0198044290763456,0.247098344549014,0.0566986409841949
2604,0.0635577451074245,0.0454112139966311,0.348271336389138,0.321134701312671,0.0925295225604261,0.12909548063371
2605,0.000252134720333245,0.0259698905081571,0.121224848858329,0.0118343069339623,0.273840960014168,0.566877858965051
2606,0.0198174625869577,0.0763436398272515,0.173901159442834,0.0206277408165022,0.117381498965688,0.591928498360767
2607,0.0204288352625393,0.0361274365031969,0.0582050773824379,0.0617156575307913,0.291076514981344,0.532446478339691
2608,0.160006475959917,0.259979852325327,0.0607495341560162,0.190184832656306,0.144641656815313,0.184437648087122
2609,0.0165745178859966,0.0420198224511652,0.0308829298930651,0.139972379951057,0.555009600107534,0.215540749711182
2610,0.0692295666923014,0.210155943957792,0.0638865396845242,0.172661902865095,0.385143323837723,0.0989227229625645
2611,0.0360492922695051,0.257402056939679,0.28118745286602,0.0727868333798051,0.0666722784774553,0.285902086067536
2612,0.0257177666571228,0.207737020256059,0.1426643383636,0.0482218623727991,0.311515324833997,0.264143687516423
2613,0.608218205147287,0.226795568972535,0.0240828189371365,0.0667547397867439,0.0666817960159624,0.00746687114033479
2614,0.0924609166981236,0.112872302136106,0.0750626490248508,0.0903146627352548,0.408061505043541,0.221227964362124
2615,0.604256372320023,0.13706871049516,0.0906018009278945,0.0570622068092902,0.063476331953226,0.0475345774944067
2616,0.0137748411217031,0.054923318538083,0.08209514397152,0.0633753830586195,0.362535400009396,0.423295913300679
2617,0.367726453795184,0.374046018635111,0.102709408487137,0.0390468188593061,0.0954883031865079,0.0209829970367538
2618,0.117489546080637,0.118496075809237,0.0614599549332194,0.123401199401126,0.381824242758352,0.197328981017429
2619,0.0192195503552354,0.0194481042935494,0.0129231678105283,0.134400791021766,0.597693081487925,0.216315305030996
2620,0.032177590454608,0.115282208258061,0.247159146127791,0.0380582913557147,0.361378475369925,0.2059442884339
2621,0.0281536833303694,0.0806130890317157,0.0117674314495929,0.0814262333266472,0.752601773856201,0.0454377890054742
2622,0.000699668088428984,0.0020271340220221,0.00899987669167084,0.00476973588019532,0.0812854511909411,0.902218134126742
2623,0.434940019353862,0.249080848073648,0.0303455793799318,0.122388791688178,0.141288846613564,0.0219559148908162
2624,0.00440752557551662,0.0259095993581086,0.109391326078526,0.00816471487129953,0.0960471757543719,0.756079658362177
2625,0.201317937217953,0.317924818943526,0.374688932654002,0.0247238995864456,0.0423087408222734,0.0390356707757994
2626,0.00205187985613359,0.0138647452374514,0.0346077161428094,0.00973939965570642,0.198137591264741,0.741598667843159
2627,0.134906203283533,0.19849367439937,0.477272679045951,0.0229234094855669,0.0610714419152021,0.105332591870377
2628,0.1587381000989,0.362733430552233,0.0305317138704414,0.175330298700191,0.218474990555431,0.0541914662228035
2629,0.0134165138555382,0.162062926556795,0.0894119515633506,0.0171121681229682,0.341289623255879,0.376706816645469
2630,0.193195620501251,0.0572871520746291,0.103458657962888,0.0805696899814376,0.243233400132594,0.322255479347201
2631,0.0234507052738634,0.266266680322079,0.185531808874215,0.0271454397915425,0.247194063759542,0.250411301978758
2632,0.00469070461632448,0.0216810737040665,0.0426224826960235,0.0180601090107707,0.196030867459292,0.716914762513523
2633,0.0961243398151435,0.365717964044775,0.122718913206545,0.0527225089196321,0.237112334270467,0.125603939743438
2634,0.0350883076398613,0.165339633256088,0.207937434139124,0.0647589962531905,0.142723708528349,0.384151920183387
2635,0.0634740835326475,0.149429602249334,0.091042209323748,0.0719472678463499,0.433797045312999,0.190309791734921
2636,0.0798683376475513,0.0758456953755438,0.181590797377877,0.253318066050669,0.168590955590451,0.240786147957907
2637,0.0216695419333631,0.0638666398695135,0.0143595370850652,0.0969207671066331,0.665851727688553,0.137331786316872
2638,0.0573352007682907,0.0374857017509763,0.153377885345122,0.195664158618004,0.117394374834887,0.43874267868272
2639,0.164492767241692,0.0654589215564759,0.0613257881976323,0.38033433818061,0.215851779014765,0.112536405808826
2640,0.010486529942698,0.0259654787815328,0.0363234627222637,0.0179697045724284,0.11822507791937,0.791029746061707
2641,0.42061604371729,0.129216125087109,0.175183866655133,0.0688443418894906,0.126378459243088,0.0797611634078896
2642,0.00410113185721306,0.0593810965614438,0.0504131319247257,0.0141883468004244,0.217371868172285,0.654544424683907
2643,0.397732047463034,0.396106846431196,0.0170343380948733,0.0923712808879043,0.0766481252896771,0.0201073618333154
2644,0.00418264550012782,0.201999270035465,0.0558665750457658,0.0111262896839772,0.3591862579261,0.367638961808564
2645,0.0570741325531104,0.0571743707533209,0.0293597826105149,0.0997081570161553,0.429695370955072,0.326988186111826
2646,0.00279484002671242,0.0205192371522677,0.15074640212638,0.0149411493760317,0.0705655304778233,0.740432840840785
2647,0.0381210487127544,0.0638825016980587,0.100862479496976,0.0676934513218674,0.334769627318291,0.394670891452053
2648,0.0952619985372,0.147672036638856,0.721085688023447,0.00853390169232003,0.0102309825692146,0.017215392538962
2649,0.0252849863440451,0.0368662100940625,0.0563486027527431,0.0645415988973831,0.219149868205067,0.597808733706699
2650,0.0532396065350904,0.0230749408465961,0.159991732325976,0.0770694610372008,0.136992890329057,0.54963136892608
2651,0.00698097914971436,0.0493609960352567,0.0530440377187445,0.0584094396475076,0.443482324132047,0.38872222331673
2652,0.01271344085381,0.0888508700736761,0.0521846308960019,0.0214221991245243,0.548735996173733,0.276092862878254
2653,0.382124124839112,0.171570126781176,0.0616922485901269,0.0905059041989387,0.171538809652363,0.122568785938283
2654,0.0024111394401292,0.031324416327246,0.0365765388192202,0.01869730552087,0.166609225157794,0.74438137473474
2655,0.629525499819428,0.129175551746555,0.0236571112876911,0.106813595064523,0.0996523241126537,0.0111759179691498
2656,0.0185513474888609,0.0824906976709529,0.0336222010097996,0.0282691497690268,0.600933004849034,0.236133599212326
2657,0.00680035151944314,0.0370589873864213,0.136523171612996,0.00986112425354103,0.136561400965479,0.673194964262119
2658,0.112300070356021,0.0741559062691407,0.0825944047846553,0.470328691427566,0.151740847279282,0.108880079883334
2659,0.359833555438188,0.078479093096813,0.0302577059046334,0.488378074146233,0.024521521491501,0.018530049922632
2660,0.00862348909211921,0.034251510224502,0.0677228413244039,0.0201274823731625,0.259789065157989,0.609485611827823
2661,0.0100541025837591,0.0334979490600369,0.156916569043288,0.0119677408463311,0.0777923626734918,0.709771275793093
2662,0.00537286063733046,0.0622899423839616,0.103340148283849,0.0172488907806166,0.168613205997372,0.643134951916871
2663,0.00826199065484926,0.0411324140145443,0.0616546882060703,0.0405323611027273,0.222901617754089,0.625516928267719
2664,0.033590212152146,0.155912412193904,0.0271985871272662,0.0528938779063444,0.59821919071444,0.132185719905899
2665,0.219531054893664,0.214795585054784,0.28478205360655,0.0710474967225722,0.13819751040574,0.0716462993166904
2666,0.000426437452192709,0.00160201271003608,0.0236749527422321,0.000720285212407196,0.00473394797353492,0.968842363909597
2667,0.0389050526850482,0.15958294346956,0.383105545134183,0.0338665538234025,0.195218525197689,0.189321379690117
2668,0.00377734786538517,0.0410247114879025,0.238011863819818,0.00487482232036571,0.0607999761447445,0.651511278361784
2669,0.0772364698742267,0.347782773021022,0.1867677637368,0.03034584703001,0.112667467099819,0.245199679238122
2670,0.01119476409527,0.0480412418759257,0.165785723828174,0.0244095269024843,0.153197919308473,0.597370823989673
2671,0.0269114110826343,0.0747548885772883,0.0965363859230502,0.0931916745137869,0.253226392265732,0.455379247637509
2672,0.00495368962153945,0.0219865135672459,0.118135564130933,0.00937467307848069,0.107827570507846,0.737721989093954
2673,0.236538515225049,0.208776136644578,0.0847576698529321,0.146239155797328,0.247886423199153,0.0758020992809599
2674,0.00815539645272986,0.0423866341697368,0.0758905838129949,0.0655139020306527,0.364913316071485,0.443140167462401
2675,0.683277557911459,0.148080395474041,0.0108282450748707,0.126792719615873,0.024345249427374,0.00667583249638214
2676,0.0272835752200942,0.0840784719704324,0.105619887931904,0.141201884772215,0.4206288213829,0.221187358722454
2677,0.0615264006340604,0.099273599815286,0.320596701775414,0.0904821555156303,0.366748740532888,0.0613724017267211
2678,0.0296749877581312,0.0814610788937756,0.230478177814965,0.0492231209640085,0.38726375795891,0.221898876610209
2679,0.00590155521389678,0.0117280983139637,0.0142542501205464,0.0304972256308967,0.375687266073795,0.561931604646901
2680,0.113280933836604,0.0540330593679747,0.287703869398759,0.4331077113054,0.0523861573172097,0.0594882687740521
2681,0.0139715057265033,0.212315090685851,0.10428507242953,0.00856721695743489,0.398498366097216,0.262362748103465
2682,0.00779752256483068,0.015553535195735,0.0963997401891066,0.0995263632567322,0.176972137513351,0.603750701280244
2683,0.609268736405911,0.0950085699177767,0.0139229153742756,0.214009184544584,0.061965122840289,0.00582547091716383
2684,0.0102169049493793,0.0395859423122119,0.029385612983713,0.0444088586081458,0.489430627274153,0.386972053872397
2685,0.0637424132627925,0.0325353531786969,0.358082305846088,0.0279588807879073,0.0451967967020324,0.472484250222483
2686,0.00888866413656763,0.0633586013513993,0.0612062914194967,0.0146873336233995,0.127283084357633,0.724576025111504
2687,0.379084828954044,0.225524139266377,0.0867987336727367,0.153773061547664,0.11613964955831,0.0386795870008677
2688,0.00922690102902943,0.126757072270157,0.0518121480265741,0.0851277603954932,0.518489635994762,0.208586482283984
2689,0.0915337055335355,0.55018308406784,0.111305916326035,0.0607972492136735,0.145047870246708,0.0411321746122092
2690,0.0225825622124534,0.0320655778803902,0.0627235026416319,0.257393662910321,0.380958781204906,0.244275913150298
2691,0.0449607004250488,0.152727228657897,0.135491827442697,0.0246058971470863,0.420440949677022,0.221773396650249
2692,0.141539623472053,0.118718475516054,0.25584877195887,0.041919437827446,0.188940540494627,0.253033150730949
2693,0.0182841264029561,0.0383417210051115,0.0505217930827779,0.0232292598097518,0.101315316295878,0.768307783403525
2694,0.00206335227657053,0.00863063537257166,0.0110780857950442,0.0256692634352217,0.369444334078433,0.583114329042159
2695,0.572655721942089,0.132106193404086,0.0551166086006956,0.124609528209744,0.084420791835344,0.0310911560080417
2696,0.0191298988791057,0.099965169227699,0.275507434596573,0.0160434117202376,0.0537780803830909,0.535576005193294
2697,0.109875979598212,0.290425253989294,0.241604379950045,0.0371010722012269,0.180270831821082,0.140722482440142
2698,0.00311271791360595,0.0170530421461789,0.222415512468597,0.00787161729784826,0.450307260032313,0.299239850141457
2699,0.00567312070425689,0.197322706524055,0.655392979533264,0.000578909730436946,0.0146791760868238,0.126353107421163
2700,0.00205682961077587,0.0462379468340594,0.0221116763786572,0.00489597671137943,0.401343426626559,0.523354143838569
2701,0.0062718107957496,0.0306971456916184,0.117905465462769,0.0413704899304105,0.182532947064978,0.621222141054475
2702,0.478253962403439,0.131593601149118,0.15914360168669,0.0839617496923665,0.0802045485204731,0.0668425365479123
2703,0.177725516913345,0.0749763087613193,0.128897851988532,0.170340388785095,0.282612152206063,0.165447781345646
2704,0.0471274333167679,0.163605988647232,0.680638441606455,0.011557677158643,0.0353748006802054,0.0616956585906967
2705,0.00868807505659895,0.0953870125127444,0.34089379465872,0.0140046701313386,0.0733360280311641,0.467690419609434
2706,0.0155205984778904,0.0417589591255714,0.285284071501425,0.165967572014327,0.192273245482651,0.299195553398135
2707,0.00823926805522895,0.0228447673004193,0.00846924193031806,0.0724724129501675,0.764542112673207,0.123432197090659
2708,0.345658450742444,0.197524001029216,0.0803045752653871,0.183941063186018,0.165758296194612,0.0268136135823227
2709,0.0295737031642775,0.223111746619011,0.465363999884426,0.0195137995708636,0.072311255195136,0.190125495566286
2710,0.0425294767633851,0.027010698228658,0.385253807724823,0.0190294896991187,0.0276685182816127,0.498508009302402
2711,0.216400098794014,0.13120651444787,0.05247434681123,0.137844099398944,0.277420260812724,0.184654679735218
2712,0.179482378443417,0.0665660140290213,0.0404516554233089,0.568362997054602,0.105001912248821,0.040135042800829
2713,0.037113094843897,0.113945345765112,0.312109051673704,0.0478672069657435,0.111600133990003,0.377365166761541
2714,0.00588353282478458,0.10960557994801,0.349691201010962,0.00706517993967929,0.145747720986033,0.382006785290531
2715,0.00815806728376142,0.0668252574787519,0.375668874729339,0.0239226814782524,0.29085458827454,0.234570530755356
2716,0.035207676252108,0.0539802767052361,0.0319369142093889,0.0622592505708894,0.405856009442844,0.410759872819534
2717,0.006864688580678,0.0218246863182793,0.0436431630839349,0.0273756789400487,0.23126738040872,0.669024402668339
2718,0.0302945017558923,0.0301423226292962,0.164367223756115,0.0525431989125385,0.146872529956302,0.575780222989857
2719,0.0181990636348973,0.0774171175565893,0.113668712029384,0.0431721724047876,0.328957853927098,0.418585080447244
2720,0.288825585578996,0.0906526684245216,0.134586601437584,0.113275144678498,0.223385849639961,0.14927415024044
2721,0.0214189252019345,0.0711504993581854,0.137302663457772,0.0431721399997344,0.286946256440693,0.440009515541681
2722,0.248771341586402,0.421801665711897,0.18078149883654,0.013089184432413,0.103460332925285,0.0320959765074633
2723,0.0387534364464408,0.288124404952265,0.35428833979365,0.0226557017579574,0.0798285799659413,0.216349537083746
2724,0.526886752480688,0.162676563074608,0.055353091980632,0.162845594890221,0.0705668813644907,0.0216711162093604
2725,0.382264380806484,0.479530159904388,0.0190303350253045,0.0758735437117335,0.0318699321769086,0.0114316483751815
2726,0.0137895722754355,0.0398642947499755,0.0229531590381512,0.0477892605705013,0.845499086859341,0.0301046265065957
2727,0.00290342479583909,0.0371934854331703,0.0375891884050209,0.0386227644799434,0.356678809393157,0.527012327492869
2728,0.0222140873482497,0.036601374925917,0.191361740755636,0.0280093653969428,0.0555681008064694,0.666245330766785
2729,0.21393799340706,0.25616074974398,0.0518110484587889,0.0896026644012975,0.311286718434431,0.0772008255544433
2730,0.00321395334008966,0.0337146789097243,0.0596766261566789,0.0388610428049439,0.384446024062271,0.480087674726292
2731,0.0925900694333752,0.159095618215839,0.082716418947987,0.20587904795136,0.37334076874985,0.0863780767015882
2732,0.00979386374264176,0.0551518475308551,0.312820834148118,0.00585386008028704,0.0506246704703127,0.565754924027786
2733,0.0237515629103021,0.112741784268289,0.0793941252859698,0.229936784338199,0.48359421929838,0.0705815238988603
2734,0.0113227885213434,0.89807653321883,0.0185874106635745,0.00219649070429148,0.0451753369341236,0.0246414399578373
2735,0.0339760696182436,0.369605169816062,0.168118773823085,0.00918429096624283,0.156780180493832,0.262335515282534
2736,0.0514130052364682,0.0849720505955875,0.050785587136815,0.405728962855739,0.335880003967489,0.0712203902079016
2737,0.134435924186045,0.186682344495993,0.313683337266696,0.00668746832653377,0.242807632480522,0.115703293244211
2738,0.0175526215517791,0.0850705175842322,0.0971926196435387,0.0236477494114978,0.24498869584266,0.531547795966292
2739,0.440407263396955,0.305218299812787,0.0577169167036531,0.037679155397841,0.130857471382886,0.0281208933058782
2740,0.197860167732207,0.283603831675623,0.185135086585833,0.084513050180533,0.142375895314921,0.106511968510884
2741,0.116064055348453,0.224910022432314,0.177378661311959,0.0621624315489087,0.233722953592482,0.185761875765883
2742,0.0360629058044153,0.0994925916595166,0.0535420177302363,0.0650055489238575,0.542646996777688,0.203249939104286
2743,0.276080791340196,0.193904215856429,0.136691869322376,0.162181395681974,0.12697180463588,0.104169923163146
2744,0.0100585859499961,0.0718724677149165,0.0186843541826329,0.149507737318542,0.597524135678612,0.1523527191553
2745,0.000406614326570786,0.00605611217232928,0.427916193509329,0.0258568013686009,0.344078145444212,0.195686133178958
2746,0.00906123852120869,0.0423073704047374,0.109183133594291,0.0220602948464668,0.142956434295824,0.674431528337472
2747,0.0174693512483038,0.0389150528470248,0.0185170563604281,0.0542934268639761,0.558360917446547,0.31244419523372
2748,0.00344027479393987,0.03447217073735,0.0273803069227073,0.0361223482644747,0.722725046620466,0.175859852661062
2749,0.256747332595,0.178874329276882,0.0416833222302535,0.284064709701724,0.136614259748068,0.102016046448072
2750,0.0104247629221026,0.0997454527418738,0.207932931154096,0.0541690641910643,0.16586090931999,0.461866879670873
2751,0.140549315856644,0.119901400311766,0.0697813276217135,0.199330842808312,0.427224729554306,0.0432123838472595
2752,0.0481143594043439,0.109398382549412,0.192169501989315,0.0861990532538109,0.12122478817374,0.442893914629377
2753,0.0283593511467745,0.0866155796353816,0.0560157282274241,0.147921252344873,0.542030486088828,0.139057602556719
2754,0.00769323138406727,0.183637866792951,0.0200897534165401,0.00585553784699202,0.731958506912663,0.0507651036467861
2755,0.000670071643925659,0.00453801955433697,0.0274827520673649,0.00817181659858887,0.282231839099208,0.676905501036576
2756,0.00142921589501461,0.00462928770699841,0.0689795366893435,0.00350324406089572,0.0283598619903535,0.893098853657394
2757,0.0261460776298968,0.21565072678655,0.0515980511365908,0.0306447837475576,0.395526178857719,0.280434181841686
2758,0.0345017169521135,0.298544648207173,0.16179375097155,0.0143537842625119,0.341211783117413,0.149594316489238
2759,0.0257463803483682,0.264262412611563,0.0754246024961521,0.0184062534345027,0.237153436635299,0.379006914474115
2760,0.375416326576517,0.207098729594045,0.112414348621455,0.193827302655335,0.0906285495897278,0.0206147429629211
2761,0.104058095219304,0.0666712090666799,0.0526241554899281,0.437321317229737,0.24615225988441,0.0931729631099418
2762,0.00188334870064186,0.0260997521971954,0.0328844765978061,0.00960199308116714,0.553545306837012,0.375985122586178
2763,0.0537005754520938,0.184917435424329,0.192847842776602,0.0392846992454487,0.245836290524777,0.283413156576749
2764,0.00649595165409885,0.0103409842903772,0.0704850705969462,0.0149293758638906,0.0597352236228376,0.83801339397185
2765,0.0295641321114293,0.166648265111193,0.28117378797766,0.0128818983769782,0.161804048710447,0.347927867712292
2766,0.0409099697059073,0.172988976092894,0.109658300616999,0.021680281464698,0.453460639672141,0.201301832447361
2767,0.00127095663588688,0.00223874869307529,0.00677722393153146,0.849274585283259,0.0829716642768873,0.0574668211793601
2768,0.0168950112610641,0.133296627992789,0.447095530464641,0.00886929977149802,0.0514783377332515,0.342365192776756
2769,0.0617354678799628,0.396348396035639,0.0561887766719333,0.113127083051348,0.312729682236093,0.0598705941250234
2770,0.00104139773067863,0.0176712897580677,0.0675987868374026,0.0121924913593609,0.28362593464392,0.61787009967057
2771,0.0151119654920865,0.0998054568673393,0.420875258267156,0.0129715932888271,0.0532512037527706,0.39798452233182
2772,0.012313298114845,0.0263280086336116,0.0940111256208607,0.230566245923947,0.423879569292932,0.212901752413804
2773,0.033769901474716,0.272473039386603,0.109745232314724,0.00767791725158164,0.480326896673022,0.0960070128993532
2774,0.0649622133357647,0.579472719832398,0.0604478672988892,0.0165862293005127,0.228484256926384,0.0500467133060518
2775,0.000679150563219996,0.00558007697621204,0.0534823932753105,0.00386229114915984,0.0732752762893151,0.863120811746783
2776,0.00585058797584927,0.0447801365394061,0.0980418730029112,0.0492130605719786,0.271650192448514,0.530464149461341
2777,0.000833159318829418,0.0134943571063557,0.0573732036351965,0.00937894001675119,0.16655965310568,0.752360686817187
2778,0.265247144911327,0.106925399464527,0.165750014663243,0.0978932255169529,0.108260411208723,0.255923804235226
2779,0.0322931730793681,0.0211540956637351,0.268136879204072,0.182232299881227,0.143588663819013,0.352594888352585
2780,0.0436075621718037,0.174988639910603,0.294427998632345,0.061995230802819,0.0974003061404327,0.327580262341997
2781,0.00804313223003943,0.0128271597700296,0.0558123783366683,0.196241126615449,0.439988301386996,0.287087901660817
2782,0.00615875351961392,0.0197506934571214,0.251145292728369,0.0118731626946483,0.141794876154898,0.56927722144535
2783,0.492389057811918,0.18600696079896,0.106990520930196,0.130422892525764,0.0530815793849857,0.0311089885481752
2784,0.0804499933189894,0.177091806959177,0.0640080183937746,0.0735232371346999,0.49764642695191,0.107280517241449
2785,0.00085354051282111,0.002916570596018,0.0110874621294301,0.010318238935858,0.487370023772609,0.487454164053264
2786,0.0133020719772482,0.160162306072718,0.0520391476828718,0.0442644933321187,0.488523935635111,0.241708045299932
2787,0.00264300548537503,0.0189588586068292,0.0415260527333455,0.0143044455493645,0.141707145653482,0.780860491971604
2788,0.015137327875374,0.0591798233180747,0.185263647114552,0.0276789750712873,0.104912660764604,0.607827565856108
2789,0.052751579097327,0.0786056839444963,0.307811653128128,0.0637054605212112,0.212611362634422,0.284514260674416
2790,0.188988777935843,0.152798214381302,0.0588983110038701,0.0850466290730698,0.383344705493267,0.130923362112648
2791,0.149650768763581,0.0948360026657168,0.0426103671919094,0.464838755922431,0.213600786555194,0.034463318901167
2792,0.429627953235585,0.326810848482569,0.0312790832870106,0.0723703632590901,0.120704379137562,0.0192073725981839
2793,0.00472518694501233,0.0448766574504778,0.0360236835238548,0.0117711917560021,0.494156297328918,0.408446982995735
2794,0.40287874928182,0.0955361625487696,0.0556811920887453,0.218762904562511,0.181565830688227,0.0455751608299274
2795,0.396997793198671,0.130095886721213,0.0410407368519537,0.354163140882999,0.0670512389908513,0.0106512033543126
2796,0.00061576668647773,0.00683474614796153,0.0547889997170357,0.0132717954358523,0.153877841345189,0.770610850667484
2797,0.0673087563747797,0.104964817433622,0.0937672100814302,0.0903417082895356,0.154890095332539,0.488727412488094
2798,0.0139868679513831,0.286037784116698,0.23464365529286,0.00507820953979985,0.28770330220387,0.17255018089539
2799,0.254164057384963,0.12040218144571,0.385130802814781,0.0117814021505731,0.0816915697997314,0.146829986404242
2800,0.00662238144517072,0.0122763752714521,0.0544831743599986,0.013302695542407,0.138850121306299,0.774465252074673
2801,0.00389992087921924,0.0201671629416051,0.0100042319195588,0.0117932940141522,0.430805993049312,0.523329397196153
2802,0.007166607483982,0.0466444956301559,0.047413242559928,0.0206796596404706,0.510855175928134,0.36724081875733
2803,0.0630944842387229,0.601537566564193,0.137685079358394,0.0145526181414537,0.110268976572372,0.0728612751248632
2804,0.0129024134679557,0.0553877713604284,0.107567567522387,0.0182703081928094,0.3721671490706,0.433704790385819
2805,0.361270581466686,0.149413275988927,0.233183008679837,0.0968665007077463,0.0796642844448495,0.0796023487119535
2806,0.0464644666900078,0.035831442391839,0.0478432230285455,0.447625150414767,0.29406065982787,0.128175057646971
2807,0.125446351539608,0.166993080882535,0.221860818476478,0.117850329067834,0.169366110297457,0.198483309736089
2808,0.00840788260646056,0.0328517581527096,0.0443663988618946,0.0189335400606822,0.195547063050926,0.699893357267327
2809,0.0459821612198482,0.102696958283136,0.544428959954827,0.0246306022336564,0.0383645292367513,0.243896789071781
2810,0.00869189390034523,0.0439606177077363,0.0537497602365761,0.0925181282109497,0.393462348703568,0.407617251240824
2811,0.00282532229408279,0.0961312538931172,0.0716599217108639,0.00727041388982259,0.55471614926718,0.267396938944933
2812,0.488332600713441,0.282298217381083,0.0923967464661066,0.0515225536263702,0.0622541973759609,0.023195684437039
2813,0.361300003081018,0.0843594142341985,0.0875177064890412,0.16745978396084,0.231684366478537,0.0676787257563654
2814,0.017595103768394,0.322833586616977,0.216879548648021,0.0195314048104938,0.136206747480585,0.286953608675529
2815,0.00635341500093382,0.0366317832404564,0.0797684010236007,0.0319174330140023,0.139176645878287,0.706152321842719
2816,0.311722487211216,0.138293053751904,0.245878031594973,0.11093945918514,0.158812643666504,0.0343543245902625
2817,0.0669942278638325,0.552406055579064,0.0855188656556215,0.0694296571089801,0.157922708400053,0.067728485392448
2818,0.2378592045636,0.465476133400229,0.15916694756415,0.0255798112694121,0.0544188287086945,0.0574990744939151
2819,0.270289249098236,0.424666653076916,0.0886232918244673,0.0325929595784449,0.157057817318138,0.0267700291037974
2820,0.475095760631087,0.244673764320201,0.191848957679072,0.0416181830003606,0.0335417898858501,0.0132215444834288
2821,0.00258486365855808,0.0422979258515476,0.00990187628379042,0.00586431377516181,0.348116624808137,0.591234395622805
2822,0.145136273812861,0.254419052977862,0.280212411865002,0.052535581759335,0.141836524867039,0.125860154717901
2823,0.0176257603919686,0.080231033645939,0.095848470681246,0.0639820180905048,0.224376292203101,0.51793642498724
2824,0.0246852638404636,0.0575301262523398,0.200755793460824,0.0507888682697154,0.353205308102454,0.313034640074203
2825,0.00298142932607879,0.0127059080383945,0.1431453736035,0.00906898448657676,0.0199275851412693,0.812170719404181
2826,0.0377222527472472,0.17469821212001,0.0449314842402456,0.0653606771116145,0.530923271854148,0.146364101926734
2827,0.0586620916810438,0.663932331660103,0.149169261503758,0.00631153194587631,0.0660380152292062,0.0558867679800135
2828,0.00764891256353765,0.0976080252442536,0.0810551908800432,0.0105335040033082,0.432329989250159,0.370824378058698
2829,0.0594464259242771,0.0324399753646889,0.0452012298699232,0.216842553475798,0.562123233677991,0.0839465816873219
2830,0.00388303531407964,0.0274020469866042,0.141925549318968,0.0475517315762494,0.167688008709873,0.611549628094226
2831,0.333939872068822,0.379475180288351,0.106151429110369,0.0862984217264299,0.0616567714461775,0.0324783253598505
2832,0.0354403162418228,0.298616636998597,0.200875573507679,0.0195110019669605,0.330219350830819,0.115337120454121
2833,0.225218680077217,0.101966235784565,0.168796632360814,0.19770101997833,0.172751576835326,0.133565854963748
2834,0.00424556148060474,0.0404059132780676,0.128246571131559,0.0111976054298169,0.165350559745189,0.650553788934763
2835,0.140398226676129,0.294747230967256,0.0819422467486465,0.0604638943137398,0.307055247811217,0.115393153483012
2836,0.0240394418944801,0.0865463272010498,0.0667099610553949,0.0989477762646472,0.40474637732936,0.319010116255068
2837,0.0273812507563548,0.252482399868211,0.302478234774669,0.0435225799111057,0.168909600743595,0.205225933946065
2838,0.360422417961256,0.25273696125513,0.147601018364748,0.0922695664626708,0.0540587554495151,0.0929112805066805
2839,0.0427809161005937,0.151100213709538,0.204660236051444,0.160787242595772,0.221459378099204,0.219212013443449
2840,0.114288926946501,0.04909975239391,0.0788892686273422,0.453748060815526,0.0986739560046138,0.205300035212106
2841,0.302743287310252,0.187051715662933,0.100269671449871,0.0583592408400759,0.194773176673862,0.156802908063006
2842,0.0069020958834324,0.0411893505216665,0.0219513441170237,0.0193726870004975,0.50879888173591,0.40178564074147
2843,0.0321546328744274,0.0893538801969294,0.0445694260393079,0.00167367792645154,0.625538389740613,0.206709993222271
2844,0.0375603041149355,0.168817872469794,0.346811249607995,0.00884870874611166,0.0672487126035915,0.370713152457572
