"CUS_ID","F20-","F30","F30+","M20-","M30","M30+"
2501,0.0981334101542029,0.454566110219886,0.0986797005937677,0.0384332886044841,0.179286716350717,0.130900774076942
2502,0.0343962541710953,0.139145485947642,0.1934516155613,0.0765934398472654,0.366907129488613,0.189506074984085
2503,0.0615292558842607,0.352623438309812,0.0550932813996673,0.0602784900431075,0.371708911607832,0.0987666227553199
2504,0.331123299019711,0.152689268054052,0.140855640902325,0.172893145330435,0.0919712563629493,0.110467390330528
2505,0.0362888168369595,0.135639323446391,0.166648523235244,0.0542363164417008,0.175450681675463,0.431736338364242
2506,0.0220846063798921,0.311847098169256,0.098819700508897,0.0262030209292742,0.291059020293012,0.249986553719668
2507,0.0117272505722366,0.0320415976707901,0.087307608965523,0.0268930295200238,0.208382980637992,0.633647532633435
2508,0.00757875668427359,0.0339273190507255,0.0384398203766055,0.0292694506939874,0.449382772086268,0.44140188110814
2509,0.0222300519667934,0.0411173905212102,0.153730398645791,0.0337591023225588,0.151961228654699,0.597201827888947
2510,0.0138914999265657,0.0767026092498195,0.0536534310130836,0.0322846328154815,0.374123792822151,0.449344034172899
2511,0.5978954906594,0.107896490685628,0.0918811994457124,0.12550563386043,0.0499662778145516,0.026854907534278
2512,0.053993323089508,0.176883111896197,0.072079177616123,0.139734788422695,0.449612644933208,0.107696954042269
2513,0.00701399231656969,0.031394530118256,0.0948698255733326,0.0284259136761212,0.26912865471925,0.56916708359647
2514,0.109057167273881,0.529336294078184,0.0665350596426263,0.0372244550630789,0.202835503800521,0.0550115201417094
2515,0.0139770070942073,0.0540142089408066,0.125839865376811,0.0391635923767958,0.210536382926974,0.556468943284406
2516,0.0780223100530723,0.115747103444545,0.0739046153383611,0.155513544487012,0.319702401546695,0.257110025130315
2517,0.031269387404423,0.34310207094187,0.132577412023566,0.0175333813631178,0.230329019157931,0.245188729109092
2518,0.440200410260638,0.218562546187039,0.101922234093719,0.066030794181506,0.100758440981219,0.072525574295879
2519,0.0480656507874741,0.822579243580296,0.0211320419400058,0.0102630642264625,0.0700923511927775,0.0278676482729839
2520,0.0259655061666018,0.0536080552394941,0.0208714820039115,0.105155084059561,0.606340667681022,0.18805920484941
2521,0.0230722359928681,0.0676144825943146,0.278841357738514,0.0422662579517032,0.132501535696598,0.455704130026002
2522,0.312739041804238,0.23700104992431,0.176470491893526,0.0751571287099141,0.134556173454601,0.0640761142134108
2523,0.0588968259498129,0.356931682642128,0.08534805047891,0.0172887211644403,0.346980297578664,0.134554422186045
2524,0.0491996029283229,0.127232992741909,0.26678035480548,0.0548036417860567,0.127932525733712,0.37405088200452
2525,0.119104380277683,0.0758850280562898,0.0729790184372429,0.397842237612612,0.264969399923121,0.0692199356930518
2526,0.0911473122705939,0.204032567668149,0.0781763558480763,0.102020587699315,0.353664515007388,0.170958661506477
2527,0.494146238483098,0.186965060820835,0.0995626950306549,0.058823148229512,0.100259420256711,0.0602434371791883
2528,0.00587663614726313,0.0207783574818013,0.0582238842023717,0.0453316859784086,0.212352184680131,0.657437251510024
2529,0.0675399794717573,0.0894718736501749,0.277948117037978,0.0599225986981687,0.12512160171657,0.379995829425351
2530,0.00365972863896433,0.0171994050308868,0.120940010879844,0.0185498631624244,0.109078981035024,0.730572011252857
2531,0.0375496743262263,0.145515364248945,0.13705755969911,0.0820509322595643,0.33930086041657,0.258525609049585
2532,0.0357360190832223,0.164421257336319,0.148785401192528,0.0687880783350714,0.280880442179631,0.301388801873229
2533,0.00211739474628151,0.00781719625120677,0.0532208832350157,0.00712904675348746,0.0257713226774149,0.903944156336594
2534,0.224482613796475,0.0693043334355029,0.0561670431654176,0.488267855147725,0.0930337510008541,0.0687444034540257
2535,0.0492006396118518,0.106075013808856,0.141416795957391,0.0499411194193191,0.189924738517233,0.463441692685349
2536,0.143238049446783,0.239134927381342,0.122010146884049,0.0623886456715647,0.199449229462676,0.233779001153585
2537,0.0353004056862931,0.735224730429636,0.0895665475009039,0.00834209776721475,0.0805855397511943,0.0509806788647583
2538,0.228504475525102,0.113798209850824,0.0722030867994073,0.112694146493977,0.314761392703162,0.158038688627527
2539,0.157900420071655,0.25650781295063,0.217746728810935,0.0471253840092926,0.169300099479108,0.15141955467838
2540,0.382416466830502,0.165414301240453,0.0403052056362941,0.169649508714968,0.198906036860641,0.0433084807171414
2541,0.134497276345787,0.0659355395625538,0.0181471916482042,0.425876267722333,0.292493293724416,0.0630504309967064
2542,0.106390587532018,0.414319216261533,0.0699018269783901,0.0314957113693861,0.328479817637796,0.0494128402208772
2543,0.00954997610639422,0.0220492364693482,0.0752831715373252,0.00891945883472405,0.263340557894152,0.620857599158057
2544,0.0985964598087697,0.135963983130775,0.108889383766941,0.217837108351923,0.164565793885025,0.274147271056565
2545,0.0309470941479043,0.278520325103785,0.0510971839579976,0.0157350911368304,0.434276684299413,0.18942362135407
2546,0.0352039377059454,0.0375177577011463,0.0133241464302678,0.273636751776068,0.556979172051101,0.0833382343354719
2547,0.0878018988568288,0.164571171386877,0.270359502230937,0.0494694341426304,0.200910142518975,0.226887850863752
2548,0.0701189857776627,0.0862127410727045,0.104063154751934,0.223391259514681,0.409936944600372,0.106276914282646
2549,0.00767073188213091,0.0406533935897586,0.0397468990252811,0.0471815244896412,0.332123905088047,0.532623545925141
2550,0.0188226915450106,0.0308124589632524,0.0187199253489835,0.189335106716903,0.564958906972228,0.177350910453622
2551,0.133326678942506,0.224326530189425,0.0561427143234879,0.179286176238235,0.243267733172968,0.163650167133378
2552,0.151655990015354,0.362321585802848,0.144703835392151,0.0571850285583397,0.144681041068962,0.139452519162344
2553,0.488841665578287,0.194901812032326,0.0448949422072946,0.116777189519456,0.132050788397518,0.022533602265118
2554,0.0948639368983812,0.175206071293751,0.104124317980384,0.136534047306372,0.398608530311172,0.0906630962099406
2555,0.0162883737398664,0.0708103752930203,0.0558098060345219,0.0420971077039603,0.628385520840736,0.186608816387895
2556,0.0824593340064502,0.261705336035306,0.277451890413617,0.0523946100450089,0.181607078012421,0.144381751487196
2557,0.289302979212914,0.239944606223572,0.321925841960356,0.0506808965622461,0.0691347080464521,0.0290109679944598
2558,0.0420040600369851,0.0953479090493348,0.619091012718387,0.0361647268401007,0.0976738450607135,0.109718446294479
2559,0.0771785477119668,0.44452129682135,0.139370015748007,0.0308085091543561,0.12043732332918,0.18768430723514
2560,0.00830734614618976,0.0890447253300392,0.0979963620935285,0.0257874099636723,0.198370127038025,0.580494029428545
2561,0.0201316045231233,0.0650472006468518,0.160330650697239,0.0149545491680436,0.130744519173217,0.608791475791525
2562,0.336018298971803,0.368199978536563,0.0435001148716829,0.0387072379856696,0.190304041180307,0.0232703284539748
2563,0.251570240472219,0.184760262207037,0.254090220177993,0.0901524350275605,0.106684562645719,0.112742279469471
2564,0.142176702888989,0.0771631241060599,0.0851518371535333,0.331356586295791,0.202112998733195,0.162038750822431
2565,0.0219877047068216,0.0733705946621244,0.077922719838175,0.0383770904686622,0.205965966237888,0.582375924086329
2566,0.0118772985324388,0.0333215170523606,0.09372365598647,0.096233677373893,0.302183910709847,0.462659940344991
2567,0.0374200512322382,0.135699884353525,0.119393450488335,0.056378389961732,0.169803101687544,0.481305122276626
2568,0.00901517637707832,0.0449425878976503,0.0781857119268175,0.0256347893245722,0.255567623340624,0.586654111133257
2569,0.0230525056462853,0.0775505142575543,0.212980994909618,0.0181583052590914,0.18450275198904,0.483754927938412
2570,0.0275708442253783,0.533223789768342,0.102689788729543,0.0161032550666119,0.174007065249272,0.146405256960852
2571,0.118339809365963,0.085935186054303,0.0310348182796605,0.336345747615716,0.302765860304281,0.125578578380076
2572,0.0783339261030234,0.079931971652573,0.360098701288131,0.130337681953535,0.127211733757335,0.224085985245404
2573,0.0855306090878489,0.314995351743487,0.0880502794119301,0.040044956706766,0.285321875436523,0.186056927613445
2574,0.0283586722450588,0.0568510817795558,0.0312905582086567,0.421918565128123,0.378505200633189,0.0830759220054161
2575,0.0239177585073808,0.0360841302495813,0.0175622422714391,0.153273290590162,0.656639131580988,0.112523446800449
2576,0.290888262098975,0.305215590128177,0.119008679082856,0.0799651902592194,0.10980631161127,0.0951159668195024
2577,0.0496068871273862,0.212710427684363,0.244391749611217,0.0324042372671666,0.205607278694572,0.255279419615294
2578,0.00177071375025043,0.00786795087171389,0.0362212865774842,0.00871237928205793,0.0683964531901429,0.877031216328351
2579,0.251474371804542,0.206019141663059,0.321621633224996,0.0422311369230538,0.0920465198974586,0.0866071964868906
2580,0.0680925561498551,0.26577271508897,0.168277657204393,0.0307084932118619,0.235125321709708,0.232023256635212
2581,0.00971297482933191,0.0465728841066497,0.0857698095068907,0.101607620479587,0.463133276110365,0.293203434967175
2582,0.111090225075895,0.53674901748173,0.0651484989864269,0.0321199980577013,0.200085272487873,0.0548069879103742
2583,0.0484554384060948,0.562276818232589,0.168600956055258,0.0179205653242731,0.112095869726547,0.0906503522552378
2584,0.284876891045776,0.583498149470352,0.0325323231750567,0.0140864580653891,0.0664885990334039,0.0185175792100228
2585,0.0198562349928774,0.062293502704379,0.0672363340829438,0.0641580296944403,0.486045692701636,0.300410205823724
2586,0.0451491103944445,0.297638168485543,0.130170866297241,0.0390474362650591,0.218132367741021,0.269862050816691
2587,0.197589873726781,0.0754863128813041,0.0567421153729684,0.306845932125337,0.25025076375879,0.11308500213482
2588,0.0544736874674031,0.0394109808098018,0.0256538464726494,0.212441176855482,0.530827876764554,0.137192431630109
2589,0.0445683535730778,0.0845801319048318,0.0441950067518859,0.145796603817855,0.575988485726142,0.104871418226208
2590,0.0130860328647897,0.0642433709453614,0.141537798735076,0.0628267621304459,0.181262611131914,0.537043424192413
2591,0.0903607779745034,0.114202487771524,0.259442719739861,0.0391630685249309,0.0875077436102031,0.409323202378978
2592,0.0198682100799327,0.0547458883894393,0.0278719646958697,0.157800086682999,0.564264585031088,0.175449265120672
2593,0.198192010997325,0.210088322340418,0.0737261219647341,0.187503109870878,0.241433812286027,0.0890566225406175
2594,0.0270683138919438,0.0528749853546134,0.0564112592536984,0.0278859459986144,0.449409707358756,0.386349788142374
2595,0.0936101271187818,0.111941364739836,0.219274656688918,0.174500319356192,0.163218592414506,0.237454939681766
2596,0.783633675838158,0.0670283447515692,0.0129356026569588,0.099767762310349,0.0311199662262828,0.00551464821668184
2597,0.00767702125117112,0.0375090197476437,0.162614140080912,0.0215001302815719,0.164854510833798,0.605845177804903
2598,0.0163813965785283,0.102163362064508,0.131784972007609,0.0167016460068915,0.158628390824144,0.574340232518319
2599,0.209465166554274,0.219660339658628,0.108554455414906,0.189165833420665,0.172691186887388,0.100463018064139
2600,0.0164566683600819,0.0575211097862957,0.0860772405625632,0.0469918116372934,0.708762554633104,0.0841906150206617
2601,0.0333880420112399,0.0795929150968841,0.207317939646778,0.0390859469720837,0.134895532981505,0.505719623291509
2602,0.0206862207734401,0.0742052682374145,0.0964783743611662,0.0378572676881761,0.212006774158564,0.55876609478124
2603,0.0445053383005579,0.51648314096314,0.0445441032856129,0.0288916129615037,0.300154354911547,0.0654214495776378
2604,0.0484026851124984,0.174847515102967,0.284350002619496,0.114539944340528,0.109425579032501,0.26843427379201
2605,0.00427040726430438,0.0843575152059994,0.27172689180079,0.0287988824389792,0.240781378176706,0.370064925113221
2606,0.0383239131968159,0.0845845344717622,0.108835645284188,0.0382281847526702,0.231158656780883,0.498869065513681
2607,0.00648238254714583,0.0218352917382245,0.0676479388434443,0.0214772240545515,0.104824598037787,0.777732564778847
2608,0.201788492549353,0.172352806633322,0.0800311015323049,0.148377506017616,0.247363443263023,0.150086650004381
2609,0.0213047885392149,0.0556643328999365,0.0558372438443406,0.101761828204572,0.408175126632149,0.357256679879786
2610,0.101771685126342,0.195608779246652,0.0576546492198923,0.15393118706794,0.303417379287067,0.187616320052106
2611,0.022496823935369,0.0668893013645367,0.186533496322457,0.0354903779554497,0.090861548500736,0.597728451921451
2612,0.0644329729852916,0.250221107015209,0.128712723311558,0.0395326393169648,0.160236069512974,0.356864487858002
2613,0.412373374366721,0.361593936510508,0.0662636280188443,0.0631819557869372,0.0751309041256853,0.0214562011913044
2614,0.138426472209337,0.101237285557473,0.0759978423194618,0.158518729461196,0.268746823439732,0.257072847012799
2615,0.396858716129487,0.25725103296628,0.175194867071129,0.0501852660714137,0.0721081278657059,0.0484019898959843
2616,0.00971956024848097,0.0555440648867464,0.0714864159304694,0.041122391370499,0.48824269852761,0.333884869036194
2617,0.150196107054056,0.293905497678144,0.283956829147223,0.0416950313967781,0.130589133747907,0.0996574009758914
2618,0.0583308502643684,0.0737145468577966,0.0972964734329591,0.0615393449821973,0.440673570985503,0.268445213477176
2619,0.035451922242144,0.0418784746480348,0.0193124718422171,0.0855521351558358,0.683575106949838,0.13422988916193
2620,0.0117321584292429,0.104020211339623,0.224514278763343,0.0257223140497688,0.312938756912136,0.321072280505886
2621,0.0271802009198746,0.0786814696755815,0.0409940362672926,0.116171786655354,0.625940218591558,0.111032287890339
2622,0.00302417611815674,0.0132727147821517,0.0280032105447464,0.0143462184745988,0.148154085406256,0.793199594674091
2623,0.215133305263999,0.204468583134,0.0478130105950471,0.0818979281538364,0.37357986152809,0.0771073113250273
2624,0.0250289545638078,0.0462593074071128,0.108802650125405,0.0570919831142719,0.179742121078875,0.583074983710528
2625,0.0830075509552136,0.195129132666297,0.506054915632782,0.0350773403528504,0.0866739801578847,0.0940570802349723
2626,0.00798941253049108,0.0296555354940683,0.0646413245960627,0.0260324762694634,0.186717201956068,0.684964049153847
2627,0.0639475972078909,0.140734187443398,0.340571024675952,0.026955811842038,0.175931992014008,0.251859386816713
2628,0.100451148474031,0.115689095086107,0.0833628911971478,0.331498873898174,0.291783985364313,0.0772140059802285
2629,0.0370843494129868,0.220893842110658,0.0589357294583195,0.0430662681475697,0.403073929429412,0.236945881441053
2630,0.132888817844521,0.130214311298325,0.144507861734869,0.0880917079789115,0.229470056217017,0.274827244926358
2631,0.0183557115202755,0.192234764789092,0.194719336458199,0.0261286278314281,0.330021242921879,0.238540316479127
2632,0.00582798867973985,0.020786890307319,0.0694066301537744,0.020192826939647,0.148665481966901,0.735120181952619
2633,0.128892370407191,0.362976232467331,0.0649416490868913,0.096062516621683,0.258281064949927,0.0888461664669771
2634,0.0428179603232882,0.0751707706617008,0.256526617022457,0.0727325296042249,0.16565810034172,0.387094022046609
2635,0.0228152057192851,0.069567481553412,0.0532246080523036,0.0318097011534975,0.649070922152933,0.173512081368569
2636,0.0264567654022826,0.0672550316854388,0.134009739446196,0.0402112885714519,0.322567391324301,0.40949978357033
2637,0.0171137887412418,0.0865736454477533,0.0278019223950585,0.0247514650765354,0.675168924702212,0.168590253637199
2638,0.067191551534195,0.0475216319746245,0.0754130823157343,0.286313920587202,0.181658151068715,0.341901662519529
2639,0.102807116876552,0.0764032161355536,0.0529346011756513,0.374600968362794,0.300580000682222,0.0926740967672273
2640,0.0158856796653624,0.0345154502531387,0.0582245594684926,0.0257120634304508,0.133028065894192,0.732634181288363
2641,0.15707489771109,0.197946092408409,0.147185207265478,0.133263635572344,0.195022454884142,0.169507712158537
2642,0.0169178294998566,0.0866844914186544,0.129202164311519,0.0327778633762161,0.242147615380644,0.49227003601311
2643,0.353199907280581,0.367847201895106,0.0305998495217609,0.127457913990975,0.0935236012323882,0.0273715260791884
2644,0.00784159896468462,0.114180938203116,0.0438298488269187,0.0165749258568136,0.263881242113431,0.553691446035037
2645,0.0206633769386799,0.0709623718072375,0.0415187502110918,0.0517161230351687,0.291549761510517,0.523589616497305
2646,0.00315242612320992,0.0184116897055895,0.0834259857832093,0.0155273092415967,0.0541500009259121,0.825332588220482
2647,0.0734623087852426,0.107151394097382,0.121550811617346,0.122375700856489,0.253239587226857,0.322220197416684
2648,0.154864050291122,0.265148492511063,0.410751739636134,0.0202643313614919,0.0514459472935847,0.0975254389066047
2649,0.0412624105812078,0.0600659596492275,0.10186044956496,0.0517006334006297,0.253878422005924,0.491232124798051
2650,0.0507263994283782,0.0438751541454924,0.214511734752837,0.0460181972923416,0.104355027994098,0.540513486386852
2651,0.023680474121546,0.0856753794323936,0.0431810312507759,0.0511056902894175,0.570232492005266,0.226124932900601
2652,0.0170142649903111,0.162544301397783,0.0530474189519563,0.0383065477956714,0.471862366929775,0.257225099934503
2653,0.253484415228571,0.236981670329762,0.139324411809045,0.057411406448711,0.193244199846621,0.11955389633729
2654,0.00523656037880822,0.0421908043430148,0.0762400740559356,0.046172792135136,0.151995566379657,0.678164202707448
2655,0.369346928361156,0.241430227487753,0.0819958622101535,0.106923528747762,0.152858698220105,0.0474447549730701
2656,0.0115805497959337,0.0654406938046957,0.0578978678020051,0.0309408483931974,0.449306499658817,0.384833540545351
2657,0.0155267835515464,0.0361050380153696,0.182674513738926,0.0263402621026331,0.110790872291682,0.628562530299843
2658,0.168603107159238,0.181397422582792,0.162407950801215,0.257993036838839,0.120761531841562,0.108836950776355
2659,0.142920974372672,0.0818800536410255,0.105578898129373,0.490026309038664,0.0890887554963084,0.0905050093219571
2660,0.0099501273309582,0.0353406517531872,0.0451911555054636,0.0351170287744449,0.275485717296971,0.598915319338975
2661,0.00420648981498783,0.0213223678927207,0.0797283680909179,0.0198113455274616,0.0886852058354954,0.786246222838417
2662,0.00608832674289094,0.0459938815889087,0.100557983075022,0.0120173402030056,0.132620342819792,0.702722125570381
2663,0.00714442876494788,0.0326469537275273,0.050806185529888,0.0361678379308229,0.420574034403577,0.452660559643237
2664,0.0378270465175038,0.0954677160682424,0.0315982223582874,0.0951057521256974,0.585065643850269,0.15493561908
2665,0.236704005156427,0.284016501462247,0.10482236081835,0.0637034582163904,0.189737879892635,0.121015794453951
2666,0.00553006872858637,0.015198277181239,0.104927493160807,0.0132627630352019,0.0278465016333114,0.833234896260855
2667,0.0736795008116285,0.133774554159453,0.410758621821414,0.0776090412490373,0.192288853295235,0.111889428663233
2668,0.0136279448872245,0.0695212293615934,0.422333924542353,0.0205243422646783,0.130059898622966,0.343932660321185
2669,0.0503507472955731,0.180689743210447,0.11423937619831,0.0320263384075344,0.242696174977854,0.379997619910282
2670,0.00929839170978319,0.0499382114656747,0.146438499439206,0.0210369045322653,0.195746377493309,0.577541615359761
2671,0.0358587227294375,0.082916251609068,0.0428867247742884,0.0961152010568363,0.359106123701568,0.383116976128801
2672,0.00570866342309074,0.0586875854003519,0.131843212292765,0.0163446659810439,0.181481763712405,0.605934109190343
2673,0.322600116270926,0.31361907328175,0.0567036965754812,0.11233885273307,0.153226264843426,0.0415119962953464
2674,0.0285784888926403,0.0478770797328236,0.0677017225649207,0.24923813107518,0.387190187496384,0.219414390238051
2675,0.517230776025232,0.185417534633087,0.0248165664155887,0.172175332802437,0.0833697537935782,0.0169900363300776
2676,0.0267917976430864,0.0400045301468298,0.0596802609925234,0.134273124433468,0.430628502150488,0.308621784633605
2677,0.0794215844189357,0.222392971947105,0.308978579548576,0.0424868127507404,0.23199051519495,0.114729536139693
2678,0.0449037480880342,0.167552828902903,0.189776916808203,0.0505631779597134,0.314395414126049,0.232807914115098
2679,0.00336213671453114,0.0219903850598568,0.047167217348942,0.0247604047471945,0.321802365342592,0.580917490786883
2680,0.0678934546810327,0.112789531183397,0.327568109945571,0.167200094009413,0.147727721495899,0.176821088684687
2681,0.0400592376717975,0.155940998925691,0.113773845022633,0.0645612654614132,0.359380768519567,0.266283884398898
2682,0.0140376045848799,0.0379266579148816,0.118946032138005,0.124277158217443,0.212119610988322,0.492692936156468
2683,0.434290747731858,0.286179646231728,0.0376675326247581,0.127210846072113,0.0975286211225782,0.0171226062169649
2684,0.00987649119951628,0.0424125900620396,0.0453214609071624,0.0818991718387219,0.467974267493258,0.352516018499302
2685,0.125552748874202,0.0849724341080737,0.138856486765204,0.0391311524869718,0.0841649563862044,0.527322221379344
2686,0.0159808514297928,0.140793678970187,0.15689219977026,0.0380904978666291,0.207705895114618,0.440536876848513
2687,0.327272955348252,0.205203260006409,0.0930480130525544,0.168035206252072,0.168478149700809,0.0379624156399026
2688,0.041223458650944,0.160201324785695,0.070256834737737,0.24089842824154,0.363113057765292,0.124306895818791
2689,0.180379090238635,0.572184790963091,0.0324435848494558,0.0488840417720996,0.137657394819961,0.0284510973567569
2690,0.0125675350732066,0.0274130139139139,0.0382834685832212,0.209523987197222,0.428826769485724,0.283385225746712
2691,0.0437371992464742,0.217560660444838,0.0824740581958736,0.055228490309264,0.35873931628105,0.2422602755225
2692,0.0603794107392216,0.10716153734065,0.224289081941412,0.0660583734227965,0.226099203788951,0.316012392766969
2693,0.0387894148031373,0.0709123411935841,0.222156976102788,0.0467124218963907,0.148411285374478,0.473017560629622
2694,0.0104475965703505,0.0307643729620948,0.0738851444714445,0.0477383942221008,0.20673480876946,0.630429683004549
2695,0.560240707281514,0.184468076787361,0.0545648207850227,0.107999223545753,0.068548181626279,0.0241789899740697
2696,0.0228468255084415,0.0786797146061726,0.280207950854688,0.0292811530317854,0.13204606990636,0.456938286092552
2697,0.0479471278914909,0.146160312306626,0.258271845484594,0.038388615073266,0.184199708792077,0.325032390451946
2698,0.0152638344424173,0.0504027703575628,0.219679724977491,0.0437310573400017,0.233639631961882,0.437282980920645
2699,0.0169875574817649,0.123175504351005,0.340961196822848,0.0145260716572784,0.0876410377713479,0.416708631915756
2700,0.00253085147614568,0.0334490667223776,0.0271968784415341,0.00686588986475561,0.351559057015023,0.578398256480164
2701,0.0187562893857869,0.0489375955980524,0.0874370616684371,0.104925680586573,0.30446654708398,0.435476825677171
2702,0.414174473881991,0.182414139007143,0.190104291154806,0.0697950359847628,0.0790829174425163,0.0644291425287803
2703,0.101452506494401,0.0853891793345959,0.153152951123433,0.10199846182322,0.244716438012719,0.313290463211631
2704,0.0350046533157142,0.192388776056195,0.482730606872157,0.0445832756149876,0.11801549143671,0.127277196704235
2705,0.018313269703479,0.153113144537714,0.390233852094468,0.0213935549616626,0.149062806381867,0.267883372320809
2706,0.0169031622377949,0.094429386724167,0.179516499117633,0.14264728910607,0.18160526676863,0.384898396045705
2707,0.0138169066716019,0.0373242515650474,0.0289940583615977,0.0649670774792605,0.604701709375233,0.25019599654726
2708,0.370295138911938,0.367747257674365,0.0637744064057729,0.0592500453281358,0.105600852426679,0.0333322992531094
2709,0.0678387151862812,0.153430225856866,0.295541452396017,0.0447813336379281,0.116776105198095,0.321632167724813
2710,0.0731608723605122,0.069554309722269,0.21812509401449,0.065420758500892,0.120581784825408,0.453157180576429
2711,0.0285410625545825,0.0708022736350214,0.169422541442082,0.0451857764413862,0.279980515520396,0.406067830406531
2712,0.127770657845057,0.0899212114309774,0.0995435138155701,0.221791429134274,0.298261642210554,0.162711545563568
2713,0.149321084910819,0.216983271310265,0.237598532395485,0.0506687832962271,0.11807019609653,0.227358131990674
2714,0.00446211518656409,0.0543026630558369,0.114882452755135,0.0168055118176358,0.172226109122642,0.637321148062186
2715,0.0341169715487918,0.109657860393651,0.364959238878825,0.0397730803199348,0.253331044188143,0.198161804670655
2716,0.0327448558617249,0.0717354996580193,0.0968115546399993,0.0695852615281895,0.402049186824308,0.327073641487759
2717,0.0115250274576942,0.0446724276490535,0.0399917694543845,0.0349781327001832,0.291566934710622,0.577265708028063
2718,0.0202192733843481,0.0548908473894157,0.266884434490558,0.0634006128123114,0.169332980502936,0.425271851420431
2719,0.0368350316518514,0.117213836355248,0.202158964012967,0.0569534379804122,0.341943149945558,0.244895580053963
2720,0.0912062947018559,0.101922679975272,0.271166023218923,0.0918514744117009,0.229651533889185,0.214201993803062
2721,0.0183727446170075,0.0542278693536587,0.0932891518345426,0.0437915350103312,0.345369287852004,0.444949411332456
2722,0.27754573349397,0.496875428860962,0.120783575467184,0.0154421688131415,0.0636907231344981,0.0256623702302442
2723,0.052280562303231,0.131782322459402,0.108749674759581,0.0599804363995859,0.217299810457003,0.429907193621197
2724,0.662616536628165,0.0939763119997053,0.0641512492536968,0.100591887715297,0.0526308867043796,0.0260331276987566
2725,0.23323680933927,0.271363010010791,0.0806215547612507,0.216567599830035,0.12806023930263,0.0701507867560235
2726,0.0513156626735244,0.087078765716857,0.0467755812767634,0.147479079957402,0.6070233608778,0.0603275494976526
2727,0.00603557905188944,0.041317098349395,0.0751898107290875,0.0330797377163262,0.314128165142522,0.53024960901078
2728,0.0181284535182537,0.0360767568978753,0.121045487771135,0.0460203158823778,0.12511119391635,0.653617792014009
2729,0.149258771224911,0.228565257710608,0.0895061613067262,0.108414214410962,0.272831995331932,0.151423600014861
2730,0.0132261480276633,0.0323311472331178,0.0764347044036637,0.0550604318253647,0.427867012968359,0.395080555541831
2731,0.16426528627617,0.15150705727302,0.0667848342185117,0.165332803207821,0.343984987354076,0.108125031670402
2732,0.0233624203440817,0.0748009606878512,0.265167552740158,0.0284362658155862,0.110267274077273,0.497965526335049
2733,0.0514876596870038,0.138094222496728,0.129711335661527,0.167322911176391,0.406555541112002,0.106828329866347
2734,0.0349385560966995,0.671052371748806,0.0443273612823897,0.0154800239595079,0.148755854319762,0.0854458325928346
2735,0.0457515096701479,0.431602305433291,0.140907072227405,0.0288356528370965,0.155305014876358,0.197598444955702
2736,0.034529413426913,0.0817691084437616,0.0490102951107782,0.374265606620923,0.35297513969253,0.107450436705095
2737,0.17143461552551,0.104428480261631,0.263190528643311,0.0844627775170119,0.194709202269269,0.181774395783267
2738,0.0281912637155607,0.113995629041229,0.122123508699007,0.062441261815299,0.175935323132568,0.497313013596337
2739,0.119842773028565,0.242164524446066,0.259231235270568,0.0410069496483475,0.237205949062592,0.100548568543862
2740,0.24538931720196,0.348220500171548,0.0582440972386225,0.0901905756392765,0.118503337504386,0.139452172244208
2741,0.0613056955310908,0.296751712379484,0.116240460073792,0.0328856181481065,0.348319631705685,0.144496882161841
2742,0.0541242750842764,0.0581927227124028,0.0379961317811061,0.201151921258651,0.500438682833173,0.148096266330391
2743,0.181232799751777,0.220893840161706,0.11102981502231,0.113299235802986,0.218259273243591,0.155285036017631
2744,0.026934839321391,0.0814655623274476,0.0487607495926783,0.121971614299554,0.617391459891983,0.103475774566946
2745,0.00728808230945971,0.0751781672056288,0.30678490317788,0.0639813484433547,0.316826615781456,0.22994088308222
2746,0.0163402095909113,0.0759620503927745,0.109853038108121,0.0342435904237753,0.308242400639488,0.45535871084493
2747,0.0183859037068576,0.0332119414103362,0.0137252869542964,0.0929113231954758,0.647360418600558,0.194405126132476
2748,0.00767949307805337,0.0448965014189347,0.062093420199686,0.0345337045853468,0.626082356424382,0.224714524293597
2749,0.212641176000242,0.108083330004772,0.0621998308265129,0.313396975504633,0.216443625022626,0.0872350626412151
2750,0.0123552110025524,0.0633177078947326,0.367999658082321,0.0333086817140144,0.128008800776209,0.395009940530171
2751,0.224340485822789,0.16774394746677,0.0557808973333117,0.114650148649004,0.382793394942809,0.0546911257853166
2752,0.0416576973183589,0.160222608391276,0.17486668611292,0.0733675076414918,0.183097175100644,0.366788325435309
2753,0.0562625545689479,0.0692747366161632,0.0194751349843271,0.354995444074564,0.447448981518193,0.0525431482378049
2754,0.0120038425513121,0.219847194071554,0.0768422670248311,0.0174927824743908,0.455932559475379,0.217881354402532
2755,0.00255796569391692,0.00892532478210013,0.0481815017677258,0.0111351781892289,0.214948766961108,0.71425126260592
2756,0.00736893866176987,0.0178178831401845,0.0697530045923626,0.0145093089785216,0.0384803786698738,0.852070485957288
2757,0.0103572480312502,0.124740751478046,0.0248533957282506,0.0345073356516013,0.548646423400129,0.256894845710722
2758,0.0883798216699515,0.25658652662903,0.190487246525733,0.0294151133520006,0.283342367711597,0.151788924111688
2759,0.0236475038590367,0.209466076243843,0.0951553161847776,0.01881527101044,0.289255482110397,0.363660350591506
2760,0.359782312772143,0.0714721489357874,0.0308395339447575,0.479744747089881,0.0472867089282585,0.0108745483291726
2761,0.177109006841836,0.141303703349262,0.0761258185987984,0.277412711057311,0.213220492680148,0.114828267472645
2762,0.00768579594201856,0.128559484939573,0.111986048603201,0.0180154610887548,0.4072361561733,0.326517053253153
2763,0.0512819164206322,0.167409819462218,0.306423189793157,0.0577753342035504,0.230135221516328,0.186974518604114
2764,0.0117290589995602,0.0260953395585505,0.155302735981145,0.0190142271207985,0.103323761359411,0.684534876980535
2765,0.0240316957293763,0.155334210475637,0.213938988099062,0.0290667816402455,0.185434364818003,0.392193959237676
2766,0.0346359564232545,0.12586018203168,0.0984819653337785,0.0549518872705911,0.384502656549604,0.301567352391092
2767,0.0237291544532026,0.0546371807850342,0.0764964919034915,0.327926103416867,0.251845095715641,0.265365973725764
2768,0.0522619132257998,0.260710505156394,0.372610284362518,0.0202897481723428,0.104664456985116,0.18946309209783
2769,0.0489983066680926,0.274553296272661,0.102001340248271,0.0780276033320045,0.339602960489352,0.156816492989619
2770,0.00259524013983512,0.0382245253431267,0.169523982081523,0.0216932272754144,0.155268987661857,0.612694037498243
2771,0.03029604701441,0.13456457954093,0.457116078868028,0.0363652744532093,0.141019832666749,0.200638187456674
2772,0.0613883684931823,0.0714813268812017,0.0897761578694868,0.162771330658723,0.451916114503316,0.162666701594091
2773,0.0630601061151404,0.28720657562491,0.117444334979155,0.034519651322459,0.348353161362714,0.149416170595622
2774,0.11661908361609,0.361955352955188,0.0959024663080834,0.05028242754733,0.267649320273689,0.10759134929962
2775,0.00223343464811681,0.013259265943159,0.0814946847169646,0.00664360891565266,0.0846849744729227,0.811684031303184
2776,0.0097008788062533,0.0313382847463744,0.0537029928867957,0.0453637322780755,0.273714870376601,0.5861792409059
2777,0.00163667338496134,0.0132821487424676,0.0742357037995891,0.0110346600468572,0.0584637767456504,0.841347037280474
2778,0.0698639915447285,0.146810866278928,0.131907796741878,0.082458122651024,0.172020597383241,0.396938625400201
2779,0.0358086688225032,0.0618803305671167,0.316449980644088,0.113573642321938,0.159708948638958,0.312578429005396
2780,0.054452197092431,0.226488589284299,0.266891210131064,0.050617513470933,0.139435893616787,0.262114596404486
2781,0.015696575815111,0.0356490828713159,0.050856815407845,0.105088932102809,0.524917409850361,0.267791183952557
2782,0.00697321995685335,0.0338775372202089,0.189079475016157,0.0198654262165694,0.104448251041352,0.64575609054886
2783,0.310252405846348,0.382996275413934,0.118223955450295,0.0571157486341603,0.0905070269278738,0.0409045877273891
2784,0.0602453323017942,0.291911487317489,0.0530176764775443,0.112301770769853,0.407272870495896,0.0752508626374238
2785,0.00213068151896923,0.0150270313128347,0.047767898101705,0.0280291812778553,0.240494501354115,0.666550706434521
2786,0.0146949111089418,0.0660244891684064,0.059720748830856,0.0585355760549731,0.426346770172707,0.374677504664116
2787,0.00547390724610888,0.0372923927258287,0.0867403410655233,0.0207079854788321,0.239343613181179,0.610441760302528
2788,0.0170903511837149,0.059864029082281,0.114383648666957,0.0332773791609708,0.155326749362004,0.620057842544072
2789,0.063524988340197,0.0692237627343843,0.277919371308025,0.0761776877629895,0.215936972363839,0.297217217490566
2790,0.062830843675275,0.132421776399391,0.0506101693863866,0.0944194872771623,0.438850424859723,0.220867298402062
2791,0.176261052367543,0.0577770844141181,0.0314800942446357,0.566758422890145,0.113681914854145,0.0540414312294134
2792,0.563141918697879,0.241114045812049,0.0310039164642042,0.0573954658027946,0.0823467711921717,0.0249978820309019
2793,0.00748589925876939,0.0605637273693772,0.0422501339569942,0.0227020237488303,0.487601682333972,0.379396533332057
2794,0.464988762169077,0.2417575929083,0.0614177859443219,0.0931559013520362,0.106416023175359,0.0322639344509055
2795,0.341783490294175,0.113264028575079,0.041990674278907,0.381638228582008,0.0998912393354515,0.0214323389343785
2796,0.00346267620064486,0.0257015382294975,0.107886547237266,0.0208231480821211,0.100743518167925,0.741382572082546
2797,0.0360577085765161,0.0511936977692271,0.0752564554377107,0.107171017616696,0.181872457177258,0.548448663422593
2798,0.00926114036600588,0.129874142714218,0.204360942011927,0.0144666880039888,0.294811887963751,0.34722519894011
2799,0.101012476642988,0.176003007267339,0.331535041868519,0.0325145665149871,0.155238264212981,0.203696643493186
2800,0.00709348604942019,0.0274575810899592,0.0437237008406459,0.0455491496942959,0.24143656047194,0.634739521853739
2801,0.0120505344420793,0.0407997272886851,0.0272504604920106,0.032420730273568,0.489336561124447,0.39814198637921
2802,0.0229830313664661,0.0836868788729325,0.0601416046617332,0.092950595151362,0.372037087267523,0.368200802679984
2803,0.0784449336402808,0.489138098287432,0.091800406720749,0.0252179737021234,0.20690176988655,0.108496817762865
2804,0.0149970172785305,0.070980920246133,0.118814546618533,0.0471185807031611,0.424935361940812,0.323153573212831
2805,0.245262990602401,0.17187536774498,0.271004578989761,0.0880692435543447,0.142713730533408,0.0810740885751052
2806,0.14250153853156,0.0954529278167884,0.0685745063892772,0.224243283747659,0.240416504111335,0.22881123940338
2807,0.0737957721802881,0.17571687694923,0.16799767125929,0.0769948559533269,0.202016744958787,0.303478078699079
2808,0.00937019912265878,0.0437199774054598,0.0599409156489595,0.0269767124048587,0.311358317395072,0.548633878022991
2809,0.0365659684208344,0.0779925859690972,0.275962575253465,0.0496552676551844,0.10670615333764,0.453117449363779
2810,0.0108469608799966,0.0452794645200627,0.069606003886821,0.0821063892333899,0.480871675242458,0.311289506237272
2811,0.0107179648284222,0.136260424232991,0.22547085066365,0.0435639521251563,0.288205923923713,0.295780884226068
2812,0.36192068045841,0.281064158472847,0.13698641666246,0.0869551441357764,0.0862066423160303,0.0468669579544772
2813,0.06019051393749,0.116977104717482,0.167192295186151,0.120890891281831,0.285526624835572,0.249222570041473
2814,0.0230908543370532,0.21423655262307,0.210768127446405,0.0429554389976002,0.237985216426493,0.270963810169379
2815,0.0411044226769181,0.0935941947767156,0.150806059550118,0.0711609343333079,0.170939642097655,0.472394746565286
2816,0.182057870001751,0.169812842863841,0.329803532344707,0.073982054617647,0.162253640593974,0.0820900595780799
2817,0.0886245361232027,0.298932946373517,0.116730177097631,0.0574303245834053,0.299200858846284,0.13908115697596
2818,0.272128361240707,0.269481260831795,0.178098457669491,0.0578236534163268,0.136421955573088,0.0860463112685915
2819,0.480469687141162,0.321908266890463,0.0550924171265401,0.0496791136023655,0.0723615567560186,0.0204889584834511
2820,0.310998868655569,0.20191177917224,0.348785841519586,0.0365658354458646,0.0638050954237412,0.0379325797829988
2821,0.00331850046950565,0.0301494281769426,0.0190716041964005,0.00879246325429025,0.467988878622431,0.47067912528043
2822,0.177418931415863,0.171369350574462,0.183487020032741,0.0643402125143579,0.289858604784861,0.113525880677716
2823,0.0593544378715325,0.106134586275683,0.117383846507022,0.089699734882608,0.249564330874583,0.377863063588571
2824,0.0388902816721129,0.144984792274687,0.190813379229622,0.0433364325969319,0.267166441360058,0.314808672866588
2825,0.00401599964729524,0.0311016306952161,0.170030314442466,0.0118459787498438,0.0288504681927726,0.754155608272407
2826,0.025810586251277,0.189528268822758,0.0491451538374243,0.0341518268952852,0.486553129936448,0.214811034256808
2827,0.103675517349529,0.37018338946798,0.120750523793811,0.0388013081058874,0.211757863007038,0.154831398275754
2828,0.0198602231169088,0.129205415918185,0.159387835251122,0.0439228408846443,0.43212819578968,0.21549548903946
2829,0.0290548477934558,0.0414399592319976,0.0368864701538434,0.155276012737253,0.580725160342033,0.156617549741416
2830,0.0034363737310072,0.0255975479812841,0.103463399326899,0.0199773692430067,0.153284206192575,0.694241103525228
2831,0.325256271320478,0.424162675160247,0.0893720956611664,0.0482439491660651,0.0719384802866236,0.0410265284054197
2832,0.0295476409570412,0.220096229023352,0.228018691326413,0.0257633828120997,0.281644616382648,0.214929439498446
2833,0.131417664391025,0.123083705385635,0.0895724948288509,0.190440179846606,0.254562880150659,0.210923075397225
2834,0.0152188299736709,0.0675027938800343,0.0821901741199781,0.0279685002858965,0.26737094569805,0.53974875604237
2835,0.255010357014864,0.206040287986771,0.0345272240466599,0.1812267171106,0.251148685504122,0.0720467283369833
2836,0.0125094137757851,0.0292215280415833,0.0427704549115496,0.0474056651113375,0.251526312552591,0.616566625607153
2837,0.057223878758224,0.21776695551922,0.327749565354815,0.05437639732557,0.178897988043352,0.163985214998819
2838,0.144995756176732,0.217634733756728,0.244636351965634,0.0807678813791997,0.114378249427765,0.197587027293941
2839,0.151515373196262,0.17437681573203,0.131578292955388,0.0892813757344598,0.269095207473506,0.184152934908355
2840,0.12150253857535,0.0922927725013996,0.1680088877271,0.178139197935117,0.186648942265555,0.253407660995478
2841,0.437818867633807,0.113573381044429,0.0594698867392648,0.178706586382849,0.155488499212752,0.0549427789868983
2842,0.00596025354158388,0.0266767183706521,0.0224636685450345,0.034226241214367,0.579499600991735,0.331173517336628
2843,0.128898579727248,0.113227731399831,0.135816567159687,0.0576809027298419,0.35898683508285,0.205389383900542
2844,0.0255459513903922,0.0860504246268532,0.618201520865307,0.0177428293650434,0.071237855315104,0.1812214184373
2845,0.181825478696893,0.337323436808442,0.164836945450718,0.175399580648754,0.110500663159549,0.0301138952356441
2846,0.0127070123836421,0.0490564830795988,0.0445649208796809,0.0518507735294173,0.407263051974947,0.434557758152714
