"CUS_ID","F20-","F30","F30+","M20-","M30","M30+"
2501,0.0738114817746927,0.373898741037826,0.129779502697078,0.018608680244286,0.198973532863179,0.204928061382938
2502,0.0479097567670715,0.171514471909685,0.165856726986533,0.115060819165804,0.352285173736732,0.147373051434174
2503,0.0278386685254028,0.668968266695829,0.02339872305251,0.0163088237036642,0.2318951529086,0.0315903651139948
2504,0.516954313575123,0.122362537225093,0.12545197757685,0.136998112966483,0.0408602654510693,0.0573727932053822
2505,0.0683960129932086,0.175424423688518,0.164572952863465,0.0516366844949711,0.104741366051014,0.435228559908824
2506,0.0105769360755156,0.283865500684339,0.113832799724355,0.0279186669691431,0.261842718810406,0.301963377736241
2507,0.00744231745349339,0.0253231473036938,0.120175312241581,0.0255495684473603,0.180584580361371,0.640925074192501
2508,0.0048478483900761,0.0403433237474487,0.0209903883319509,0.0310837125084826,0.521856197737759,0.380878529284283
2509,0.0420300505843921,0.0337010530028448,0.20893854964375,0.046207216721873,0.108042587981159,0.561080542065981
2510,0.014620649862869,0.129715544674639,0.0741146823636279,0.0241288264251274,0.295436019424382,0.461984277249355
2511,0.770913300799649,0.0998177701275759,0.0493042321255597,0.0526019299826174,0.017771723855968,0.0095910431086299
2512,0.0302977809654566,0.119235466857099,0.0496164745388626,0.136413213223662,0.560921460412242,0.103515604002678
2513,0.00570522151292445,0.0192518218072517,0.050054228096529,0.0183882448913158,0.326245558807393,0.580354924884586
2514,0.142348612145334,0.55166949685604,0.0415181089281705,0.0192584194172645,0.212254607204364,0.0329507554488273
2515,0.00837278058260444,0.0342610476884434,0.0492814083804764,0.02144551753445,0.215437431368611,0.671201814445414
2516,0.0619832872815263,0.0927009489344421,0.0594994014148759,0.255721335271019,0.317333532914182,0.212761494183955
2517,0.0191922238789463,0.516381653104767,0.102781771628554,0.0108135567621388,0.183452841343743,0.167377953281851
2518,0.494216464379571,0.186276629166718,0.128185496217726,0.0708428072844058,0.0564052898269183,0.0640733131246605
2519,0.0654078726798735,0.850611148235448,0.0189761332955035,0.00862387988436382,0.0386128674559482,0.0177680984488625
2520,0.0304019212921938,0.036967389790479,0.0236793151436993,0.166521956918441,0.523242521437844,0.219186895417343
2521,0.0073048899479577,0.0596829189045446,0.22465065074567,0.0216448617677153,0.133301839909768,0.553414838724344
2522,0.412906486671296,0.196302679604046,0.140803172481823,0.0674480235951841,0.10237167566516,0.0801679619824912
2523,0.0455265499172729,0.319616234506827,0.0687972941737901,0.0156077419904368,0.389904695171201,0.160547484240471
2524,0.0160968076702834,0.0951651126496,0.336811748151195,0.0338539102444193,0.0595246813956418,0.45854773988886
2525,0.114565755146742,0.0695040610591776,0.0565229863513032,0.451067236627858,0.223585144475067,0.0847548163398512
2526,0.141856679785682,0.287524022267657,0.0550604321469281,0.0944213711476456,0.310524079462993,0.110613415189095
2527,0.505383869124793,0.157936886369862,0.117481225396866,0.0591550813416161,0.0870545785719773,0.0729883591948861
2528,0.00290944015660346,0.0114417790742249,0.0574566047766113,0.0295873694966405,0.141644324238713,0.756960482257207
2529,0.0923536517059211,0.158674151599775,0.237051450205854,0.0559435079285185,0.132820472837194,0.323156765722738
2530,0.00367167507522716,0.0101163511338464,0.141032340068018,0.017447258603587,0.0984511381106326,0.729281237008689
2531,0.0189650703002731,0.163546711261569,0.0765277235459615,0.0931583060219397,0.446184356503776,0.20161783236648
2532,0.0280349306128279,0.229710628183212,0.141670624740667,0.0417948387478179,0.254593056107453,0.304195921608022
2533,0.00076901520579107,0.00335166769984026,0.0475637239971829,0.00527940787603597,0.0240883848103225,0.918947800410827
2534,0.155715648766413,0.0562761204665833,0.0706098132129726,0.565848913117534,0.0606895554382898,0.0908599489982066
2535,0.0535157147216435,0.107502003911345,0.260873201112787,0.0281567442904531,0.162031036714722,0.387921299249048
2536,0.191337729442726,0.264514874178418,0.0956657861933111,0.0575482088635246,0.206231479569974,0.184701921752046
2537,0.0258829279526399,0.840058783148763,0.0602816467231877,0.00426846861294959,0.0460285422157075,0.0234796313467525
2538,0.164036652592008,0.0822626296083758,0.075824406165001,0.132849608526998,0.314174593646198,0.230852109461419
2539,0.22077452239025,0.225240457267674,0.289007933631004,0.0397392535892687,0.104660080749487,0.120577752372316
2540,0.271405439940917,0.103149937231277,0.032685128641419,0.279956007720742,0.264356959433201,0.0484465270324436
2541,0.119808920252183,0.0458862878543935,0.00987269773510734,0.529000397534943,0.269346372256072,0.026085324367301
2542,0.0402862876590731,0.574033080809862,0.0267444037921589,0.0258724056915344,0.31066580798877,0.022398014058602
2543,0.00738496244621616,0.0215429585252811,0.0798957090428459,0.00486958245436681,0.189803421866704,0.696503365664586
2544,0.0930438059318574,0.167901294231899,0.151783925994775,0.153091169010059,0.180473864422074,0.253705940409336
2545,0.0543858931149205,0.313410243379453,0.0823698605401967,0.0247750040017004,0.36991980531555,0.155139193648179
2546,0.0270158651603978,0.0412130961441898,0.0177772799643024,0.186909987485608,0.6355150394756,0.0915687317699019
2547,0.0215176855986355,0.0665806839632684,0.595121217443942,0.0222463803501998,0.07183574184514,0.222698290798814
2548,0.0512564292302623,0.0635374481226907,0.0789308489903588,0.141522204850799,0.573487184272753,0.0912658845331357
2549,0.00801083978863356,0.0687169709502827,0.0263457527445624,0.0296422243061872,0.340139413625507,0.527144798584827
2550,0.0152159267071506,0.0209192498265138,0.0201520245290076,0.190190685940207,0.513057594676257,0.240464518320863
2551,0.3420148308189,0.217813504811642,0.0243415968244098,0.167548160617188,0.163893927166541,0.0843879797613199
2552,0.163482874406421,0.33398223049576,0.214808415275953,0.0334429733679966,0.141498280259898,0.112785226193972
2553,0.447674275074275,0.233899408062887,0.0397868632481029,0.0901906468213119,0.156298224366943,0.0321505824264806
2554,0.153713529275344,0.243368492506679,0.145520715263623,0.105695940694517,0.294818216733756,0.056883105526081
2555,0.0117852094196113,0.100197740580897,0.0798328260353995,0.0434921366135542,0.609694396765851,0.154997690584686
2556,0.0976503185603805,0.347451557296007,0.286446955235933,0.0355051635823363,0.11513658040323,0.117809424922114
2557,0.37563221053311,0.138831345496679,0.37872709975421,0.0389926492337136,0.0492043753405965,0.0186123196416911
2558,0.0316386368750012,0.0663342811469124,0.759286224848679,0.0195354802219321,0.045010779040969,0.0781945978665068
2559,0.0845533104189491,0.473678670382792,0.14638494606285,0.0211563925208927,0.108453431034987,0.165773249579529
2560,0.00683321550849748,0.149663974083287,0.126952022463104,0.0217620185202775,0.238328085684614,0.456460683740221
2561,0.015326626939899,0.0577682415606209,0.228822115535827,0.00539125103445312,0.172257967900714,0.520433797028487
2562,0.264729252521203,0.361390548048502,0.042900361834042,0.0569678571658595,0.250466226343363,0.0235457540870307
2563,0.462780290003961,0.0955522587589649,0.210378780281083,0.0661280130703495,0.0855614959267157,0.0795991619589265
2564,0.091194518498805,0.0582654342342709,0.0913984417571245,0.376505501882492,0.127765783316485,0.254870320310822
2565,0.0432110049786434,0.125266027760032,0.104819081959157,0.0445942756894802,0.193433594700939,0.488676014911749
2566,0.0115117222462856,0.0354614276905756,0.100512745775026,0.0754549597471586,0.468327166968262,0.308731977572692
2567,0.0253771390431628,0.143421144734173,0.116503921642791,0.0361136448894326,0.179552598695982,0.499031550994459
2568,0.0061653347792254,0.0420721826988751,0.0660920668947848,0.0202498644334626,0.354112266627983,0.511308284565669
2569,0.040967981248169,0.10307002679223,0.188709212714067,0.0110806706834141,0.116428338932973,0.539743769629146
2570,0.020241428733058,0.589305881751302,0.119564015332184,0.00592094924465237,0.10310472122614,0.161863003712664
2571,0.0592389444617986,0.0763880907098538,0.0149265267569282,0.318007970168169,0.380116807470914,0.151321660432337
2572,0.0693805170160205,0.0526853245670646,0.27660271436688,0.115483330432513,0.136494673336162,0.34935344028136
2573,0.0698777529009842,0.253534198785957,0.0781935718451063,0.0205715666627439,0.304494374010987,0.273328535794222
2574,0.0135413389739669,0.0427066705016448,0.0166495065675438,0.413880807981155,0.425711708384463,0.0875099675912271
2575,0.0142088365728937,0.0230220885913179,0.0120560257873472,0.115189177252447,0.697692887675779,0.137830984120215
2576,0.292090816722112,0.361081529980872,0.143338563878642,0.0859533432039146,0.0445225206679542,0.0730132255465058
2577,0.0429166910525967,0.210423674063704,0.341484414882365,0.026081893969081,0.150263274590342,0.228830051441911
2578,0.00103482273565237,0.00551308878770624,0.0268488771071809,0.00618211121863094,0.0820130406529479,0.878408059497882
2579,0.294723500504754,0.244582976443279,0.201409551240635,0.065685050365717,0.129140689166192,0.0644582322794225
2580,0.046916843297448,0.339556220686972,0.1205066355848,0.0149455346577645,0.237947769637467,0.240126996135549
2581,0.00228843631707031,0.0262717973157765,0.0732511118173397,0.0352745625089551,0.278609155097046,0.584304936943813
2582,0.240030715839185,0.412577499724477,0.105061469067639,0.0267700324011881,0.132255840286699,0.0833044426808114
2583,0.0774242112567462,0.554674872454549,0.176589099634296,0.0180293794030644,0.0689571204468551,0.104325316804489
2584,0.325989871216941,0.522298483591365,0.0506927165149972,0.0199160153893336,0.0587227803402048,0.0223801329471593
2585,0.0200575382438685,0.0779194403472616,0.0431772152006349,0.0618487971278837,0.549964120602174,0.247032888478177
2586,0.0268286241003716,0.324228768810879,0.0778264524493084,0.0238442933849417,0.248443356260375,0.298828504994124
2587,0.216715108087425,0.0544973288096778,0.029777597234506,0.417005663802226,0.204710236147903,0.0772940659182632
2588,0.0420088009906222,0.0190730096585576,0.0107005690842711,0.364035654187246,0.467494905641106,0.0966870604381966
2589,0.0614678474854059,0.0787621430401344,0.0393494429108391,0.216438447549587,0.548283056258245,0.0556990627557884
2590,0.0271258873931304,0.0957520465390903,0.160026441927261,0.101565582617096,0.294574073884273,0.32095596763915
2591,0.0816560726512796,0.124636385540406,0.443699633989874,0.0124495885978753,0.0511882787377823,0.286370040482783
2592,0.00857959310481433,0.0272395185362988,0.00660202112555908,0.152879413599332,0.71437610786917,0.0903233457648259
2593,0.134970491210565,0.147255028648955,0.0625101036226959,0.0702011634832164,0.461859646372857,0.123203566661711
2594,0.0381066395609635,0.0675963883442343,0.0525303141374477,0.0295752208553624,0.405058121036144,0.407133316065848
2595,0.125605715492003,0.0955468593637061,0.2345965581524,0.283700558323639,0.131020677831856,0.129529630836396
2596,0.793662643709796,0.0434382174485257,0.0090684705377746,0.12930656444745,0.0211290311776577,0.00339507267879527
2597,0.00644939682853876,0.0252278537198592,0.167028503996218,0.0153810736168498,0.133288727178709,0.652624444659825
2598,0.0153996385610075,0.0918192265854111,0.0591116122684266,0.0122256833148386,0.175569374643974,0.645874464626342
2599,0.320997624148949,0.258456776855507,0.0460014715847195,0.143703831822335,0.169132202514684,0.0617080930738045
2600,0.00258816974637571,0.025908357566056,0.0424110065012689,0.0168545750582447,0.825720034704885,0.0865178564231696
2601,0.0146412232964499,0.0463531347072774,0.227345689379176,0.012243134812459,0.104228164459159,0.595188653345479
2602,0.0300795409787626,0.0994597122457191,0.0781378517789018,0.0302490593575607,0.214701599042286,0.54737223659677
2603,0.0429829342838231,0.569706077568624,0.0471448908399342,0.02919508631665,0.248551377716841,0.0624196332741274
2604,0.0937967923808005,0.0756514576199418,0.351869735025771,0.212006927507639,0.0925148148883366,0.174160272577512
2605,0.000273802005730292,0.0288280441560717,0.125381463574026,0.0160143101704723,0.386229172503191,0.443273207590509
2606,0.0209542811627066,0.0608940104148564,0.140756811316295,0.0198042709308409,0.126625718433188,0.630964907742113
2607,0.0138251185417971,0.0308253075752802,0.0766799896655145,0.0371781268256448,0.151496808426751,0.689994648965012
2608,0.210802714919009,0.204514751881566,0.0659588115195573,0.184452643583201,0.180890581356406,0.15338049674026
2609,0.0144563976006227,0.0428265868234886,0.0341397914691673,0.142331593057664,0.508344233710378,0.257901397338679
2610,0.0742165211603597,0.193304765514904,0.0487627888378239,0.195658913438256,0.339502270951717,0.14855474009694
2611,0.0273612112977025,0.112869418502708,0.186062874131606,0.042477886224786,0.0793788869686044,0.551849722874593
2612,0.0533074331668103,0.227294130458911,0.149558166338679,0.051850910947667,0.18735277604182,0.330636583046113
2613,0.515141351810252,0.295326625681937,0.0394797255959637,0.0585514206100898,0.0783110269376875,0.0131898493640703
2614,0.0922140615953525,0.126525204802731,0.0833857609348208,0.103624934273752,0.337581040371798,0.256668998021545
2615,0.514567448162022,0.182090545414297,0.128061238474247,0.0604164309855673,0.061315197034567,0.0535491399293001
2616,0.0066518810679277,0.051396898453601,0.0455452823241513,0.0586960947916883,0.518074027363404,0.319635815999227
2617,0.257532266894596,0.34862431492417,0.202425229680002,0.0353867899355957,0.110492032356172,0.0455393662094646
2618,0.0596125417571141,0.0720470549024627,0.0875536176011181,0.0902688733119993,0.401076708084145,0.289441204343161
2619,0.0292022376213775,0.0242028124891149,0.0135185282532159,0.141642384830115,0.624298530218066,0.16713550658811
2620,0.0157453810584783,0.128872023420164,0.329347451975273,0.0301234038314747,0.25007665140127,0.24583508831334
2621,0.0307989052339015,0.0790724983672069,0.0212761627077967,0.109372213210291,0.699658772263933,0.0598214482168709
2622,0.00116421696802193,0.00395560067933181,0.0103291365117458,0.00633772069683211,0.12120583148474,0.857007493659328
2623,0.441779616966668,0.195286375652775,0.0333049919046844,0.108703737774023,0.188522768361201,0.0324025093406482
2624,0.00442226874215523,0.0327573891354942,0.12142650768907,0.0116479271179304,0.127797082384892,0.701948824930458
2625,0.21280930018016,0.325953273225089,0.32809069737402,0.0299790551638662,0.0536988155079417,0.0494688585489233
2626,0.00241733379053566,0.011879858664447,0.0293333726117581,0.0102906262578906,0.134612204875824,0.811466603799545
2627,0.12358492497048,0.182544511435865,0.404281608189366,0.0191952546947696,0.107923485447611,0.162470215261907
2628,0.125841356889912,0.242355025797101,0.0592052397114757,0.28314890788031,0.24827473879844,0.0411747309227613
2629,0.0241844335522064,0.18840768891088,0.0696058036033089,0.0263292202102806,0.35571383864123,0.335759015082094
2630,0.275417026528907,0.097416453618671,0.157204407777134,0.07113826686555,0.19372733351579,0.205096511693948
2631,0.0219651416159721,0.26876978278977,0.151199734674515,0.0215333435685139,0.297540512818772,0.238991484532457
2632,0.00390315269111812,0.0142011075415571,0.0672935301526561,0.01740047997603,0.139180604472845,0.758021125165794
2633,0.107700730669466,0.423187434780817,0.0906383859185429,0.0641638746245417,0.211205032664602,0.103104541342031
2634,0.0380425981718474,0.106197512214521,0.201458065285862,0.0625030306840917,0.159537820417532,0.432260973226145
2635,0.0311870648666321,0.124953959027048,0.100918461348155,0.0420545387279295,0.511741757759041,0.189144218271194
2636,0.0501069432141764,0.0542132369954516,0.133887559544361,0.101721046016272,0.262526087299257,0.397545126930482
2637,0.0131614993518679,0.0729001417287323,0.0173797027041834,0.0473317714646885,0.726624057190586,0.122602827559942
2638,0.0459126513143475,0.0367773260678903,0.0728951223294571,0.301137163385209,0.126426903589225,0.416850833313871
2639,0.166211278800794,0.0585414549686922,0.0464530939478892,0.436158327808045,0.218262420969403,0.0743734235051757
2640,0.01499176534776,0.0356710468353586,0.0342666099805762,0.017033165831713,0.143009333567065,0.755028078437527
2641,0.202861662570182,0.155966277980048,0.171112144806705,0.126518905648931,0.188215042004145,0.155325966989988
2642,0.00507827237996528,0.0755820428057831,0.0989690502472678,0.0200663076433432,0.213922149755921,0.58638217716772
2643,0.337924517859661,0.41990042323404,0.0193380906960017,0.102699731431849,0.0971567006549239,0.0229805361235243
2644,0.00402477195746546,0.13531795057923,0.0401653113730857,0.00857016118311855,0.322486056957903,0.489435747949197
2645,0.0485533757716227,0.0648406353795802,0.0326615492013211,0.112991588764027,0.343521823183494,0.397431027699955
2646,0.00186770590063444,0.0132813104181424,0.0880599678563484,0.00741085245209831,0.0447966076628011,0.844583555709975
2647,0.0473187429005476,0.0853294762431176,0.0824603943041816,0.086762773034549,0.281736069653849,0.416392543863756
2648,0.0783293016047584,0.197955991989634,0.678192414058879,0.00547376929113715,0.0115789858980593,0.0284695371575323
2649,0.0272731130035853,0.0325659241258518,0.0699653641307588,0.0507117350827404,0.160155896796976,0.659327966860088
2650,0.0617223101905192,0.0273345102306371,0.233178682023833,0.0705142640782542,0.10677775801619,0.500472475460566
2651,0.0137636139480348,0.0701497928647716,0.0434045248107024,0.0560303947133162,0.489391131706988,0.327260541956187
2652,0.014582309138287,0.0843290270062541,0.0519451545508003,0.0287776247295544,0.581057183134064,0.23930870144104
2653,0.265497846408895,0.221773104119568,0.0936503207108187,0.079202857404684,0.207547064375629,0.132328806980406
2654,0.00196393592269779,0.0324170961116025,0.0683067805977276,0.0243258871161794,0.108960172581543,0.76402612767025
2655,0.52440298133505,0.215029945646169,0.0548937017594519,0.0628619586427418,0.119441025211675,0.0233703874049125
2656,0.00883546817942633,0.0672298049821865,0.0461263043177883,0.0258065230832574,0.471806764453725,0.380195134983617
2657,0.0117389515999034,0.030503103681571,0.148630988218438,0.0115551364169034,0.095671653395124,0.70190016668806
2658,0.11326705463544,0.0889029194763777,0.0741841977055041,0.539885881494673,0.107610948803783,0.0761489978842212
2659,0.232198338022369,0.07034117261099,0.0559667108546207,0.54965012330884,0.0494230362116648,0.0424206189915151
2660,0.0110072202307396,0.0443900257129843,0.0521454860684202,0.0316210997340702,0.244963350679025,0.61587281757476
2661,0.00621739976978664,0.026484288629726,0.123797072128211,0.014198883959517,0.0715774573791714,0.757724898133588
2662,0.00553293419888451,0.051970563453017,0.101629807653789,0.0135680518695585,0.14924244607201,0.67805619675274
2663,0.00691680424273403,0.0292117273358494,0.0508278767823473,0.0378868146147358,0.374035179738549,0.501121597285784
2664,0.0414512115860136,0.162041487404914,0.0292502259263024,0.0722030234497402,0.560759351197236,0.134294700435794
2665,0.253070437636403,0.257599253235724,0.184811281985607,0.0551196302395902,0.153406641925707,0.0959927549769681
2666,0.000516527689912672,0.00183701695972566,0.0273932540459234,0.000991353803638607,0.00501274041055578,0.964249107090244
2667,0.0855259622845417,0.121686541276976,0.383795913365211,0.0576035183087995,0.179248571986194,0.172139492778277
2668,0.0052100638271483,0.0588888387141039,0.330203478351225,0.00595391823047173,0.0949694717513621,0.504774229125689
2669,0.0544663460211887,0.23055021134739,0.12961056047065,0.0281440126939596,0.188311058478419,0.368917810988394
2670,0.00850286805629663,0.0470420630214779,0.146435795608249,0.0171818758059139,0.15422439854301,0.626612998965053
2671,0.0270427863440723,0.0843939809401304,0.0779439124929107,0.106361018174482,0.296132696389546,0.408125605658859
2672,0.00456172956567024,0.0225713918530814,0.141768374661465,0.0115848558318478,0.13669303132416,0.682820616763775
2673,0.297536433488961,0.264523610093093,0.0700875398220654,0.142271385779317,0.176271160573589,0.0493098702429745
2674,0.0188671956064962,0.0485097475526524,0.080325394661782,0.1050033898692,0.359734611956442,0.387559660353428
2675,0.658718504401905,0.174891499064024,0.0139062262541139,0.0950090918263607,0.0502209146583175,0.00725376379527854
2676,0.0333579601406729,0.0481312897352011,0.066661811015385,0.152443729712527,0.409084301775979,0.290320907620235
2677,0.0528090353327403,0.168087916751076,0.308573835249893,0.0534227804888156,0.320328200102889,0.0967782320745868
2678,0.0350697273139741,0.134623567329018,0.302050003100562,0.0433416983795823,0.271079202650236,0.213835801226627
2679,0.00212776310153775,0.0163067743433969,0.0229356353154538,0.0209022105652358,0.302607128435216,0.63512048823916
2680,0.0858832105549881,0.0903582465707313,0.309433970421693,0.367855906469953,0.0920702689247949,0.0543983970578397
2681,0.0246323433284432,0.204437399289544,0.153896275377359,0.0178833105014576,0.365242720186004,0.233907951317193
2682,0.00839279925327565,0.0199887000606596,0.104978863740284,0.165188796048233,0.216343181750442,0.485107659147105
2683,0.534629079440932,0.224428711744504,0.0138453321470821,0.159570019249555,0.06210630865985,0.00542054875807741
2684,0.00811238801818229,0.0419113502751692,0.0377762648692799,0.0963274664680861,0.449184023370225,0.366688506999058
2685,0.0673169278810601,0.0326873131948927,0.253479303893873,0.0389922945347993,0.0479672864604438,0.559556874034931
2686,0.0100922738780311,0.0840780235975009,0.0791293597458107,0.0214884029011254,0.135388274430797,0.669823665446735
2687,0.497716492869736,0.203625604871311,0.0551514275204555,0.131057325873331,0.0894693074730391,0.0229798413921273
2688,0.0144614547159743,0.129555416111639,0.0528241903111326,0.175379476374885,0.467085179911057,0.160694282575313
2689,0.127340935192806,0.555028240725145,0.0622631060840995,0.0701920662801844,0.151461479136381,0.0337141725813847
2690,0.0141738337966783,0.0245502674826621,0.0489103114292988,0.217220167360714,0.381679989522639,0.313465430408008
2691,0.0400488682679267,0.157737602536025,0.0962070782494995,0.0472742521239273,0.44518568972184,0.213546509100782
2692,0.19561350864771,0.122486581380871,0.221545307122584,0.0470027990416249,0.22929753368131,0.1840542701259
2693,0.025440667497898,0.0547141498627136,0.132500854545218,0.024119757948127,0.124505721106403,0.638718849039641
2694,0.00256979265717575,0.0123785433054227,0.023097252359368,0.032620915793838,0.293965273237498,0.635368222646698
2695,0.545615196647256,0.153010105613641,0.0503599517893158,0.139631885197218,0.0859156888486363,0.0254671719039329
2696,0.0165482692208898,0.059533659960431,0.224960734439013,0.0174754563596159,0.0668009136331528,0.614680966386898
2697,0.102478911867205,0.205390040680694,0.243867938266084,0.0351155117166165,0.205344417350467,0.207803180118934
2698,0.00521984420360855,0.0244148918749598,0.279239423115359,0.0113374675353697,0.299132393107255,0.380655980163448
2699,0.0102195602094081,0.161750600682173,0.523515233397402,0.00170827148469786,0.0358716321190727,0.266934702107247
2700,0.00143456370479685,0.0459761329723517,0.0240285076767242,0.00521959036691791,0.397008333947511,0.526332871331699
2701,0.00875993636864682,0.0345141860191708,0.0645444221850221,0.0872907399564966,0.275894695247103,0.528996020223561
2702,0.428463577911864,0.167049479758941,0.202681942730923,0.0683965083309301,0.0651510764310399,0.0682574148363029
2703,0.185866251826185,0.0769580140636518,0.178520946816485,0.135615592627637,0.195116672331626,0.227922522334415
2704,0.053675795054267,0.191285537973716,0.552712798517522,0.0171396174155777,0.0733786270791177,0.1118076239598
2705,0.0131534617468452,0.102905626507498,0.425952344028766,0.0145127486993312,0.0930893357231213,0.350386483294439
2706,0.0158901019278639,0.0586442245192532,0.250751218313398,0.130739114882874,0.240202150353412,0.303773190003198
2707,0.0106159172172859,0.0310742571424427,0.0173837970879311,0.057999995389323,0.606956774466375,0.275969258696643
2708,0.32390626919893,0.29529959439879,0.0928675262908077,0.106379522100512,0.148675263840677,0.0328718241702834
2709,0.0498955093689818,0.220784943404462,0.482481208117846,0.0144725678182359,0.0715596995417958,0.160806071748678
2710,0.0743865794281638,0.0325903637660463,0.31287700332045,0.0324461710904358,0.036764046563028,0.510935835831876
2711,0.0878739992903608,0.0771226565300442,0.0897993603160642,0.102447566754232,0.313112519623273,0.329643897486026
2712,0.132605591505138,0.0667312683151156,0.0719978178428613,0.515557827426646,0.1440063622236,0.0691011326866396
2713,0.0585913107137342,0.19259989687447,0.306853228948855,0.0377154627634172,0.116099800108601,0.288140300590923
2714,0.0060532437617027,0.0824981940464748,0.239128811142418,0.00901600378820205,0.197964373865832,0.465339373395371
2715,0.0199991354369592,0.07943968587994,0.438959097992507,0.01858210960057,0.211732109790375,0.231287861299649
2716,0.0482749649519317,0.0719828353867851,0.0618375416542068,0.0644000137281113,0.338544883846121,0.414959760432844
2717,0.00780221647698298,0.0244119040170896,0.0395748517773836,0.0330333754149495,0.257859648854484,0.63731800345911
2718,0.0199192502085808,0.02795148230981,0.249776211669465,0.0416907548980951,0.123333471941003,0.537328828973046
2719,0.0166482852756928,0.0643460762686111,0.143466340563547,0.0406829805045142,0.319919598105979,0.414936719281656
2720,0.196131397709716,0.111900715707771,0.183256375477964,0.110046713442428,0.238730563963421,0.159934233698699
2721,0.0232160589064271,0.0636378370727248,0.125197635539924,0.0463489797984289,0.356744536452363,0.384854952230132
2722,0.302326613372109,0.454491092112735,0.14761648722069,0.00992588843190802,0.0625279280415953,0.0231119908209629
2723,0.0489853402226674,0.25173530836772,0.196692115087555,0.0362007217714124,0.149930986688013,0.316455527862632
2724,0.638409012687296,0.131914217918061,0.0669281247217438,0.0951839208909194,0.0489566540394221,0.0186080697425571
2725,0.39955616680282,0.347741917988324,0.0396568962114413,0.137437576607226,0.0500125581984527,0.025594884191736
2726,0.0275676315848262,0.0628917994376761,0.0325030398828812,0.0867181121197433,0.749855010733852,0.0404644062410214
2727,0.00149889224170995,0.0262189633992995,0.0330210174389963,0.0173059100879528,0.251176209830029,0.670779007002013
2728,0.023442084357992,0.0268310411535227,0.17483534496952,0.0279596662921166,0.0834614707930851,0.663470392433764
2729,0.129803692713542,0.243526327788813,0.0935535292709653,0.107694729143881,0.272738318626181,0.152683402456617
2730,0.00387389688830608,0.0245741727366162,0.0351845290383877,0.037618140814648,0.523292128279648,0.375457132242394
2731,0.121558269794564,0.173520674186072,0.0835157998897461,0.16436214260765,0.377782771355866,0.0792603421661026
2732,0.0103518979820754,0.0547217786238848,0.272675605318919,0.00744578929146242,0.0635460966228693,0.591258832160789
2733,0.0212145621266402,0.128766389509639,0.128995589758812,0.139724056599235,0.475929950372725,0.105369451632949
2734,0.0337955802582536,0.779896352916703,0.0407301488263108,0.00815587732579137,0.0805450428107274,0.0568769978622143
2735,0.0633058661468453,0.490766860917787,0.12326426520505,0.0135385957904052,0.13616435484276,0.172960057097153
2736,0.039540401399499,0.0470495618554416,0.0264024773780281,0.594602790291324,0.24671592582385,0.0456888432518568
2737,0.164658612670459,0.122921175849681,0.290903600811202,0.0111629030798015,0.253865932848422,0.156487774740435
2738,0.0178469576273597,0.108649711837374,0.0940132453353809,0.0434056012615677,0.209650964526256,0.526433519412062
2739,0.300682462905251,0.287542660172611,0.150992201082789,0.0408710252837089,0.171924257394109,0.0479873931615307
2740,0.273719520502354,0.290476085946722,0.0974193730590012,0.0781572606189892,0.138129108015436,0.122098651857498
2741,0.13166889879849,0.30037772064705,0.15172874916254,0.0284678310366681,0.240123726105876,0.147633074249376
2742,0.0481159270400264,0.0794881596477672,0.0426335869749555,0.150236102529667,0.477878954797907,0.201647269009677
2743,0.290612699855788,0.193441813490919,0.109515464670679,0.144154612490276,0.145656295332123,0.116619114160215
2744,0.00823918013349804,0.0802965237679296,0.0227123548075481,0.119785601192446,0.628617614402558,0.14034872569602
2745,0.000570119548346877,0.00713264309187559,0.326934905378469,0.0312503471768321,0.469409134626774,0.164702850177702
2746,0.0106266580050721,0.0585292631986787,0.123526422308475,0.0330000022555056,0.229868590634075,0.544449063598193
2747,0.0200637348445832,0.0288699237644439,0.0115442757530958,0.156231854295482,0.589520698190482,0.193769513151913
2748,0.00400999637496457,0.0369341677632718,0.0382710490036266,0.0321837020927133,0.697897899356973,0.19070318540845
2749,0.182432767992598,0.128339214843154,0.039482795755339,0.339420864063784,0.195809789236439,0.114514568108686
2750,0.012550936447209,0.0674518710932873,0.262776148570768,0.0494079989430992,0.146377449830927,0.46143559511471
2751,0.123905571947462,0.096353819058497,0.0348089156780806,0.221584560088118,0.490543929454196,0.0328032037736468
2752,0.0662823634545755,0.135413731718903,0.186805571576036,0.0644764937381,0.142630788387754,0.404391051124632
2753,0.0304198079737267,0.0713710968823064,0.0288226609035057,0.326373450086001,0.448476899337613,0.0945360848168479
2754,0.00583436043168095,0.192347085670636,0.0293657786525549,0.00851366286623581,0.658783372494646,0.105155739884246
2755,0.00105087113702222,0.00441349734024867,0.0313969319518555,0.0100604808009157,0.343255234042973,0.609822984726985
2756,0.0030695177024149,0.00686393382483509,0.0869543469340397,0.00592298321075578,0.027970447859561,0.869218770468393
2757,0.0153711357077304,0.171488366664819,0.0289492727299537,0.026405872906087,0.518484084820003,0.239301267171407
2758,0.0508155086083869,0.263857597472072,0.19229929494421,0.0213999513883046,0.305571464994925,0.1660561825921
2759,0.0196493998665172,0.223494419772122,0.0925164731042574,0.0147135558972536,0.208774656415542,0.440851494944307
2760,0.317519267773864,0.105054976213278,0.0499837917580048,0.466724651139701,0.0495721296276558,0.0111451834874964
2761,0.183632843380232,0.0877277736771763,0.0756051657236391,0.380360233165078,0.198342175248947,0.0743318088049271
2762,0.00290756468447206,0.0621566594959505,0.0512644044972172,0.00999284951783387,0.458696234291524,0.414982287513002
2763,0.0555310890654764,0.163481348435645,0.232873784082562,0.0512635246113908,0.261917433154755,0.23493282065017
2764,0.00481397643034752,0.0120544785089123,0.097174572538608,0.0111709906221884,0.069171817948815,0.805614163951129
2765,0.0320761263735556,0.158538324652091,0.248533308647274,0.0168722260939106,0.166771993936712,0.377208020296456
2766,0.0426643003356011,0.121524826958663,0.130198986775507,0.0359990406309948,0.399044854996633,0.270567990302601
2767,0.00205653740708517,0.00364573340237846,0.00858768136895438,0.774252461765931,0.129098421824812,0.0823591642308384
2768,0.0285158072207112,0.142513341068587,0.404589146751245,0.0104755374475687,0.0809022711492916,0.333003896362596
2769,0.0543407595641561,0.403153425041026,0.0444138298946055,0.090262138406466,0.322323562296218,0.0855062847975289
2770,0.00103636266572136,0.0194076766193615,0.109651584724396,0.00814372098201988,0.195262231088772,0.666498423919729
2771,0.0189038861620207,0.106230499522828,0.426294355887303,0.0120911433303715,0.0830738287714271,0.35340628632605
2772,0.0255420635432403,0.0279445181722264,0.0924988738815067,0.197119268974561,0.469678318519772,0.187216956908694
2773,0.0320764087756109,0.319382193237639,0.138511573281128,0.010112996083047,0.361798406378124,0.138118422244451
2774,0.123813681810528,0.48970039699332,0.0831456674706901,0.0218110926497855,0.23498181572995,0.0465473453457269
2775,0.000756018352965375,0.0051689434572851,0.0838811950416003,0.00357762918659457,0.0527781696196186,0.853838044341936
2776,0.00712043897950496,0.0307031154780089,0.0591248206968715,0.0301162909473168,0.222133779116134,0.650801554782164
2777,0.000659885778036317,0.0111162025689088,0.0836106485870099,0.00725198257917833,0.0919290560725012,0.805432224414365
2778,0.140781099883566,0.142748518341717,0.16588402541688,0.0964305408930766,0.145365782845878,0.308790032618883
2779,0.026673774771219,0.028260796448568,0.2636108002434,0.134907431368418,0.169246836434911,0.377300360733483
2780,0.0621963259423459,0.202855510964344,0.338033387488653,0.0626308938485426,0.104709823342276,0.229574058413839
2781,0.0101235721072996,0.0152350813675018,0.0443537466191499,0.116093925672308,0.537855052297643,0.276338621936098
2782,0.00414113144970114,0.0152801612533756,0.210547110363892,0.0114786014869833,0.0959895099481062,0.662563485497942
2783,0.658938003558259,0.179413737545385,0.0698906678872651,0.0457649864584936,0.0303201123602523,0.0156724921903455
2784,0.0478247939011777,0.267713063564323,0.0683636745354153,0.0937137480179297,0.389571530371127,0.132813189610027
2785,0.000956898831318305,0.00483862310031188,0.0224520879991984,0.0143050994867458,0.402634737387432,0.554812553194994
2786,0.0156451095195136,0.133632776014121,0.0655969583542658,0.0558865166034247,0.476342459564206,0.252896179944469
2787,0.00378533330736377,0.0270966133656423,0.0860922857500967,0.0200669772488082,0.24014420159298,0.622814588735109
2788,0.0138501226032965,0.0502528334939674,0.108949246048522,0.0229354034669171,0.123604336593642,0.680408057793655
2789,0.0553427123142943,0.0819212999743232,0.306479496025816,0.061221018892498,0.184149865647584,0.310885607145485
2790,0.137655291473778,0.182319236874563,0.0447379938566516,0.0679740437569664,0.394678956609577,0.172634477428464
2791,0.124048202268729,0.0391929561239243,0.0202615975302012,0.702766077462042,0.0887369542180798,0.024994212397024
2792,0.51137082074198,0.247793436672603,0.0345385473664592,0.0817502098017484,0.10141334312107,0.0231336422961398
2793,0.0043683876490407,0.047032006012617,0.0344217947541907,0.0131597033304385,0.460330956437974,0.440687151815739
2794,0.442024796198882,0.134931711605851,0.0531525335714997,0.212423384901311,0.124001479897613,0.0334660938248441
2795,0.36145931325243,0.146040312075803,0.0374535533957637,0.361398046429407,0.0823061478970621,0.0113426269495341
2796,0.000868699604631984,0.0103378235103464,0.0857552413677109,0.0162923419330382,0.0968625527759701,0.789883340808302
2797,0.0497056634207141,0.0587538248649122,0.0688739238532664,0.0880718361348709,0.135369707381683,0.599225044344553
2798,0.00666015472122755,0.221783842684339,0.276753137247546,0.00553549675829389,0.233457333627762,0.255810034960832
2799,0.154638954397416,0.141753398159749,0.417119920739469,0.0127427955664993,0.0847649241039954,0.188980007032871
2800,0.00479233300838415,0.0165884061828052,0.0374640977865429,0.0199463107564257,0.18411180780058,0.737097044465262
2801,0.0085599522243802,0.0427861727195286,0.0113557905729826,0.0259658023625775,0.534290829920592,0.377041452199939
2802,0.0109060426826934,0.0742987930749192,0.0436350762045277,0.0327134805652256,0.526572695510932,0.311873911961702
2803,0.10535447961418,0.499836386943402,0.146836347479628,0.0290136072320593,0.131186250955159,0.0877729277755716
2804,0.0122607092663616,0.0561808844926317,0.109547413800301,0.019424950680205,0.418007526192657,0.384578515567843
2805,0.402824133908169,0.141584383970778,0.22097385497092,0.0815556509585989,0.0969719470329259,0.0560900291586084
2806,0.0813450948060379,0.0461598947423862,0.0518710788527864,0.303471986176497,0.332444516698726,0.184707428723566
2807,0.0966483720370242,0.205373941795014,0.187877597446075,0.109250985862961,0.175416177037398,0.225432925821529
2808,0.00948106319574959,0.0441316516811857,0.0448292910160291,0.0192665224237056,0.296021933935697,0.586269537747633
2809,0.03673968308025,0.112750843665858,0.439195245343907,0.0323537659351495,0.0686409406631348,0.310319521311701
2810,0.00789206446159573,0.0441223944205288,0.0709419356475824,0.0609374356653085,0.424370894131026,0.391735275673959
2811,0.00462061521346818,0.0985766231715415,0.121821168302948,0.0155359107453057,0.4923428784561,0.267102804110637
2812,0.508067239748798,0.304377819071523,0.0726056029113995,0.0466852266532334,0.0440845282167663,0.0241795833982808
2813,0.228647109862877,0.102340219354145,0.13502603003967,0.14579368160689,0.297916184053291,0.0902767750831273
2814,0.0236860929748423,0.306893018965468,0.184478245491759,0.0260952685329281,0.163285538529376,0.295561835505626
2815,0.0221194913894035,0.0647010895796992,0.108602950938753,0.0751980061413027,0.17475999401607,0.554618467934771
2816,0.172948334708163,0.155141712442548,0.320594748221885,0.0936250597552761,0.182144575288409,0.0755455695837191
2817,0.102028749312608,0.398337870498373,0.106193786231117,0.0646156787630251,0.241454988763177,0.0873689264317005
2818,0.303674283005251,0.313392646059459,0.191315572722795,0.0456822388794247,0.0857982426910807,0.0601370166419903
2819,0.404923339983665,0.356649290322396,0.10405342933529,0.0369378156607308,0.0783193609550512,0.0191167637428659
2820,0.431947437475218,0.217425171151033,0.256445236463645,0.0302035335444206,0.0443933399856185,0.0195852813800644
2821,0.00148139120439258,0.0241501569874273,0.00790598067953676,0.00519802535744645,0.398748248726437,0.56251619704476
2822,0.167452475389725,0.196461056064872,0.265550783215461,0.0586082672679365,0.181541683976109,0.130385734085896
2823,0.0333128682079614,0.0928637029595611,0.129712434000842,0.0747885710432841,0.213780285740174,0.455542138048178
2824,0.0446475453040189,0.0956092048306658,0.21370393307756,0.0502501086799925,0.310987824609314,0.284801383498449
2825,0.00245142641316042,0.00932509094890906,0.168653305205427,0.0058573630476826,0.0101200159011095,0.803592798483712
2826,0.0276380036873198,0.177103601834698,0.0441967793848865,0.0432462442621092,0.515438082089715,0.192377288741271
2827,0.0582136607385998,0.532294092348728,0.172779627051131,0.0169999691832217,0.111589710652806,0.108122940025515
2828,0.014811164870963,0.115606160763998,0.195408350143118,0.021899697013298,0.401192919264928,0.251081707943695
2829,0.0456657466666779,0.0304559014961847,0.0424976200467332,0.180261705919305,0.580387868021703,0.120731157849396
2830,0.00238628309385246,0.0214321198694024,0.112956685495768,0.0265987977431865,0.158215949651326,0.678410164146465
2831,0.346945688186418,0.434021422257431,0.077604720094994,0.0634803511340008,0.0518052035631331,0.0261426147640236
2832,0.0352902922975263,0.278064317240391,0.195760567670308,0.0238119936245557,0.317135862667736,0.149936966499483
2833,0.241425263712927,0.121609795054769,0.0915675768941988,0.25157861016532,0.174483637838391,0.119335116334394
2834,0.00875584214039641,0.0565645474526899,0.0897907958819214,0.0119931015864956,0.221005650122193,0.611890062816304
2835,0.188000428354488,0.232315978181856,0.0455242702252695,0.135404774884308,0.31324283174673,0.0855117166073486
2836,0.0157222638436869,0.0383259786697012,0.050307996209858,0.0807020867859712,0.29175939894558,0.523182275545203
2837,0.0452065679579937,0.22762748883414,0.338512701253956,0.0461105787960084,0.151677198757762,0.190865464400141
2838,0.24657623007999,0.264541404969302,0.2268723824885,0.0632818247696166,0.0806835274592355,0.118044630233356
2839,0.0656766874407495,0.143534260749673,0.147385355212543,0.111526094593467,0.300818904583895,0.231058697419672
2840,0.118743725787082,0.0752944513090383,0.12565902595816,0.296688921190392,0.137082789712198,0.24653108604313
2841,0.408113267660333,0.145271940230572,0.0620344070859575,0.127861978568582,0.175363200148518,0.0813552063060376
2842,0.00703446031518087,0.0355052056219016,0.0180483925094628,0.0245137011565027,0.599135289129642,0.31576295126731
2843,0.0404085213894559,0.0748826629153393,0.0479401898449273,0.00242912950047106,0.699953076849637,0.13438641950017
2844,0.0337403862961376,0.223674975197028,0.386437037024577,0.0114105624142116,0.0787441483291739,0.265992890738871
2845,0.24230656027492,0.519251140679097,0.0852131348781285,0.101684349657808,0.0423562280523411,0.00918858645770484
