"CUS_ID","F20-","F30","F30+","M20-","M30","M30+"
2501,0.0874911460744103,0.460340023656718,0.108044565054282,0.0358344819166327,0.172342678197916,0.135947105100041
2502,0.0322465699740498,0.134959366599841,0.186510624269916,0.0748942207975665,0.38663493119954,0.184754287159086
2503,0.0546031050428407,0.367095150333409,0.0542623063596222,0.054341859010176,0.379010342460111,0.0906872367938407
2504,0.348215564118214,0.157275849192936,0.134491215177787,0.164710502575885,0.0887308447445238,0.106576024190653
2505,0.0329533711592851,0.134338061525071,0.159005387897731,0.0496737812744563,0.162952395581206,0.46107700256225
2506,0.017501529652842,0.328592236330683,0.0966754540011745,0.0242514470889792,0.291312294366559,0.241667038559763
2507,0.0106411054670092,0.0312089535996263,0.0933374072895597,0.0234493506988653,0.194982449878817,0.646380733066122
2508,0.00630935895160945,0.0313295047055935,0.0321362422454257,0.0249163767282677,0.476859959461465,0.428448557907639
2509,0.0207998806011744,0.0406304418900915,0.147820292254903,0.0332062530170305,0.147834860941355,0.609708271295446
2510,0.0126413643374252,0.0791258232106015,0.050074475413019,0.0282878701371496,0.372280584579059,0.457589882322745
2511,0.617142031517622,0.102310957255763,0.081809764910054,0.130270480931759,0.0466897086617734,0.0217770567230288
2512,0.0499922778811241,0.175880299952473,0.0693207386821305,0.13618894107759,0.464970331656609,0.103647410750074
2513,0.00635107970531072,0.0298517185438791,0.0880335063973451,0.0272004849378703,0.275598567551134,0.572964642864461
2514,0.106161911592014,0.541307372907709,0.0619550396614417,0.0337382600461481,0.204973120366923,0.0518642954257644
2515,0.0139577535542843,0.0524643377349476,0.112175677463575,0.0373662012267939,0.20332943941277,0.580706590607629
2516,0.0753469093452724,0.121094876794868,0.0694540198426431,0.165173755792002,0.319791689044137,0.249138749181078
2517,0.0301109968878251,0.361997168677911,0.124226121333392,0.0171647086239406,0.227999918948385,0.238501085528547
2518,0.462447907494578,0.209772874153509,0.108645471087771,0.0622659716296989,0.0884446661821665,0.068423109452277
2519,0.0444127210965182,0.839601765858212,0.0200731925452604,0.00916682371812997,0.0616513865124687,0.0250941102694106
2520,0.0270152336172114,0.0553538908971118,0.0199151735330314,0.11075383227752,0.600175185677579,0.186786683997547
2521,0.0254763162862358,0.0698360147499618,0.301711698357448,0.0438972345214877,0.12941770070091,0.429661035383957
2522,0.328335403621625,0.229645175957351,0.166052236943196,0.0763023332889324,0.134975347197534,0.0646895029913608
2523,0.0574995260718974,0.373497186175971,0.0795845125956829,0.0171908967547668,0.332623370798508,0.139604507603174
2524,0.0497431138017304,0.137559950055407,0.25545718669824,0.0546634057153997,0.132396318799651,0.370180024929572
2525,0.118343388783226,0.0749153045143532,0.0762273202902654,0.388265988714774,0.275942138916052,0.0663058587813292
2526,0.0941783221346911,0.205458836134159,0.0794397663817284,0.102972933604601,0.362814696601396,0.155135445143425
2527,0.519578097849437,0.173122069498402,0.0990916218193498,0.0521920714343095,0.0952221583103855,0.0607939810881166
2528,0.0049531602730766,0.0181035735373868,0.0517538471617131,0.0409776579869597,0.204533502903188,0.679678258137675
2529,0.0665548394835404,0.0929479397450535,0.283137022757999,0.0610023492720767,0.125189773988136,0.371168074753194
2530,0.00319131462122149,0.0162477333737103,0.129946825990625,0.0179627614968821,0.100432177464313,0.732219187053249
2531,0.0344512041308824,0.148773663302307,0.128288250262233,0.0811618509799086,0.352489390873592,0.254835640451078
2532,0.0346346527609501,0.16793387038922,0.133172546203207,0.0603592126873639,0.284233568480299,0.31966614947896
2533,0.0019887607582541,0.00774561049291361,0.0480847293605748,0.00614155047336415,0.0249309399017129,0.91110840901318
2534,0.228949994528816,0.0645955848486804,0.0543532833844515,0.500033077348295,0.0843815083897461,0.0676865515000113
2535,0.0450099362468507,0.108139649499446,0.148411306132129,0.0463380758172374,0.195827745411304,0.456273286893033
2536,0.145677485503828,0.251715106637896,0.112792838384583,0.0678587490433583,0.20284373409122,0.219112086339115
2537,0.0374804898490143,0.735335069184223,0.0941786611834042,0.00809134804546414,0.0778107056243125,0.0471037261135819
2538,0.233184090243954,0.115852903624601,0.0718404994318373,0.112786476387647,0.300382087850812,0.165953942461148
2539,0.156723926187763,0.25369226730212,0.225730733241556,0.0456082113332035,0.171417318796871,0.146827543138487
2540,0.382553709724852,0.155728945728294,0.040665772089015,0.177638945527409,0.202873339746506,0.040539287183924
2541,0.139073715209237,0.0573739118376935,0.0189803796833039,0.445564137637342,0.283938844629671,0.0550690110027518
2542,0.0998385078990621,0.438131661900066,0.0642804897583051,0.0301052093711271,0.324305864501265,0.0433382665701746
2543,0.00861105668385751,0.0215380553307334,0.0700355882093932,0.00756661136991351,0.249859983094574,0.642388705311529
2544,0.0888574007929668,0.138946832188087,0.105676837231282,0.236154072942695,0.159781496349459,0.27058336049551
2545,0.0296482491190127,0.266241328350301,0.0532903886088204,0.0140418000400182,0.454544124717344,0.182234109164503
2546,0.0327480939331183,0.0338273975319419,0.011896286060655,0.272690398696357,0.571458344615475,0.077379479162452
2547,0.0879331730645057,0.158729965100833,0.292229467670532,0.0479119241438001,0.185345162127459,0.227850307892871
2548,0.0621185835886726,0.0827925603463682,0.104135023115128,0.246008649496055,0.404623243627805,0.100321939825971
2549,0.00680776958434956,0.0405670506215025,0.0368200473583945,0.0457358158562866,0.347796803296555,0.522272513282911
2550,0.0188271076748227,0.0285944375900961,0.0173596350971664,0.190777297037732,0.571466545216901,0.172974977383282
2551,0.146897806491258,0.240605751914767,0.054966908587185,0.181881123372949,0.222058620742229,0.153589788891613
2552,0.144963345817336,0.367063748120882,0.155664942975632,0.053178783820974,0.138668505900698,0.140460673364478
2553,0.472249849065471,0.204810254768971,0.0455020918797809,0.125400532308522,0.129387510217962,0.0226497617592936
2554,0.0888822283695089,0.182311231718122,0.103913211061243,0.1335573587476,0.406751451657218,0.0845845184463075
2555,0.0129001792762661,0.0730989483042956,0.0565296146273324,0.0376121557936179,0.64542768449319,0.174431417505298
2556,0.0862667000495998,0.289558508023637,0.279750670744037,0.0505158092601308,0.160173445194547,0.133734866728048
2557,0.289671494545122,0.241624150059239,0.332027098731435,0.0479295305698181,0.0644793397479382,0.0242683863464478
2558,0.0339347822291888,0.0813779662063225,0.67688042689422,0.0302581909047086,0.0831191042746469,0.0944295294909131
2559,0.0721477767883875,0.45524187439083,0.140388859158278,0.0287486422087502,0.112460736884848,0.191012110568906
2560,0.00783872866203529,0.0996165413725137,0.0938884931156717,0.0241770100763228,0.198809550218374,0.575669676555083
2561,0.0182451394061709,0.0608973304028038,0.162953531448122,0.0138151205980057,0.131309118880558,0.612779759264339
2562,0.31627490645199,0.383401082387071,0.040894770292852,0.0391234297390503,0.197880977208268,0.022424833920769
2563,0.256335445312732,0.182117456100415,0.255708657639929,0.100465346351514,0.10666637247961,0.0987067221158005
2564,0.150745862906937,0.0812848724735251,0.0769073841419667,0.332382752248939,0.19906891648354,0.159610211745092
2565,0.0196933631359478,0.0723572749806072,0.0862893743748174,0.038097549407804,0.206022746928855,0.577539691171968
2566,0.011843363968538,0.0347741958962596,0.0930704757170277,0.0836336063401004,0.297202290484579,0.479476067593495
2567,0.0335220013915531,0.127670323961457,0.119661229822492,0.0545647709119876,0.164674118913364,0.499907554999145
2568,0.00707887510280158,0.0470116035571572,0.0749715553061476,0.0247724552141813,0.26949667924699,0.576668831572723
2569,0.0235102232061315,0.0798745819805155,0.209919140624744,0.0169238187313701,0.179165995453523,0.490606240003715
2570,0.026492627208227,0.571417237551847,0.081684641187642,0.0136113311962272,0.165148831393733,0.141645331462324
2571,0.111953213624312,0.0794283503940546,0.0271718818581977,0.345968073334296,0.299716408802681,0.135762071986459
2572,0.0781021385032524,0.0809963931045078,0.359863264287441,0.128565955331031,0.115656761683555,0.236815487090213
2573,0.0827879459779193,0.324413085516846,0.0843323378016761,0.0350013667520288,0.278869102492647,0.194596161458883
2574,0.0291247368050667,0.0531359447076592,0.027900543142778,0.429995077982534,0.384675773209236,0.0751679241527258
2575,0.0221875460132069,0.0329930505789626,0.0155555727916225,0.159273524224919,0.660897390616523,0.109092915774767
2576,0.278231695596803,0.325281280379204,0.134763735551612,0.0792088276887363,0.0934292108999633,0.0890852498836811
2577,0.0458217933354368,0.218578268697923,0.290549999016385,0.0286581768356505,0.179295759275489,0.237096002839117
2578,0.00162459190658546,0.00769142100274293,0.036916530385661,0.00897289257948594,0.0684608816342079,0.876333682491317
2579,0.258807562577754,0.20905127296061,0.313842697604526,0.043018063303425,0.0945915740778916,0.0806888294757937
2580,0.065945392458195,0.279456426203089,0.166222970008765,0.0268806349619368,0.230243535659513,0.231251040708501
2581,0.00820331173255357,0.0403921810246273,0.0819860085647445,0.095844685156472,0.486505814969821,0.287067998551782
2582,0.115781743723423,0.532076463052003,0.0681489706603669,0.0327206471024175,0.193093941272571,0.0581782341892182
2583,0.0498304800282666,0.580958170610924,0.166045154492506,0.0172055111741699,0.106219000064544,0.0797416836295895
2584,0.261083660633878,0.613539053426498,0.0310749434886094,0.0120639833295429,0.0644617777460272,0.0177765813754444
2585,0.0183912647536136,0.0658206884739339,0.0608983120979843,0.0642026638431512,0.490407855651103,0.300279215180214
2586,0.0427759386623881,0.297472080903941,0.133432362414879,0.0396168641992442,0.214683490797793,0.272019263021755
2587,0.199984317656092,0.0730251937896837,0.0529534943650888,0.318486994685577,0.251571275942943,0.103978723560616
2588,0.0514625565914259,0.0353077118558386,0.0220845733834672,0.226400896741976,0.541466007830732,0.12327825359656
2589,0.0416406813036675,0.0804249654017719,0.0432767376875868,0.146062691441202,0.588952986305052,0.0996419378607192
2590,0.0119114071723668,0.0603261304153221,0.135733943819385,0.0625844423786425,0.18135526331495,0.548088812899334
2591,0.0916029566876163,0.105524365221117,0.278097690839994,0.0406593330204939,0.0815779325104984,0.402537721720281
2592,0.0190428368355019,0.0537934791240418,0.022758868511937,0.166819051088837,0.57033325591624,0.167252508523442
2593,0.190629818256544,0.212727619839166,0.0749134249203225,0.181203932307054,0.2461596851407,0.0943655195362137
2594,0.0285971976596867,0.0570724640534726,0.0558849499897064,0.0272346038617324,0.42853322819114,0.402677556244262
2595,0.0912309349544981,0.107821148040521,0.215938374848211,0.195607078298041,0.154147446594699,0.23525501726403
2596,0.770288804724394,0.0663679997699037,0.0127763230952132,0.114669857514682,0.0301860117474915,0.00571100314831569
2597,0.00741375216767738,0.0343594588724789,0.164320629906926,0.0227197377885723,0.170295838453628,0.600890582810717
2598,0.0142295921623391,0.100887588733663,0.119796202997607,0.0149244966976333,0.155745213926016,0.594416905482741
2599,0.230677037156447,0.229176440103414,0.10152213220698,0.167033247448159,0.179210557267692,0.0923805858173064
2600,0.0136124055662894,0.0532988497253311,0.0788896394603648,0.044348390981595,0.733863327946587,0.0759873863198322
2601,0.0334376109278278,0.074669063071794,0.209545696137058,0.0336388806603418,0.132368368394553,0.516340380808425
2602,0.0193251530341679,0.0860293346681643,0.104798240167465,0.0381638353048497,0.215374556067597,0.536308880757756
2603,0.040540387203617,0.549241751096926,0.040352947177756,0.0254979986766006,0.281308699850134,0.0630582159949663
2604,0.0442488917774549,0.158292000435318,0.308179406914101,0.123887955908444,0.108221847661396,0.257169897303287
2605,0.00435196873525531,0.0857255979657989,0.268173804394837,0.0278230545816252,0.229314202357579,0.384611371964904
2606,0.0348880419715622,0.084592260082973,0.116234053270774,0.0346510138280152,0.229930917632954,0.499703713213721
2607,0.00651768695900805,0.0211795021298412,0.0626614173889554,0.0209645426486368,0.11668617741404,0.771990673459519
2608,0.182394618538186,0.179522060325741,0.0739899084459409,0.163016212436584,0.242321200771079,0.158755999482469
2609,0.0191821926494273,0.0531281311735462,0.0524782565813178,0.0993867927544376,0.415088588677758,0.360736038163513
2610,0.0958696533374346,0.189432880278515,0.053406008525103,0.166755397387766,0.320543101878442,0.17399295859274
2611,0.0198171314349669,0.0747868922362193,0.202732880719614,0.0389173735102735,0.0813249428398646,0.582420779259062
2612,0.0619032201346062,0.265629855324393,0.128379107407029,0.0389470161337941,0.168902784036745,0.336238016963432
2613,0.42728470552787,0.362308004686161,0.0592459420339706,0.0587761113711701,0.0735872856304108,0.0187979507504177
2614,0.138255169080705,0.0954152892456525,0.0690228262938895,0.153566630996535,0.279618219484654,0.264121864898564
2615,0.433166978206222,0.24363117581248,0.165042233104325,0.0486074229641162,0.0661356557728069,0.0434165341400494
2616,0.00995358042176797,0.0569351132854379,0.0673746564530935,0.0422793278739264,0.484128122374528,0.339329199591246
2617,0.154403385824924,0.314102946210835,0.27694509999251,0.0412240722185264,0.127617095945885,0.0857073998073202
2618,0.060599036834731,0.0773051789366841,0.094460839786028,0.0622702003766394,0.450668255173618,0.254696488892299
2619,0.0318412085519815,0.0397265277216438,0.0168411058231625,0.0874424639768054,0.688805830992393,0.135342862934014
2620,0.010895707792463,0.0954331587029707,0.217013191182739,0.0245167891347173,0.324988051832358,0.327153101354752
2621,0.0253681646995904,0.0765995861045745,0.036429324350927,0.112294305141673,0.647828042309733,0.101480577393502
2622,0.00302347649412252,0.0121876773289116,0.0253596479777868,0.0124193509663857,0.148244041604439,0.798765805628354
2623,0.221599654898955,0.214635218154613,0.04396575775421,0.0799909179191974,0.368249927644529,0.0715585236284953
2624,0.0238607462608387,0.0452246389467047,0.100239591216821,0.0520064016282166,0.183657464632011,0.595011157315408
2625,0.077089191990294,0.19235939575597,0.533619437294724,0.0303257011778072,0.080474990703359,0.0861312830778465
2626,0.00763618786165509,0.0279743380095401,0.0625545766069651,0.0249803504543562,0.191751605171119,0.685102941896364
2627,0.0630731007455849,0.149046058037816,0.346738693596368,0.0292201256988754,0.169828410704702,0.242093611216653
2628,0.0982692913030327,0.121870147893659,0.077344960614723,0.332682900214629,0.296418153751738,0.0734145462222182
2629,0.0334339000022333,0.205034178391199,0.063834351185485,0.0396215689984313,0.413185242557644,0.244890758865008
2630,0.138688242986626,0.126124302320421,0.137940310204845,0.0842174518821308,0.230146192183647,0.28288350042233
2631,0.0175083393717734,0.197163546293781,0.200269617736779,0.026366864465697,0.311628868752463,0.247062763379506
2632,0.004725311905757,0.0197741766742598,0.0592865705821703,0.0184905446171416,0.141225430928387,0.756497965292285
2633,0.130603265214128,0.382145329878115,0.0634105188384277,0.0862634514591365,0.254832945015379,0.0827444895948132
2634,0.0409546680746162,0.078562846017419,0.261041637136763,0.0704611786307562,0.157985670884942,0.390993999255503
2635,0.0204719989472495,0.0663553946189002,0.0548703474537814,0.0302356798860777,0.652478084742597,0.175588494351394
2636,0.0252563417614227,0.0688908005345269,0.144155004670929,0.0450888463538003,0.317757829041822,0.398851177637499
2637,0.0170595997006116,0.0795430441388959,0.0261501079748224,0.0256160172476807,0.681984974976327,0.169646255961663
2638,0.0655503452171044,0.0454796357368125,0.0831001528938368,0.280972813954321,0.185846599696621,0.339050452501304
2639,0.0923751768209885,0.0739885545555185,0.0475636567876557,0.407406132858252,0.292892865923736,0.0857736130538496
2640,0.0154600786820766,0.0332847565667779,0.0550526489337126,0.025279801350464,0.129499766431537,0.741422948035432
2641,0.163283431625796,0.199184438439772,0.155425629471808,0.121676657982783,0.198309607181876,0.162120235297964
2642,0.0144761097931219,0.0828323589067379,0.105021177674956,0.0280533020842872,0.241097252619305,0.528519798921592
2643,0.355686432311979,0.374697882707338,0.0276863692130399,0.124464592372947,0.0915073914788817,0.0259573319158147
2644,0.00641107860167029,0.112971504886441,0.0400716561463751,0.015003960869325,0.25748338094925,0.568058418546939
2645,0.0203293854817758,0.0729512656270102,0.0381018172768801,0.0514163159142178,0.293418209735148,0.523783005964968
2646,0.00363255936249395,0.017018237816688,0.0891878693504249,0.0166314944175174,0.0509426043976243,0.822587234655251
2647,0.0715662835133445,0.107776866887924,0.127858116317321,0.121141333970947,0.250423050069258,0.321234349241206
2648,0.159846840082391,0.25760395434502,0.440776137251445,0.0200679098695358,0.0432111882959342,0.0784939701556733
2649,0.0392382162601589,0.0548090067391453,0.0928445993203323,0.0534120926636401,0.25914652825251,0.500549556764213
2650,0.0553075835113164,0.0438144284604202,0.205323836768194,0.0481933940971835,0.1097512576678,0.537609499495086
2651,0.0218580796793301,0.0833750817954302,0.041487120432098,0.0495196267445613,0.5693208928264,0.23443919852218
2652,0.0168151307116493,0.168568874739335,0.0497391121650895,0.036689695102818,0.474822678187532,0.253364509093575
2653,0.293514815708779,0.22173349546352,0.129961079451305,0.0571640307942836,0.186275992201257,0.111350586380856
2654,0.0049066216318508,0.0439640077765892,0.0782135987336301,0.0445829188536444,0.162916365202591,0.665416487801695
2655,0.391386108417556,0.22575288917452,0.0715736401460713,0.115056374044593,0.154374473865944,0.0418565143513157
2656,0.0104546724219742,0.0628124001620073,0.0540954462270326,0.0283139143876734,0.452755698349699,0.391567868451613
2657,0.0140351875103277,0.0354088980256106,0.179251901840053,0.0248747006041673,0.11223945132379,0.634189860696051
2658,0.169911082218725,0.177081975139736,0.149368636590586,0.276774956367104,0.119320514999763,0.107542834684086
2659,0.140971596845266,0.0772200951727539,0.0991178561469559,0.529752055181067,0.0750602019238155,0.0778781947301413
2660,0.00883399560089113,0.0334240338648564,0.0432007473902914,0.0331274448001267,0.264372225207749,0.617041553136085
2661,0.00412754210433883,0.0225412714292236,0.0925257890505213,0.0191008734980873,0.0908469876357161,0.770857536282113
2662,0.0052686201898377,0.0480764478964774,0.0980614359054113,0.0111475534892449,0.129189640227791,0.708256302291238
2663,0.00555392399211812,0.028994051155577,0.0447374484215844,0.0329180133595492,0.414183537534099,0.473613025537073
2664,0.0353803707035977,0.0974935138509865,0.0307757172143824,0.0905736291214269,0.591713306269802,0.154063462839804
2665,0.230281219527982,0.271897000621054,0.114526266627376,0.0662182580980477,0.19763760092846,0.11943965419708
2666,0.0041528624012513,0.0110216456602468,0.0926223007051618,0.0103693047226959,0.0218971593786219,0.859936727132022
2667,0.0621604298237662,0.134074812664763,0.438418645593621,0.0688829448107543,0.187627910299263,0.108835256807832
2668,0.0123436706959044,0.0649840553737692,0.427639048192496,0.0185210311044008,0.113914467239365,0.362597727394064
2669,0.0457589842114241,0.185651886443536,0.123929298424249,0.029005105570496,0.231963631158374,0.38369109419192
2670,0.00871887586765679,0.050866155828125,0.150433469637462,0.0208946483361826,0.188772532539336,0.580314317791237
2671,0.0338242979179244,0.0775629780913119,0.0388596028991422,0.0947147584586481,0.347756687093359,0.407281675539614
2672,0.00590296524912846,0.0533801482776481,0.131170681199798,0.0161197792658138,0.186425792021629,0.607000633985983
2673,0.314021743596394,0.31572923032689,0.0567657759460894,0.115751091900351,0.157632818791234,0.0400993394390419
2674,0.0263633951064622,0.0478840965238896,0.0678860202992281,0.252135359633967,0.3880869545708,0.217644173865654
2675,0.51074423552819,0.185963971164802,0.0220419543847889,0.191749997070353,0.0727232891642027,0.0167765526876631
2676,0.0246595073270273,0.0392899172333733,0.0588927873277112,0.137478311529234,0.447804379184555,0.291875097398099
2677,0.08421863765174,0.208552857243319,0.310679960325638,0.0498121500825574,0.240420854668427,0.106315540028319
2678,0.0442211082882775,0.165713925033848,0.191530736823129,0.050160134545922,0.326068661674186,0.222305433634638
2679,0.00323476964301881,0.0190546835797646,0.0431194455415119,0.0243774118838686,0.329641380335655,0.580572309016181
2680,0.0685126004165925,0.102996669892201,0.33889252508598,0.184704324300015,0.129840078172013,0.175053802133198
2681,0.0375797616190688,0.165781619598983,0.107443627454016,0.0564176881531403,0.359292082188905,0.273485220985887
2682,0.0127661537870131,0.0357445530185588,0.126333089128869,0.138503099265162,0.206715179769537,0.479937925030861
2683,0.46215499749482,0.264967491685186,0.0377564328044713,0.123633264237556,0.0955285465875299,0.0159592671904363
2684,0.0106165436661244,0.0407556664574248,0.0429430849709747,0.0747849817589362,0.46454410349249,0.36635561965405
2685,0.127140510657134,0.0815284340297348,0.15108896947596,0.0336743315921363,0.0762790585455985,0.530288695699437
2686,0.0137163338702755,0.141373615622077,0.146442273705532,0.0336446493993189,0.201902556075608,0.462920571327189
2687,0.343319665675842,0.197420820723171,0.0924018542051509,0.167173712888217,0.165766548188357,0.0339173983192623
2688,0.0355365078007102,0.167010345385468,0.0707639296348029,0.23291337423166,0.359652844318227,0.134122998629131
2689,0.148106378993027,0.614457526728583,0.0334715606451863,0.042577951963611,0.134869812020281,0.0265167696493125
2690,0.0121194581917791,0.0263452128132975,0.0379173493375655,0.219598216037118,0.436766689045727,0.267253074574513
2691,0.0411339675201436,0.212649382433701,0.0751473322065484,0.0475083532885624,0.384649882206464,0.23891108234458
2692,0.0607476290063075,0.0983142710424565,0.231653875001444,0.0696912810758862,0.215058126776216,0.32453481709769
2693,0.0335716747123247,0.0685288059227697,0.202207213095246,0.0459432324522932,0.139643018431094,0.510106055386273
2694,0.008551049444867,0.0278317620615188,0.0616847455406091,0.0414871115225577,0.20138564464091,0.659059686789537
2695,0.581004501984778,0.17026763593048,0.0518085207142382,0.106271816948054,0.0683005259997513,0.0223469984226987
2696,0.0197526481479758,0.0870475005104298,0.286569519248449,0.0281397683339648,0.116849297758313,0.461641266000868
2697,0.0418769055522012,0.158685211795982,0.267925657411569,0.0360273560046887,0.169691236021337,0.325793633214222
2698,0.0118507438121603,0.0447226224134685,0.212016699263623,0.0371225985737455,0.254358068701412,0.439929267235591
2699,0.0137366671270468,0.125502866954162,0.365812347930311,0.0117589485593791,0.0752701856835203,0.40791898374558
2700,0.00206930460108817,0.0336553376200749,0.0234672834312894,0.00672257137817984,0.363729225951461,0.570356277017907
2701,0.0173965256489193,0.042561962518587,0.0926738147507556,0.105278761811515,0.285050907444687,0.457038027825536
2702,0.433596202138012,0.173221849229234,0.181614680098765,0.0733572654625946,0.0784600779420923,0.0597499251293023
2703,0.097968794954228,0.0843901095092526,0.152023702979785,0.100111052811868,0.258877849663758,0.306628490081107
2704,0.0313256275703031,0.18697795767612,0.534216265505625,0.0404624032428387,0.0989417632873122,0.108075982717802
2705,0.0163426372817969,0.155549757673724,0.395797925195786,0.0194297562207192,0.136840424966287,0.276039498661686
2706,0.0154824376185424,0.0857510536960268,0.186027735131791,0.149359540360312,0.166726814773837,0.396652418419491
2707,0.0130945725324369,0.0350347968954365,0.0268299748854087,0.0641557487962151,0.61943387207823,0.241451034812272
2708,0.365758604870275,0.363608319443939,0.0655977200990423,0.0621593757317039,0.111632762349875,0.0312432175051647
2709,0.0638620689580952,0.159800272653274,0.308052202883284,0.0476009750438103,0.111313963043782,0.309370517417753
2710,0.0705354491055249,0.071817699641662,0.234717091108171,0.0582093422147985,0.115580139541915,0.449140278387928
2711,0.0315893838938456,0.0770251142127508,0.154943706798382,0.0479692081812287,0.286564521224951,0.401908065688842
2712,0.134456307170073,0.0913082373878904,0.0863276669824092,0.236295115253356,0.302667740504408,0.148944932701863
2713,0.147491631008698,0.225027739723774,0.244316898621818,0.0491361280685215,0.114350797496685,0.219676805080503
2714,0.00409594748763521,0.0587823127679567,0.11932687581593,0.0161767839051993,0.169599034182636,0.632019045840643
2715,0.0301920994321483,0.103005982876833,0.398132692178808,0.0396885957590568,0.242919461681271,0.186061168071884
2716,0.0298242100670235,0.068076280104904,0.091455042562175,0.0688657330504581,0.389246841345804,0.352531892869635
2717,0.0097488806164838,0.0388038749720299,0.0340070976599251,0.0303836640402031,0.271275124351601,0.615781358359757
2718,0.0182355140104634,0.0482486860978185,0.248043209357292,0.0611813603696549,0.174894177461012,0.449397052703759
2719,0.0332621443864495,0.114457460446994,0.198289604551227,0.0544465029128884,0.349024782275196,0.250519505427245
2720,0.104012502121949,0.10133963886808,0.258422568287408,0.0943731419984731,0.233199949519256,0.208652199204834
2721,0.0170035393766428,0.054803232721823,0.0916112757668518,0.042381776625096,0.327550351655599,0.466649823853987
2722,0.276209210461997,0.491445753322544,0.127331398598539,0.0137816925420766,0.0669380362289995,0.0242939088458445
2723,0.0509883193797038,0.138311063946682,0.123991875779053,0.0585173893466627,0.198488665164276,0.429702686383623
2724,0.669980415311365,0.0901392692925734,0.0604452559168371,0.104542752314852,0.0512914449185525,0.02360086224582
2725,0.232910939789975,0.296339549457836,0.073338873245128,0.206789009245841,0.126481036567486,0.064140591693735
2726,0.049179697570735,0.0787803849055384,0.0425236703804899,0.13697844268427,0.641541049170495,0.0509967552884722
2727,0.00508321435344359,0.0383921283099489,0.0729414140161535,0.0316059588782776,0.311599809228488,0.540377475213689
2728,0.0173493062687515,0.0369183129224229,0.121515714395739,0.042363604729763,0.110311472056364,0.67154158962696
2729,0.15687910110277,0.221208812178332,0.0877416760751077,0.10698768636808,0.287508584486027,0.139674139789683
2730,0.0134475056255176,0.0321904072439346,0.0775351565854102,0.058664566104137,0.456311743866039,0.361850620574962
2731,0.161994846254238,0.154560046514261,0.0650455985508261,0.179688027807507,0.336530097598664,0.102181383274504
2732,0.0217108943778875,0.0736685528308924,0.27902689104684,0.023646009709577,0.0995516807480558,0.502395971286747
2733,0.0499419996041086,0.136178800704251,0.124624713030846,0.181691847498838,0.416785769482978,0.0907768696789784
2734,0.0342143081079588,0.669092380938392,0.0435060276265955,0.0134620462720089,0.153289517903474,0.086435719151571
2735,0.0443115309672043,0.453867090818327,0.133855969304673,0.0246662566807607,0.145264204098233,0.198034948130803
2736,0.0341599866685129,0.0807698809369774,0.0496429971523371,0.392417699603167,0.342436953041068,0.100572482597937
2737,0.170208830268167,0.122585466222207,0.275273734280142,0.073907736368938,0.189456584424352,0.168567648436194
2738,0.0272764305094976,0.109444097898743,0.131036234368798,0.0525770919903589,0.175633219757585,0.504032925475017
2739,0.128592313329328,0.244922918983215,0.253661220200752,0.0386333550442346,0.241938506554999,0.0922516858874722
2740,0.224200930994523,0.367460794172938,0.063293356520764,0.0892575020105355,0.115386639818721,0.140400776482519
2741,0.0577797876041038,0.304104118673156,0.110300910481027,0.0337380738771525,0.341365370255794,0.152711739108767
2742,0.0575851667809712,0.0644488512799084,0.0395705730587571,0.186727093216416,0.501857826509613,0.149810489154334
2743,0.18377763659087,0.235182923161751,0.105943108937626,0.113765123439406,0.217168781991086,0.144162425879261
2744,0.0250688127519149,0.0793681800693738,0.0451098042231956,0.121483085679492,0.620235591657422,0.108734525618601
2745,0.00622829928558372,0.071686030268615,0.335416161486317,0.0581725248676467,0.300903835420651,0.227593148671187
2746,0.0152322597625547,0.0689860747865946,0.102457338014908,0.0311467223358352,0.298922756599007,0.483254848501101
2747,0.0191575545605904,0.0327623396869567,0.0128926460119341,0.0861720097670886,0.64407348782115,0.204941962152281
2748,0.00701619636649802,0.0475540774866531,0.0585042987078791,0.0348966447221691,0.626487234523663,0.225541548193138
2749,0.219540188294126,0.0944310798343491,0.056162285973998,0.329238501168778,0.21885499769127,0.0817729470374796
2750,0.0108730071706693,0.0632517769123047,0.382390289172057,0.0317532195065506,0.118963931157675,0.392767776080743
2751,0.218277625083223,0.173062124828303,0.0624850186142099,0.113686315904526,0.377727657824022,0.0547612577457157
2752,0.0403471287710591,0.163341475083077,0.185774830148471,0.081511899600007,0.173415559619638,0.355609106777748
2753,0.0554008533521575,0.0667899171316899,0.018812864592661,0.364417620821021,0.441199932315431,0.0533788117870395
2754,0.0114664145410566,0.223504167508686,0.0742162139813248,0.0147990273941627,0.476244002050579,0.199770174524191
2755,0.00248912575229738,0.00905124354862287,0.0468497217155399,0.0116037305468867,0.221658115114328,0.708348063322325
2756,0.00617576169706095,0.0150683503407864,0.0641605201684967,0.0117293855090625,0.0334423483832106,0.869423633901383
2757,0.0096005601885311,0.120738788153804,0.0236190693722687,0.032615232958299,0.554824586724215,0.258601762602882
2758,0.0822302810254206,0.258231516684298,0.187359167652443,0.0260937404073722,0.298393154408332,0.147692139822135
2759,0.0209180697212167,0.201281734461495,0.092550531014767,0.0176408894425993,0.291740131594955,0.375868643764967
2760,0.361441031193836,0.0751447150380657,0.0310410102181949,0.473105780446019,0.0489043880209452,0.010363075082939
2761,0.173845284384731,0.134338770851026,0.0763896030059861,0.296529902553466,0.206312183754256,0.112584255450535
2762,0.00644549670553134,0.118071109991186,0.104400775876724,0.0184453221035387,0.439506558419681,0.313130736903339
2763,0.049633240639771,0.173703223147186,0.299845943513165,0.0564332033977778,0.22114647450798,0.19923791479412
2764,0.0102318722550135,0.0229250688496889,0.142899755185357,0.016952457612422,0.0937476942303403,0.713243151867179
2765,0.0236976725305073,0.153700690053215,0.217639804366706,0.0267427846245721,0.188822776492426,0.389396271932573
2766,0.0305087353113504,0.125733759176788,0.0959134373714542,0.0493573665151701,0.406991107325015,0.291495594300222
2767,0.0197097360419179,0.0528765416567187,0.0759458159080115,0.353781530010925,0.251250091836155,0.246436284546272
2768,0.0454119633980895,0.264162475866553,0.379112098870993,0.0196625455756728,0.0981983518648973,0.193452564423795
2769,0.0447566929510667,0.288254659487553,0.103847561569158,0.0824105084345289,0.334266138954656,0.146464438603038
2770,0.00230563031631141,0.0356424045378926,0.162047421003801,0.0200863025807224,0.165125871680475,0.614792369880797
2771,0.0277900703178328,0.139571958789647,0.48147151184838,0.0345478478102783,0.124052666686495,0.192565944547368
2772,0.0533452116200578,0.0683762759954879,0.0877099035371087,0.174565274055333,0.459353505325352,0.15664982946666
2773,0.057276448596051,0.291667487309559,0.118575593434552,0.0285159203206053,0.369893529828318,0.134071020510916
2774,0.109780373526776,0.376319676791529,0.0895151617150674,0.046647139628317,0.269832005405229,0.107905642933081
2775,0.00198340144262171,0.0129258164842609,0.0805835357372035,0.00664281649372761,0.0870102253974653,0.810854204444721
2776,0.00878958562443473,0.0296917730164405,0.0527746853427162,0.0457747783484633,0.276983089280694,0.585986088387252
2777,0.00145878483755348,0.0121110625870018,0.068804435849628,0.0107275182490941,0.0601694552943427,0.84672874318238
2778,0.0762102961653658,0.144938359162544,0.132170601173173,0.0841285200653951,0.173999378609588,0.388552844823934
2779,0.0356042229837959,0.0598725410427213,0.330624083143142,0.117728460532321,0.151725149088536,0.304445543209485
2780,0.0494812525659675,0.244076384368127,0.263432888428622,0.0449548028102009,0.129317109468147,0.268737562358936
2781,0.0134599418992641,0.0326250634082611,0.0508593784901064,0.111523856501391,0.527935100330365,0.263596659370612
2782,0.00687719852036989,0.0338587258644528,0.203375009741782,0.0179351155587599,0.11063244083134,0.627321509483295
2783,0.296192117239898,0.395565912800831,0.122182565110519,0.0594655195171669,0.0885812937555222,0.0380125915760627
2784,0.0600557924048444,0.282922736844253,0.0537459506841706,0.107604786247757,0.424352061021147,0.0713186727978281
2785,0.00226530647935537,0.0144637400305109,0.042389692417468,0.0267020316343238,0.27274417513311,0.641435054305232
2786,0.0137683312492483,0.071684388062875,0.0537724120933368,0.0552401614270697,0.423741194291074,0.381793512876397
2787,0.00493463266673064,0.0361251282669022,0.0816577675195648,0.0203781806390486,0.243239353578923,0.613664937328831
2788,0.0137319174911088,0.0538266783921525,0.11714221993281,0.0296839401784379,0.137562082774706,0.648053161230784
2789,0.0634121660379063,0.0647324634852234,0.283062572474844,0.0745865370417866,0.22155383906067,0.29265242189957
2790,0.0607283804371689,0.134571108953748,0.052692591438779,0.0929841322028908,0.446098967957623,0.21292481900979
2791,0.16222593194919,0.0601415631894796,0.0327206885928417,0.57188708686567,0.123331670487893,0.0496930589149252
2792,0.561598636700174,0.258899885455789,0.0275394247057174,0.0513633306469613,0.0788027923433139,0.0217959301480441
2793,0.00704593312227055,0.0618073363221417,0.0396289305468129,0.0206878685014523,0.498492040865041,0.372337890642282
2794,0.489403386474686,0.207416689392388,0.0605059906029559,0.102366877831141,0.108324612574164,0.0319824431246654
2795,0.341655725055355,0.106619239224927,0.0444705064799032,0.392663068773496,0.0950063635563228,0.0195850969099961
2796,0.00307181568275384,0.0232917799867651,0.112083607608034,0.019398517512038,0.102244081953513,0.739910197256896
2797,0.0321893852698008,0.0521484090402138,0.070233112171735,0.106001073379917,0.172946275093455,0.566481745044878
2798,0.00842442594493057,0.125857918734386,0.203778158935048,0.0127586522667991,0.295923741139009,0.353257102979827
2799,0.108549287004747,0.169802575244831,0.340397129469092,0.0287158427153163,0.152477203331702,0.200057962234312
2800,0.0064071796057743,0.0269263265414533,0.0462146024406874,0.0393147578120407,0.241497715303585,0.639639418296459
2801,0.0112999061780662,0.0411817260523599,0.0240220235549371,0.0281308763334148,0.490282987261865,0.405082480619357
2802,0.0216404438583701,0.0797842506374892,0.0550964381296636,0.0819393504733922,0.385926545355928,0.375612971545157
2803,0.0773542915829857,0.512378630343069,0.0906513846471178,0.0222575453779889,0.196610219458661,0.100747928590178
2804,0.0137292360841111,0.0713631379443082,0.116840010551081,0.0441623713361397,0.424284651268625,0.329620592815735
2805,0.235304400626171,0.181523662338474,0.28663385898409,0.0864046672297204,0.132628457490791,0.0775049533307538
2806,0.139414761955747,0.086465632424397,0.061547997978758,0.266578460253394,0.235804856797112,0.210188290590592
2807,0.0693862471070221,0.169012663123806,0.174922869289115,0.0778514751844225,0.204107818516807,0.304718926778827
2808,0.00854848631863375,0.0448282641499659,0.0568799263948925,0.0258248461377865,0.301815595035286,0.562102881963436
2809,0.0358265613589521,0.0763183121563395,0.289770602660584,0.0440998297911465,0.0964661387842304,0.457518555248747
2810,0.00872758844768696,0.0454697992887649,0.0693451547614533,0.0852571715959802,0.460744113175845,0.33045617273027
2811,0.00914739810375248,0.146051972739714,0.212693525347041,0.0362637726146662,0.302001028927151,0.293842302267675
2812,0.378482550793569,0.274707457787025,0.13823521490599,0.0859083472015064,0.0831158313111961,0.0395505980007138
2813,0.0712974774246834,0.114852689232639,0.157191437951022,0.124296343169954,0.286481350349146,0.245880701872555
2814,0.0197015722236518,0.215974854098967,0.227655367172238,0.0389158290851207,0.220442577735656,0.277309799684366
2815,0.0388153459353045,0.0936750122325926,0.145093994646707,0.0706685440422165,0.168326550555947,0.483420552587232
2816,0.209290134305278,0.164515805412049,0.316246629295905,0.0743641071893873,0.163956839832559,0.0716264839648215
2817,0.0765189881012383,0.31488650546355,0.123526246156621,0.0577891453148787,0.297343524659486,0.129935590304226
2818,0.275562887858079,0.276581622684688,0.180887558836661,0.0533738488207969,0.131553221270431,0.0820408605293443
2819,0.480764759488196,0.328326129153209,0.0540281079819452,0.0448891358472822,0.073423184088703,0.0185686834406648
2820,0.318887855537055,0.202796690041469,0.352631188650332,0.0369760106654702,0.0549342910339596,0.0337739640717147
2821,0.00302413855869093,0.0308080387176736,0.0178749575599339,0.00784368748553419,0.472608974315057,0.46784020336311
2822,0.171141817397854,0.180384308714382,0.194587904967194,0.0587894184478817,0.275635492707721,0.119461057764968
2823,0.0574773694928967,0.103971124134985,0.109111857601097,0.0950470295099341,0.239232343860112,0.395160275400975
2824,0.0362587887035038,0.133655300048136,0.192877969497566,0.0420527631872717,0.286921182663291,0.308233995900232
2825,0.00321049402238399,0.0280346923240116,0.163153617213019,0.0111941108039983,0.0280633252380781,0.766343760398509
2826,0.0226546877306647,0.181946944063087,0.0453566709152983,0.0323808051064844,0.502336722969466,0.215324169215
2827,0.101494921569576,0.390466961822736,0.130514355405072,0.0344747915958507,0.192919096477265,0.150129873129501
2828,0.0179583330985586,0.139337713051839,0.140251753390046,0.0398294117838949,0.441743154556632,0.220879634119029
2829,0.0302447749667233,0.0357561048319272,0.031241783947055,0.158492493631191,0.598481882616806,0.145782960006297
2830,0.00311424667419352,0.0276446738930936,0.108897597766604,0.0219914390427872,0.158260295304966,0.680091747318356
2831,0.32919102319975,0.43064805860068,0.0897096063721997,0.0464944531231325,0.0665045503485936,0.0374523083556437
2832,0.0289579383293152,0.212698144483413,0.241175190787515,0.0234367407999958,0.28799193712016,0.205740048479601
2833,0.133247319728829,0.123454332422879,0.0958142617815417,0.194820568325386,0.253226880403395,0.199436637337969
2834,0.0152370806420329,0.065140989242551,0.0895855467007012,0.0271782088048209,0.269666802570158,0.533191372039735
2835,0.26653407458997,0.209582605128706,0.0368555586842142,0.173733551210676,0.24366412292759,0.0696300874588439
2836,0.0112454073943118,0.0284499559179905,0.0415637174342929,0.0441709679157334,0.261696500409008,0.612873450928663
2837,0.0529121232592738,0.224554308180605,0.327653557124121,0.0510736473105503,0.173599604835075,0.170206759290376
2838,0.14587146193164,0.226387164414485,0.227768429260182,0.0776821358255229,0.115235859427919,0.207054949140252
2839,0.140450823183232,0.17369311652701,0.134152701106626,0.0940535399806746,0.269565577534154,0.188084241668303
2840,0.126765459761725,0.0868408229523274,0.159034472070689,0.194340536603392,0.175489086065566,0.2575296225463
2841,0.451953206925294,0.109741471638473,0.0559941035566777,0.167516631009439,0.160113013963042,0.0546815729070746
2842,0.00540287940611383,0.0258826843977996,0.0199571041704848,0.0336051509601347,0.57752373589154,0.337628445173927
2843,0.124875898871223,0.122208480413319,0.12816105408234,0.0506413133376597,0.347745681928693,0.226367571366765
2844,0.0244301231619904,0.0842316699083163,0.613620334411657,0.0160708497986336,0.0676629328705194,0.193984089848883
2845,0.184031170153725,0.355794965093785,0.165125725876209,0.170347377017548,0.0977014898581143,0.0269992720006181
2846,0.0099122398087116,0.0441834730672146,0.041118787009273,0.0476929657517703,0.428630783806765,0.428461750556266
