"CUS_ID","F20-","F30","F30+","M20-","M30","M30+"
2501,0.0926276927473378,0.436345044276955,0.111293106924588,0.0426869546650154,0.178266490063629,0.138780711322475
2502,0.032421290104541,0.126458580659018,0.180765647581752,0.0762539585146623,0.398179235230139,0.185921287909887
2503,0.0628935418121864,0.329291580100796,0.0630894944502711,0.0557245467013037,0.385203297478291,0.103797539457152
2504,0.312081917598795,0.167839598697525,0.143189165910631,0.161173058586776,0.0978825905575078,0.117833668648765
2505,0.03079412013668,0.127022409636709,0.163860996084035,0.0507229398209341,0.160269486995266,0.467330047326375
2506,0.0202553563619983,0.317855747433048,0.104085738143882,0.0255595319958299,0.290663244089951,0.24158038197529
2507,0.0115537256982621,0.0341728895630338,0.0965358916801523,0.0241025543767404,0.191513218446016,0.642121720235796
2508,0.00726759388453375,0.0318899293800912,0.0356903078045328,0.0248012420989888,0.473507954035226,0.426842972796627
2509,0.0181321325737507,0.0415680200521226,0.137632927266215,0.032565223789223,0.151974523178175,0.618127173140514
2510,0.0128363080363554,0.0754620656520538,0.0483278681669971,0.0294211495534788,0.369123898609259,0.464828709981856
2511,0.593037138805402,0.106038747026127,0.0845336555951993,0.141095588214104,0.0521377365201974,0.023157133838971
2512,0.0547081185090828,0.17939545832054,0.0772454692493159,0.132238863291617,0.451840010531779,0.104572080097666
2513,0.00657683313552148,0.0315509166011045,0.093358499312446,0.0306927684893251,0.27375632124756,0.564064661214043
2514,0.109816660078691,0.532477055984961,0.0638801837194036,0.0351301130726799,0.2053884622484,0.0533075248958646
2515,0.0151205409082624,0.0523042378216023,0.113738572479483,0.0412959520721786,0.200529609612507,0.577011087105967
2516,0.0737740368585954,0.123328548546109,0.0734559400659594,0.157845947729528,0.313955855332725,0.257639671467083
2517,0.0357764324822299,0.340603255832302,0.124098732056694,0.0183484022311122,0.229711515641553,0.251461661756109
2518,0.45476805048183,0.204820020150105,0.114367546219026,0.0627428341149543,0.0898692299218379,0.0734323191122459
2519,0.0461547768010082,0.822198715005072,0.0239041180281372,0.010072358600384,0.068428082786601,0.0292419487787971
2520,0.0276519516681213,0.0556565853203407,0.0214374945245904,0.1123403048789,0.595914040332414,0.186999623275634
2521,0.0346896129330569,0.0777646215663181,0.316462186264682,0.0501262733897394,0.12944228243775,0.391515023408453
2522,0.324197098988311,0.226729007170262,0.163806941184175,0.077731752873008,0.140888695918566,0.0666465038656774
2523,0.0602324105766685,0.367274946752564,0.0796706977900431,0.0199301327181849,0.331799697257912,0.141092114904627
2524,0.0632047588109441,0.148346611918823,0.235593271970081,0.0544539691941327,0.137617443542233,0.360783944563787
2525,0.127154855272163,0.0749905485472953,0.0821598436076552,0.375432941189745,0.276923353431586,0.0633384579515555
2526,0.0929736863261062,0.190054770558778,0.0835495571259848,0.109392707083376,0.370549323250462,0.153479955655294
2527,0.507066802389767,0.1760478257601,0.105243902006239,0.053448055907879,0.0963847653285455,0.0618086486074687
2528,0.00555432875992911,0.0197533477249734,0.0537433844501737,0.0440167979688853,0.208251187714986,0.668680953381053
2529,0.0663117280762617,0.0903055206196071,0.287759574810837,0.0626954437191521,0.124334766293459,0.368592966480683
2530,0.0035753656901618,0.0195046426283139,0.137967850941489,0.0214527547239616,0.104330328532149,0.713169057483925
2531,0.0376699395153366,0.146241028944074,0.130582097044835,0.0792708563804628,0.347345891920862,0.258890186194429
2532,0.0377928354321819,0.163780291150282,0.126034164347093,0.0603789426313802,0.285247213082672,0.326766553356391
2533,0.00238299407714113,0.00967068044425608,0.0511977801008598,0.00703842272518734,0.0261250273516708,0.903585095300885
2534,0.23995635838561,0.0665967373395247,0.0543601275631817,0.484377357924656,0.0823035025006871,0.0724059162863407
2535,0.0442121571345323,0.107735541866538,0.144262739530694,0.0480633276734923,0.203280501159836,0.452445732634907
2536,0.147883676590262,0.247976841280371,0.116359258993693,0.0717956957974168,0.202747633414125,0.213236893924133
2537,0.0463529169143437,0.69495328671382,0.103751359889977,0.0097162278193237,0.0907619585777316,0.0544642500848045
2538,0.234862208854403,0.122526239427155,0.0758249620844827,0.113502629612445,0.288234070146062,0.165049889875453
2539,0.16124050300387,0.243963373507075,0.218489810573096,0.0498307814959479,0.178489807965296,0.147985723454715
2540,0.371539047624711,0.159602505982772,0.0461025198064751,0.179294981074612,0.202390860893332,0.0410700846180978
2541,0.154367370861045,0.0608462724086314,0.02250566779213,0.408316840508276,0.292198405318024,0.061765443111894
2542,0.104807587003695,0.412854644552206,0.0749474618068605,0.0309525024476737,0.329128491236627,0.0473093129529376
2543,0.00941710722518763,0.0222805034605745,0.0676563292598324,0.0082768028645985,0.244636978736863,0.647732278452944
2544,0.0899899371757557,0.143965281234501,0.102126665956294,0.240695670537174,0.156526631602555,0.26669581349372
2545,0.028959855768841,0.253251315368669,0.0574502922312219,0.0141144233563781,0.467951448542524,0.178272664732367
2546,0.0342980129152296,0.0340995283399225,0.0120063740533525,0.274483546583124,0.56631789417015,0.0787946439382213
2547,0.100726868955917,0.167244704409837,0.272359943188728,0.0534153111178296,0.183901101476935,0.222352070850754
2548,0.0633188039404172,0.0883419143703657,0.109599471250349,0.259483775002549,0.378292272609807,0.100963762826511
2549,0.00671271590715793,0.0389821491078922,0.0386022205156514,0.0491184648780896,0.346411278279518,0.520173171311691
2550,0.0221576772647724,0.0302697621811208,0.0177368897628125,0.201565959708404,0.558441550561054,0.169828160521835
2551,0.135714624554143,0.249183813209123,0.0632252789386454,0.178727753867436,0.216780169210922,0.156368360219731
2552,0.149443398498416,0.359156211276629,0.150664815718127,0.0611104505950454,0.140167496843871,0.139457627067912
2553,0.440384485402775,0.214098226483645,0.0493980954242047,0.141607346954262,0.131253416248139,0.0232584294869741
2554,0.0862187815145927,0.186327192555451,0.10390497245021,0.137447750002473,0.401779634372086,0.084321669105186
2555,0.0133003872430069,0.0778833855285177,0.0580005932776774,0.0386400663189577,0.635532033305006,0.176643534326835
2556,0.0869948209003921,0.296287462483337,0.270609766477888,0.0563957181956869,0.157052353312865,0.132659878629831
2557,0.278855680666838,0.251202802678865,0.321676649111799,0.0536848543724802,0.0693331316525544,0.0252468815174641
2558,0.0360317906105568,0.0879191623078653,0.659334459581042,0.032754200595544,0.089823322145902,0.0941370647590899
2559,0.0720034670945762,0.432709768713868,0.151182647813343,0.0311129487476986,0.113554445991772,0.199436721638743
2560,0.00855445415123915,0.100336593643456,0.0936952498420551,0.0258119823408036,0.19576531468356,0.575836405338886
2561,0.0198699726418146,0.0624077254376153,0.159236746553918,0.0180191106572601,0.136851731603058,0.603614713106334
2562,0.306929284170519,0.389309247237687,0.0423360910564914,0.0422557340059961,0.196800397788678,0.0223692457406283
2563,0.226101834437561,0.190240886119493,0.256337149852208,0.117864866967987,0.113545969472799,0.0959092931499515
2564,0.164428412560938,0.0866596515673239,0.0799535271367683,0.292290468001994,0.209471063310134,0.167196877422841
2565,0.0186355679937242,0.0669549858659271,0.0896854270234285,0.0399709339666969,0.204968563107635,0.579784522042589
2566,0.0129130186036909,0.0366280448583444,0.0904037628127864,0.0824670810298074,0.281085076004386,0.496503016690985
2567,0.036603357513533,0.122378407141212,0.120024670215766,0.0616574683427966,0.16491360380467,0.494422492982022
2568,0.00692758559741964,0.0485379062228741,0.082592221814461,0.0271829796473459,0.272832224601117,0.561927082116783
2569,0.0235626085034385,0.083164966509512,0.219586087109559,0.0202203968349511,0.182792821952885,0.470673119089655
2570,0.0307210222933817,0.541899654500476,0.0816326175840255,0.0163237422551409,0.184608222239272,0.144814741127704
2571,0.108887660640189,0.0775144868029085,0.0306925018943002,0.347882480118365,0.292681340794937,0.142341529749301
2572,0.0832512669180725,0.087120683167703,0.347790941637588,0.144033506678114,0.112515679573183,0.225287922025339
2573,0.0865792844517196,0.325239283877632,0.0902683313002427,0.0376162791692585,0.268799688867755,0.191497132333392
2574,0.0313516618617494,0.053432221135788,0.0318632779182746,0.410690725313981,0.394267896574859,0.0783942171953486
2575,0.0244876009219712,0.0350357463103392,0.0162472148094487,0.167021161781201,0.649873979798674,0.107334296378366
2576,0.265877640259436,0.323804143472112,0.144680670898514,0.0837575452333772,0.0941525239395795,0.087727476196982
2577,0.0479071148973474,0.219840752588616,0.29643358708079,0.0300999024527136,0.174174085122083,0.23154455785845
2578,0.00197212095862279,0.00901238814552829,0.0420906581418305,0.0107779325296112,0.0690086064863755,0.867138293738032
2579,0.244598443761054,0.215139859961245,0.314623504628732,0.0475136383519997,0.0965652710359098,0.0815592822610591
2580,0.0736598739215861,0.270408557850015,0.165471602005813,0.0293723197962787,0.231570424142462,0.229517222283846
2581,0.00953186289337538,0.0431672619379384,0.0802847624045257,0.105534213827971,0.488385636886567,0.273096262049623
2582,0.111623797725476,0.535490730236752,0.067158350503966,0.0351724593780899,0.192003301678194,0.0585513604775223
2583,0.0501907356239819,0.579898510759088,0.170351054882524,0.0184417806303632,0.106425935904408,0.074691982199635
2584,0.244067636253044,0.630264589012724,0.0310478321118766,0.0113592607514205,0.0652191340365378,0.0180415478343976
2585,0.020674169431112,0.0675252487953964,0.0658640681176538,0.0692757758923272,0.472482386265534,0.304178351497977
2586,0.0461052788671577,0.293641201022694,0.140604596632993,0.0425913985039481,0.210991798204407,0.2660657267688
2587,0.201692029205105,0.0778603179515362,0.0583417808272282,0.303823498142364,0.252409900852093,0.105872473021674
2588,0.0524924525115669,0.0377915233947845,0.0243057115000688,0.221038393527342,0.541475761681983,0.122896157384254
2589,0.0384749055410974,0.0787843059573941,0.045519789033252,0.1442526862803,0.590145197720861,0.102823115467096
2590,0.0114230641268505,0.0566095684211675,0.131292395888536,0.0597989746081759,0.178734082058638,0.562141914896632
2591,0.0896263776774743,0.0981941533743498,0.267620670542096,0.0507599189083999,0.0856503141715551,0.408148565326125
2592,0.0219756452264884,0.0573272600440369,0.0254818493823802,0.165588847994119,0.557065312311782,0.172561085041193
2593,0.183517356768938,0.217987282281717,0.0799367795392822,0.185372997633315,0.236951916241664,0.0962336675350832
2594,0.0311518975001777,0.0579567279485649,0.0592823871254844,0.0290156130508729,0.417833710312483,0.404759664062417
2595,0.0912581636300728,0.109976333421953,0.205770964498906,0.189060537536574,0.149003494483544,0.25493050642895
2596,0.733311058529243,0.0767967703731347,0.0155944482575513,0.132495075639876,0.0348324210775068,0.00697022612268783
2597,0.00815867087071397,0.0354025011347939,0.156677901140674,0.0252353513788623,0.173948173263487,0.600577402211469
2598,0.014884124959237,0.0990683369874878,0.121207878652295,0.0166687065941722,0.156547680748959,0.591623272057849
2599,0.230876279756446,0.229462194274623,0.10722004573694,0.155405729093722,0.181354911568633,0.0956808395696356
2600,0.0174977972012748,0.0582412751297966,0.0847627383726156,0.0541476435559467,0.706914973567116,0.0784355721732505
2601,0.0383177200828734,0.0788464374732537,0.216261316512327,0.0389391656196435,0.137818802272884,0.489816558039018
2602,0.0186033375732236,0.0884589162615151,0.108903793672539,0.0423952397100147,0.216844315511478,0.52479439727123
2603,0.0428835529763354,0.540919830026798,0.0423584764172063,0.0285275114921005,0.279637145964776,0.065673483122784
2604,0.0442600726244973,0.172994115898456,0.292884106079508,0.126915241181703,0.111833605054772,0.251112859161064
2605,0.0080820248163072,0.112870716402939,0.286886391566894,0.0316772127545672,0.207809376996205,0.352674277463087
2606,0.0373025504225223,0.0861591966298478,0.118517627114687,0.037814305785472,0.231552223942398,0.488654096105074
2607,0.00663405694457087,0.0210899561196977,0.0610694725189443,0.0214110660408043,0.11981612135948,0.769979327016503
2608,0.167864884165716,0.177708431697781,0.0768061956355747,0.163036504256669,0.243629135834644,0.170954848409617
2609,0.020511286649386,0.0541744344588089,0.0551297458957508,0.096872935650057,0.41226613292681,0.361045464419187
2610,0.0919902912711791,0.183527525128523,0.0551263222839,0.165628961732201,0.326778592659195,0.176948306925002
2611,0.0201087851265094,0.0781645430094903,0.207688026835029,0.0441693334050364,0.0780744226349078,0.571794888989027
2612,0.0589571899112886,0.260345090884203,0.132207898734526,0.0421463361446617,0.175076081333194,0.331267402992127
2613,0.407244152480957,0.375687947238464,0.0619949055745422,0.059537168994838,0.076228199227324,0.0193076264838746
2614,0.144093324274532,0.0900414007013225,0.067088240820528,0.161139616879649,0.274556951311095,0.263080466012873
2615,0.405228804781145,0.249070795084762,0.174640979118901,0.051894040819237,0.0718378134817245,0.0473275667142312
2616,0.0113981569555972,0.0592134427682818,0.0685561135721866,0.0417103215029707,0.473628721652773,0.345493243548191
2617,0.140610766635444,0.31300012348138,0.279524329975129,0.0456927305118237,0.131562379299742,0.0896096700964812
2618,0.060780274388351,0.082055468262546,0.0950981541003812,0.0634398287766693,0.452177702428635,0.246448572043417
2619,0.0318640404926841,0.0403762361481981,0.0175446386586211,0.0903904156223826,0.685631195211033,0.134193473867081
2620,0.0112810134147822,0.0921905560551183,0.203782393404806,0.0260921881130589,0.338078298222626,0.328575550789609
2621,0.0261010332091546,0.0771227788321463,0.0399796397898265,0.113971049691243,0.639896729479145,0.102928768998485
2622,0.00367114452470068,0.0142211600842672,0.029626131412457,0.0145212073870231,0.153267306739289,0.784693049852263
2623,0.198311335706511,0.224435969383687,0.0446270793531461,0.0807081879145816,0.377798393255366,0.0741190343867079
2624,0.0299722109815716,0.0479025813349207,0.0965823925144236,0.0594877667289892,0.192193023529444,0.573862024910651
2625,0.0738108571828675,0.196778609181452,0.522868589595482,0.0307270806891639,0.0855376014664449,0.0902772618845899
2626,0.00835614824458389,0.0312105085263717,0.0693215085177204,0.0283435041574854,0.193124136670552,0.669644193883287
2627,0.0657915079533464,0.149383376175361,0.340304932875816,0.0338162882224838,0.16965928595438,0.241044608818613
2628,0.0971474483077092,0.121058833031779,0.0849601512920285,0.320539746788116,0.297139782120867,0.0791540384595007
2629,0.0350429518070754,0.19486974371237,0.0686214891819709,0.0420921970771354,0.414283375932396,0.245090242289053
2630,0.135556961791211,0.130602907468252,0.139681225349964,0.0874119279713073,0.228145707839382,0.278601269579884
2631,0.0182686322085573,0.192147880996475,0.203692764401853,0.0302201045757166,0.304917692468581,0.250752925348817
2632,0.00526708975858451,0.022087858521513,0.0601782453007679,0.0200052579130949,0.135908054164773,0.756553494341267
2633,0.135163897958834,0.373163156360861,0.0615946731346997,0.0931537071550074,0.254435030199093,0.0824895351915038
2634,0.0447172950026392,0.0778251433150561,0.264532363714543,0.0715460467994544,0.151390354030478,0.389988797137829
2635,0.0205929782967002,0.061723705692039,0.0537450776660297,0.031383124980988,0.655546541967173,0.17700857139707
2636,0.0237244951986798,0.0729622531203285,0.149158573038795,0.0459077560120239,0.308996422582374,0.399250500047798
2637,0.01926745829482,0.0808893592925134,0.0286073397837276,0.0262171732297592,0.6716254421436,0.17339322725558
2638,0.0702288397556315,0.0461970648569034,0.0902881870634694,0.27816249372039,0.182638160984507,0.332485253619099
2639,0.0883560232933469,0.0785191033033776,0.0483446680506128,0.397491013374984,0.29637863222348,0.0909105597541989
2640,0.0158152108875313,0.0336292213097139,0.0582672648673176,0.0278471533309779,0.128390341395024,0.736050808209435
2641,0.150791759797428,0.199433310206126,0.157992329750584,0.119881188129395,0.208670592206629,0.163230819909838
2642,0.0164347276193351,0.0862981482379739,0.10361741175439,0.033606793536851,0.234638957324016,0.525403961527434
2643,0.334977338875311,0.387905630777334,0.0293689243544151,0.127050482715839,0.0929436869598226,0.0277539363172786
2644,0.00703645577935552,0.110269300831367,0.0430839176050276,0.0156896110923243,0.251959480307775,0.57196123438415
2645,0.0185300375716835,0.0758519203119368,0.0398384623347476,0.0493054764347798,0.291596676937068,0.524877426409784
2646,0.00437897712297893,0.0185668026141156,0.0988445192651658,0.0189486403125651,0.0523490033072887,0.806912057377886
2647,0.0699912346069994,0.109686446254406,0.133690001768583,0.123992127656851,0.244891222193779,0.317748967519381
2648,0.174605000241835,0.2660629614672,0.400561310015005,0.0282574551305944,0.0504563311295689,0.0800569420157966
2649,0.0409687714892041,0.0553885943644003,0.095954389879339,0.0587998443568558,0.268176857062791,0.48071154284741
2650,0.0574464364269466,0.0477973183880137,0.202515852949802,0.0505635015483916,0.113688092084198,0.527988798602648
2651,0.0223686893875611,0.081592381401393,0.0431753063664079,0.0500895138246698,0.572297516122059,0.230476592897909
2652,0.017835053800345,0.172110594677911,0.0499240706522121,0.0382159200699225,0.472180042069507,0.249734318730101
2653,0.308497142044267,0.212514892209169,0.133276327888393,0.0571458918642087,0.182397366265693,0.106168379728269
2654,0.00552621975171331,0.0449409928977376,0.0783878891137887,0.0491186271928337,0.165428298216701,0.656597972827225
2655,0.358938757270187,0.224965701773707,0.0737705770823291,0.132199812205789,0.16591154031135,0.0442136113566384
2656,0.0113219806013872,0.0634764355349504,0.0554428358979239,0.0307973809854321,0.453864730951799,0.385096636028507
2657,0.0154494716455344,0.0368143452228332,0.174034687959081,0.0290239357605836,0.119153660226023,0.625523899185945
2658,0.180577940008638,0.181085395658513,0.150609884106475,0.256418816699681,0.117949915527341,0.113358047999352
2659,0.135708209812887,0.0818422303269031,0.113752152592019,0.509225880308996,0.0764629932837614,0.0830085336754333
2660,0.00956877733107079,0.0335922128639553,0.0448681955579096,0.0366456647139745,0.26313251618168,0.61219263335141
2661,0.00471016525652376,0.0246423882137054,0.0976982507310494,0.0221206412530986,0.0959928997580407,0.754835654787582
2662,0.00554519609689689,0.0495287886648196,0.0966028263828133,0.0116287167871646,0.13323463722992,0.703459834838386
2663,0.00554754245746722,0.029519084248408,0.0470057428559205,0.0360370845566546,0.416635137590789,0.465255408290761
2664,0.0368877379783931,0.093441702872175,0.0321489793714517,0.0970411593327154,0.587893412964066,0.152587007481199
2665,0.223828390259409,0.264507475101691,0.114975500699112,0.0728693021573616,0.204624797592942,0.119194534189485
2666,0.00541449579003057,0.0128755633154462,0.0995444876543762,0.013464174130897,0.0233501153409974,0.845351163768253
2667,0.0591239101779888,0.132569407241015,0.438062210382821,0.074339097219017,0.186700557761325,0.109204817217833
2668,0.0143015840872664,0.0684289443410407,0.418847953980789,0.0216557751263058,0.113804197752753,0.362961544711845
2669,0.0438610005494172,0.187976344356566,0.126842195678048,0.029183018266209,0.229118116543861,0.383019324605899
2670,0.0093655581533556,0.0518610978601371,0.14866365578902,0.0226336294372985,0.18978756973049,0.577688489029699
2671,0.0371951715444217,0.0740054836044535,0.0355607317994057,0.0939656196100344,0.33440851841403,0.424864475027655
2672,0.00648285533510916,0.056586568278337,0.135768227969337,0.0178193676651034,0.18344834801076,0.599894632741353
2673,0.311111871619136,0.319948553966595,0.0558437904095869,0.11599773695831,0.157809413184518,0.0392886338618548
2674,0.0285819841991783,0.0482332805931841,0.0686822154204013,0.276331496014648,0.375177673956811,0.202993349815778
2675,0.469811818680799,0.196026314957829,0.0249586944077492,0.215247269378065,0.0744474011172962,0.0195085014582622
2676,0.0243637754385212,0.0409696368439002,0.0628837061087602,0.14456520120941,0.447146804414804,0.280070875984605
2677,0.0957893624017578,0.226837230551735,0.303126627128706,0.0491047709701499,0.232517214568583,0.0926247943790685
2678,0.0453073388237022,0.158201904352746,0.179257615931924,0.0530318764426967,0.337374869073036,0.226826395375895
2679,0.00369519513830291,0.0185349367459061,0.0449761525317055,0.0277553909196934,0.331626301493803,0.573412023170589
2680,0.0751479985650167,0.106005295248927,0.341261479918562,0.166358019581126,0.128403667842912,0.182823538843456
2681,0.0439647140379735,0.163586581605465,0.101934342967585,0.0642882450122039,0.355893008129488,0.270333108247284
2682,0.0137323205464534,0.0381325969930258,0.136495766145613,0.131185260479475,0.198971486080835,0.481482569754597
2683,0.445063012025405,0.273477289074436,0.0449016473457726,0.119135394388971,0.0998276398234818,0.0175950173419338
2684,0.0116886159786252,0.0415079334899353,0.0458061515529754,0.0726702345690216,0.463444501767691,0.364882562641752
2685,0.132753878154703,0.0882145057120766,0.150184678204728,0.0359562170884598,0.076136363222297,0.516754357617736
2686,0.0135830753968448,0.137871590956072,0.153110472125875,0.0338670182522076,0.205808536371406,0.455759306897595
2687,0.333615501939399,0.19348942209016,0.0912560115505993,0.173108874373609,0.173575901185955,0.0349542888602776
2688,0.041108838894028,0.174164718587628,0.0747170868581774,0.230058729416307,0.342564828869747,0.137385797374113
2689,0.142116127898302,0.618802145756639,0.0337794979906678,0.0435323608326648,0.135087337584591,0.0266825299371364
2690,0.0126429170597139,0.027636735227201,0.0402776483419546,0.21368361741896,0.439060181767209,0.266698900184961
2691,0.0430962626975458,0.210663053751972,0.0725181275386739,0.044690958389833,0.384073314356609,0.244958283265366
2692,0.050915908369323,0.0948332149424594,0.233621269477123,0.0776041741460901,0.208558310763953,0.334467122301051
2693,0.0322133475313306,0.0671577580480738,0.200151841938396,0.0501313056112795,0.132523344897115,0.517822401973805
2694,0.0094072330762809,0.0305259771583349,0.0664977798694359,0.0419245243069138,0.196385087459164,0.655259398129871
2695,0.579515128061476,0.171810276238183,0.0529372397855015,0.105408478648422,0.0678606517760808,0.0224682254903372
2696,0.0204307440224633,0.0941991886470162,0.27937656676483,0.0320214263942688,0.116540655816641,0.45743141835478
2697,0.0388882641178993,0.15831966319431,0.270473834776352,0.0387847686158288,0.161936097799565,0.331597371496044
2698,0.0121264016862807,0.0471033325225001,0.201116458910662,0.0406333989447965,0.257183297976521,0.44183710995924
2699,0.0158032384547923,0.1295741300594,0.339479695539788,0.0146058206162832,0.082385224816351,0.418151890513385
2700,0.0021915832229157,0.0326524316065133,0.0233578136163761,0.00766373595248041,0.372754096181986,0.561380339419728
2701,0.0198493160630319,0.0415377179685102,0.0925156101011196,0.1135105088801,0.273636647245578,0.458950199741661
2702,0.431650235952008,0.17316995514904,0.178186588515315,0.0788415196110621,0.0806138561461103,0.0575378446264648
2703,0.0872125243281456,0.0850432029305518,0.149720691442133,0.103818384560372,0.270956627518685,0.303248569220112
2704,0.0303959912257499,0.185847431903088,0.534261690710066,0.0445037003968729,0.0999514592184868,0.105039726545736
2705,0.0173264010045481,0.166508384472195,0.380653783852624,0.0215605958401149,0.134739871108797,0.27921096372172
2706,0.0180647876739322,0.0932278912939607,0.173620034765664,0.161487218129482,0.15266875434241,0.400931313794552
2707,0.0140222386304518,0.034235547224097,0.0280564129375403,0.0665491235940515,0.619684019183638,0.237452658430222
2708,0.360382300127245,0.362707638677883,0.0626667703353517,0.0653268815911994,0.117014076844417,0.0319023324239041
2709,0.0641044803778154,0.152151537171283,0.294408086731191,0.0613877181031628,0.111172784840634,0.316775392775913
2710,0.0681376919888666,0.0860983915491633,0.240270791829733,0.0623012287410621,0.132173564206178,0.411018331684997
2711,0.0278334042559895,0.0816033524296967,0.157890640355868,0.0478766728109763,0.285655764590165,0.399140165557305
2712,0.133315151846201,0.0989627863055021,0.0876149916945271,0.210208053204436,0.318563462183763,0.151335554765571
2713,0.153882286942042,0.221858662684558,0.237326678415186,0.0500460551195079,0.113589047851291,0.223297268987415
2714,0.00425857915103036,0.0596774163845883,0.11322106194736,0.0186133212444639,0.172671456403585,0.631558164868972
2715,0.0328958662537272,0.106409976386904,0.38617360248074,0.0463044884354342,0.247851084468786,0.180364981974409
2716,0.0293202644947398,0.0668081712441612,0.0999360777426369,0.0733428410196354,0.385833651771048,0.344758993727779
2717,0.0100451641815292,0.0392019163835694,0.0325030070498091,0.0312519100385691,0.261358628460316,0.625639373886208
2718,0.0182925363860542,0.0494314522117662,0.241959505379287,0.0649465609001835,0.183565925320671,0.441804019802038
2719,0.0357513547649826,0.116696778850231,0.200613059891329,0.0609170935759586,0.342512718384951,0.243508994532548
2720,0.10558958991187,0.105597891111844,0.263897990199934,0.0980608004771294,0.226732814105722,0.2001209141935
2721,0.0186787615614156,0.0573829396956467,0.0934194788455356,0.0460117723591208,0.316608699955667,0.467898347582614
2722,0.268528705077156,0.492162898332556,0.127834463155907,0.0153476415703125,0.0710844850648294,0.0250418067992387
2723,0.0526680912195596,0.132483098396726,0.128635108398695,0.0662220965435195,0.193342849614309,0.426648755827191
2724,0.651335892940213,0.092623472753211,0.066004235316311,0.105701063181755,0.0569185304925932,0.0274168053159169
2725,0.205456659861569,0.304729731538174,0.0804903209994415,0.197554817733719,0.139788937344003,0.0719795325230947
2726,0.0523289700024715,0.0781416688967892,0.0431115921283879,0.144323212241529,0.632131952274914,0.0499626044559085
2727,0.00559029463636359,0.0387789974433399,0.0798032210506376,0.0336969871921121,0.311721864960753,0.530408634716794
2728,0.0173810522469943,0.0388535974188681,0.116487887122545,0.0444868614433485,0.106498029997318,0.676292571770927
2729,0.155200006088201,0.22033872066402,0.0929454421958416,0.103522948498499,0.2912453179374,0.136747564616038
2730,0.0167264663138094,0.035828856382429,0.0858876419311577,0.0660426401264827,0.455815714020028,0.339698681226093
2731,0.151505329180614,0.152111475420937,0.0658482024450302,0.188593862177815,0.337579453628465,0.104361677147139
2732,0.0255725868523611,0.080704996522408,0.280635812458719,0.0271462880440795,0.0977423435758024,0.48819797254663
2733,0.0548792607481716,0.137759802766726,0.127799845968797,0.194541415195365,0.398618864518347,0.0864008108025941
2734,0.0369146881055808,0.632110609671522,0.0464082423542405,0.014993168453998,0.173390113600839,0.09618317781382
2735,0.048157401901571,0.443851158374519,0.130582731365731,0.0260176862410473,0.147756526242528,0.203634495874603
2736,0.0356826314276837,0.0830854183988335,0.0525855477305539,0.379062623174128,0.345785136161706,0.103798643107095
2737,0.172085194875619,0.135839870179406,0.256350889857188,0.0950390566824118,0.183471495511024,0.157213492894352
2738,0.0303727883835039,0.111219254146348,0.13348547900473,0.0513143633415993,0.180305993048046,0.493302122075772
2739,0.123338162240733,0.24363148892782,0.249257330978245,0.0387812596081141,0.249333985259027,0.0956577729860614
2740,0.209166640252485,0.38498273736419,0.0639020765523405,0.0921351106663802,0.113777216686558,0.136036218478046
2741,0.0550411103820969,0.30418596092949,0.105948807866844,0.0376753950717659,0.340747339918087,0.156401385831716
2742,0.0611549812221095,0.0641656659293531,0.0416433758051734,0.187866478412525,0.50050768339624,0.1446618152346
2743,0.172246594460292,0.23336116184335,0.105271008562511,0.117493811566724,0.22403367973118,0.147593743835944
2744,0.0292151770926198,0.0800561875371341,0.0513462908520412,0.122419887390534,0.601941625881666,0.115020831246006
2745,0.00999220354389064,0.0981088176008931,0.337279321429853,0.0569085604224047,0.264329563312196,0.233381533690762
2746,0.0153129758840899,0.0649970454681976,0.0984668404371104,0.0326098595264986,0.298750394989357,0.489862883694746
2747,0.0206374008598129,0.0331818248039088,0.0139016050169088,0.0868780074630794,0.632398934622335,0.213002227233955
2748,0.00778353337315119,0.0497861668703242,0.0609908991499298,0.0373757469721899,0.608828470569148,0.235235183065257
2749,0.231775946505771,0.0876417368629591,0.0564466980998202,0.321031519662873,0.218442696619119,0.0846614022494578
2750,0.0114540547778672,0.0655004696404547,0.395201692235807,0.0327231008761203,0.113365768270608,0.381754914199143
2751,0.215216931407559,0.18429345317309,0.0750972575569099,0.110987583700113,0.353778276528345,0.060626497633983
2752,0.0365211723943078,0.159682647111892,0.190147560611158,0.090686563109962,0.173584841906495,0.349377214866185
2753,0.0588299188981085,0.0658223124076482,0.020061178096433,0.369627621869195,0.431532918600169,0.054126050128447
2754,0.0128505151640861,0.212141834896466,0.0844727088467737,0.0164091635010255,0.470204612819165,0.203921164772484
2755,0.00292099441124982,0.0103089456049565,0.0497300481821443,0.0130629894934082,0.217873148544307,0.706103873763934
2756,0.00774535906526557,0.0173940139094506,0.0665832632656066,0.0128213543967072,0.0337360479262873,0.861719961436683
2757,0.0103367045840335,0.114629555891574,0.0253470346439618,0.0355861871613159,0.553149299975087,0.260951217744028
2758,0.0840568855819609,0.249844655803945,0.182328660780622,0.0281101341155078,0.304798258262933,0.150861405455031
2759,0.0222051088481756,0.199273442254118,0.0948678504349035,0.0193076551971458,0.296367295036269,0.367978648229387
2760,0.370682766369643,0.0798684901478785,0.0324173716438131,0.451913029174928,0.0537999013822106,0.0113184412815272
2761,0.169544394678918,0.135617051893039,0.0802179167439154,0.284605967613099,0.20892764074718,0.121087028323848
2762,0.00709407225365334,0.123495439324518,0.112531516602449,0.022225974837321,0.442377885474374,0.292275111507684
2763,0.0467017780676236,0.177607692784175,0.293541891853611,0.0605054900054346,0.219294549264701,0.202348598024455
2764,0.0109920068731671,0.0244996985470637,0.140693594153413,0.0189988337304535,0.093535643915699,0.711280222780204
2765,0.0273260422361185,0.151766180952183,0.207306358339229,0.0295546704757668,0.192039624365202,0.392007123631501
2766,0.0307356328396195,0.125977209570874,0.0933378128463105,0.0541381516677941,0.409038939252993,0.286772253822408
2767,0.0256086372114338,0.0805101934515364,0.104990346395767,0.281201260736699,0.257554433891246,0.250135128313318
2768,0.0469497875953864,0.27407511429365,0.360510085603907,0.0232787788641943,0.101604458496346,0.193581775146516
2769,0.043896518532299,0.276665534247216,0.116027779179357,0.0845281556363057,0.330323347753609,0.148558664651213
2770,0.00238410031304486,0.0376897249082962,0.155533118594113,0.0240673131802371,0.168808281955755,0.611517461048554
2771,0.0288852390886796,0.149323499558877,0.474667326265059,0.0441889125423863,0.123447871344396,0.179487151200602
2772,0.0606739500385563,0.0801496581528366,0.0947054137073788,0.165748084588336,0.447286853472662,0.151436040040231
2773,0.0566668510405269,0.283256614728362,0.118741485594302,0.0324889475278252,0.377252850112453,0.131593250996532
2774,0.115033555738296,0.361812947246635,0.0887759074843605,0.051018771041362,0.269560486944136,0.11379833154521
2775,0.00249541924738018,0.0147805105731184,0.0808183478701784,0.00792796288489449,0.0938714306904641,0.800106328733964
2776,0.00942950947910426,0.0306024028238185,0.0527283965581731,0.050056020081298,0.286715027826265,0.570468643231341
2777,0.0018167435580229,0.0127386725301128,0.0691616216771648,0.0125085374484802,0.0610501733975822,0.842724251388637
2778,0.0784593482885208,0.150165343245839,0.131719990672229,0.0858768382832257,0.175452445775563,0.378326033734622
2779,0.0386448135104361,0.0750171806301311,0.32963427749695,0.115958769132453,0.146096657108962,0.294648302121068
2780,0.0506146447613251,0.252527768928062,0.248285731406993,0.0462872159060948,0.132697664501416,0.269586974496109
2781,0.0141910357036509,0.0364198282898247,0.0530757127489314,0.121162140846911,0.515994405629449,0.259156876781233
2782,0.00798010049062277,0.0403813247485912,0.2093137276392,0.0202096404361275,0.121687580695269,0.600427625990189
2783,0.282964714321436,0.397350864054545,0.123588250765145,0.0648466528965527,0.0924707695780052,0.038778748384316
2784,0.0638479791866236,0.282996063238133,0.0562511558360699,0.10678867469059,0.421173809536719,0.0689423175118647
2785,0.00265051609948737,0.0171389723116799,0.0466253913088193,0.0286283496849408,0.280007323058276,0.624949447536797
2786,0.0140664879950619,0.0665541991019544,0.0536054556123137,0.0548069312591115,0.411060984924255,0.399905941107304
2787,0.00531093428483356,0.0382523613708022,0.0781730282336969,0.0222937012639449,0.241426797140848,0.614543177705875
2788,0.0139550450782911,0.0546861011414137,0.125365466291974,0.031437969077074,0.134397184580244,0.640158233831003
2789,0.0698523874418409,0.0649882163934594,0.261666453078997,0.0846797969146299,0.227820840660846,0.290992305510226
2790,0.0564577259749811,0.130588443660946,0.0566216325947634,0.0965580367568793,0.449357477211711,0.210416683800719
2791,0.152113830961945,0.068797338655446,0.0409471672271872,0.536639863140178,0.14360922474288,0.0578925752723639
2792,0.542536426809176,0.27612459568133,0.0293474054358328,0.0516793394022936,0.0785450256918858,0.0217672069794826
2793,0.00772514146767376,0.0624089185512865,0.0397286000981424,0.0230990795391653,0.499022601377391,0.368015658966341
2794,0.493973049002251,0.190980014971949,0.067250013176316,0.101963681057152,0.111054334405963,0.0347789073863692
2795,0.319579956617541,0.110470577063012,0.0512805878905358,0.395333064228215,0.101644690352158,0.0216911238485388
2796,0.0035576735802127,0.0248225727669794,0.118480950297565,0.0211787163007314,0.102930467549202,0.72902961950531
2797,0.0310820436488241,0.0526416079140082,0.0722922601290612,0.109411558427706,0.169436980821997,0.565135549058404
2798,0.00968206972972038,0.119378906604186,0.186825473120043,0.0143265969388109,0.3013095419325,0.368477411674739
2799,0.107065330376529,0.17165114236034,0.324407480695265,0.0332767212611042,0.160875890718549,0.202723434588213
2800,0.00709952795420297,0.0298970698265731,0.0503351301535369,0.0445208619095651,0.246533038943098,0.621614371213024
2801,0.0116707218057242,0.0401572638053778,0.0249626324460435,0.0290248905912657,0.486370672726792,0.407813818624797
2802,0.0230815910771025,0.0774867111301561,0.0558937956858654,0.0844030105461338,0.379248264068741,0.379886627492001
2803,0.0767192041148623,0.499841834035566,0.0924486149742866,0.0220341768131101,0.205220528415555,0.10373564164662
2804,0.0136139835053787,0.0735024863992167,0.113289374241255,0.0489946159274024,0.418583433071578,0.33201610685517
2805,0.221339669807647,0.187285733512044,0.283713933323812,0.0933899418762513,0.135382359000864,0.0788883624793827
2806,0.14948362343349,0.0901637494440682,0.063643423587209,0.263533193894725,0.229155063766548,0.20402094587396
2807,0.0672444276693961,0.163066797017459,0.169697989727281,0.0803368664470448,0.208199231362624,0.311454687776195
2808,0.00867216137878358,0.0464343186411792,0.0587283947527018,0.0266255174799124,0.298463596315063,0.56107601143236
2809,0.0382859119338846,0.0758619125157696,0.278231105602055,0.0447657316549541,0.0962415266846636,0.466613811608673
2810,0.00934392303688293,0.0457858970765177,0.0696212433354376,0.090810360424529,0.456781057393523,0.327657518733109
2811,0.00984154431442427,0.150937373805394,0.213398513727626,0.0398613454664904,0.291187330465445,0.29477389222062
2812,0.372486824514698,0.260265314689675,0.147980224334603,0.0925247098159439,0.0872745547215188,0.0394683719235614
2813,0.0687487583499984,0.113573413762727,0.155941118828957,0.121896765672198,0.278165462025003,0.261674481361116
2814,0.0203371309474843,0.199694531923539,0.247845616947236,0.0398667725045193,0.217369371052955,0.274886576624266
2815,0.0400275466104421,0.0925500933405973,0.148122094366882,0.0751316092057261,0.163003274075972,0.48116538240038
2816,0.217995603309931,0.161620977447159,0.303908782729554,0.073759464396027,0.167394540908761,0.0753206312085668
2817,0.0733046296015453,0.322094510488726,0.126805390113462,0.0601784402236537,0.29138702572887,0.126230003843743
2818,0.276989015380662,0.283916029672928,0.171673748681741,0.0558536777502126,0.129923445420744,0.0816440830937127
2819,0.478247463160673,0.325689369194877,0.0575324973866395,0.0444664021124124,0.0749845806789911,0.0190796874664072
2820,0.298135314249932,0.204304293428166,0.360713866888846,0.0433842599469632,0.0576758803400727,0.0357863851460192
2821,0.00352906089174412,0.0329674823539154,0.0203046213000632,0.00869717781251372,0.469106802184599,0.465394855457164
2822,0.174028798020586,0.189529677549031,0.18975033774295,0.061140261904362,0.267858159002119,0.117692765780952
2823,0.0634203569995204,0.104034031703946,0.105383538517551,0.101386368173226,0.233239791277255,0.392535913328501
2824,0.0385791547290382,0.138397940149428,0.190486027053885,0.0455941015034531,0.286059028647165,0.300883747917031
2825,0.00353130215008512,0.0320510311189516,0.159586003332727,0.0143712175755671,0.0331695667532576,0.757290879069412
2826,0.0231771339043093,0.187696552685293,0.0469132060034415,0.0340115495566639,0.492806737991324,0.215394819858968
2827,0.103917292010949,0.38665298916592,0.129890198141061,0.0351913271478073,0.195546721133163,0.1488014724011
2828,0.0176685599684197,0.139159583395871,0.132739734434669,0.0432002155942132,0.440652297204267,0.22657960940256
2829,0.0338705190071506,0.0373497752506694,0.0315554659841816,0.166340765225365,0.582806643176931,0.148076831355702
2830,0.00341384882947248,0.0310258938284361,0.1110784723871,0.0223654574585327,0.160517995473338,0.67159833202312
2831,0.323105823329881,0.431098779573828,0.0894647179977111,0.0489420256547583,0.068406667354652,0.0389819860891696
2832,0.0314182790485499,0.200310188501731,0.244188795506148,0.0255107452308634,0.294946843079147,0.203625148633561
2833,0.121749081912018,0.123580964446336,0.100974885779807,0.192425230963166,0.254977985186181,0.206291851712491
2834,0.0168613226207523,0.0646908652333822,0.0926079514135115,0.0314187853206711,0.267901659943665,0.526519415468018
2835,0.275306973022391,0.205963847035616,0.0387024471253621,0.177052291669902,0.234169479006362,0.0688049621403668
2836,0.0115924864388848,0.0297808183843638,0.0438040641000226,0.0449493672614265,0.267015419361796,0.602857844453506
2837,0.0585538520392802,0.228822629090738,0.319106452476951,0.0547861285020239,0.170000148158436,0.16873078973257
2838,0.145398439158517,0.219724370347812,0.211533501918186,0.0847660019924934,0.119010791830579,0.219566894752413
2839,0.137967925964891,0.175693432250815,0.138125850026218,0.0962163744195329,0.264523211708256,0.187473205630287
2840,0.120123183078978,0.090480896281011,0.160189635577533,0.182984057138591,0.175570673512751,0.270651554411136
2841,0.442598170528883,0.109857346378282,0.0559996391466333,0.177943076508753,0.159799424493483,0.0538023429439666
2842,0.00565088004284345,0.0252973380103012,0.0204890992425528,0.0390300122956129,0.575729638546228,0.333803031862461
2843,0.131798145298651,0.123237439111619,0.128215514812264,0.0673826562180123,0.305861077413182,0.243505167146272
2844,0.026614259184373,0.0809313243247868,0.604906943665845,0.0166495271740221,0.0704760431223686,0.200421902528604
2845,0.1700696947451,0.345016404646074,0.171743682926051,0.170250852509686,0.110418174201388,0.0325011909717011
2846,0.011124834666561,0.0452378005618836,0.0438140385315506,0.0509861182871753,0.430478159721095,0.418359048231734
