"CUS_ID","F20-","F30","F30+","M20-","M30","M30+"
2501,0.0889922320390104,0.450834175401765,0.10990505806127,0.03810475665138,0.17631975195711,0.135844025889466
2502,0.0318260033903963,0.12928210993828,0.178483845912081,0.0763880220238118,0.397495648537933,0.186524370197497
2503,0.054298042150083,0.347189903340045,0.0590119534927583,0.0584384967619547,0.38324072466907,0.097820879586089
2504,0.328863890591233,0.155391406816997,0.144311521495748,0.169288921271606,0.093822587730492,0.108321672093924
2505,0.0325906371528479,0.130371040782983,0.166689995579314,0.0544400226002368,0.178121998490531,0.437786305394087
2506,0.018028311525895,0.318880808368173,0.101237614373592,0.0225282151740971,0.290332959912356,0.248992090645887
2507,0.0113289436812766,0.0334348566167756,0.0900956319002611,0.0254605275494859,0.206897498638178,0.632782541614023
2508,0.00621847067658106,0.0332820823208015,0.0387457385692253,0.024207613226789,0.445816772406927,0.451729322799677
2509,0.0184611560419867,0.0403513978715449,0.153290814241653,0.0316506756136695,0.149031297621311,0.607214658609834
2510,0.0122364754960672,0.0741014182712117,0.0500801348867281,0.0304467716618984,0.375261588539119,0.457873611144976
2511,0.613983442978977,0.102481081278537,0.0832872027082055,0.133425462951762,0.045642113262168,0.0211806968203515
2512,0.0531571531685775,0.182064324991355,0.0774753869574422,0.129208631719179,0.447431658421227,0.110662844742219
2513,0.0060989336059195,0.0310471670464351,0.0923810421804945,0.0289563697795113,0.275436241277742,0.566080246109898
2514,0.110582620704831,0.540408746294231,0.0670341257945665,0.0346223605126332,0.195535393661275,0.0518167530324634
2515,0.0136773528477441,0.0541007417613991,0.119486613203656,0.0384932802106673,0.204160290702639,0.570081721273895
2516,0.0812437479922669,0.122677476064329,0.0722931964864728,0.162091412476517,0.312365540752394,0.24932862622802
2517,0.0299183557849604,0.361915528752464,0.12272254562824,0.0184731228185694,0.238240785897074,0.228729661118691
2518,0.450980345529875,0.21734930100239,0.102651549346749,0.0643001981855411,0.0987577073410188,0.0659608985944268
2519,0.0431196983529442,0.835282328309052,0.022863718133841,0.00906202861941145,0.0637309716689766,0.0259412549157751
2520,0.0274258806063762,0.0560361825235059,0.0210201906824465,0.111007342392944,0.591747994729822,0.192762409064905
2521,0.0254012922284852,0.0721816010188611,0.305913493702113,0.0443475757065199,0.13354168527263,0.418614352071391
2522,0.322610991134902,0.237045042546947,0.177294368545737,0.0733047802350153,0.126516763893497,0.0632280536439022
2523,0.055673615730723,0.366745599802811,0.087235880160273,0.0168736252199225,0.329656755829145,0.143814523257125
2524,0.0540827593630073,0.14470359117326,0.250002899854346,0.0606320100432388,0.147417700359533,0.343161039206615
2525,0.124377824178914,0.0797995493462347,0.0794451732969956,0.375428331886692,0.272557791035182,0.0683913302559814
2526,0.09565070763848,0.194433912354865,0.0822074933498338,0.108337870432968,0.358070869137386,0.161299147086468
2527,0.514025838940195,0.182118452497859,0.102313847720026,0.0540398782490471,0.09070922839287,0.0567927542000025
2528,0.00561828121945411,0.019408823510111,0.0556623645608393,0.0477887852605984,0.218155074170981,0.653366671278016
2529,0.0664718487381666,0.0912145031202282,0.276929614084751,0.0610409482424087,0.127708115602867,0.376634970211578
2530,0.00306563823916367,0.0169324716867653,0.131500436918123,0.0176357193753194,0.100903258333108,0.729962475447521
2531,0.0354425342282215,0.148297467360731,0.132465477837032,0.0824644195453957,0.344338274122815,0.256991826905805
2532,0.0341568198672934,0.160644534258201,0.141565519459967,0.0628168689942029,0.288454086404464,0.312362171015871
2533,0.00189109334685463,0.00775845261405201,0.0508027714631889,0.0060647103675017,0.0260463478780725,0.90743662433033
2534,0.248964269229077,0.0680280218620232,0.0538036505087315,0.482725732082996,0.0852143661101895,0.0612639602069836
2535,0.045571654383839,0.103934183328445,0.148864328426053,0.0508275614259674,0.193823093004209,0.456979179431486
2536,0.138871023024452,0.246660323692039,0.122230590497129,0.0674148944340934,0.199644644087319,0.225178524264968
2537,0.0356917780903937,0.725944609061563,0.0965222049778463,0.00858522114136555,0.0826123183459152,0.0506438683829164
2538,0.222800095207542,0.119015969841833,0.0735347716519696,0.112073563316274,0.302502200615984,0.170073399366397
2539,0.155534516400636,0.256117630291317,0.21551672729236,0.0496426160879361,0.176820166271345,0.146368343656406
2540,0.383017999220699,0.159478727579967,0.0393851922306081,0.182859486272583,0.196580445973253,0.0386781487228893
2541,0.133510953414577,0.0535010017558881,0.0181496297680232,0.451792026754271,0.284207043528499,0.0588393447787418
2542,0.0994053042751747,0.436658875454381,0.0715270779414033,0.0300141081458142,0.31513907531221,0.0472555588710163
2543,0.00813609746721088,0.0221432973280287,0.0722213717193099,0.00821488638276011,0.248857954098789,0.640426393003902
2544,0.0932918077010983,0.140267500819815,0.104120974216086,0.239590680771441,0.164116456032115,0.258612580459444
2545,0.0287241812584367,0.281487899928998,0.0535788853573785,0.0136137232514245,0.441095617382323,0.181499692821439
2546,0.0346651864849142,0.0346852200543685,0.0117432963705188,0.281462683285644,0.560517599436623,0.0769260143679321
2547,0.0895560372862936,0.166395598527685,0.269446241322499,0.0475023615777973,0.199394750934133,0.227705010351592
2548,0.0607351661108469,0.0772493262456506,0.098278458904012,0.2617349326394,0.398626545978219,0.103375570121871
2549,0.0068808873260567,0.038773563275493,0.0409501359099603,0.0483441324445497,0.347613681170602,0.517437599873338
2550,0.0180326854633248,0.0285368053158545,0.0162691306815629,0.18973444254292,0.578879083718026,0.168547852278312
2551,0.128855655059336,0.218172790914284,0.0555604178429804,0.20562216204656,0.244454241492158,0.147334732644682
2552,0.146810445085457,0.352731467721873,0.150290619832605,0.059441120986565,0.143431329127546,0.147295017245954
2553,0.464693970053629,0.202509571605204,0.0478698387110185,0.130546539081256,0.130998468500047,0.0233816120488469
2554,0.0920930445611741,0.179356512125156,0.100731837816118,0.138062053814737,0.404982763768773,0.0847737879140423
2555,0.0137109095019897,0.0726057539884498,0.0539074299210118,0.0393825175788222,0.648831412465381,0.171561976544345
2556,0.0848554213180557,0.278474554095216,0.265423906270033,0.0544782338980138,0.177431790541035,0.139336093877647
2557,0.309518791381177,0.247385142543146,0.300069433594062,0.0540042662086211,0.064459232890908,0.0245631333820856
2558,0.0357978006480092,0.0887987082599855,0.632506210509246,0.0335841875160689,0.0962520907194558,0.113061002347234
2559,0.0704536904587266,0.44450649009903,0.141372263692614,0.0303180012183503,0.119007523522221,0.194342031009058
2560,0.00751564634543447,0.0893256205469753,0.0956185289495939,0.0235849195585196,0.192699393646821,0.591255890952655
2561,0.017985611142651,0.0616192532287047,0.159035898356433,0.0148124328528676,0.125693612431117,0.620853191988227
2562,0.312230569837262,0.385241817696983,0.0426376290231486,0.0392547801366743,0.197544183999445,0.0230910193064872
2563,0.249405606631563,0.183059577252019,0.2602547036646,0.0993749306208558,0.103617181591693,0.104288000239269
2564,0.148825668836479,0.0768962922173971,0.0776773345139839,0.339961318156245,0.204704323100126,0.151935063175769
2565,0.0189359894240304,0.0670231587376506,0.0820730574631071,0.0386193011256674,0.207799992457211,0.585548500792333
2566,0.0114753009527632,0.0354732966838115,0.0934685217534421,0.0836565320101397,0.286179536898031,0.489746811701813
2567,0.035241441292691,0.133201371336615,0.1215151159202,0.0567859192123964,0.169142047197275,0.484114105040823
2568,0.00697836836611707,0.0462024514107493,0.0773698864016857,0.0243601805848444,0.250974484008251,0.594114629228353
2569,0.0232598050171144,0.0794808293412353,0.212246244347206,0.0196552482764341,0.200001434506188,0.465356438511823
2570,0.0255895683023533,0.569682696019266,0.0968019176008113,0.0129667700100264,0.156501458715641,0.138457589351903
2571,0.107964647600085,0.0800097161622423,0.0302926220265252,0.340673070928142,0.308812157231623,0.132247786051383
2572,0.0820944948773837,0.085837734927935,0.34581813652627,0.141981693512151,0.123896028112272,0.220371912043988
2573,0.0843480990104433,0.32502176182929,0.0940739050625264,0.0376020070435824,0.270612244452568,0.18834198260159
2574,0.030195641098436,0.0536084411896691,0.0302421617848167,0.421683486082456,0.384924563432944,0.0793457064116781
2575,0.0231758038845325,0.0349671801154023,0.016660342141477,0.163078586256235,0.647207700456597,0.114910387145756
2576,0.28526610339903,0.310615065583707,0.134166684451256,0.0781670094630358,0.101998147141232,0.0897869899617388
2577,0.0479398169641001,0.216821391571753,0.263214201194699,0.0311713199965492,0.194121260222998,0.246732010049901
2578,0.00163219519554629,0.00814899192820372,0.0403991020190423,0.00941810889949043,0.070622500184018,0.869779101773699
2579,0.250869320052196,0.208314670577669,0.320789415276885,0.0432378843899152,0.0942055181242283,0.082583191579107
2580,0.0683255208009287,0.28001300583497,0.175686645288975,0.0292898529854419,0.220857730239463,0.225827244850222
2581,0.00905294548516154,0.0399024954253303,0.0790153391737472,0.101516416683742,0.497776430768073,0.272736372463946
2582,0.109553615008759,0.530379002270328,0.0679341905210916,0.0338818065631053,0.200648831315717,0.0576025543209999
2583,0.0506824185277914,0.580508465890231,0.167152716850605,0.0173946513822036,0.107096796009949,0.0771649513392205
2584,0.270138650258993,0.600492452342396,0.0313114367250678,0.0123653882826194,0.06721292180686,0.0184791505840644
2585,0.0198116606055161,0.065264734366408,0.0675851541212313,0.0665886419929295,0.474372040977378,0.306377767936537
2586,0.0437206092712446,0.295793495138174,0.142728852184617,0.0421234098154322,0.212307664476238,0.263325969114294
2587,0.197182686295496,0.0751214624329307,0.0571935463997011,0.319784329482667,0.247558447265783,0.103159528123422
2588,0.0519716342133367,0.0368577610203003,0.0237018706578923,0.219030618383073,0.543573201267936,0.124864914457462
2589,0.0396239908309289,0.0791971534955991,0.043964690319799,0.146976148070608,0.585369975172597,0.104868042110468
2590,0.0103037646754611,0.0573700777105024,0.125522492299762,0.0603137480056801,0.190884025005516,0.555605892303079
2591,0.0939341441812877,0.102550317395203,0.268239597839634,0.0463186814004527,0.0837521958814878,0.405205063301934
2592,0.0198594768023219,0.0563305611314305,0.0248453294138555,0.168891417926224,0.564846170131855,0.165227044594313
2593,0.18237686043293,0.21753226910789,0.0779527171648073,0.190143685664276,0.236054610234215,0.0959398573958807
2594,0.0273556737303081,0.0564506625787562,0.0564089211318071,0.0280806290931998,0.437437048335447,0.394267065130482
2595,0.104486070292879,0.116711933148076,0.20458004474272,0.195938143478626,0.158783633686027,0.219500174651672
2596,0.7726086012109,0.0673393165020988,0.013040761133373,0.110336556112973,0.0311635182779361,0.00551124676271962
2597,0.00700166195862752,0.0356985568248483,0.157413575401854,0.0231327571089695,0.183925335187984,0.592828113517717
2598,0.0141596473972537,0.101952241150942,0.127845374225582,0.0151857377616565,0.155093067685157,0.585763931779409
2599,0.21368095812285,0.226140274562122,0.109260969128416,0.168757709019362,0.185796541414043,0.0963635477532068
2600,0.0144040778058777,0.0602588039342308,0.0751082393154571,0.0456011217735837,0.728960512789743,0.0756672443811075
2601,0.0337651525976385,0.0786947425188763,0.211744499428369,0.0396232813956662,0.135880820611045,0.500291503448404
2602,0.0185782399343993,0.0799855681676792,0.102221082055228,0.0383528598005155,0.216221741179169,0.54464050886301
2603,0.0426548527201104,0.549671014404705,0.0434447542488743,0.0252216258845014,0.278361155978622,0.0606465967631878
2604,0.0426872395042182,0.169783871215299,0.299967860707561,0.110868092470281,0.112932839256029,0.263760096846612
2605,0.00382611597502019,0.0810333427551122,0.269314609978677,0.0216461182238099,0.216431169061693,0.407748644005688
2606,0.0344753820845009,0.083678613482529,0.111586630479053,0.0362723958174897,0.243873629512344,0.490113348624084
2607,0.00618117178120292,0.0202940965212368,0.0642285566402267,0.0210526120716303,0.112156106528635,0.776087456457069
2608,0.185003822191797,0.179825217016599,0.0892555483960678,0.152413837459617,0.233896624045599,0.15960495089032
2609,0.0184419127800894,0.0526043840729043,0.0533728059042528,0.0945683580724432,0.405516480891824,0.375496058278486
2610,0.097872761742136,0.190961935912545,0.0536870535577563,0.167419448900885,0.318211101718433,0.171847698168244
2611,0.0201498115969586,0.0699921433965354,0.196840240882937,0.0372799266061095,0.0859258821088729,0.589811995408586
2612,0.0590052351965696,0.254243552352098,0.12952758923687,0.0381196823626154,0.1731673780735,0.345936562778347
2613,0.43596027306535,0.348468223610224,0.0620993731245675,0.0628754474631969,0.0719909669282707,0.018605715808391
2614,0.145085000583356,0.0995096856330974,0.072761477447998,0.161639978104853,0.265724814943314,0.255279043287381
2615,0.424247324152848,0.244937381654137,0.16637883716336,0.0547075256193421,0.0683191535595492,0.0414097778507631
2616,0.00908978548474491,0.0563643206218641,0.068560126457007,0.0391580161185254,0.478271408884029,0.348556342433829
2617,0.156674207309866,0.313576445847153,0.279927462838349,0.0428140499572593,0.122205198231628,0.084802635815745
2618,0.0590576233944777,0.0790852524550857,0.0936774651134721,0.0644963456650734,0.457136846214416,0.246546467157476
2619,0.0320899967060016,0.0420186126156589,0.0183156685277304,0.0878363700559822,0.679138975543897,0.14060037655073
2620,0.0115705983979317,0.0993778511325109,0.206504628533134,0.0257159460068697,0.328991135155964,0.32783984077359
2621,0.0293167218693706,0.0803203329459314,0.0416254380059604,0.119478836128519,0.619872222134951,0.109386448915268
2622,0.00292001373141514,0.0136567149830959,0.0295316301916548,0.0121526262662156,0.148095698538791,0.793643316288827
2623,0.218823916575822,0.211997640152459,0.0476964088247652,0.0795495589884243,0.370569828679237,0.0713626467792928
2624,0.023213831217991,0.0434518355988186,0.101128408666014,0.058356557797777,0.186944511891183,0.586904854828216
2625,0.0775477502992825,0.202846495183883,0.516479378873169,0.0307651012861537,0.0842574479114396,0.088103826446072
2626,0.00715762972345293,0.0284988428994336,0.0663606090943182,0.0247547310169531,0.195275533331009,0.677952653934833
2627,0.0622697798506423,0.145653400676478,0.33987853200519,0.0296179797379474,0.166631998760007,0.255948308969736
2628,0.101815799848988,0.120662919270187,0.0830225441400775,0.321566657665166,0.298437098708512,0.0744949803670696
2629,0.0333932107757947,0.212949130646702,0.0652643949340491,0.0393163702007641,0.410676754474513,0.238400138968178
2630,0.137444423697224,0.132744432302519,0.142298870468634,0.0900560332464766,0.223885668238668,0.273570572046479
2631,0.0183873338763561,0.182247794330716,0.20583179465817,0.0278801849916028,0.315321304704464,0.250331587438691
2632,0.005289026000775,0.0209615124242422,0.0651017114847322,0.0202541921891908,0.144372917350205,0.744020640550855
2633,0.136416559087887,0.358895773158547,0.0612892744263664,0.0937562299043023,0.266751925659827,0.0828902377630713
2634,0.0412866512295295,0.0758636713661618,0.256662583084177,0.0703457421999377,0.164213245143685,0.391628106976508
2635,0.0209306177280467,0.0661484490864185,0.052640883914647,0.0326845833761818,0.658616125973036,0.16897933992167
2636,0.0256564363237388,0.0710739119791466,0.149689869725811,0.0413719500406739,0.304652277205506,0.407555554725123
2637,0.0171163118006728,0.0857548048468101,0.0268535463594449,0.0249073922414894,0.680845812816894,0.164522131934688
2638,0.0713769518075384,0.0479446477507054,0.0830745525040575,0.290638362635042,0.186259395676466,0.320706089626191
2639,0.0938003617653201,0.0775313797614215,0.0476570403257013,0.396062174734142,0.297662479559761,0.0872865638536541
2640,0.0146268972799838,0.0340631653435842,0.0603733666500916,0.0251644718742911,0.133295089992744,0.732477008859305
2641,0.156420835595513,0.20046317513375,0.147575271912677,0.135166598160368,0.201374753741297,0.158999365456394
2642,0.0182259516115083,0.0906153293704676,0.123452391297284,0.0319492795926211,0.244313698022545,0.491443350105574
2643,0.355433745765577,0.368426921342786,0.0300589476782987,0.124118914743135,0.0956220394002489,0.0263394310699549
2644,0.00627882229826027,0.115162565854584,0.0425009050915192,0.0134824629634628,0.24615676119119,0.576418482600984
2645,0.0185026297826541,0.0690251264074787,0.039320512428979,0.050944301517581,0.286341057340009,0.535866372523298
2646,0.00354310554106263,0.0174525480367309,0.0865222531794192,0.0153403696403349,0.0526373506708654,0.824504372931587
2647,0.0706794278377468,0.10744767883707,0.12304117292916,0.126334195410284,0.255493408628244,0.317004116357494
2648,0.168007282485152,0.253385860087453,0.420709792794959,0.0225924507969516,0.0472862318645307,0.088018381970953
2649,0.0386978337540743,0.0556375623608699,0.101330726036404,0.0523176817684999,0.259750019972013,0.492266176108139
2650,0.0538004046128346,0.0448888845529761,0.219645557835844,0.0477562431303494,0.103594313744646,0.53031459612335
2651,0.0239108889173365,0.0881631452562435,0.0421204999820356,0.049816092434714,0.565023898097346,0.230965475312324
2652,0.0155768888158869,0.170336076819926,0.0500098597094964,0.0358258272220053,0.467945649688675,0.26030569774401
2653,0.290178976751239,0.229624303383964,0.131365151787174,0.0589252710654044,0.186664923800343,0.103241373211875
2654,0.00457096296035068,0.0401928344202618,0.0816227333843498,0.0437684565119668,0.163049994712708,0.666795018010363
2655,0.376196208436999,0.237632558896927,0.0724670183752355,0.116274511238763,0.156658433983859,0.0407712690682159
2656,0.0105751565597875,0.0653712320581032,0.0573155428472946,0.0285651364206101,0.441819328414698,0.396353603699506
2657,0.014175754075418,0.037292649816125,0.179205201738916,0.0260708017039212,0.112715374641846,0.630540218023774
2658,0.186124996834792,0.178081775040779,0.153176261900151,0.267367789348818,0.113854796252143,0.101394380623318
2659,0.15157023958194,0.0827781164940651,0.102452236411537,0.503345342280872,0.0834460966770268,0.0764079685545599
2660,0.00920038391513005,0.0341052651665739,0.0438588657662418,0.0344487994298458,0.263029712633636,0.615356973088572
2661,0.00433108772275593,0.0220553622273599,0.092402043484823,0.0211545643213116,0.0927345447371662,0.767322397506583
2662,0.0053364948028507,0.0467966038256264,0.099480326836554,0.0107888765199531,0.129100087535726,0.708497610479289
2663,0.0058815625605604,0.0308358373948675,0.0485973635089758,0.0313548696251568,0.409032347694698,0.474298019215741
2664,0.037972595828301,0.0941543745456797,0.0330836861468909,0.100168451832914,0.574628105445553,0.159992786200661
2665,0.236033277210747,0.268833864207592,0.107657629704338,0.0686828981956162,0.195559377811376,0.123232952870329
2666,0.00417144315198114,0.0126909374129524,0.105413436142372,0.0113916612082384,0.0264175387325523,0.839914983351904
2667,0.0655556663076299,0.132344487503476,0.420133770615053,0.0762776766618121,0.193395344103829,0.1122930548082
2668,0.0122273277050283,0.0666958831822048,0.41747362280774,0.0191060903439327,0.119829221993883,0.364667853967211
2669,0.0459489231755097,0.189164707234523,0.122038311054931,0.0295760400457512,0.240034730413925,0.37323728807536
2670,0.00926007073981895,0.0537073721924287,0.144447907761224,0.0230101408353574,0.20462252762588,0.564951980845291
2671,0.0328223262973645,0.0824172855271995,0.036630632161485,0.0954243809342226,0.372961096858815,0.379744278220914
2672,0.00524901781151282,0.051597065162966,0.134513158967517,0.0156791481552969,0.18015290373349,0.612808706169217
2673,0.320948257875857,0.313180782091254,0.0553725454191082,0.116905092878594,0.154611554894335,0.0389817668408524
2674,0.0263821904088831,0.0460350008525518,0.0672981316041558,0.256880515673247,0.380321621460907,0.223082540000256
2675,0.518308491089372,0.194921868894308,0.0229259828130109,0.176053825039244,0.0726600202102896,0.0151298119537757
2676,0.0259315655352356,0.0405468416091323,0.0608666100941477,0.131827390874037,0.436674475141287,0.30415311674616
2677,0.0935029317070793,0.176886957627187,0.374757696338295,0.0530257145142075,0.19064726923958,0.111179430573651
2678,0.0458853354665852,0.166653978570424,0.181859578019675,0.052208919266592,0.324885941678534,0.22850624699819
2679,0.00328578977899396,0.0195004414140476,0.0476409423749531,0.0253994076960639,0.321441962825579,0.582731455910363
2680,0.0678155770660207,0.108297707815052,0.332252211590185,0.170066580182078,0.141084301440197,0.180483621906467
2681,0.0372508556139767,0.157330281717082,0.106723918388547,0.0639811026195864,0.358886962183114,0.275826879477695
2682,0.0140388182688076,0.0371421046336403,0.13007342884582,0.141158707164494,0.206964973959005,0.470621967128234
2683,0.468594778501123,0.271966168879715,0.0386324573156818,0.116933017420487,0.0894284584737317,0.0144451194092616
2684,0.01047790627297,0.0421419568918784,0.0466281405252732,0.073852144458245,0.45871811145055,0.368181740401083
2685,0.131107880213884,0.0806906462422136,0.144607623516029,0.0362506421731562,0.0759528480262739,0.531390359828443
2686,0.012947883635993,0.140074957366908,0.153040576401256,0.0330348118340873,0.207982054200095,0.452919716561661
2687,0.33819594555642,0.196099660718896,0.0891962858511234,0.173777835033567,0.169772070616962,0.0329582022230319
2688,0.0371377654088191,0.169636710661326,0.0737177535149844,0.222060275370629,0.359515973599158,0.137931521445084
2689,0.172406396392175,0.585772643795046,0.0340284886893722,0.045148701055643,0.135701545835471,0.0269422242322924
2690,0.0120280503565224,0.0273573972612638,0.0376177145965893,0.215559406043343,0.442176531153644,0.265260900588637
2691,0.0396800688767034,0.228027295212588,0.0762303105392783,0.0484840053128553,0.366534825788865,0.24104349426971
2692,0.0560910061168554,0.0941806102440796,0.235953954257927,0.0725833636639785,0.211737937157758,0.329453128559402
2693,0.0324458073058217,0.0676724207895462,0.220205605264813,0.0476458490578808,0.142381445975461,0.489648871606477
2694,0.00853992589869904,0.0283844269270433,0.067770176003734,0.0423843719362278,0.198886159353573,0.654034939880723
2695,0.577692261229192,0.172725874858542,0.0511179845328737,0.106994725405816,0.0689108522934028,0.0225583016801727
2696,0.0192307060503942,0.0840217801915914,0.284087426735001,0.028731241117328,0.124860085307656,0.459068760598029
2697,0.0413146356504684,0.151606295952966,0.268967196843581,0.038607811798997,0.168280530762302,0.331223528991685
2698,0.0117657880591178,0.0477872700305532,0.191969854206857,0.042822460726796,0.258807122303328,0.446847504673348
2699,0.0150715392066829,0.131545925099635,0.354297848162853,0.0135442185598777,0.0779495172021459,0.407590951768806
2700,0.00194507194363921,0.0348376173891715,0.0255363530291376,0.00678789560468702,0.359382312974878,0.571510749058486
2701,0.0186869172474517,0.0448538554603004,0.092128699122479,0.106689080309952,0.295740161919512,0.441901285940306
2702,0.414565476449615,0.183549198662073,0.185438689677418,0.0736273121333885,0.0814466518503076,0.061372671227197
2703,0.0884560332530302,0.0787031628615021,0.148759761711831,0.10288990535343,0.264942949082253,0.316248187737954
2704,0.0320621883458772,0.192689066816686,0.511356974839368,0.0411834804980152,0.106079283852488,0.116629005647565
2705,0.0175442419342525,0.158800043511804,0.383778962257453,0.0197579756958142,0.14728686152313,0.272831915077547
2706,0.0140241346477011,0.0835265207830432,0.169478790597379,0.143710752115639,0.180520172774811,0.408739629081426
2707,0.0133262488716158,0.0361214155334557,0.0281323682568372,0.065480060351051,0.609092861287485,0.247847045699555
2708,0.369470033084292,0.368344996214016,0.0593876749288549,0.0625093435210454,0.111851265441433,0.0284366868103594
2709,0.0704295104345397,0.145777559869752,0.305563862456547,0.0517787699847905,0.109691931597931,0.31675836565644
2710,0.0736151432405041,0.0739531739222462,0.232136232595515,0.0656310958124934,0.123535300603045,0.431129053826196
2711,0.029591938801644,0.0784657483373922,0.167171627662474,0.0473403288238497,0.286003280835419,0.391427075539221
2712,0.136775461186857,0.0909304115287408,0.0915101507983988,0.22444593370735,0.303279682365991,0.153058360412663
2713,0.149284231490354,0.226201569746522,0.235457478797226,0.0521183570736993,0.122125061469162,0.214813301423036
2714,0.0040248389839409,0.0554445788020152,0.108750374588908,0.0161734320741228,0.171142459906629,0.644464315644384
2715,0.0334094233351825,0.109850021323421,0.371797960993798,0.0417646629363311,0.253483311371706,0.189694620039561
2716,0.0301459054782459,0.0688326721682181,0.0989198316725976,0.0722073612190219,0.378030070615044,0.351864158846872
2717,0.010601639731096,0.0426922867730472,0.0369911786665589,0.0331703041611762,0.280671528100745,0.595873062567376
2718,0.0182224849208154,0.0517660555059027,0.256213601745419,0.0610669089035866,0.173025715924182,0.439705233000094
2719,0.0303427263735557,0.118253210661357,0.198157298414853,0.0502749600410808,0.357803598760207,0.245168205748946
2720,0.102576016968935,0.10613986656104,0.279116253676669,0.0956633242901344,0.213922902862374,0.202581635640848
2721,0.0173790871110555,0.0560181350630442,0.0899293774651172,0.0417632602958482,0.327645368363385,0.46726477170155
2722,0.276168084004108,0.489470228911154,0.124477503206317,0.015570697669917,0.0685524132573925,0.0257610729511125
2723,0.0483505468529024,0.131155539188495,0.122193990253659,0.0591759330210001,0.206709059304245,0.432414931379699
2724,0.667372163801413,0.089277121270602,0.0634583288637487,0.107096714538014,0.0496378825101248,0.0231577890160971
2725,0.241762972631324,0.296828562808594,0.0753062077020748,0.198233995960103,0.129012677463983,0.0588555834339221
2726,0.0517743927912398,0.0786687291320485,0.0406949720838597,0.152250809316614,0.624037954383575,0.0525731422926635
2727,0.00520583706744317,0.0382733117019351,0.074024603098616,0.0323268040893969,0.327887817430219,0.52228162661239
2728,0.016935083492064,0.0368081557164284,0.122475257101145,0.0427666510624023,0.113137630596123,0.667877222031837
2729,0.150615540530376,0.224699298769938,0.0939506899591308,0.104359142211134,0.284335914277926,0.142039414251495
2730,0.0132733013806907,0.0310502128509538,0.0839152367937333,0.0570699869784322,0.431115692493471,0.383575569502719
2731,0.167512168465524,0.14954076876813,0.0640961341022074,0.183154425563852,0.331126598272554,0.104569904827732
2732,0.024705856727466,0.0749265371053052,0.280823028131466,0.0295631049945754,0.103241360051583,0.486740112989604
2733,0.0586754704852397,0.125711478345462,0.120777952992035,0.196510512004886,0.405005514499554,0.0933190716728241
2734,0.0333139679229019,0.6486277585593,0.0487902845924884,0.0134893738268291,0.161715396544179,0.0940632185543022
2735,0.0434901402541881,0.445288753374133,0.138759094329475,0.0274425875330476,0.148089013250928,0.196930411258229
2736,0.0368846926377865,0.0833294425633053,0.049078090657671,0.379574103425929,0.34656728325537,0.104566387459938
2737,0.170696864991568,0.118765266756893,0.26140770828033,0.0971109375867152,0.182028695599164,0.169990526785329
2738,0.0269370850859445,0.112122818579394,0.128055080685721,0.061061628556864,0.190574642291926,0.481248744800151
2739,0.119912267341888,0.246885995377863,0.252205801671092,0.0417610693935999,0.246003221313128,0.0932316449024281
2740,0.232981001008552,0.351087220305614,0.059784307050866,0.0966167981031483,0.120516548156583,0.139014125375237
2741,0.0579002035612546,0.298323809956161,0.105011656722066,0.0348213418809048,0.350476674660951,0.153466313218663
2742,0.0579369849711174,0.0623425906583346,0.0407531019164541,0.193145870626524,0.491537389642043,0.154284062185527
2743,0.177732551301566,0.22562852685503,0.107941273693517,0.116370126394586,0.219243252706591,0.153084269048709
2744,0.0258804751009838,0.0760714691248849,0.045062475273599,0.124855072536621,0.624499243487926,0.103631264475986
2745,0.00599485359625371,0.0697945320823925,0.290084685810761,0.0637428530666185,0.303698702950394,0.26668437249358
2746,0.0146180807789897,0.0726659448623199,0.1009004376205,0.0315926745215642,0.314246723039919,0.465976139176707
2747,0.0191288814687591,0.0340256791480158,0.0141688254411036,0.0899394181708581,0.638037391852535,0.204699803918729
2748,0.00734813556616717,0.0475032270062016,0.0597980794437212,0.0362766091803989,0.612369940773261,0.236704008030251
2749,0.219853446194719,0.0939644424124653,0.0583901797568207,0.327967126214917,0.223023617997439,0.0768011874236383
2750,0.011302948830384,0.0640217470814338,0.37226687205604,0.0286585089140334,0.121372253310296,0.402377669807813
2751,0.219835048024166,0.186564614303711,0.0614010704138784,0.109076414530411,0.36555461834405,0.0575682343837838
2752,0.0393402306720571,0.151493457616367,0.184240182199934,0.0815521863971867,0.181244035975599,0.362129907138856
2753,0.0599318217416213,0.0651634127082457,0.0180038041655551,0.369386973326589,0.435391361760126,0.0521226262978623
2754,0.0113674461727094,0.224740905226478,0.0851108938676097,0.0154045472891408,0.435184012009849,0.228192195434213
2755,0.00251655381443421,0.0095850657260192,0.0484124588009885,0.0118229167883279,0.215358128423757,0.712304876446473
2756,0.00675004200851798,0.0160042417460308,0.0681795269684471,0.0131852871793787,0.0341906888474451,0.86169021325018
2757,0.00941340318733065,0.122837520068358,0.0246377451882214,0.0316545392077748,0.554769530247591,0.256687262100724
2758,0.0831930319557213,0.262046380684679,0.18880550873337,0.0285100041889535,0.291443787952444,0.146001286484832
2759,0.020689850689253,0.19956364809234,0.0995154415338399,0.0180417604007909,0.294394564519928,0.367794734763848
2760,0.372294216184502,0.0751518529318266,0.0292048161259134,0.464800598154444,0.0485848097895095,0.00996370681380413
2761,0.175690548890292,0.13828780149273,0.0744660125480467,0.289558049434145,0.212925095620926,0.109072492013861
2762,0.005936485657888,0.123517481861464,0.111089419402697,0.0161100316529152,0.414866851163647,0.328479730261389
2763,0.047797234162696,0.173912115666125,0.29833328575007,0.0568339891532843,0.226238096557137,0.196885278710688
2764,0.0105698757124554,0.0228351753741701,0.148124109689945,0.0196413214220403,0.098025069362755,0.700804448438634
2765,0.0238065298585266,0.155603954905392,0.211600758796183,0.0310191493957292,0.188268166347171,0.389701440696998
2766,0.0316480565576086,0.13101835059346,0.0958460815441249,0.054038077205549,0.397845251267191,0.289604182832066
2767,0.0274417562526331,0.0623416965566957,0.0797012286294072,0.339962857250886,0.264230983425005,0.226321477885372
2768,0.0453616058848517,0.271583629703044,0.362942089245442,0.0207771442195191,0.106185470321424,0.193150060625718
2769,0.0438512782413239,0.272555668026416,0.11375637680207,0.0777438764806515,0.335364961107256,0.156727839342282
2770,0.00222785236420714,0.0339493164145158,0.159275233679599,0.0197682950096019,0.162073979863605,0.622705322668471
2771,0.0279760964324335,0.140910152866446,0.472598175707724,0.0348696821288654,0.134145579415902,0.189500313448629
2772,0.0519746047585117,0.0717002806050021,0.0910103239065253,0.16990115481436,0.454786109935404,0.160627525980198
2773,0.0558503833124331,0.28705051889423,0.111659943175689,0.0324399277901182,0.376872957720043,0.136126269107487
2774,0.111679485489615,0.381600006163907,0.092706728473085,0.048387601712327,0.259268011915413,0.106358166245653
2775,0.00183697016657104,0.0131298934471815,0.078406027809444,0.00651407364172621,0.0904581603126406,0.809654874622437
2776,0.00909121523027027,0.0309054941178701,0.0540787210717921,0.044548246461658,0.279330221618495,0.582046101499914
2777,0.00137270447435977,0.0120237476289804,0.0674567825898086,0.00970327068205745,0.0591384675796957,0.850305027045098
2778,0.0760360999142046,0.146642651531798,0.137330755862364,0.0890063770337085,0.173679702752876,0.37730441290505
2779,0.0393004654478822,0.0636840804716311,0.347040613288844,0.119430571274341,0.147978914877585,0.282565354639716
2780,0.0490312008438603,0.230297675921831,0.263823683603302,0.0446925462908397,0.133105671499578,0.279049221840589
2781,0.0131642073522215,0.0336115925780471,0.0480299283989766,0.111916596894669,0.531871521744916,0.26140615303117
2782,0.00709044150847419,0.0347009655635163,0.201314812243467,0.0194809284516163,0.109303436476143,0.628109415756783
2783,0.309168319142773,0.393255132595742,0.114765099696627,0.0610804417353952,0.0876949865540475,0.0340360202754154
2784,0.0624389704195062,0.281366302114752,0.0539399186611839,0.113668963396535,0.415349913919223,0.0732359314888007
2785,0.00208229686284787,0.0150147178430225,0.0454429413660396,0.0257549564537812,0.248043003578102,0.663662083896207
2786,0.0140741008027054,0.0676314751234991,0.0557676554563841,0.056172467718178,0.412705983143682,0.393648317755551
2787,0.00479037440074081,0.0344742716006953,0.0829960758929743,0.0207786946720783,0.247320299234928,0.609640284198584
2788,0.0142311733778193,0.0541306051798971,0.116111602900425,0.0291378194776421,0.139034110491498,0.647354688572718
2789,0.0648584794454067,0.0665693711008548,0.285575890407759,0.0781854190363715,0.214074692650925,0.290736147358682
2790,0.0572715311550932,0.132078343701265,0.053368527477192,0.100766643664717,0.441965430505837,0.214549523495896
2791,0.173461539003565,0.0596362788539281,0.0341301166328691,0.564006298278464,0.118473566875962,0.0502922003552119
2792,0.569074208411977,0.249640411368605,0.0283980703358136,0.0548794078898933,0.0769074416151774,0.0211004603785336
2793,0.00719946994780325,0.0630475642764686,0.0407969585805891,0.022797511354891,0.502592889444822,0.363565606395426
2794,0.49137154535763,0.217931547322731,0.059961171648485,0.100814298497755,0.101317053635692,0.0286043835377059
2795,0.377726109050925,0.101999813857523,0.0429600370352744,0.37246304799762,0.087043533864119,0.017807458194539
2796,0.00318192772621171,0.0235614271866737,0.108774874296371,0.0188325716285901,0.100762393670133,0.744886805492021
2797,0.0330313904995924,0.0513720029774972,0.0734524949856214,0.105903063094578,0.173255449469637,0.562985598973074
2798,0.00847645672318619,0.130733797512656,0.192605949879486,0.0140375441034739,0.300728185231381,0.353418066549817
2799,0.101465271454105,0.171185098654464,0.337397946856832,0.0327896507344424,0.153501174611985,0.203660857688171
2800,0.00604590972526593,0.028221969412864,0.0473218678170385,0.0423732272621806,0.252896073229917,0.623140952552733
2801,0.0111568673290417,0.040607808970326,0.0266323212138483,0.0316225736678168,0.484651098347862,0.405329330471106
2802,0.0215874877464102,0.0846893157680195,0.0579103651811077,0.0854901881752437,0.379159080195865,0.371163562933354
2803,0.0694072631654263,0.519496028326618,0.0922618963564313,0.0201619287850873,0.1944224139947,0.104250469371737
2804,0.0138833049885976,0.0703378886668914,0.116429493719667,0.0494518808903475,0.425157529440537,0.32473990229396
2805,0.227513759917604,0.187247832109479,0.28859169128016,0.0841480762658316,0.13369368542731,0.078804954999615
2806,0.149402134793192,0.09344739619817,0.0681009252175107,0.249214523389297,0.222022395342783,0.217812625059047
2807,0.067325975301227,0.176294646010828,0.171117351745614,0.0802001734460467,0.213871618766452,0.291190234729831
2808,0.00887600943914182,0.0478883191908873,0.0602222797668522,0.0279066493948917,0.316416944688292,0.538689797519935
2809,0.0386229683233182,0.0796206278876216,0.277559414093638,0.047596126474003,0.103035051784594,0.453565811436825
2810,0.00919216008097769,0.0462271234567718,0.0678416413091519,0.0850773134328142,0.465103385249568,0.326558376470716
2811,0.00941463010704879,0.148181592344425,0.212242627667846,0.0379883707708977,0.296286564775456,0.295886214334327
2812,0.376452128091807,0.27467877694913,0.138305937140057,0.0890865697765698,0.0826442630510976,0.0388323249913384
2813,0.063604544954707,0.113619345742095,0.153345377384803,0.127796408408648,0.28932323242571,0.252311091084036
2814,0.0201052234287697,0.206230792091029,0.229759243138454,0.0394978560584978,0.228362246464212,0.276044638819037
2815,0.0382243932702269,0.0943285228216641,0.147776553717923,0.0685152264080585,0.174087906505175,0.477067397276953
2816,0.213865306010912,0.162358350588162,0.302083508701433,0.0811534280496589,0.164287158779369,0.0762522478704658
2817,0.0809974824946333,0.301315044529664,0.120115592403801,0.0576275597115767,0.309034449536171,0.130909871324155
2818,0.275472228024073,0.276989548409231,0.178979505060183,0.054798763146128,0.133160316615796,0.0805996387445888
2819,0.481627102369224,0.325539302468172,0.0540291871640755,0.0473120794185827,0.0720512741316401,0.0194410544483056
2820,0.322668506839948,0.195327327505704,0.351233747934562,0.0400336541432555,0.0561459813668291,0.0345907822097008
2821,0.00299772933065864,0.0313442147290119,0.0203730931924966,0.00839932004780029,0.474793763200039,0.462091879499994
2822,0.176437786823888,0.177533090651905,0.182281914860744,0.0616301981289607,0.284929797231224,0.117187212303278
2823,0.0564758335910823,0.102079476458284,0.112806519095246,0.0904361742098942,0.240000764512373,0.398201232133121
2824,0.035517407872371,0.135260040225306,0.184647494978224,0.0448498626391225,0.287106699758299,0.312618494526677
2825,0.00338988704455277,0.0274530920332088,0.168066536839317,0.0114746563865451,0.0291397255859276,0.760476102110449
2826,0.0231973806816145,0.182183425562828,0.0463098184427222,0.0316700843757042,0.497595526393293,0.219043764543838
2827,0.100843380685119,0.387234918764674,0.131344487109962,0.0349838623875981,0.195495546611628,0.15009780444102
2828,0.0177078539085932,0.138960631728991,0.143530087199763,0.0423652859134813,0.437345767839016,0.220090373410155
2829,0.0307611514893252,0.039944988453224,0.0319210628808302,0.162264656083798,0.588218983113086,0.146889157979737
2830,0.00312157847623461,0.0291212608648207,0.106821762416848,0.0199223600282413,0.161632730378648,0.679380307835208
2831,0.330127066576498,0.417336079191457,0.0903109376845159,0.0495977276201753,0.0733560903268519,0.0392720986005014
2832,0.0298397455888275,0.224095582332715,0.237007787765431,0.0237121970958469,0.278720540241415,0.206624146975765
2833,0.132580450973422,0.126042083459247,0.0937800851652845,0.190830335877463,0.251624584751917,0.205142459772667
2834,0.0159139443916676,0.0645638062522783,0.0888200097751707,0.0296898778003911,0.275168555548819,0.525843806231674
2835,0.255919208454085,0.209223489945,0.0374141623104148,0.181982691782378,0.246666307236792,0.0687941402713298
2836,0.0129070043500752,0.0308736723442612,0.0442856695895217,0.047879967584777,0.269816630825883,0.594237055305482
2837,0.0564632479035434,0.223747805499881,0.318159753949432,0.0510888648750305,0.180244490809963,0.170295836962151
2838,0.143840042509526,0.219734056133355,0.244171937359781,0.0766041201512714,0.11148489032672,0.204164953519347
2839,0.14357482970113,0.171073629923515,0.138724578103488,0.090357328285257,0.26673074718687,0.18953888679974
2840,0.12529242196735,0.0873543188670997,0.167780500929949,0.187168923890095,0.18052267323662,0.251881161108886
2841,0.445800704375197,0.113562849502243,0.0567535627944047,0.178667442926898,0.154799393640868,0.0504160467603905
2842,0.00557942224185021,0.0272185072851895,0.0215901340081755,0.0357733206245491,0.570227793972147,0.339610821868089
2843,0.113549084167731,0.107957129941167,0.130130397004682,0.0718828002054554,0.329460431079113,0.247020157601852
2844,0.0227520431997078,0.0833029120969111,0.609107946403508,0.0168597111997504,0.0728152776682186,0.195162109431904
2845,0.193588494343724,0.33418716549732,0.168055496755724,0.171008875134076,0.105435681976598,0.0277242862925584
2846,0.00966692399725139,0.0434522726160083,0.0439735556275903,0.0492296883071384,0.429410651365086,0.424266908086925
