"CUS_ID","F20-","F30","F30+","M20-","M30","M30+"
2501,0.0666526222963373,0.585902008885275,0.0958974685332155,0.0244045939908315,0.13239415231461,0.09474915397973
2502,0.0867244904995459,0.158256951644365,0.123980379848384,0.0789261688660401,0.3381698058622,0.213942203279465
2503,0.0500221340650228,0.307600622802694,0.051408695305065,0.0606077088295897,0.375910865081326,0.154449973916302
2504,0.277716060297334,0.162889109068943,0.103679988797943,0.181434557766646,0.130234062035084,0.14404622203405
2505,0.0516483440727894,0.15814282861745,0.128132006817954,0.0727890570684075,0.196119833048687,0.393167930374712
2506,0.0112536028199326,0.370880260985169,0.0762184518846317,0.016173485017588,0.272979381547648,0.252494817745031
2507,0.0104286389822428,0.0320396996909123,0.0908284816078727,0.0297331598567991,0.225752800208536,0.611217219653637
2508,0.00851167127398051,0.0347765027672403,0.0292418364235644,0.0276302921903253,0.543331422380266,0.356508274964624
2509,0.0343595228330541,0.0503399140207946,0.155048984358956,0.0374701722614218,0.121840919424696,0.600940487101077
2510,0.0093279022170661,0.0447839232943321,0.0456429808889163,0.0228373449426515,0.369369221988382,0.508038626668652
2511,0.405393069084019,0.155980017455888,0.0908614360841938,0.225405434590732,0.0743631597661872,0.0479968830189807
2512,0.0465556521459928,0.188044317262239,0.0443263982922293,0.120696094061527,0.50571476700811,0.0946627712299007
2513,0.0141207809157485,0.0435243145417876,0.0693921604035747,0.0404293204765012,0.369129654033572,0.463403769628816
2514,0.0668278845223872,0.523684626387912,0.0616395060308842,0.0385643471205604,0.232350685996317,0.0769329499419386
2515,0.0139226158725999,0.0586390768282486,0.0921184956631194,0.0392193010973598,0.226362090993858,0.569738419544815
2516,0.121361851865321,0.10824373129089,0.0621577540588703,0.155680508554647,0.34149595987236,0.211060194357912
2517,0.0495419660150498,0.337836065249794,0.127611567547782,0.0276490372413744,0.202628846784663,0.254732517161337
2518,0.302365264857547,0.262975300959851,0.143287873272957,0.0663691863410821,0.114113058561039,0.110889316007524
2519,0.0633885913101914,0.816877044965555,0.0186541614778906,0.00927668235331057,0.0664646217068955,0.0253388981861568
2520,0.0305906253745575,0.0720677980804907,0.0183477271196436,0.0886702918143901,0.625443380707285,0.164880176903634
2521,0.0209775518075611,0.0505608364916365,0.258126135243858,0.0342804724227887,0.0941188723583283,0.541936131675827
2522,0.225697581266128,0.209156038639619,0.191260514938508,0.113957357014366,0.145914617957384,0.114013890183994
2523,0.0730139489936381,0.495431722623214,0.0674888220267458,0.02086303368332,0.227443202710966,0.115759269962116
2524,0.0706654263530335,0.150867079678667,0.225435694542125,0.078851420672933,0.120458401386276,0.353721977366965
2525,0.127370125159079,0.113909060869783,0.103078078053753,0.218380656827423,0.330397562598236,0.106864516491726
2526,0.100011308575672,0.162211623187261,0.0953474379962535,0.0794881190212374,0.349527403344462,0.213414107875113
2527,0.526224033236052,0.127931447758866,0.0890635928419581,0.0650310101511249,0.0950918257229689,0.0966580902890297
2528,0.0116776695080761,0.0250915243378757,0.0407577924638193,0.0573335010582283,0.205106029678268,0.660033482953733
2529,0.0514512357697047,0.100974052525173,0.26321062804364,0.0570193704392535,0.140654544321895,0.386690168900334
2530,0.00508906158508163,0.023605630007486,0.147882145437693,0.0204194750906998,0.101812284619695,0.701191403259344
2531,0.0635877215472367,0.190198018422477,0.126923169556097,0.0906183079323929,0.313875539104897,0.2147972434369
2532,0.063816820062996,0.183852578948323,0.137623862616599,0.0653186863154348,0.206064261903288,0.343323790153359
2533,0.00233670088169538,0.0113418280313285,0.0501377111674844,0.00893947229035412,0.0523963251519916,0.874847962477146
2534,0.227056054069109,0.144413226004692,0.108431995843849,0.255334372249918,0.140871905809672,0.12389244602276
2535,0.0576174928343192,0.122862480475225,0.146141162433013,0.0526460653598393,0.176908226315776,0.443824572581828
2536,0.126022476229995,0.220602849831674,0.0995472179686474,0.101124654278449,0.209469241481106,0.243233560210129
2537,0.0732442137641468,0.679218046644597,0.0753305987100711,0.0145746197309658,0.10999378900484,0.0476387321453796
2538,0.279291961403923,0.12186524301647,0.0701280864978584,0.105487823064512,0.262426169127161,0.160800716890075
2539,0.172664717466342,0.274242900429931,0.15745629702308,0.0671106586259027,0.197753157134167,0.130772269320578
2540,0.369865457130499,0.118169519317735,0.0504510537729015,0.138516057965692,0.247018781072665,0.0759791307405074
2541,0.126878754486173,0.0720445913653489,0.0333723122044132,0.396160960755852,0.311475637900041,0.0600677432881724
2542,0.101002522942542,0.329902664159411,0.0533864822098472,0.0422025814970535,0.407023622876667,0.0664821263144796
2543,0.0150746538082202,0.0273014780279639,0.0746436526730591,0.0138396933811951,0.269353774734762,0.5997867473748
2544,0.139409600645061,0.130591926857156,0.130205854078645,0.242559633857963,0.116875950899598,0.240357033661577
2545,0.0308526295600788,0.251426922723038,0.069203852466248,0.0252479128671148,0.388373705837166,0.234894976546355
2546,0.0613928037816703,0.0630394025279874,0.0383094249204531,0.265416106945718,0.484643297653089,0.0871989641710816
2547,0.0765289353272721,0.163995171769118,0.289247306750272,0.0479624583873934,0.160620909357237,0.261645218408707
2548,0.0715803851126212,0.0640742715954048,0.0735572999690737,0.263454739784701,0.421067732351674,0.106265571186526
2549,0.00992520263002104,0.0485294840958339,0.0386129831513118,0.0468706832884535,0.347834984930331,0.508226661904049
2550,0.0194459523750229,0.029869041947645,0.0218443384398534,0.237454421230142,0.522693173543728,0.168693072463609
2551,0.172874160343386,0.209167544462346,0.0806181780479971,0.200589002825047,0.17908606784193,0.157665046479294
2552,0.0887527778486877,0.351088239229456,0.152820612573926,0.0393241231823288,0.200907298176198,0.167106948989404
2553,0.467086146708613,0.158966011455761,0.0705847432297751,0.140052920596747,0.135576967245092,0.0277332107640113
2554,0.0872024857807088,0.165394038861263,0.0696694498873716,0.119404201926389,0.429332437646346,0.128997385897922
2555,0.0134441599222888,0.106551621043291,0.0544809458730395,0.0296241953906417,0.611096625505269,0.18480245226547
2556,0.0555676561553895,0.230249835727484,0.365007586385173,0.0465342742416594,0.172193531081897,0.130447116408397
2557,0.282677495198043,0.245683840137455,0.329902483332536,0.0501424685105787,0.0592206779899397,0.0323730348314471
2558,0.0273317394487781,0.0682210885895954,0.730920301549976,0.0368813168005452,0.06573937478849,0.070906178822615
2559,0.0921355601060111,0.404421277472592,0.12838671103381,0.036776098471201,0.130572225365569,0.207708127550817
2560,0.0129215495942953,0.103502079214371,0.0678081134043205,0.024916146380781,0.223323416051756,0.567528695354476
2561,0.0169519192900443,0.075189947249849,0.18258959952319,0.0192632107982209,0.181596523384036,0.52440879975466
2562,0.258771402495352,0.343428207502688,0.0425912404314035,0.0667149485577868,0.2558992611469,0.0325949398658697
2563,0.250836309481687,0.198512023160984,0.222091628122173,0.120689446589518,0.116384177238166,0.0914864154074705
2564,0.180350423908076,0.0739468397444659,0.0790569545283507,0.421223967338419,0.130957627172325,0.114464187308363
2565,0.0189454516264416,0.0823637021214222,0.0861322615331671,0.0583838039087953,0.235739273464474,0.5184355073457
2566,0.0119774437192067,0.0345403286321056,0.122601074853574,0.0617221925866871,0.190162666657499,0.578996293550928
2567,0.060267669376915,0.163962928551529,0.149418164453357,0.0508833224733283,0.178686541425417,0.396781373719454
2568,0.0245894015179524,0.0754165606866919,0.0810135106326691,0.0297975762638035,0.333809190794257,0.455373760104626
2569,0.0316897356623205,0.0818961338201621,0.146977514597836,0.0335829245847675,0.189229646943722,0.516624044391191
2570,0.0455372430174944,0.654239582258121,0.0563563747834244,0.0174398252972777,0.122899503666277,0.103527470977406
2571,0.0874845326930749,0.127009417489611,0.0490587119142058,0.16844921413758,0.368422763803067,0.199575359962461
2572,0.0820195874696465,0.0916163987786346,0.398117237257063,0.107395544290017,0.0914569555358144,0.229394276668825
2573,0.0516034494388783,0.25756825937373,0.0869872210545141,0.0354691175496899,0.311542572787361,0.256829379795826
2574,0.0827044790446428,0.0705550743676029,0.0420744201446665,0.320206917126535,0.406958955154637,0.0775001541619158
2575,0.0344516818919262,0.0521558183036943,0.0291024244244862,0.143746270924876,0.613804543448897,0.12673926100612
2576,0.336200151038649,0.260440838146529,0.142499878602261,0.101085630943464,0.0823611434489133,0.0774123578201835
2577,0.0535167593537737,0.243702331743286,0.304336595397019,0.0371109663257112,0.194610907569423,0.166722439610788
2578,0.0025677147576452,0.014006878782252,0.0360845633561782,0.00950134339397064,0.110045022735857,0.827794476974097
2579,0.294885771055672,0.180024149994168,0.234188970723727,0.0727430589243159,0.10578006979471,0.112377979507407
2580,0.0697414738489967,0.305399881650593,0.190849301806488,0.0223977989465503,0.187921542535085,0.223690001212287
2581,0.00555202792741729,0.0309040987501878,0.0711718248529826,0.0687797925611981,0.482814445695139,0.340777810213075
2582,0.133215095530159,0.39944483161663,0.0936046715915167,0.0642887779331285,0.236510496611835,0.0729361267167312
2583,0.107325929253232,0.470185549036731,0.164599869792856,0.0407704636578044,0.118076703287807,0.0990414849715695
2584,0.194856194222493,0.496064047940019,0.0740503750509623,0.0433149211936083,0.149034035817732,0.0426804257751853
2585,0.0128143073189603,0.0458029185758238,0.0408862031548935,0.0519532534667401,0.502633754827187,0.345909562656395
2586,0.0677930846430822,0.212181922408912,0.127349253067135,0.0451317059885972,0.21012401212642,0.337420021765853
2587,0.235183208784749,0.0829283124239511,0.0515803674831275,0.240578646463488,0.262913493342189,0.126815971502495
2588,0.0590653626511815,0.0486957860816127,0.0230608520269235,0.18188341094551,0.535258575040213,0.15203601325456
2589,0.0642964947386541,0.101967323406977,0.0357387804538135,0.124391431614941,0.518027218392887,0.155578751392728
2590,0.0183067689837076,0.0710210168394079,0.142898297783147,0.0902753026755569,0.191658264917913,0.485840348800267
2591,0.0689487089017026,0.0933037054520925,0.249781451154557,0.0496015232827979,0.110758130157209,0.427606481051641
2592,0.0251027204830841,0.0350640105728278,0.0220349632813306,0.177528917295215,0.53853102798932,0.201738360378223
2593,0.301814347738905,0.17727205558107,0.0687189343378358,0.205309260987692,0.191794376989896,0.0550910243646016
2594,0.0398382782792966,0.113000315429018,0.0728802001864167,0.0481480723093738,0.36026511640586,0.365868017390035
2595,0.137327412913142,0.0961782152594342,0.231010096742678,0.22362570601829,0.112612476761658,0.199246092304798
2596,0.676268735983768,0.107254452057637,0.0225664657187901,0.137226739804821,0.0464300822842781,0.0102535241507055
2597,0.0126575794526143,0.0508633787827146,0.187926712991927,0.0249402042131645,0.118551550617811,0.605060573941768
2598,0.0149359279807651,0.103900465526082,0.130958090192082,0.0225786500368304,0.23251003266712,0.495116833597121
2599,0.214765793161747,0.232497149485371,0.079833020432198,0.190730648874391,0.189517342376061,0.0926560456702319
2600,0.0171585344103757,0.0615627155379927,0.082887556490381,0.0421884524052652,0.688400686296911,0.107802054859074
2601,0.057194055981402,0.0685435612455746,0.17972615990986,0.0422497250946485,0.120572982094891,0.531713515673625
2602,0.0129074793096244,0.0973225920291515,0.125769651910033,0.0432553652304462,0.269970265024684,0.450774646496061
2603,0.0404512859715912,0.487429763135165,0.0388760750506818,0.0230161504408696,0.331214620822477,0.0790121045792153
2604,0.0459009436725273,0.170065065658888,0.289681159402069,0.123318361252998,0.126074503811478,0.24495996620204
2605,0.00476105201966574,0.0720424079041955,0.283853525395486,0.0200759554286883,0.149412469053581,0.469854590198383
2606,0.0694942993864572,0.131071819119547,0.13500786446094,0.0581169607176405,0.238272877774126,0.368036178541289
2607,0.0100169119938719,0.0299205665030489,0.0633906038920986,0.0296002214425304,0.176676580277651,0.690395115890799
2608,0.195218227860775,0.186416795413497,0.0773193282945781,0.132850533139081,0.230581451278909,0.177613664013161
2609,0.043016366217882,0.06569577967545,0.0760747488366294,0.108501582760392,0.335453578022112,0.371257944487535
2610,0.115138892395899,0.189733360993185,0.0693457162014492,0.118455497236045,0.322110419461971,0.185216113711451
2611,0.0333336832610253,0.0986156972408923,0.25162286717916,0.047079040768902,0.100991345237936,0.468357366312084
2612,0.0512689981304758,0.266809548944844,0.118129907112721,0.0335307985600237,0.205306853516276,0.324953893735659
2613,0.483817795717463,0.294146903137009,0.0459952864184053,0.0761038726885095,0.083781078118262,0.016155063920351
2614,0.140620331158011,0.098323391759822,0.0861921740362932,0.135367399231549,0.284741014694493,0.254755689119832
2615,0.37843478164588,0.252285249914252,0.165407881536012,0.0445452170218367,0.0850331603301955,0.0742937095518226
2616,0.0181944828797015,0.0581049899200693,0.114866770205621,0.0606206709526492,0.38050697237743,0.367706113664528
2617,0.18500446451599,0.313403833660758,0.247346162727006,0.0425816884163091,0.131263211587752,0.0804006390921851
2618,0.0788033436115344,0.116718566208959,0.0837558396065551,0.0629902087771665,0.412380468965134,0.245351572830652
2619,0.0351429311934536,0.0490105146530776,0.0255291113981261,0.102511189160669,0.590866775081689,0.196939478512985
2620,0.0242448739540573,0.103567685810051,0.179825926517072,0.0268911259066522,0.357826941458304,0.307643446353864
2621,0.0243571936010609,0.0937219175658279,0.0328361574007939,0.110685782041138,0.631558391741091,0.106840557650089
2622,0.00292744761494831,0.0132226710088382,0.0324277378479455,0.016794918277254,0.110988204829748,0.823639020421266
2623,0.137595725668935,0.211905638141429,0.0447588282326352,0.0911534626814414,0.421402534661664,0.0931838106138947
2624,0.0296375662493225,0.0426145211572691,0.0916384677682152,0.0512467214750372,0.122823401654726,0.662039321695431
2625,0.0590042390720898,0.18178168202306,0.589502966726023,0.0295137871000814,0.0644278165922014,0.0757695084865449
2626,0.0101661371751672,0.0311064169097535,0.0747345462315187,0.0326294080970811,0.230401440946468,0.620962050640011
2627,0.0632675848636012,0.147867447028855,0.325853686951438,0.0353316683184953,0.144260902584599,0.283418710253013
2628,0.107478957710677,0.111142622193117,0.0431177678802361,0.286692838779678,0.325228424363948,0.126339389072345
2629,0.0213812963193443,0.166974701133783,0.0671407810230346,0.0403456095155969,0.425290983113431,0.27886662889481
2630,0.103316788368272,0.0856602998843663,0.0942826187096881,0.103800691562356,0.255731716595991,0.357207884879327
2631,0.0278361928550669,0.210827311604387,0.217617590040883,0.0306481369744807,0.297162220036449,0.215908548488734
2632,0.00991083833543774,0.0318073360554788,0.0508569725302249,0.021410065811073,0.146153170847565,0.73986161642022
2633,0.125819658088556,0.267590040489897,0.087305873972059,0.0829139822302073,0.306476953226813,0.129893491992468
2634,0.0321708188179642,0.100097100967254,0.24246705462798,0.069256863818478,0.172465929509934,0.38354223225839
2635,0.0554485543105591,0.110319245094757,0.0613009428020303,0.0512490853705541,0.507483472768473,0.214198699653627
2636,0.0329343076567122,0.102356236472272,0.136652618901622,0.0690979177795896,0.29366762156916,0.365291297620645
2637,0.0436802873469629,0.0982843662042346,0.0315054440357536,0.0433216593785827,0.579259681517375,0.203948561517091
2638,0.112628992532174,0.0763181268905711,0.123922039340728,0.262143064044182,0.154195658401571,0.270792118790774
2639,0.0704866722063024,0.0652054797123377,0.0679250531506311,0.32721593423287,0.318292959362394,0.150873901335465
2640,0.0108699888253339,0.0301895097884014,0.0789071361867571,0.0289208545731868,0.126212134758956,0.724900375867365
2641,0.344647916502525,0.176122543536952,0.13395857430423,0.0976266547268312,0.140701323489222,0.106942987440239
2642,0.0179381856850082,0.0711283503013537,0.101675985604877,0.0327576859367784,0.272932807922549,0.503566984549433
2643,0.431497834718443,0.268800087383079,0.0386058850960704,0.153656122131229,0.0786700299697863,0.0287700407013929
2644,0.00827488877804828,0.0898277450172758,0.0614366569401662,0.0239415350232047,0.242109972260697,0.574409201980608
2645,0.0251917951778302,0.0626941815614961,0.0507378420814432,0.054091118107346,0.297185492846155,0.51009957022573
2646,0.00773711161302518,0.038441962846441,0.132792249809534,0.036244813923016,0.0909033715572081,0.693880490250775
2647,0.0666350882473512,0.0908807929111681,0.128150230615535,0.13022965260568,0.312471071231597,0.271633164388669
2648,0.230343586541587,0.24267475021568,0.352909169586484,0.0323095468087783,0.0615900510132178,0.0801728958342538
2649,0.0408684435243605,0.0753924543570627,0.0875282331696757,0.0481778947909682,0.32453545266765,0.423497521490283
2650,0.0567687064116223,0.0382637801032909,0.158692115830518,0.0519549579029551,0.120946155143328,0.573374284608286
2651,0.0214643741423322,0.0903219776313391,0.0621756315588104,0.057451910203986,0.507605913244523,0.260980193219009
2652,0.0180193286012165,0.175483767144891,0.0657744175629135,0.0298779943974824,0.393269221991716,0.317575270301781
2653,0.204227234367883,0.198086745655239,0.125324850208206,0.110873106536562,0.180838624486114,0.180649438745995
2654,0.00877008342565309,0.0507402990184021,0.0573977813279823,0.0453882313147911,0.241698300076271,0.5960053048369
2655,0.447604035026381,0.149109124497772,0.0487851651101657,0.180719818086407,0.143456960723999,0.0303248965552759
2656,0.0215758248324493,0.0528540198373922,0.0467789934234936,0.0339701153738163,0.50722605367683,0.337594992856018
2657,0.010773358959306,0.0492926986487797,0.159054875965067,0.021777950296001,0.109998174838816,0.649102941292031
2658,0.144205420763751,0.190296600328004,0.212247174410183,0.15570883054855,0.158958486770347,0.138583487179165
2659,0.179062765876148,0.108522801643655,0.0716137014261248,0.483465615929431,0.0885244289289618,0.0688106861956787
2660,0.00940090732510817,0.0347113121025778,0.0702301954624017,0.021612175772411,0.326220664356152,0.53782474498135
2661,0.00719203235980457,0.0308926564198592,0.109582122765467,0.026099603578524,0.100777892261786,0.72545569261456
2662,0.00680600991100747,0.0558244284099252,0.104623809458035,0.0139111883433405,0.116331198720481,0.702503365157211
2663,0.012431230593741,0.0515877355669478,0.0716769800016943,0.0476063417044867,0.329361773893054,0.487335938240077
2664,0.0412951243500976,0.10459461742038,0.0348445747085978,0.0812674213056316,0.568852025813194,0.169146236402099
2665,0.188794074550981,0.281214100183795,0.122668002306022,0.0729682232928649,0.209166184241567,0.125189415424769
2666,0.00652071928230058,0.0209772385483492,0.153519106256637,0.0200354690534949,0.0392462211607241,0.759701245698495
2667,0.0477153794832545,0.161924266142933,0.440275645197221,0.0402624429550831,0.193957374170694,0.115864892050815
2668,0.0146124788743868,0.0685592167742785,0.396908609392111,0.0224615415149947,0.0930220281186652,0.404436125325564
2669,0.0850710770627395,0.229859772525308,0.171655165962144,0.0430686275356415,0.174571970896745,0.295773386017422
2670,0.0119324468499198,0.0540543839695157,0.143837196537174,0.0299541032216534,0.197752666125968,0.562469203295769
2671,0.0390345677853422,0.0818521132158405,0.0485769581791686,0.10525422793769,0.32569179981652,0.399590333065439
2672,0.00942948169646575,0.0653143627428173,0.119213594092167,0.0192503380431828,0.183743567974718,0.603048655450648
2673,0.325114110405645,0.227571591476159,0.080520258101116,0.114616546478215,0.188267675766359,0.0639098177725059
2674,0.0229818886119912,0.0547342267957418,0.0655719304778675,0.199877244157273,0.394388947415407,0.262445762541719
2675,0.535684153479619,0.173194739199917,0.0252236464858737,0.184003547068661,0.0648991831313401,0.0169947306345892
2676,0.0184186366934028,0.0593097397145348,0.0655338657176766,0.10479005325133,0.47242860105562,0.279519103567436
2677,0.0690773462784827,0.15189998242866,0.27974501730323,0.0526117080773918,0.346378629675972,0.100287316236263
2678,0.0548418986023978,0.154644580413947,0.150755574632778,0.0540064911341528,0.369239611040065,0.21651184417666
2679,0.0116132513854505,0.0225877250990193,0.0469037313535494,0.0423075840291937,0.396912495498807,0.47967521263398
2680,0.0740243770552527,0.0953806682236625,0.338861206845289,0.167583158455335,0.104197407366299,0.219953182054162
2681,0.0284981129439754,0.189364129375606,0.0830225763447794,0.0438103728477351,0.413986803478478,0.241318005009426
2682,0.0184446423540265,0.0376308481452983,0.111559023893028,0.128092779267693,0.203736995190344,0.500535711149609
2683,0.478431815539412,0.156664250355937,0.0473010831250376,0.181126190042394,0.115555543010329,0.0209211179268917
2684,0.0150367140855032,0.0543057099022573,0.0337829171847283,0.056633153763696,0.513328925896592,0.326912579167224
2685,0.133960267441551,0.0874971517606115,0.156927575815261,0.0394057784143248,0.104379551563677,0.477829675004574
2686,0.01901696155084,0.106221896583849,0.138183512836462,0.0431956220543941,0.21137438854408,0.482007618430374
2687,0.221274648313125,0.196435386304851,0.142697639248169,0.179627432896528,0.18649422400163,0.0734706692356966
2688,0.0450680145518107,0.181367487042307,0.0955169761826307,0.166872067044658,0.362270004340606,0.148905450837988
2689,0.207716404454624,0.506721809390626,0.0531011250562936,0.0517562256182768,0.146350344524082,0.034354090956098
2690,0.0259352524580677,0.0504031991588587,0.0515696111699422,0.230403361618677,0.424124631305286,0.217563944289169
2691,0.0694418613362025,0.209513210246147,0.104435281150462,0.0485371948959469,0.33647144556839,0.231601006802852
2692,0.0627437319291624,0.110988902644034,0.245295827694054,0.0595831495105959,0.21112709395918,0.310261294262974
2693,0.0726893966791824,0.0582063336808816,0.147445948007427,0.0747785237487605,0.172540037442891,0.474339760440857
2694,0.0144097141287084,0.0366366094808776,0.0564867019211038,0.0504200159983093,0.327069060391182,0.514977898079818
2695,0.519787873974216,0.173071403987965,0.0796628713195563,0.105063480912204,0.085350316057379,0.0370640537486792
2696,0.0268364875160018,0.117627419814419,0.308146737668717,0.0306340504782077,0.139103952135874,0.37765135238678
2697,0.0426022060380189,0.1597701636462,0.257447837230917,0.032933306522247,0.200869937254123,0.306376549308494
2698,0.00929060387512707,0.0366493098169898,0.184955609503297,0.0371210645424232,0.31456777314098,0.417415639121183
2699,0.011979781704619,0.115158886569825,0.439369066111405,0.00996590409588982,0.0618530084928521,0.36167335302541
2700,0.00611056149326221,0.0407538427520794,0.0327922278827991,0.00964593110825774,0.36823556429007,0.542461872473532
2701,0.0195450741931452,0.0616265213029666,0.132842735357791,0.0573177017199803,0.291987219318893,0.436680748107225
2702,0.355723374675404,0.189176392083277,0.201255329483459,0.0569906929322847,0.106687006185397,0.0901672046401794
2703,0.112242673113321,0.0802095053746356,0.115929394821843,0.118010810869926,0.30184856381163,0.271759052008645
2704,0.0434667583606264,0.18316677529481,0.545744212155478,0.0435694628490919,0.0861340704234692,0.0979187209165246
2705,0.0158997717057596,0.143730850824718,0.286145443014156,0.0318402950570258,0.183105001072078,0.339278638326262
2706,0.0181879792646148,0.0794700597501832,0.236406595642377,0.128824340491933,0.165759105837736,0.371351919013156
2707,0.0124855761806183,0.0400674231890828,0.0239410096517377,0.0736040487058566,0.688670078126283,0.161231864146422
2708,0.443122509723778,0.272540395199447,0.0592417782337914,0.0798742660870308,0.113877374217717,0.0313436765382362
2709,0.0761025765177131,0.150770224531623,0.233277548663969,0.0677077923034405,0.137076802800137,0.335065055183117
2710,0.0675231663308262,0.0670570777393568,0.267659453924629,0.0633330285635634,0.113010430158062,0.421416843283563
2711,0.0398510743970924,0.0991609984688784,0.122360817157259,0.0576108904855495,0.329487440639345,0.351528778851876
2712,0.156226957466644,0.0997302359891952,0.100174076180973,0.189710085557616,0.270440489594348,0.183718155211224
2713,0.135779368236917,0.172115850937624,0.205171842814565,0.0777750275319183,0.121942863521436,0.287215046957541
2714,0.00756332209262736,0.081778826673288,0.19025339061426,0.0195345991565147,0.111748156059616,0.589121705403693
2715,0.0235997953697155,0.118229459662321,0.306246907330495,0.0492940802311951,0.30514927596183,0.197480481444445
2716,0.0330800684830332,0.0884979358249345,0.0667429722195609,0.0598085921181661,0.445293387858937,0.306577043495369
2717,0.0221007086191225,0.0592227357211709,0.0563608825857398,0.0424433335930819,0.317623622877584,0.502248716603301
2718,0.0350506906978477,0.0710405123940368,0.181215379151784,0.0802329571209024,0.195897837495886,0.436562623139543
2719,0.0382273814199048,0.15407152917817,0.160247587400005,0.0647050916059488,0.369981891262982,0.212766519132989
2720,0.0994803759662127,0.089640215628062,0.255856699513089,0.0859968519392464,0.211458362074488,0.257567494878901
2721,0.017492560509356,0.0671448388418149,0.111510230753788,0.0350307679750125,0.332952554995763,0.435869046924265
2722,0.218387047208991,0.428675485298382,0.178325404115772,0.0260318444038633,0.110198947842915,0.0383812711300761
2723,0.0491165502949696,0.150775910417134,0.193197977354594,0.0481810181527611,0.162545311903388,0.396183231877153
2724,0.552891066564059,0.120865552535271,0.0672053722713934,0.142650953175461,0.0759719674887301,0.0404150879650857
2725,0.309530882558375,0.282825893981632,0.0644320973773282,0.207459263739622,0.0905001496483734,0.0452517126946693
2726,0.0333764272232689,0.075135570287264,0.0453986825932971,0.0851423880411221,0.685056379156031,0.0758905526990165
2727,0.0149706596337473,0.0633456584249767,0.0818601388708108,0.0598476964156235,0.356990895344326,0.422984951310516
2728,0.0156188529984803,0.0393554150517981,0.109784031634502,0.0449068807979502,0.120518170138181,0.669816649379089
2729,0.168095957482883,0.236730852642725,0.0725331051634465,0.0915620466866231,0.329703619857398,0.101374418166924
2730,0.0111336639092979,0.0366959760955412,0.0948360210985571,0.0546489086362968,0.26194480111,0.540740629150307
2731,0.18261581297527,0.185428600859684,0.0726216261067736,0.161108597439204,0.272223506683297,0.126001855935772
2732,0.0308886889988519,0.0925231123485832,0.294718180097541,0.0328167104812067,0.105212348621592,0.443840959452226
2733,0.0698576004305907,0.132173016716214,0.101887718571517,0.197440247826521,0.39638536035624,0.102256056098917
2734,0.0195599399013667,0.761868451476587,0.0278863409654405,0.00976261546241482,0.113330804622681,0.0675918475715107
2735,0.0348191770827803,0.333510070000496,0.182819309561916,0.0354277055636517,0.158912595613883,0.254511142177273
2736,0.0527658255602136,0.128238088889866,0.0932724009226853,0.255378319126036,0.317803319893548,0.152542045607651
2737,0.186513218169468,0.132536759076301,0.312447056774495,0.0694316960553459,0.173855223582803,0.125216046341587
2738,0.0460443322450043,0.124294183613447,0.148942769195771,0.0530771136145135,0.173206421750402,0.454435179580862
2739,0.125989881640992,0.279588931259398,0.190286373189291,0.0498956828422616,0.243052687397815,0.111186443670242
2740,0.210812785475031,0.330878234709511,0.0879314956981878,0.0855067957039839,0.135939161848443,0.148931526564844
2741,0.0432614341988326,0.221264280350149,0.145524244736629,0.052452052484105,0.347406787843425,0.190091200386859
2742,0.0602671613070946,0.132967292470474,0.0678772420897442,0.101379744110607,0.497490446459966,0.140018113562114
2743,0.163267090152035,0.218988968055171,0.133113872762781,0.0990217010194904,0.215661792370798,0.169946575639725
2744,0.0601808576242728,0.110662439027545,0.0514995565102853,0.131597439716871,0.556501356165745,0.0895583509552802
2745,0.00669061732954023,0.0591782389926997,0.34191910917464,0.0552761792978282,0.226597563177947,0.310338292027345
2746,0.0172969604715709,0.0764320907922033,0.110487325659499,0.0296086828046482,0.240171794881463,0.526003145390615
2747,0.0208287480744874,0.0565916438836427,0.025311992162069,0.0555463725430584,0.622287806959125,0.219433436377618
2748,0.00730556037797684,0.0506951280132579,0.0477940728592201,0.035929361933605,0.621224031969241,0.2370518448467
2749,0.263781397791457,0.162250963356983,0.091397806347178,0.230342099109017,0.169071821691225,0.0831559117041389
2750,0.0142442939956189,0.0885078182506038,0.301279645589035,0.0421222815274134,0.179841411561966,0.374004549075363
2751,0.225494834957846,0.154182822023715,0.0740150930792516,0.0937819130337143,0.382621441188031,0.069903895717442
2752,0.0330861753693932,0.110798979229596,0.155512709289713,0.0717489633512578,0.145927240917797,0.482925931842243
2753,0.0543251191117027,0.103704391321838,0.0293673251824141,0.205771758215475,0.537322377685899,0.0695090284826717
2754,0.0161501597522079,0.205742312836813,0.0592785288347139,0.0162231702347589,0.521484507536925,0.181121320804581
2755,0.00281949245886509,0.0130606960448355,0.0528458389414164,0.0121394270913825,0.2003984062259,0.7187361392376
2756,0.00589527379593355,0.0150976500851225,0.0557049680317935,0.0149197893852876,0.0503667543452628,0.8580155643566
2757,0.0138608803278765,0.134122488825762,0.0429351622538146,0.0424824756596769,0.434104031867464,0.332494961065407
2758,0.0734967377235693,0.281670437055032,0.15140115666094,0.026297814722032,0.306877060611284,0.160256793227142
2759,0.0296155303762831,0.209133172973584,0.0714959748746695,0.032242448623236,0.330023248037576,0.327489625114652
2760,0.446371727387552,0.120527368675668,0.0552098586632912,0.287298272634366,0.0720782398456397,0.0185145327934837
2761,0.101876435811079,0.105486571326351,0.0415282740400611,0.270130007362364,0.322356130008782,0.158622581451363
2762,0.00791111039622597,0.0674946173510217,0.0805802859237719,0.0283564344756762,0.440309114940606,0.375348436912699
2763,0.0509915466440275,0.174475107814557,0.297337552706092,0.0505315789035725,0.211236717204649,0.215427496727101
2764,0.0204567436161286,0.0346968870515844,0.132542033900813,0.0265890980453667,0.123531542827383,0.662183694558724
2765,0.0265948068309055,0.160017620420505,0.25780330784631,0.0284801393082669,0.165008913424825,0.362095212169188
2766,0.0302039173226183,0.145141185760635,0.0681947492211,0.0363427414374235,0.446657335112286,0.273460071145937
2767,0.0220665547578958,0.0465908805154669,0.0743425315474529,0.404146239483771,0.22439789751613,0.228455896179283
2768,0.0564634803533487,0.303240103554883,0.379761470728894,0.023950744869829,0.0712578576795432,0.165326342813502
2769,0.0592052069631489,0.227409730745543,0.106458975049943,0.102736209453366,0.365421060692358,0.13876881709564
2770,0.00298903088411423,0.0387838102181649,0.115904048499923,0.0275982704327686,0.178046434931075,0.636678405033954
2771,0.0413590761237719,0.147915761953666,0.447939778578116,0.041956552786801,0.108475403816822,0.212353426740823
2772,0.0292088458216792,0.062230330842106,0.0869147820121379,0.164435869804544,0.476202301363597,0.181007870155936
2773,0.0840148341768557,0.244646380717383,0.114635821750059,0.0385868977262238,0.388046349088906,0.130069716540573
2774,0.114366007383605,0.339577077365083,0.0900315019208358,0.0603604024658502,0.267788635087153,0.127876375777474
2775,0.00282699821603151,0.0195987032375372,0.0633716678171782,0.0130194889464734,0.151533648732677,0.749649493050103
2776,0.0130185508663329,0.0549201960121229,0.0894433516658584,0.073353122550148,0.369883590255071,0.399381188650467
2777,0.00271229547147384,0.0222031385683006,0.0610890026974979,0.0149995219142336,0.0969542959791963,0.802041745369298
2778,0.0913368101015986,0.117221111469631,0.121538720456508,0.0847961064353643,0.145728769165118,0.43937848237178
2779,0.0434159993615536,0.0592496932700665,0.288843750847577,0.141867622034506,0.148924171073063,0.317698763413233
2780,0.0470195529385981,0.224871087663832,0.233458676694486,0.0420363488305404,0.132218890969181,0.320395442903363
2781,0.0243904059291395,0.0383705017529843,0.0655816058958051,0.155190359167024,0.461516401923509,0.254950725331538
2782,0.0176830793309386,0.0461433736007576,0.233617332655952,0.0301492624716297,0.137433060464339,0.534973891476383
2783,0.184122680338018,0.355490827715269,0.118580065824734,0.0972256890166136,0.165022845839466,0.0795578912658986
2784,0.0867182297160864,0.191683561948514,0.0500008745648141,0.106951477337741,0.489451630747644,0.0751942256852008
2785,0.00375634910927946,0.0144112962546651,0.0330376229885977,0.022908481470087,0.274890774158192,0.650995476019179
2786,0.0204827558950983,0.0931592374607762,0.0569248887889128,0.051919239400675,0.418969711552652,0.358544166901885
2787,0.00854450453730195,0.0509846672195918,0.0934517981294974,0.022587324971274,0.172862544818257,0.651569160324078
2788,0.0170422482141739,0.0728404095051811,0.166162024174891,0.0343564309575492,0.130384319628445,0.57921456751976
2789,0.0855583019457734,0.0913577274009811,0.301509704207838,0.0886697748909755,0.199115706223118,0.233788785331314
2790,0.101942871656503,0.132115490721105,0.0665598708214829,0.130038739927387,0.399770682700872,0.16957234417265
2791,0.236419943790549,0.118373908387152,0.0422315437824279,0.339852392036544,0.187497702704123,0.0756245092992037
2792,0.419532961272665,0.346963490335355,0.029866062881684,0.0572004202510596,0.116888202791358,0.0295488624678781
2793,0.0104838103317207,0.0648278733210795,0.0371858269073612,0.0270478626617962,0.498090149543105,0.362364477234937
2794,0.411846871471604,0.240294394200963,0.0659060610319955,0.0938254589736598,0.151755538640122,0.0363716756816553
2795,0.429890743082446,0.103240192404945,0.0451341875630036,0.321280311355912,0.0811408312040315,0.0193137343896615
2796,0.00414584966152601,0.0224271246921918,0.0973103842466199,0.0194626200269812,0.135643376961468,0.721010644411213
2797,0.0464862284204564,0.0727439212021309,0.102593505727067,0.0840788508781381,0.22117910350951,0.472918390262697
2798,0.0188719269107686,0.138206697681424,0.164415401432782,0.0170826822504902,0.416223024943036,0.245200266781498
2799,0.138067359446326,0.166146334961989,0.227699266457127,0.0445268893883745,0.209305451423908,0.214254698322275
2800,0.0105602689642998,0.0230578095865962,0.0573341692292401,0.0351750237263882,0.199975440637922,0.673897287855554
2801,0.00980207872488798,0.0336042285454424,0.039667292414562,0.0218085817261567,0.386036306512739,0.509081512076212
2802,0.0294948063619854,0.0635126960826049,0.0618073358839661,0.0875044755800252,0.343748075025476,0.413932611065942
2803,0.0784041857187757,0.485997695236427,0.0949871763072854,0.0204210725716727,0.201791181309328,0.118398688856512
2804,0.0236571629840099,0.0925418475653314,0.132791292777586,0.0560986106159387,0.371244990472362,0.323666095584772
2805,0.183211357896983,0.15476849582884,0.34723001419001,0.0815663442653023,0.108901355177141,0.124322432641724
2806,0.0899490383917292,0.0749585767799567,0.0550686603017997,0.279926338248693,0.286215495085902,0.213881891191919
2807,0.103182670615536,0.139548607628956,0.224669109522934,0.0651548548417102,0.179204888196383,0.288239869194482
2808,0.0094495601791311,0.0389762670596437,0.0628599255014054,0.0374723299340456,0.283319011363233,0.567922905962541
2809,0.0628122029130547,0.1063214906511,0.314467528383026,0.047433126707285,0.0752126700042259,0.393752981341308
2810,0.0174625697596997,0.0532970325834856,0.0694080439660445,0.1427677459024,0.403699335476427,0.313365272311944
2811,0.0135189072205648,0.168762657995576,0.211325187273566,0.0277381483492388,0.305383142746104,0.273271956414951
2812,0.328641609963654,0.282046955632558,0.138529523351488,0.0994184843094613,0.106438996843811,0.0449244298990275
2813,0.115720035103614,0.129144840838733,0.126727458609811,0.153259462724081,0.266285753425614,0.208862449298147
2814,0.0254108461994203,0.241053440546058,0.236931901936688,0.041038223880379,0.223438794199421,0.232126793238034
2815,0.0231280569942182,0.0707976002310812,0.126982848061521,0.0570928981984147,0.190014421958861,0.531984174555904
2816,0.182205485646594,0.163843601005914,0.327201615783491,0.0751246367900039,0.162856166314767,0.0887684944592304
2817,0.0660703313437129,0.313249144534557,0.120480470768253,0.0601024329433206,0.259507443569522,0.180590176840635
2818,0.199681906570944,0.312111369598875,0.209808171342093,0.0421271216017118,0.115366782198929,0.120904648687447
2819,0.436881489865858,0.312497383526995,0.040431346205876,0.07282629778954,0.112454404451299,0.0249090781604326
2820,0.328494286216312,0.250589374657927,0.287833326382971,0.0385107587864737,0.0571328024929422,0.0374394514633746
2821,0.00918905808780624,0.064658547838261,0.0256357326515083,0.0140412305233946,0.475735921221415,0.410739509677615
2822,0.165773823848545,0.197774288545837,0.177969945936308,0.0602273463715977,0.256390207535093,0.14186438776262
2823,0.0445999571702279,0.108963705869123,0.0947573856736031,0.0891901758994167,0.26976966101506,0.392719114372569
2824,0.02643404653681,0.111286529810674,0.18100979339597,0.0472522624741992,0.261306102691092,0.372711265091255
2825,0.00633173888848513,0.0483431701473084,0.167941448993678,0.0172467051060883,0.0437943522609444,0.716342584603496
2826,0.029861626791346,0.150314217272469,0.0594675040095811,0.0442838335500125,0.553195526602194,0.162877291774397
2827,0.149495211726354,0.397139402873195,0.114594360534986,0.0296624019500746,0.169001519457801,0.14010710345759
2828,0.0155608476233643,0.145612601387512,0.0929252945966125,0.0375588110874765,0.459993163958793,0.248349281346242
2829,0.0210477955031599,0.0364324826782041,0.0422490835345349,0.155740161940437,0.574222303086078,0.170308173257586
2830,0.00698219753683632,0.0322574721591164,0.111396072821,0.0327835475117455,0.167731485747641,0.648849224223661
2831,0.324749320792049,0.333624299768469,0.136792008426133,0.0715182859431919,0.0817515916391817,0.0515644934309754
2832,0.0222851657477579,0.209124600203201,0.193118706477315,0.0276342875015661,0.298887890646556,0.248949349423604
2833,0.143650714681773,0.113510210009451,0.130984655038774,0.152055425259246,0.221865537600528,0.237933457410228
2834,0.0140679560762644,0.067019313586443,0.104717371238618,0.0315581630905638,0.25348511722092,0.529152078787191
2835,0.245480680877163,0.267651042127407,0.0498058133182995,0.110145870562199,0.227765750429429,0.0991508426855025
2836,0.0211838512478627,0.0656601086322232,0.0516516896913198,0.0588221027230148,0.345825463931569,0.45685678377401
2837,0.03679520647322,0.224250841502053,0.313868250692437,0.0495679348954145,0.21633044020197,0.159187326234904
2838,0.159458178729151,0.199405210381582,0.227845579617257,0.0928649504374239,0.100431277443912,0.219994803390674
2839,0.166107110787413,0.199393074335544,0.142851569651737,0.125695346100055,0.200710663921351,0.165242235203899
2840,0.144878143240919,0.0732663395358417,0.153195137186695,0.266998439894059,0.150718418864653,0.210943521277832
2841,0.382748205996759,0.17274541953547,0.0973615950791893,0.0865778936119156,0.175451423821141,0.0851154619555251
2842,0.0104490749165848,0.0442452206006343,0.0409646286811302,0.0345630342966316,0.475007848016925,0.394770193488094
2843,0.139786766126539,0.146871284435059,0.172271377411883,0.0515553286062351,0.282607386178299,0.206907857241984
2844,0.0266175551458765,0.0604298800908626,0.622515383000142,0.0159282236340959,0.060160124125087,0.214348834003937
2845,0.217481106022771,0.316576562606102,0.141644879307757,0.192179731623446,0.10402555853089,0.0280921619090335
2846,0.0111220139543234,0.0320084061735324,0.0303104615234098,0.0406241673958977,0.430275391116751,0.455659559836086
