"CUS_ID","F20-","F30","F30+","M20-","M30","M30+"
2501,0.0954554264663472,0.448801382272378,0.104977006293044,0.0446026189095375,0.161916094500066,0.144247471558627
2502,0.0341931710672796,0.132690517668431,0.188419119609687,0.075769165292848,0.372607487138132,0.196320539223622
2503,0.0685167516175018,0.328476655552799,0.0701255341057496,0.0667867442157534,0.344516452843362,0.121577861664834
2504,0.327322620814484,0.157825175977225,0.143060805604469,0.156666239908301,0.106717487225382,0.10840767047014
2505,0.0326340579793893,0.129033920952259,0.173849687672733,0.054728397332742,0.167991398268577,0.441762537794299
2506,0.0245088954608895,0.318277255893141,0.103878892106014,0.0277206320673858,0.26799508092073,0.25761924355184
2507,0.014252767278921,0.0360848311528342,0.0950738159555768,0.028579053387526,0.193574565791599,0.632434966433543
2508,0.00914309323329302,0.0349442189437283,0.0446147122641971,0.0301271711690615,0.434387186442892,0.446783617946828
2509,0.0214929580157652,0.0491400254831702,0.15266788811768,0.0391660121137004,0.168012660057797,0.569520456211887
2510,0.0156777333760362,0.0773768062510416,0.0528092503406639,0.0356704848773878,0.356954826932946,0.461510898221924
2511,0.63396581519748,0.0994259650759231,0.0758220291803481,0.119588077300179,0.0496094118674581,0.0215887013786117
2512,0.0582320548008466,0.175243001410752,0.0839779261557171,0.132209018209086,0.43703897822905,0.113299021194548
2513,0.00722968513384619,0.0307237782975811,0.0934742946557418,0.033206171825802,0.265512653669718,0.569853416417311
2514,0.110672846603823,0.565190303084597,0.0612101572274564,0.0350503770580391,0.172284809808014,0.0555915062180703
2515,0.0170200372998069,0.0504566393332294,0.117174469848927,0.0424487897453739,0.182449421118801,0.590450642653862
2516,0.0740980851717322,0.119425338922072,0.0766288008831959,0.142381630207077,0.33365934172539,0.253806803090534
2517,0.0366109863103581,0.35118860335207,0.121290334866451,0.0176057293789861,0.199694270198522,0.273610075893613
2518,0.446449596605441,0.223873364994745,0.105287350822297,0.062252675063712,0.0912273763059816,0.0709096362078232
2519,0.0452835764152415,0.828578067579626,0.0228790861439371,0.00989449369574174,0.061892101867502,0.0314726742979513
2520,0.0269999462158552,0.0513192872016411,0.0223148121382109,0.100188122161756,0.618984888536968,0.18019294374557
2521,0.0374314708322498,0.0808164660061851,0.32026949373567,0.0578254555530929,0.129786951149476,0.373870162723326
2522,0.329161667502734,0.229491700280784,0.167956597426966,0.0761379303627438,0.13235964759597,0.0648924568308019
2523,0.0606450382206716,0.382425379031597,0.0832439773026759,0.0206746937378982,0.298834608186337,0.154176303520821
2524,0.0656195945658192,0.145473394193572,0.253777829154376,0.0606694497017224,0.14130432378092,0.33315540860359
2525,0.119128130837006,0.0745116128777216,0.0836399697033923,0.378310730134724,0.283620305383772,0.0607892510633834
2526,0.099647999980706,0.204753804998336,0.082887581844295,0.107526071232781,0.338719336695676,0.166465205248207
2527,0.524514240703676,0.173019260678439,0.0962085592212342,0.0526157565466359,0.0925221283693022,0.0611200544807122
2528,0.00740071475343759,0.0229160105288097,0.0630164241235056,0.0508046239232534,0.215968200450783,0.639894026220211
2529,0.0674151535614053,0.0920194097378399,0.290763277440285,0.0651749387355001,0.119530590272675,0.365096630252294
2530,0.00452983696955548,0.0238030643633076,0.148440924382212,0.0257964403784594,0.111456910137894,0.685972823768571
2531,0.0404256467566428,0.14355248503156,0.141532530145435,0.0834398970460726,0.314982902605108,0.276066538415181
2532,0.0384987022690999,0.163300367222486,0.139988770600548,0.0662235779318579,0.266893575462856,0.325095006513152
2533,0.00398345314431691,0.0123357682674832,0.0615131519905276,0.00985679919278416,0.0295600736591657,0.882750753745722
2534,0.246616158068095,0.0679762138994002,0.054104142441627,0.471289895701874,0.091987983086057,0.0680256068029474
2535,0.0507318303152763,0.115001474928083,0.142964071053903,0.0570453975760576,0.196235283285196,0.438021942841485
2536,0.143549767215345,0.247256410037772,0.117899962327539,0.0699674412960505,0.190247388830094,0.231079030293199
2537,0.0433782165673994,0.713724138041799,0.0957539864163816,0.00944248202921148,0.0799227660014118,0.057778410943797
2538,0.239019919012438,0.117058863645796,0.0721964205757593,0.108291174836247,0.296398955503242,0.167034666426518
2539,0.16603721254293,0.259550581317563,0.211144114193911,0.048706701067481,0.162829791254035,0.15173159962408
2540,0.369408692836168,0.167041046475759,0.0472534640334128,0.161807961686289,0.212587522530156,0.0419013124382163
2541,0.156814060955573,0.0684829245327247,0.0261761433333988,0.354852419980058,0.321871817269834,0.0718026339284109
2542,0.111369300785229,0.421774108939049,0.0829183555172156,0.0356855955381884,0.289441715786442,0.0588109234338765
2543,0.0120744131547243,0.0260833187575466,0.0724167053241711,0.0114094977280749,0.242615254450208,0.635400810585275
2544,0.0942479110185401,0.144126069384343,0.107045913579296,0.24221554934542,0.157635409044749,0.254729147627652
2545,0.0309231439280261,0.290929249088905,0.056036635343075,0.0155599898047871,0.410019135802288,0.196531846032919
2546,0.0361801316366991,0.0346462177832342,0.0129777483266608,0.267359816975351,0.568513240641468,0.0803228446365868
2547,0.104879809185691,0.183559568297141,0.258374635160629,0.0592666968354795,0.187757537404789,0.20616175311627
2548,0.0662478394346778,0.0910836713034487,0.11759750704478,0.241598013164258,0.379848138822389,0.103624830230447
2549,0.00793966061189993,0.0374018805814544,0.041122174558194,0.0520506193449034,0.3244537889401,0.537031875963448
2550,0.0198932097055539,0.0286885743880848,0.0181712243919022,0.183505588290216,0.580341759881717,0.169399643342527
2551,0.119243942166172,0.230271572889015,0.0683269192259683,0.1783048948408,0.23819889548676,0.165653775391285
2552,0.150488606111695,0.362657456812794,0.150005978387822,0.0664177136601904,0.12929050708876,0.141139737938739
2553,0.46023864369043,0.216338916408803,0.0464028255388011,0.12695661865222,0.126243978068261,0.0238190176414854
2554,0.0911132840494039,0.194465007987689,0.102860106896444,0.140505568949156,0.376966982779527,0.0940890493377801
2555,0.0169572253274152,0.0829802206931371,0.0680874828712471,0.0476185790332423,0.58432375655492,0.200032735520039
2556,0.0837365018878903,0.294963588077941,0.276075637382745,0.0608595439247499,0.150659921502095,0.133704807224579
2557,0.290780133806513,0.251242228828107,0.306937687429836,0.0548939224437095,0.0681770982945739,0.0279689291972598
2558,0.0407908050553063,0.100874947895961,0.616510072271881,0.0400582806049671,0.0990136259342554,0.102752268237629
2559,0.0707686678653442,0.446301686234497,0.150482591492944,0.0328375363936082,0.107971511370707,0.191638006642899
2560,0.00960196353914534,0.0972862229800007,0.0954961756330894,0.0283490341979504,0.177734204749805,0.59153239890001
2561,0.0241034615977334,0.0691724687838848,0.157793919101817,0.0223217975568949,0.125104998567448,0.601503354392222
2562,0.320741767931638,0.389885263366318,0.0439778982513101,0.0418050359042257,0.177535978392215,0.0260540561542928
2563,0.227858259627899,0.193684122923395,0.254972827678985,0.10786231380181,0.111562172068954,0.104060303898956
2564,0.160329527754706,0.0864961888797672,0.0812937579692895,0.280772791416654,0.236444930947308,0.154662803032277
2565,0.0195318494402914,0.0646415322540108,0.0823000003670398,0.0400990905452792,0.192855021310292,0.600572506083087
2566,0.0150281621453418,0.0373223249505336,0.0920720085595324,0.0946475429170582,0.276363514457107,0.484566446970427
2567,0.0401323269776988,0.12850389645466,0.119661520055853,0.0646516946784588,0.152663498692068,0.494387063141261
2568,0.00858736520212038,0.0505473350427597,0.082816256879753,0.0306936444411681,0.237096078260019,0.590259320174179
2569,0.0251120666586339,0.0858347192909927,0.224259477685585,0.0229418254410767,0.18178683105908,0.460065079864632
2570,0.0327679283042432,0.529207267066519,0.0924595110577509,0.0196051222528617,0.173767373758579,0.152192797560046
2571,0.113544125389986,0.0783046800288358,0.0352293400809342,0.333059238858294,0.305510511328197,0.134352104313754
2572,0.085674689656708,0.0930980367940997,0.347484666711354,0.145308118717159,0.118058993813797,0.210375494306882
2573,0.0917001728303203,0.324905195848498,0.0941581408695465,0.0428416046164979,0.248878193864246,0.197516691970891
2574,0.0335959546168512,0.0558150292449198,0.0361232757696998,0.39264668432677,0.399533050837126,0.0822860052046328
2575,0.0233869934677367,0.0324653864514045,0.0173693774242431,0.151561704617831,0.667799785262797,0.107416752775988
2576,0.280528436091698,0.324753787556878,0.134693131280034,0.077021513347107,0.0940259326466857,0.0889771990775976
2577,0.0460340857457604,0.227724885063227,0.286457454995735,0.0315799982419829,0.16988642726283,0.238317148690465
2578,0.00274613714954382,0.0099874374041218,0.0448833707951107,0.0125473310195169,0.0644728168389063,0.865362906792801
2579,0.254980612097838,0.213937722566948,0.30591834835306,0.0442117566521408,0.0934902593634219,0.0874613009665913
2580,0.0737163287247819,0.272623689815838,0.165540597940704,0.0332794734141641,0.212414645509707,0.242425264594805
2581,0.0137835148152003,0.0483221126024578,0.0829319933811352,0.120327535084946,0.461223351715549,0.273411492400711
2582,0.115030049533931,0.553207829727505,0.0639010582158321,0.033432954841309,0.178082541126639,0.0563455665547839
2583,0.0501240862124751,0.577723074861252,0.171456238963592,0.018398847711807,0.102791826398566,0.0795059258523072
2584,0.258427551002515,0.625964336128375,0.0294255962830736,0.0111524445325029,0.0574023963854962,0.0176276756680372
2585,0.0232324675061177,0.0661121061384,0.0730261047136841,0.0730978084224238,0.452951655070101,0.311579858149273
2586,0.0475993867692414,0.283247100552647,0.135507821678244,0.0427640019310075,0.194619875296521,0.29626181377234
2587,0.200703189822933,0.0785077924791073,0.0623999598809114,0.266641336501183,0.283217391661172,0.108530329654693
2588,0.0484875116275611,0.0370562712330372,0.028873949935274,0.168676343469156,0.595255038433441,0.12165088530153
2589,0.0410685836368329,0.0835628079904636,0.0506851790652041,0.136254418874798,0.578121671129442,0.110307339303259
2590,0.0125045823941549,0.0564295013219609,0.133483096690502,0.0625906280002802,0.174809523738651,0.560182667854451
2591,0.0956791424875729,0.113168763613554,0.254057237786874,0.058365355133831,0.0890004510501403,0.389729049928028
2592,0.0222419113360632,0.0546864228389361,0.0329137232397077,0.140071080817354,0.589475699749607,0.160611162018332
2593,0.186626305510808,0.22274376044392,0.081137056988232,0.198773818330592,0.20987847868891,0.100840580037538
2594,0.032519811636909,0.0583615603338063,0.0605298730809001,0.0310076628481383,0.403641247597472,0.413939844502774
2595,0.0974976379836363,0.118290259625441,0.205507757497419,0.16944125035664,0.165086088626848,0.244177005910015
2596,0.7530657302888,0.0746296270848297,0.0159518212878605,0.112153534196192,0.0365157411196506,0.00768354602266715
2597,0.0104297129930453,0.0419974284482817,0.173574910371764,0.0329072833537347,0.18383149596866,0.557259168864515
2598,0.0170195838692956,0.0993033856699037,0.124873397162933,0.0183458148020711,0.140248748981613,0.600209069514184
2599,0.221300003390701,0.226545972420939,0.112533301572571,0.160076950093434,0.177363702469423,0.102180070052931
2600,0.0246154412422581,0.0691709752434752,0.0985676377418414,0.0689843264537055,0.650005251261823,0.0886563680568966
2601,0.04361100113454,0.0893353673368346,0.222834081526624,0.0514186157645289,0.1392537910205,0.453547143216972
2602,0.020820714569932,0.0845415482528297,0.10922576896923,0.0454561916894449,0.200113506420934,0.53984227009763
2603,0.0431232760491016,0.566716845370809,0.0418210950564203,0.0297653587882912,0.247457566504662,0.0711158582307158
2604,0.0446029908081112,0.181254057937456,0.29450871975316,0.121078688522163,0.113176901782925,0.245378641196185
2605,0.0124209074451487,0.124559348118266,0.302239192898717,0.04004877763286,0.198619990313704,0.322111783591304
2606,0.0429116514870725,0.0909580367387882,0.121100952057695,0.0447903156999449,0.232120722485466,0.468118321531034
2607,0.00732340484145829,0.0212540650281309,0.0638076416350968,0.021999829503556,0.109165897834872,0.776449161156886
2608,0.185951974640087,0.169781362134259,0.0767417967678604,0.151277635192675,0.24668763207123,0.169559599193889
2609,0.0209952423445703,0.0496068069558136,0.0570351043065163,0.095498136900801,0.42405100793733,0.352813701554968
2610,0.0966136467672401,0.189795535612125,0.057236080307209,0.164165280767228,0.30071770899126,0.191471747554937
2611,0.0216084971312707,0.0791150206794901,0.216398928601622,0.0447437849191617,0.0811705402950192,0.556963228373436
2612,0.0648569862093169,0.254835713875768,0.131077086837538,0.0442495147857038,0.155295789334461,0.349684908957212
2613,0.42189855494151,0.372027068914049,0.0583081535881452,0.0561770571163087,0.0718836277856663,0.0197055376543206
2614,0.142837770265799,0.0954403772173752,0.0702680258462742,0.164655441037377,0.252690271025543,0.274108114607631
2615,0.407580277360682,0.255533797436416,0.169464835470202,0.0511460379297208,0.0715420358823515,0.0447330159206285
2616,0.012428990256789,0.0588558178691408,0.0713272039602129,0.0460431914201207,0.462086675498429,0.349258120995308
2617,0.153080438883698,0.314109300361118,0.267522114287873,0.0429422156463632,0.127147662976012,0.0951982678449356
2618,0.0595765760298211,0.078495799843359,0.0976830869095179,0.0630611552387243,0.445344455452962,0.255838926525615
2619,0.0288709648458439,0.0358287831767796,0.0182968816027457,0.0796994546499323,0.706220922406212,0.131082993318487
2620,0.0121921195414978,0.102579521553904,0.219468122860161,0.0290940151092595,0.305019804373844,0.331646416561333
2621,0.0304870849319465,0.0842379200034353,0.0493029014746095,0.12280544749252,0.593828332606328,0.119338313491161
2622,0.00545216334269694,0.0179935968293022,0.0363769022351361,0.0180894709195738,0.150314686117837,0.771773180555454
2623,0.206169075001992,0.227966123583566,0.044580049776573,0.0758993301082297,0.366341230944479,0.0790441905851592
2624,0.0371830456969272,0.0555551062123136,0.104724083851803,0.0751130850668765,0.190086777714686,0.537337901457394
2625,0.0770774392394257,0.200414253006043,0.507055155293836,0.0340442399177175,0.0847658474962318,0.0966430650467463
2626,0.0111944003260678,0.0330632022267021,0.0712058206498326,0.031821740509333,0.173381431392154,0.67933340489591
2627,0.0654384721752813,0.151790905684364,0.320374133470019,0.0371424566686073,0.173626224826317,0.251627807175412
2628,0.101422972226312,0.125002888798414,0.0874141740476447,0.312777927916659,0.289980035620875,0.0834020013900947
2629,0.0395835383842409,0.203902722431591,0.0689766423186449,0.0482182165139012,0.380009576818374,0.259309303533248
2630,0.135003779816232,0.132915224612141,0.14127892055837,0.0892282197290301,0.223304199053585,0.278269656230641
2631,0.0195233655295466,0.207458881552468,0.215281116352361,0.032131218089352,0.278221662421286,0.247383756054987
2632,0.00685333990859933,0.0240496818197194,0.0674903479210913,0.0233879562607284,0.135367938234286,0.742850735855575
2633,0.136842531682817,0.391538458828133,0.060794270050241,0.0954803277558886,0.230190819593746,0.0851535920891751
2634,0.0453767586647926,0.0759060368507546,0.270402203754419,0.0797295701634675,0.154322860829008,0.374262569737559
2635,0.0221427667246102,0.0706463959632721,0.0581947878053093,0.0352433581140714,0.622573200752631,0.191199490640106
2636,0.0241575235537248,0.0713931811604232,0.143427423308477,0.0464780648772318,0.330480979324284,0.38406282777586
2637,0.0205307266923797,0.0792914820413794,0.0327897200154162,0.0256995952424808,0.663239927916592,0.178448548091751
2638,0.0727438608583125,0.0480875854457498,0.0839765178707654,0.299965961448066,0.197712880269477,0.297513194107629
2639,0.091949807292951,0.0786427973902819,0.0505120685561482,0.34550288213555,0.340523995936008,0.0928684486890607
2640,0.0193361804504337,0.0374791509367006,0.0656934877184319,0.0321125212424191,0.12815857212398,0.717220087528035
2641,0.154694255338712,0.193431526007648,0.151729211608083,0.125628331862773,0.208251122587546,0.166265552595238
2642,0.0212126420610119,0.0940151992627186,0.122644568158454,0.0394360432416285,0.224530587139235,0.498160960136952
2643,0.351532700118719,0.379148081283843,0.0282418102540539,0.118652553607946,0.093555421739114,0.0288694329963244
2644,0.00885537935153197,0.117429249425986,0.0459970048867815,0.0187301723140002,0.226118419997421,0.582869774024279
2645,0.019231821031643,0.0725198654319311,0.0424158437396642,0.051062046700649,0.301249093471905,0.513521329624208
2646,0.00596762977080961,0.02249598482584,0.104937811995293,0.0237803010744158,0.0575638121873352,0.785254460146307
2647,0.0739061483585865,0.107493045702077,0.128960972502439,0.130971233734674,0.239526247359219,0.319142352343003
2648,0.178097650452365,0.271451652988792,0.364405816399212,0.0318285168219764,0.0583440370510148,0.0958723262866396
2649,0.0434034228316391,0.0587677983492771,0.102318081248408,0.0598406001285059,0.259388654341329,0.476281443100841
2650,0.0613062792728319,0.0546648892275075,0.212246330420738,0.0556806915728635,0.11666305241159,0.499438757094469
2651,0.0258601557648524,0.0787500850852328,0.0430732037563631,0.0532361328958435,0.562404051151465,0.236676371346243
2652,0.0211309612540866,0.183628269068573,0.0579512533809607,0.0466596502503596,0.428450933850796,0.262178932195224
2653,0.28936387331218,0.231136257953188,0.132495231407488,0.0563114067818546,0.176015647459033,0.114677583086256
2654,0.00726345908709375,0.0460618526575124,0.0854949498449112,0.0537175263968639,0.155377416329321,0.652084795684298
2655,0.38432584773182,0.235306484069509,0.0677530948918679,0.113723240274547,0.153480571132306,0.0454107618999508
2656,0.0127308369075832,0.0671339621486065,0.0624852493208943,0.0353276066522101,0.416349461342747,0.405972883627959
2657,0.0194009399375683,0.0418508228840074,0.188509974938502,0.0362000767242173,0.115179743203689,0.598858442312016
2658,0.186329895278373,0.183627170225074,0.156643268144273,0.234411880455733,0.12849717371106,0.110490612185487
2659,0.145433407251878,0.0902695910474239,0.126120078530805,0.446367449286371,0.0953479349198645,0.0964615389636568
2660,0.0112948172985573,0.0349337328680092,0.0446601273259034,0.0407537738061478,0.255526048688811,0.612831500012571
2661,0.00586332765464486,0.0287755277413827,0.107607609712802,0.0289595338390081,0.104010502451426,0.724783498600736
2662,0.00709337247591852,0.0528210530368086,0.106311515568779,0.0139333716368512,0.129744639702293,0.69009604757935
2663,0.00691758040433412,0.0311420210858527,0.0504053681523772,0.0386052692682156,0.404900056266973,0.468029704822247
2664,0.0404555545568103,0.0975503816336877,0.0362757043266045,0.106838979558448,0.551677994603417,0.167201385321033
2665,0.234294477120398,0.276090975271636,0.1074037310088,0.0713927300126071,0.191527472467491,0.119290614119068
2666,0.00917693349699952,0.0208805583642586,0.133299292466575,0.0232748013133673,0.0340838536907671,0.779284560668033
2667,0.0650553612322152,0.137459433302926,0.43026436741853,0.080793752490798,0.177646450933145,0.108780634622385
2668,0.0182995343404005,0.0776648695098209,0.427176939984253,0.0286937513047194,0.118933978750138,0.329230926110668
2669,0.0472739427623972,0.190707664792996,0.119214208423944,0.0292998744447383,0.215607720052817,0.397896589523107
2670,0.0111352176825387,0.0555509720440643,0.154191342706934,0.0264875293096404,0.189962466568104,0.562672471688719
2671,0.0395560420196541,0.0761724497247082,0.037932092808062,0.0981262125399804,0.329237776818775,0.418975426088821
2672,0.00846182757054276,0.0678385742038111,0.144936951287177,0.0228951104094745,0.186249557840743,0.569617978688251
2673,0.31952467879682,0.323391178474156,0.0530374227418302,0.110762414575538,0.151545081530501,0.0417392238811548
2674,0.0329407193736553,0.0480023860479709,0.0701969616718606,0.282351255144327,0.361769162005474,0.204739515756712
2675,0.509947949783418,0.194695829013468,0.0226652940118151,0.179835366489257,0.0732698387642558,0.0195857219377852
2676,0.0258368833272606,0.0399516579293105,0.0634165681098772,0.145277106233715,0.433777172323646,0.29174061207619
2677,0.0953192154733232,0.231227138843559,0.296411605499401,0.0524634041725746,0.213266071210164,0.111312564800979
2678,0.048244283091732,0.165346968235465,0.189020644918095,0.0578432363348902,0.308742791073624,0.230802076346194
2679,0.00399214243597834,0.018739508045793,0.0474111227009145,0.028306471578151,0.320390916277469,0.581159838961694
2680,0.070747301224507,0.115753592507035,0.339368741732287,0.154277022220348,0.137602442113768,0.182250900202055
2681,0.0477226951537495,0.166479096251114,0.10890217585401,0.0776006132819307,0.313695235610743,0.285600183848454
2682,0.0163609285365829,0.0414739159147892,0.135581613778634,0.137286177966705,0.202487705431017,0.466809658372272
2683,0.439545683061152,0.282173721937455,0.0464689701895216,0.10816310203244,0.103215133608277,0.0204333891711545
2684,0.0133487789417866,0.0431509956973073,0.0512385246407809,0.0817759590043003,0.441657458778566,0.368828282937259
2685,0.145021407929681,0.099871657162401,0.149597553551549,0.0414755099248407,0.0847254989518245,0.479308372479703
2686,0.0168143715144663,0.146110220878711,0.164650865828288,0.0404428222937666,0.197886578664179,0.434095140820589
2687,0.318302329999463,0.201348591968246,0.0933602495292094,0.171608169803173,0.176850430094347,0.0385302286055608
2688,0.046651662998359,0.167945948753092,0.0784966810546513,0.24099367940834,0.328660365303348,0.13725166248221
2689,0.157032868237855,0.612435513942578,0.0316693102150441,0.0441135295207319,0.126003213203455,0.028745564880336
2690,0.0129098629430266,0.0275828375269453,0.0397230114189664,0.207743746582101,0.45985659242817,0.252183949100791
2691,0.0449626356183385,0.223026240486533,0.0758784188002582,0.0520001105824543,0.34061987374547,0.263512720766946
2692,0.054513464313504,0.100648326251023,0.23152030131857,0.0823749187544438,0.204068655304882,0.326874334057577
2693,0.0379451253887693,0.0724982425499003,0.225165036203313,0.0577210867185684,0.136476310765215,0.470194198374234
2694,0.0117773286860691,0.0325646127251674,0.0772816537506746,0.0492937664776719,0.199579436401241,0.629503201959176
2695,0.602310319424226,0.172885582635276,0.0470144966960085,0.0940017241865832,0.0626897203584258,0.0210981566994806
2696,0.0233157659011661,0.100441009216128,0.291472109933617,0.0381567206349037,0.122876338785082,0.423738055529104
2697,0.0417945122123052,0.156930573033238,0.268720743646657,0.0421155986967755,0.155166370992148,0.335272201418877
2698,0.0166259551331668,0.0563225792514245,0.206102178036573,0.052462194285964,0.227444856389173,0.441042236903699
2699,0.0191287078929221,0.129139219670091,0.316901429578172,0.0227689720043183,0.0913338824758803,0.420727788378616
2700,0.00294289431409857,0.0353517114484782,0.0272038822809471,0.00982018548024941,0.335585913908857,0.58909541256737
2701,0.0240272145074152,0.0454522528748287,0.0922550180145499,0.118428971998378,0.265120641445326,0.454715901159503
2702,0.438988297645067,0.179204041807557,0.172735206715492,0.0725195674412792,0.0772312893721994,0.0593215970184057
2703,0.0837720809835541,0.0840380569903403,0.150030602410605,0.10369923688023,0.274662561111927,0.303797461623343
2704,0.03416404936562,0.199963308498428,0.490052459707701,0.0536736851567665,0.107182118970891,0.114964378300593
2705,0.0192741305428755,0.174678646261292,0.401603425281453,0.0244546456944375,0.130213842714518,0.249775309505424
2706,0.0194369349932142,0.0967542760579103,0.169862751156486,0.159782235017473,0.157366584729972,0.396797218044944
2707,0.0154294859333049,0.0328658831250573,0.0319553793956093,0.0641192267109898,0.62456160634568,0.231068418489359
2708,0.360371263679329,0.37010533712369,0.0611794459674904,0.0599681210021659,0.113689092567147,0.0346867396601771
2709,0.0697359545781447,0.156604582370033,0.288482790650157,0.0660377159560107,0.110260750885477,0.308878205560177
2710,0.074127692397582,0.094684729077485,0.229775070218516,0.0750750879042371,0.146119984834741,0.380217435567439
2711,0.0287878685659418,0.0789790420530239,0.166195727778122,0.0466482526298443,0.277819635853583,0.401569473119486
2712,0.128757425117522,0.099996495061157,0.0932316488892669,0.174853994465354,0.343810410956519,0.15935002551018
2713,0.158559993002098,0.230360350523011,0.241307886128119,0.0558536572995163,0.110410489266739,0.203507623780516
2714,0.00530448963690462,0.0631657031896797,0.118519659238166,0.0231669242484379,0.16833269513243,0.621510528554382
2715,0.0392058498245049,0.115786096057539,0.385757290415459,0.0505811247344313,0.225726573543223,0.182943065424843
2716,0.0299394991315173,0.0648092755121846,0.103105018744796,0.07612136474257,0.390397235432498,0.335627606436434
2717,0.0121242996240732,0.0416173630405134,0.0348065487146511,0.0358969375610407,0.262374798321415,0.613180052738307
2718,0.0201120036772849,0.0562781776499904,0.258392423700748,0.0718770909072032,0.182597858571479,0.410742445493295
2719,0.0398539418854562,0.121443346079453,0.209008981530673,0.065488832312775,0.321121722467493,0.24308317572415
2720,0.107249216941446,0.107042205016886,0.26043546803659,0.0965114953084492,0.222674362740623,0.206087251956006
2721,0.0204788607324858,0.0592891177237929,0.0966199093957779,0.0509965678177899,0.308258263885349,0.464357280444805
2722,0.277459150356476,0.50021248185175,0.119994239281119,0.0153301991520317,0.0617806998012591,0.0252232295573649
2723,0.0541233876652385,0.133729592616063,0.125661897081464,0.0729733134501976,0.193259696775475,0.420252112411562
2724,0.67380417310518,0.0887613077832912,0.0608716834289816,0.0947987306906327,0.0568102204008443,0.0249538845910699
2725,0.216557403384021,0.298299790926619,0.0753089097945812,0.193007992957041,0.140376101072297,0.0764498018654408
2726,0.0639409821164165,0.095208417959994,0.0545035317831317,0.169219849664808,0.555163063767416,0.0619641547082337
2727,0.00716180581699382,0.040714212489343,0.0851750460213155,0.0368418920390745,0.303166070923922,0.526940972709351
2728,0.0208874323139651,0.0448006480564137,0.129000525391008,0.0546790218443524,0.12367615784954,0.626956214544721
2729,0.163336409885034,0.227920564402737,0.0919977740822168,0.105528099135429,0.269132115885099,0.142085036609485
2730,0.0214125816305428,0.037255109669873,0.0907735607268337,0.0717835960427954,0.422319612530715,0.35645553939924
2731,0.15728931514551,0.156735479526072,0.0688632284591763,0.181215306624306,0.325941223279773,0.109955446965163
2732,0.0307345042886522,0.0860880866518249,0.279194776222924,0.0368762060862383,0.109129163832385,0.457977262917976
2733,0.0578730545897214,0.138710236537612,0.14183516638269,0.191604595119922,0.376937255575641,0.0930396917944128
2734,0.0357552752334384,0.65828889314177,0.0471320820376697,0.0146863703048758,0.14525311501318,0.0988842642690658
2735,0.0493192716024984,0.445937065537852,0.131768945120474,0.0301504854136878,0.136884687818323,0.205939544507165
2736,0.0371496899577483,0.0855823672807372,0.0561559808619778,0.346257114346158,0.366998219211378,0.107856628342
2737,0.163996447502237,0.12762758648255,0.250551573311129,0.117775359052344,0.169949615699592,0.170099417952149
2738,0.0323854309555956,0.111910850149107,0.13395952612728,0.056897849055305,0.161311754208754,0.503534589503958
2739,0.125436800859147,0.260872510794185,0.244107554542303,0.0398211066637384,0.228602809937958,0.101159217202668
2740,0.222235826710209,0.373603847784,0.0587273204632604,0.0924468651110128,0.112461152596696,0.140524987334822
2741,0.0580968636001856,0.318024658141667,0.109474876497685,0.0389600835665454,0.318237007201932,0.157206510991985
2742,0.0638152063502724,0.0647788317216958,0.044538906183315,0.206305891892968,0.472275874134816,0.148285289716933
2743,0.179588720149514,0.221714084504675,0.103880631375763,0.115176014141186,0.229065595341846,0.150574954487017
2744,0.0324980131955477,0.0789930435287072,0.0596046291237859,0.123412108979224,0.594435258621252,0.111056946551483
2745,0.0152298378904857,0.124845911364734,0.313615814591065,0.0689794227260911,0.247531604848683,0.22979740857894
2746,0.0190699093751032,0.0743890082653083,0.106859430884403,0.0376603207192458,0.291903773058858,0.470117557697082
2747,0.0213810282836933,0.0303895112180888,0.014401665612572,0.0878491188155646,0.643423099850257,0.202555576219824
2748,0.0100761335573858,0.0521753923268282,0.0685375823028204,0.0418466067116368,0.585827593003436,0.241536692097893
2749,0.234563734686763,0.0941961736575856,0.0580440201455361,0.299109525803319,0.22744391004732,0.0866426356594751
2750,0.0133602082547833,0.0661611289867264,0.402215575373684,0.0345385186242122,0.113425177831044,0.37029939092955
2751,0.218785821668678,0.190516852506163,0.0751795278344031,0.110605003309985,0.339254015901389,0.0656587787793818
2752,0.03956657659532,0.16291140953417,0.196155709232805,0.0948212113679267,0.176008735030593,0.330536358239186
2753,0.0634616119490169,0.0669306124224321,0.0209374716328091,0.358425154210408,0.435910486107224,0.0543346636781094
2754,0.0156346671597592,0.226667503545221,0.101748880703571,0.0218199214000646,0.385602169969492,0.248526857221892
2755,0.00394268166353696,0.0110828103739688,0.0491398087820224,0.0145687796976329,0.201860736249883,0.719405183232956
2756,0.0116451968127206,0.0242259322689557,0.0778634465329083,0.0193506410737869,0.0414511796144631,0.825463603697165
2757,0.011106751260771,0.12919279585078,0.0280544981989726,0.0406090803251706,0.512767462537518,0.278269411826787
2758,0.0915048981721624,0.25164475707175,0.186259797742577,0.0332563862003438,0.273463722024818,0.163870438788349
2759,0.0233493314113861,0.201598618043134,0.094115630344347,0.019683313606769,0.266186747081946,0.395066359512417
2760,0.403412023650869,0.0799357841417456,0.0295999348837079,0.424388663271418,0.0514215227318062,0.0112420713204527
2761,0.171974402461058,0.141008012807282,0.0868014774038498,0.246905532636341,0.231817408176963,0.121493166514506
2762,0.0100452704979947,0.143426963570522,0.131340977949095,0.0273026186076774,0.386962198047492,0.300921971327218
2763,0.0490271671354042,0.182006350954745,0.297135211156037,0.0637603647787427,0.202365608033852,0.20570529794122
2764,0.0141148875059129,0.029457572203596,0.152955472169209,0.023006053905968,0.103038392382683,0.677427621832631
2765,0.0294847632300005,0.156755181472831,0.207447305311773,0.0351565147868159,0.183012008528279,0.3881442266703
2766,0.033397928762749,0.127346614672882,0.0965686554201509,0.0620767291715736,0.366643795358978,0.313966276613666
2767,0.0337635665651947,0.100201456323613,0.127232568891842,0.230081921645799,0.248930995203491,0.259789491370061
2768,0.0527081765368157,0.282500190017871,0.353449058149328,0.028186795279918,0.104082792490725,0.179072987525343
2769,0.046769743303883,0.299413124576743,0.117027676299278,0.0818903250736849,0.295279452585183,0.159619678161228
2770,0.003593752906758,0.0430156185561548,0.16674550927281,0.0278182711736884,0.153892880186608,0.60493396790398
2771,0.0310858387489612,0.153683459116519,0.478908625802702,0.0500760155121541,0.122684952453326,0.163561108366337
2772,0.0708672805049128,0.09021774277461,0.102896530642717,0.167983502223653,0.411489509768828,0.156545434085278
2773,0.063595424584036,0.300086372640038,0.127435498434789,0.0411310243908022,0.320605337460544,0.14714634248979
2774,0.118762789272729,0.38149236114565,0.088746095291996,0.0520766869462577,0.234952654977108,0.12396941236626
2775,0.00393434924595248,0.0189183012961636,0.0946781976090749,0.0110077620433357,0.0989358077746114,0.772525582030862
2776,0.0117816511155715,0.0320870026815463,0.0536335927975607,0.0518594538922293,0.268765015543535,0.581873283969558
2777,0.00271265550945721,0.0146505341602857,0.0758319063553517,0.0150501856660337,0.0596140404593198,0.832140677849552
2778,0.0803322791024707,0.149089262205368,0.135082596698058,0.0901521450300292,0.180439237326258,0.364904479637816
2779,0.0413133406234771,0.0856306325239842,0.330859482365609,0.114364019460715,0.147733239514381,0.280099285511834
2780,0.0522815987328828,0.245792974070371,0.271243960056378,0.050042087609397,0.13262038460489,0.248018994926081
2781,0.0155688700997503,0.0372270251113505,0.052197855023313,0.114670701641014,0.522667396532732,0.257668151591841
2782,0.0101307242231153,0.045720133768851,0.20648378591844,0.0255119312879303,0.119915088751887,0.592238336049776
2783,0.28924127912183,0.404183880040308,0.115330787652882,0.0590078572409715,0.0938038044288296,0.038432391515178
2784,0.0659843494327142,0.293614020271726,0.0564780281886428,0.115386765593788,0.391730859235607,0.076805977277523
2785,0.00359495121805067,0.0199425720527872,0.053265934207653,0.033962633043047,0.250999535569313,0.638234373909149
2786,0.0164788189626943,0.0680005897434332,0.0598273811616295,0.0633128102050615,0.389565083351973,0.402815316575208
2787,0.00718110234690925,0.0400018257055913,0.084010285364202,0.0251942491113302,0.232330719810192,0.611281817661775
2788,0.0164157362103881,0.0606655461122366,0.127998555699048,0.0362858697798209,0.138496386154866,0.62013790604364
2789,0.0697511140427525,0.0700742729398854,0.270329488587537,0.0890809629867778,0.21518326532369,0.285580896119356
2790,0.0585219686936853,0.13678114513188,0.0574569468189699,0.0998881286807683,0.423390174021559,0.223961636653137
2791,0.180043133745066,0.0722550514699276,0.0425559063062127,0.4896105497966,0.152687816778602,0.0628475419035911
2792,0.565439171005935,0.262159741179117,0.0267455898537888,0.0494670960860166,0.0742514076066564,0.0219369942684857
2793,0.00984977954232269,0.0683590726791465,0.045757732978444,0.0289078580517941,0.4629326805625,0.384192876185792
2794,0.499906572396164,0.205940940494686,0.0626473642244697,0.0905407528693548,0.107164373107396,0.0337999969079295
2795,0.344033947149433,0.11489316584573,0.0523417307994742,0.353855137684775,0.109606528561089,0.0252694899594994
2796,0.00552808580658104,0.0293045579862565,0.12628833739393,0.0251520242963047,0.101280806182277,0.71244618833465
2797,0.0336544495941858,0.0526506919993046,0.0764617155950617,0.113655073361686,0.172580511969731,0.550997557480031
2798,0.010529926938955,0.134654799647151,0.183914187785947,0.0161348897748844,0.263234487727343,0.391531708125719
2799,0.107864766683316,0.179289967112011,0.312766188959743,0.0377550221464434,0.157117422996932,0.205206632101555
2800,0.00847986423689815,0.0316388220818513,0.0485011475753963,0.0491273282236897,0.233413414812719,0.628839423069446
2801,0.0142722378239909,0.0410407380020463,0.0285861957514954,0.0352599157229672,0.477178118558244,0.403662794141256
2802,0.0276076478897898,0.0834900995147013,0.0603992846520879,0.0979035327425308,0.341384963304391,0.389214471896499
2803,0.0779273060322867,0.519006101377459,0.0898583398749657,0.0227750293545311,0.184019122078053,0.106414101282704
2804,0.0162937024810211,0.0799547288913078,0.120480461166099,0.0582166004701978,0.392894017854094,0.332160489137281
2805,0.231848450280078,0.181413287294177,0.276009916695779,0.090831938734321,0.140533191658414,0.0793632153372313
2806,0.145855527256846,0.0905722096815841,0.0659862275567429,0.24701408615287,0.24322657098116,0.207345378370797
2807,0.0688038985030442,0.167999058908409,0.170928069693412,0.0802497981811782,0.199693893604767,0.31232528110919
2808,0.0100421894667356,0.0460090921742146,0.0595097781906542,0.0295038724279293,0.285273267135728,0.569661800604738
2809,0.0394984742470473,0.0821362734451823,0.279821048693628,0.0544516064489688,0.104002170670525,0.440090426494649
2810,0.0102462193543913,0.0422262382858529,0.0689766857416468,0.0900574436025637,0.456008976830486,0.33248443618506
2811,0.0128532443772181,0.151898722329687,0.228233560950005,0.0497844403682174,0.250174383752277,0.307055648222595
2812,0.389728656295232,0.26958318850804,0.137355307684351,0.0853119869389661,0.0778663524782527,0.0401545080951592
2813,0.0678060500646848,0.115874341858041,0.155233231041134,0.115514830401932,0.283473494027582,0.262098052606627
2814,0.0225408030569457,0.204746730176286,0.235519762393468,0.0442213330608732,0.20931328951279,0.283658081799637
2815,0.0496298680283299,0.0964830142641295,0.156238159725002,0.0822326955736807,0.160497594406085,0.454918668002773
2816,0.202685817347736,0.171432790390756,0.309137564592661,0.0763694686611836,0.161126361513826,0.0792479974938381
2817,0.0761602560161384,0.329878874477973,0.119839006566984,0.0601140735112217,0.274045037074629,0.139962752353054
2818,0.281524461096648,0.286692058767206,0.1726512061051,0.0548215015536108,0.119830752179458,0.0844800202979776
2819,0.487088154218522,0.329496903294385,0.053729326934719,0.0432101258609795,0.0659807527655895,0.0204947369258055
2820,0.298824580789657,0.204496838088755,0.353534962958309,0.0432753906095766,0.0612801069986331,0.0385881205550683
2821,0.00450147658630237,0.0338542481400454,0.0243343885752985,0.0110874821107667,0.442932644441855,0.483289760145732
2822,0.187594033156261,0.201253863998294,0.175832645071369,0.0622090588941483,0.253615889246442,0.119494509633486
2823,0.0697900745059004,0.103219445497637,0.110685882327968,0.102170565885309,0.222869538531151,0.391264493252035
2824,0.0414402750010573,0.147905024211603,0.193676932729625,0.0487605221849198,0.259822722926489,0.308394522946307
2825,0.00505981563867189,0.0430498233948247,0.188425809415587,0.0189764687540621,0.0397109184394056,0.704777164357449
2826,0.02569595764549,0.190127428405343,0.0519851669186118,0.0373605987139316,0.462715825860352,0.232115022456271
2827,0.108022769557637,0.391472900687728,0.124092899787619,0.0368965764293292,0.181437789228879,0.158077064308808
2828,0.0222127064035556,0.147582057286954,0.145484861898812,0.0533138339182472,0.396805852833662,0.234600687658769
2829,0.0307939876838685,0.0378236536568081,0.0342165755404624,0.160341841414254,0.588099074684062,0.148724867020544
2830,0.00447035206349995,0.0324057884384222,0.113577016236976,0.0247250047316247,0.159455359581885,0.665366478947592
2831,0.333966671501457,0.438399681038197,0.0841342265193073,0.0441865195235149,0.0614469786481427,0.0378659227693812
2832,0.0318146419096954,0.228399302442699,0.235391823495781,0.0275509913807149,0.255497134816005,0.221346105955104
2833,0.128208668711099,0.123241460499484,0.0949534268334911,0.184272776760025,0.269334544211764,0.199989122984137
2834,0.0217596709490108,0.0709663413202907,0.0920713884097617,0.0373346776534862,0.257120034523732,0.520747887143719
2835,0.26761642553054,0.213243766106395,0.0378845110543633,0.1894760045803,0.21703798000615,0.0747413127222521
2836,0.0124366813315897,0.0294673272698434,0.0457150225221459,0.0464489305530476,0.249236205188274,0.6166958331351
2837,0.0589283705525366,0.232467492452837,0.327494257703983,0.0577520159955644,0.160500357397996,0.162857505897084
2838,0.145836839885961,0.211882066808288,0.219506987497439,0.0849040298054015,0.123762389891868,0.214107686111043
2839,0.145304784088708,0.175567265449703,0.137946022940424,0.0968028844257103,0.257155198173128,0.187223844922327
2840,0.126654315367596,0.0945004105316578,0.160126473722404,0.167106225999514,0.198936191251734,0.252676383127095
2841,0.44936549908437,0.1066997422575,0.0546554052605946,0.179784612798903,0.153577526811136,0.0559172137874958
2842,0.00702311853943127,0.0275350889399465,0.0238393587902426,0.0450184696053448,0.549850064991738,0.346733899133297
2843,0.141849084344709,0.123609534032953,0.142015354762443,0.0949331296588149,0.262016907743817,0.235575989457262
2844,0.0280375180945204,0.0862188861892067,0.603302818655841,0.021441591634212,0.0719633280630611,0.189035857363159
2845,0.177254328759105,0.342861486771406,0.173808941750109,0.161792294257397,0.111236766931099,0.0330461815308829
2846,0.0140572964585125,0.046345829413584,0.0489094066836577,0.0531778907249357,0.404111246854954,0.433398329864356
