"CUS_ID","F20-","F30","F30+","M20-","M30","M30+"
2501,0.0903015158675118,0.48039081839583,0.0992040789373426,0.035548629396989,0.15484728026613,0.139707677136197
2502,0.0354243195906678,0.146218581927755,0.200235627434059,0.0756008217783086,0.348054734803487,0.194465914465723
2503,0.0598319518737769,0.380560125694233,0.0556940872362288,0.060901704309594,0.339451665784125,0.103560465102042
2504,0.373820258950032,0.143787483525368,0.133666572676427,0.164899796154354,0.0914814860626386,0.0923444026311805
2505,0.0378798328619552,0.142576258218278,0.167980333286678,0.0548995474896566,0.167301266439227,0.429362761704206
2506,0.0211034680560205,0.324886605698961,0.0957498429439399,0.0253047141311929,0.269246967133917,0.263708402035969
2507,0.0131287357890584,0.0320635023024287,0.0910218002888652,0.0297202430731985,0.204466357256731,0.629599361289718
2508,0.00774875889104659,0.0338347099462896,0.0386755053556078,0.0308532390827137,0.44418087498652,0.444706911737823
2509,0.0274503809314998,0.0486878069112262,0.171735476944244,0.0419882064281386,0.163857108275928,0.546281020508964
2510,0.0158957530297287,0.085022330357648,0.0577736412212105,0.0354191106107482,0.358473252204436,0.447415912576228
2511,0.658130664866912,0.0998036893441191,0.07514054111984,0.105097046957184,0.0414507302761056,0.0203773274358397
2512,0.0522200665342996,0.16702147936648,0.0732792966092556,0.141464919864553,0.45402858979847,0.111985647826942
2513,0.00700912697513305,0.0287564031267082,0.0868378140536226,0.0287023271255511,0.263759247885878,0.584935080833107
2514,0.111137414953635,0.560176944629491,0.0609268987073722,0.0343236481637009,0.177786808793594,0.0556482847522078
2515,0.0154942528127376,0.0505060537248241,0.117180761293651,0.0383354316004334,0.185109396577294,0.59337410399106
2516,0.0772524791179625,0.114099170095124,0.0727150106291024,0.153130814280883,0.342654148229827,0.240148377647102
2517,0.0300109963657663,0.378961434484048,0.12349281922958,0.0150970274006639,0.194436045582685,0.258001676937256
2518,0.458262061419585,0.228294014188425,0.099328135529706,0.0617463276136279,0.0863839197303273,0.0659855415183295
2519,0.0464644539189038,0.843591785738487,0.0194989056013573,0.00892324058050149,0.0551918211511923,0.0263297930095583
2520,0.0269255676351694,0.0517966451278192,0.0205646576540182,0.0990589658268253,0.622123111920803,0.179531051835364
2521,0.0222547944496373,0.0661774329150056,0.291577264627799,0.0439909820806291,0.123953316098141,0.452046209828788
2522,0.328336994443123,0.236254294991118,0.174306447339314,0.0738647907839465,0.124586040953517,0.0626514314889816
2523,0.0584876059985409,0.374401360984794,0.0856455565663246,0.0169326391668866,0.309853419228965,0.154679418054489
2524,0.0470724332497915,0.127181137269682,0.286954414586569,0.0561435708264956,0.119881196563368,0.362767247504094
2525,0.108842270004022,0.0733168162337563,0.0751924452670413,0.405607880610073,0.272722976710959,0.0643176111741492
2526,0.103135542461244,0.228517588684109,0.0772945928164709,0.0977664190221084,0.321989315180646,0.171296541835421
2527,0.543482405555953,0.167754998003638,0.0894557208737213,0.0532748212395001,0.0872694922031782,0.0587625621240084
2528,0.00644101841639353,0.0203831019783916,0.0604654328095347,0.0475307472624285,0.20334639036307,0.661833309170182
2529,0.0690018900333109,0.0978834505552927,0.283204637963551,0.0622204956358224,0.119747213031224,0.367942312780799
2530,0.00385740414690063,0.0179087739855214,0.134632924523328,0.0209014908159837,0.105954525622867,0.7167448809054
2531,0.0378797096257129,0.145972141828932,0.13828204062675,0.0844413370352077,0.327362862535582,0.266061908347814
2532,0.0340171441318492,0.168847762575877,0.154950006850855,0.0672744809130992,0.263514984977924,0.311395620550396
2533,0.00315351548113791,0.00891921692956405,0.0579818719023409,0.00872086653717717,0.0271834486965544,0.894041080453226
2534,0.23345415896773,0.067039741301161,0.0533464506112463,0.492463836178465,0.0916297090704861,0.0620661038709114
2535,0.0567041571284264,0.118172436305858,0.147778804317236,0.0547350465530284,0.182627695430334,0.439981860265118
2536,0.141107285185381,0.246634760020923,0.111267695771483,0.0650903153921526,0.191727537227331,0.24417240640273
2537,0.0333743769270696,0.75992251384593,0.0854378130105321,0.00726624557004549,0.0657320203471453,0.0482670302992779
2538,0.235305975780161,0.106733716312951,0.0668986187778969,0.110979367792093,0.315132138570519,0.164950182766379
2539,0.160351827124153,0.272627003867974,0.221499244960688,0.0444289297705993,0.150177166157782,0.150915828118804
2540,0.379622980968327,0.164190409602133,0.0398850764568673,0.159937497957169,0.214446376458925,0.0419176585565784
2541,0.143474881202335,0.0658655309637067,0.0200277519311014,0.381625520060221,0.326258460484288,0.062747855358348
2542,0.102917919336199,0.450427877250462,0.0686612602945271,0.0334240445925698,0.292733463573937,0.0518354349523053
2543,0.0114311165409289,0.0251903597140571,0.0776024534638752,0.010405673640058,0.255321632381606,0.620048764259475
2544,0.0994494264982175,0.140083212795647,0.11085742497438,0.227724454616653,0.161741487860144,0.260143993254959
2545,0.0329006289695555,0.312517046323487,0.0515526879875829,0.016121081758833,0.384107988707665,0.202800566252876
2546,0.0346202211352683,0.0351214691045531,0.0131883496775751,0.263031998927271,0.574835991264404,0.0792019698909283
2547,0.0857584168638413,0.172566875097079,0.289855794844121,0.0511547788623611,0.185458584831916,0.215205549500681
2548,0.0681969508125193,0.0842878662615691,0.106497805747858,0.215543996443836,0.426399359295506,0.0990740214387119
2549,0.00879664632301665,0.0414151994757894,0.0387741276202445,0.0478697827212768,0.325835736625953,0.537308507233719
2550,0.0164825861624122,0.0270625526555422,0.017705493230595,0.180560417993169,0.582052136472774,0.176136813485507
2551,0.134881019043335,0.226368855329794,0.05484034711188,0.177243540121658,0.247418443948797,0.159247794444536
2552,0.149849073763761,0.371627843199461,0.154171647320794,0.0577784152510422,0.127864710659095,0.138708309805847
2553,0.501942529470455,0.201474206400188,0.0415108843015314,0.107075240868158,0.125207314434607,0.0227898245250608
2554,0.0957080224533522,0.189165685090722,0.102869466501374,0.138265131376876,0.380621338222118,0.0933703563555583
2555,0.0161771829597356,0.0768051838181373,0.0643647238605538,0.0458899859290662,0.600147360198226,0.196615563234281
2556,0.0797101470125052,0.287266536857166,0.288759763463181,0.0535095180017395,0.156128568041051,0.134625466624357
2557,0.308874699724937,0.234297742418276,0.323035037951515,0.0463858971339434,0.0611963980379532,0.0262102247333746
2558,0.0398337132579325,0.0936388457251145,0.634306466436127,0.0376737753799977,0.091320515142365,0.103226684058464
2559,0.072496131314597,0.468299788646285,0.140487769542757,0.0304518315514522,0.105968487755688,0.18229599118922
2560,0.00862889075436383,0.0957833044069068,0.09801765005575,0.0257103442312622,0.180847310228988,0.591012500322729
2561,0.0218331528751892,0.0684705710023357,0.160897792037115,0.0158729911366923,0.118807337298203,0.614118155650464
2562,0.334429483918562,0.378682865062074,0.0425822214901468,0.0388558666874212,0.179977828791807,0.0254717340499893
2563,0.265094092115922,0.178600100373849,0.261624535175528,0.0856156626632259,0.0996006274789479,0.109464982192527
2564,0.146471792173443,0.0775013854008579,0.0806046781897516,0.328567995048819,0.21446417401144,0.152389975175688
2565,0.0225596304002339,0.0745248125936484,0.0762527070743277,0.0391913830563824,0.191199173040862,0.596272293834546
2566,0.0136794958655368,0.0347815191145325,0.0956806924626932,0.0987338420244509,0.312755240643036,0.444369209889751
2567,0.0377598164780292,0.136281950096734,0.119605418303558,0.0542833008912886,0.151715633937367,0.500353880293022
2568,0.00949936827321155,0.0492816263229288,0.0747139955315864,0.02789708699368,0.234346304712329,0.604261618166264
2569,0.0254262873331197,0.0817882106544861,0.212350556074395,0.0185401331011908,0.168936884820988,0.492957928015821
2570,0.0264179467492146,0.561111046603506,0.0998893595413411,0.0148394534933648,0.149764449350046,0.147977744262527
2571,0.114916860568169,0.0825962764495531,0.0300968104564205,0.326374513569424,0.321308512581289,0.124707026375145
2572,0.078873824013883,0.0800357434017851,0.36939373470382,0.128615497561835,0.121501768651739,0.221579431666939
2573,0.0866702499309194,0.319702867510355,0.0848020847137259,0.0389746170324824,0.269635466771581,0.200214714040937
2574,0.0304452401293723,0.05538650373467,0.02964486122783,0.430406956544212,0.376582326948862,0.0775341114150546
2575,0.020613784526553,0.0298987053815376,0.0164969923410384,0.140341407766784,0.684875937001075,0.107773172983013
2576,0.299853597020394,0.327184331219213,0.117742350196805,0.0736601512576513,0.0914813722974454,0.0900781980084915
2577,0.0438084115923574,0.223453135512849,0.280338843943106,0.0300105714206122,0.176774907870051,0.245614129661025
2578,0.00207048783710431,0.00772214737971407,0.0363540285195393,0.00990195173909851,0.0636442422356963,0.880307142288847
2579,0.271596606413956,0.210187511419397,0.301083055040093,0.0403999183705368,0.0899247803613906,0.086808128394626
2580,0.0648714196896429,0.280582212902226,0.165942690363535,0.0290561799561504,0.21055516344417,0.248992333644276
2581,0.0111495747918091,0.0456924221696787,0.0860580425174589,0.110567889283198,0.449444141595038,0.297087929642818
2582,0.121260470400255,0.544037090557634,0.0682993672470101,0.0306296223613218,0.179519233819135,0.0562542156146437
2583,0.0490969760214918,0.572039739377735,0.168432665111806,0.0173974909360231,0.101710898030321,0.0913222305226222
2584,0.294019308418039,0.58731745552071,0.0307374018971118,0.0128691008566985,0.0577228343966948,0.0173338989107458
2585,0.0210156480235454,0.0638900880450548,0.065896512783334,0.0666827847839352,0.47872945258284,0.30378551378129
2586,0.0438562303825541,0.289513084235219,0.123701157186427,0.0382866713028857,0.202990184093571,0.301652672799343
2587,0.202961447285661,0.0734079879034102,0.0536875219166428,0.280994806517921,0.283016881205706,0.105931355170659
2588,0.048530318206519,0.03377953589595,0.0247458140090716,0.173800998132095,0.594291417776829,0.124851915979536
2589,0.0449876670241538,0.0866868783974923,0.0473847721022603,0.137168373163874,0.579438115550844,0.104334193761376
2590,0.0142798673895684,0.0631654209937478,0.143925929151057,0.0668836742505673,0.182216696185727,0.529528412029333
2591,0.0988846715059382,0.124639824586343,0.263967135016161,0.042984069831806,0.0825753163877416,0.38694898267201
2592,0.0186852871217272,0.0494456532967394,0.0274427003728674,0.139496310561086,0.611963706814801,0.152966341832778
2593,0.19798545585198,0.212196102943126,0.0744668909150521,0.195954784582554,0.224892039883116,0.0945047258241709
2594,0.0294753596814812,0.0578479484640997,0.0563282146021653,0.0299529955789143,0.423961310107698,0.402434171565642
2595,0.0995762412918566,0.115428728147032,0.223786003627763,0.175262931842138,0.167713388743174,0.218232706348037
2596,0.796626171025068,0.0612199749466334,0.0125785961288551,0.0932087334089397,0.0307671474920599,0.0055993769984437
2597,0.00970276099668245,0.0412661878974531,0.190715435972258,0.029596177373737,0.173789825665205,0.554929612094665
2598,0.0162131841962844,0.0997965883693692,0.122769714453183,0.0162733529085649,0.138614321053787,0.606332839018811
2599,0.21870002659382,0.222320562251452,0.104130797264308,0.186856149480296,0.171327130701558,0.0966653337085661
2600,0.0180947597355503,0.0593117168691091,0.0893794073582629,0.0517951018835677,0.696322389462929,0.0850966246905806
2601,0.0362717144059591,0.0827170123936486,0.221243496457358,0.0419302006609786,0.131735405132439,0.486102170949617
2602,0.0233973004959872,0.0819230667813173,0.100623292398483,0.0411006787945116,0.198155550383207,0.554800111146495
2603,0.0405220003251344,0.566404175256879,0.0413435687628084,0.0270806088264373,0.257369579630662,0.0672800671980786
2604,0.0468960968225156,0.166258793933053,0.307068975480064,0.122349919745869,0.104344016058324,0.253082197960175
2605,0.0049585665625342,0.087194315058928,0.281356049255437,0.0329109479215378,0.230449081921769,0.363131039279794
2606,0.0406354807136635,0.0888852339009507,0.116687310852447,0.0410091696035872,0.224017115698279,0.488765689231072
2607,0.00746178321254178,0.0224691586463012,0.0670299336991848,0.0220390763054298,0.103190214254367,0.777809833882175
2608,0.212891410059986,0.170381778583159,0.0735851229332905,0.146661445055483,0.242663596475148,0.153816646892934
2609,0.0201185067107851,0.0481946102670906,0.0547726171532902,0.0991881069185488,0.42585892670401,0.351867232246275
2610,0.103164720024658,0.201374752212215,0.0551155865285974,0.162400747947871,0.287469407700032,0.190474785586626
2611,0.0225476845980658,0.0739126161285228,0.20142973096562,0.0373095036826614,0.0834972287398402,0.58130323588529
2612,0.070141650878969,0.263269598520745,0.125091885849127,0.0400454336496017,0.144112981445449,0.357338449656108
2613,0.438497918678435,0.362745438020744,0.0561056248756517,0.0548021984150333,0.0692700360770129,0.018578783933123
2614,0.136734656911804,0.104026744560213,0.0744764304622654,0.158164196457602,0.258409230426005,0.26818874118211
2615,0.43290729308424,0.254784032564658,0.158354995576042,0.0477024078716063,0.064633351760467,0.0416179191429867
2616,0.0101119699642384,0.0567245601563866,0.0706801291383981,0.0481522647804525,0.47948322420333,0.334847851757194
2617,0.168971102937124,0.311355544343648,0.269097680874238,0.0377682862296379,0.123283850017947,0.0895235355974047
2618,0.0590141276516695,0.0709132477499159,0.0973747769430425,0.0622838232381776,0.441172019428886,0.269242004988308
2619,0.0295431846945427,0.03440085540132,0.0173745753744086,0.0767666045094564,0.711605002799937,0.130309777220336
2620,0.0119088679495305,0.110647147697509,0.246863985963487,0.0265891465752582,0.27622371601625,0.327767135797964
2621,0.0300564003166971,0.0842439410542415,0.0432235804787046,0.119492959481763,0.610539900669229,0.112443217999364
2622,0.00429277974265948,0.0146089034525943,0.0302718329270416,0.0150521931194321,0.144239201720636,0.791535089037637
2623,0.230904197631138,0.217077110730752,0.0431869461558607,0.0775741302694985,0.355808131709265,0.0754494835034855
2624,0.026789967535537,0.0499088120800107,0.110946139397384,0.0605174630303777,0.170168188633856,0.581669429322834
2625,0.0837207590681255,0.19637458737252,0.518955086193308,0.0337169874898582,0.0766155960142823,0.0906169838619065
2626,0.00949364897206616,0.027525138706769,0.0608796307504173,0.0267429387786477,0.170253082167002,0.705105560625098
2627,0.0649721207758861,0.148922080331793,0.329859628210866,0.0301857282622895,0.17070751224913,0.255352930170035
2628,0.102925039799618,0.125384526711966,0.0773245446676826,0.336154153318093,0.284208745064605,0.0740029904380361
2629,0.0375159544092892,0.222851647099556,0.0614782460959011,0.0451598147121922,0.370551918262306,0.262442419420756
2630,0.143666632721865,0.12812127944565,0.140550416422452,0.086098644741034,0.225433009260971,0.276130017408029
2631,0.0187607587187286,0.221137781771079,0.204248556867339,0.0268407189369046,0.292752017017749,0.2362601666882
2632,0.00619319371152026,0.0205694128120809,0.06955129499416,0.0217976384831115,0.141336703975438,0.740551756023689
2633,0.130547914524564,0.401379762949393,0.0631938606902529,0.0898281279124004,0.226890480556212,0.0881598533671778
2634,0.041549959847614,0.0776725294451453,0.262191058066539,0.0793615192310912,0.162690811873617,0.376534121535993
2635,0.0228914419437124,0.078882000158744,0.0601571868007871,0.0350467624996708,0.611702782321593,0.191319826275492
2636,0.0263028301402789,0.0663333929926719,0.13279142323747,0.0441634899330401,0.343213747539769,0.38719511615677
2637,0.0171173556147547,0.077314694905593,0.0293987299623538,0.0251346310710235,0.677054339572054,0.173980248874221
2638,0.0686993141564601,0.0476780650527488,0.0745814946334843,0.306650371466346,0.189863641372484,0.312527113318477
2639,0.10268833321631,0.0717076415266651,0.051122434414381,0.348572257801357,0.338372325595045,0.0875370074462428
2640,0.0189809058587772,0.0386531180747459,0.0633684145049507,0.02919461200935,0.133149892038543,0.716653057513634
2641,0.17310038470944,0.194606698941874,0.146912047387243,0.1312845137471,0.190654799874739,0.163441555339604
2642,0.0175698854632448,0.0885966221065992,0.128840561023947,0.0340642769225391,0.23308394815608,0.49784470632759
2643,0.376810474984203,0.358225442745387,0.0273807889399652,0.118498887814263,0.0927203268145857,0.0263640787015956
2644,0.00809744676954493,0.11659380530485,0.042738689086109,0.0173200758774266,0.233674016530881,0.581575966431189
2645,0.0223012005248988,0.070816527255759,0.0411028026606232,0.0562013862839973,0.304880511340405,0.504697571934317
2646,0.00472472734001936,0.0206205183716257,0.0901645372415487,0.0201101652929893,0.055994921459914,0.808385130293903
2647,0.0767796104164975,0.105868492286171,0.116810176355183,0.126844720890311,0.247709600281126,0.325987399770711
2648,0.155521596423398,0.270561036773204,0.414198793042662,0.0197094506994812,0.0465460449452748,0.0934630781159795
2649,0.0406614198825447,0.0568617634066622,0.0966164167011398,0.0533154721172083,0.237570897353776,0.514974030538669
2650,0.0599735967168036,0.0466860360824433,0.223454476735071,0.0546001707385328,0.10788739828439,0.507398321442759
2651,0.0256632447237864,0.0813590806283218,0.0424093502257351,0.0524908802013669,0.55644140276831,0.24163604145248
2652,0.0198132486883266,0.17511762383478,0.0587351756715797,0.044069158998763,0.434722519060184,0.267542273746367
2653,0.259411296240746,0.243583636242094,0.132478723772234,0.0578470567290727,0.18066531387414,0.126013973141714
2654,0.0062161464618019,0.0459464124913774,0.0882563769856275,0.0507985487695171,0.153163044473957,0.655619470817719
2655,0.418853747339478,0.238474112541222,0.0668643129068474,0.0945951484714814,0.139847259619413,0.0413654191215592
2656,0.0116922608166032,0.0658603025839056,0.0609844249007161,0.0335801525630685,0.411991155134401,0.415891704001305
2657,0.0180685297740555,0.0407953078283335,0.196015633418839,0.0288783823906473,0.105565535013644,0.61067661157448
2658,0.177807096975929,0.177233696232622,0.158216069988181,0.255559094757859,0.128605890110571,0.102578151934838
2659,0.150643048390701,0.0834896932725054,0.108225635288162,0.470953690092511,0.094303841391669,0.0923840915644509
2660,0.0106351214976665,0.0369715548881712,0.0443304938583666,0.0365522884007894,0.258900780059281,0.612609761295725
2661,0.00509177532036828,0.0260803360949805,0.10071118909194,0.0233385879374674,0.0945936654925546,0.750184446062689
2662,0.00670370440051414,0.0504697951439018,0.109621664079749,0.0131631531185574,0.122156320296563,0.697885362960715
2663,0.00735537285578118,0.0314277348292495,0.0493633949825448,0.0362517203187008,0.403820892444367,0.471780884569357
2664,0.0393720779414531,0.105455611218411,0.0343593147056091,0.0997935087071337,0.550561426016104,0.170458061411289
2665,0.246294572640734,0.284807515291521,0.106257969308738,0.0637367901068676,0.181373255328749,0.11752989732339
2666,0.00623633781341455,0.0159632314805804,0.116047586152024,0.0159593989778699,0.028753239288197,0.817040206287914
2667,0.0734737882087585,0.136736781114217,0.42911638598981,0.0760985534050576,0.175739338459406,0.108835152822752
2668,0.0156921842936548,0.0753999359708332,0.441698350990561,0.0232240342932706,0.120564999278297,0.323420495173384
2669,0.0529001219617184,0.185724016618463,0.113590882771639,0.0298529199485664,0.21657505130008,0.401357007399533
2670,0.010875493168508,0.0562919881165645,0.155607807132352,0.0240567041394548,0.188433893796573,0.564734113646548
2671,0.0355694105680247,0.0817740088881807,0.0431248871360634,0.0985228542365096,0.344261497409805,0.396747341761417
2672,0.00728512176545275,0.0613073778939437,0.141281102600069,0.0204507752338873,0.192796285834587,0.57687933667206
2673,0.33220078276953,0.310678497732148,0.054577912165119,0.112303440649274,0.147829518138948,0.0424098485449808
2674,0.0309468566492251,0.0471073037544687,0.0699605442643692,0.247240880218991,0.376425912115607,0.228318502997339
2675,0.560814901524515,0.182688032732677,0.0199728635013503,0.149126119563663,0.0723496338082119,0.0150484488695828
2676,0.026084508500732,0.0377977691299515,0.0582514915476866,0.136671998632039,0.433304436766802,0.307889795422788
2677,0.0798709750670496,0.226220885514508,0.305689449818357,0.044422340429373,0.227747745436519,0.116048603734194
2678,0.0476963702936373,0.176731536762466,0.207379616321001,0.0538759228878673,0.288396957837691,0.225919595897336
2679,0.00345386748612997,0.0205675685874719,0.0450186234164615,0.0249900819007268,0.314575773682302,0.591394084926907
2680,0.0668405310430284,0.114761756438929,0.342514345683125,0.172550702633769,0.140331829095264,0.163000835105884
2681,0.0392720765480549,0.165610346689076,0.118936267207192,0.0663188008753774,0.32051919791722,0.289343310763079
2682,0.0154910119292633,0.0386599975722977,0.124674261523127,0.146472992733313,0.217498973196366,0.457202763045633
2683,0.450512602015918,0.282108776206232,0.0351885498323211,0.116929338260864,0.0988214666132116,0.0164392670714526
2684,0.0116840754975352,0.0430715813286404,0.0473833607685626,0.0890340525098464,0.44633121234707,0.362495717548345
2685,0.141856388226257,0.0892080862902061,0.150886257919529,0.0401374911602841,0.0825246646295097,0.495387111774214
2686,0.0182846097210533,0.149463801167033,0.15200683556131,0.0430575151112373,0.192114312767131,0.445072925672236
2687,0.325725017385153,0.211489319201652,0.0946994606829345,0.165451555091885,0.165251577825114,0.0373830698132621
2688,0.0395696072180213,0.154218220327273,0.0731228356048251,0.254563318320326,0.350981110012209,0.127544908517346
2689,0.171234073068182,0.598335815592923,0.0316309534416119,0.0453171858518286,0.124786112874072,0.028695859171382
2690,0.0128557221362218,0.0256926322154659,0.0366266888546461,0.214450586043795,0.454019604580388,0.256354766169483
2691,0.0435649905383608,0.225329684626768,0.0810714301048249,0.0571504573419729,0.342456767953621,0.250426669434453
2692,0.0695267453029752,0.109691051279416,0.232202949957671,0.0707909301707145,0.219243123836677,0.298545199452546
2693,0.0417945361391146,0.0731913907755978,0.228503744862102,0.0519918018503587,0.14701500130479,0.457503525068038
2694,0.010140712483558,0.0282000802208207,0.0701772927759429,0.0492894079184426,0.210726933894315,0.631465572706921
2695,0.595843138530738,0.171957719534639,0.0475219383569418,0.0992494654534323,0.0645065610545573,0.0209211770696914
2696,0.022972405205716,0.0880809451414754,0.297821407675561,0.0330117731093361,0.122778866021567,0.435334602846345
2697,0.0478165991587752,0.153790011754178,0.2652538142981,0.0389501821563034,0.171010185844219,0.323179206788425
2698,0.0155729507383118,0.0514659281892325,0.227829364883886,0.0463899117545596,0.219724969215143,0.439016875218867
2699,0.016692823425232,0.124179814049063,0.344968189419871,0.0155380750759294,0.0804706377426433,0.418150460287262
2700,0.00271394996358412,0.0369842798514127,0.0284369086220178,0.00846377817491114,0.327160720918339,0.596240362469736
2701,0.0204824513306724,0.0494969398260874,0.0910212577950437,0.109320296505599,0.27884817799127,0.450830876551328
2702,0.427216706456155,0.185244800118952,0.183295905789792,0.06612414274998,0.0749510165880843,0.0631674282970366
2703,0.10052340106215,0.0831862933959986,0.153716732740653,0.104174083620714,0.250058608521514,0.308340880658971
2704,0.0370166665339024,0.20561885413413,0.482910172150334,0.0464963287714843,0.106477386861883,0.121480591548266
2705,0.0184148265988243,0.159238559121153,0.424295065468382,0.0218375999776993,0.128082695961564,0.248131252872377
2706,0.0161059678071878,0.0915075028775983,0.183394146367938,0.145540760737755,0.179004492863805,0.384447129345716
2707,0.0147385357413194,0.0358855398411891,0.0302977321495309,0.0633477190202914,0.616524321819306,0.239206151428363
2708,0.372425273816134,0.368984904594025,0.0635169791364553,0.0557273936640086,0.106002274640284,0.0333431741490925
2709,0.0728963477639504,0.172444370000204,0.30606972083886,0.0468451015732993,0.110344547427954,0.291399912395733
2710,0.0778278112293872,0.0736191064024308,0.228582275384658,0.0697342798727891,0.117094511281376,0.433142015829359
2711,0.0345920425276232,0.0724307380906026,0.16349066797124,0.0487495243293484,0.278010670984724,0.402726356096462
2712,0.130611407242244,0.0906990862349794,0.0953481480543944,0.205029287722893,0.321894510765932,0.156417559979558
2713,0.151301432314416,0.238522153838064,0.249108795881583,0.0536147365707359,0.108605707035038,0.198847174360163
2714,0.00518619158199758,0.0621965025406164,0.129514748550739,0.019593863755627,0.159962787586489,0.623545905984531
2715,0.0359750686236601,0.11230891311278,0.39466042777083,0.0402918078442696,0.219990138056722,0.196773644591738
2716,0.0316648960858944,0.0682625956302469,0.0935920847100795,0.0716392101864996,0.39327611354259,0.34156509984469
2717,0.011971131356652,0.0425223002216466,0.0384961143230645,0.0371641329975954,0.281460807238144,0.588385513862898
2718,0.020806195144359,0.0557105883573675,0.273654205088799,0.0676595661432425,0.16652058982689,0.415648855439342
2719,0.0348550963941585,0.111665451093534,0.210071807854457,0.0586612742765889,0.324017804998969,0.260728565382293
2720,0.10009158932656,0.10221516762358,0.251653867737401,0.0937674235821878,0.234066955503399,0.218204996226872
2721,0.0184871257519578,0.0544319255885686,0.0959834654448754,0.0461537316905339,0.32705009282069,0.457893658703374
2722,0.288006032674503,0.497357525838237,0.12035765911492,0.0136456429549483,0.0573508412036607,0.0232822982137307
2723,0.0529236858651243,0.144975428135021,0.113527160487536,0.0621924439918372,0.202476854549189,0.423904426971291
2724,0.691783603946183,0.0894057946719318,0.0559310171194162,0.091903424564995,0.0500380663247869,0.0209380933726869
2725,0.253553187395351,0.27957480540458,0.0709855430303695,0.211373804193225,0.118023362424329,0.0664892975521453
2726,0.0582997260533997,0.0965808660254413,0.051343995969413,0.158465428608321,0.572133709288831,0.0631762740545943
2727,0.00610339870709723,0.0407626144989585,0.0720514662426443,0.0335079767662285,0.302010221916344,0.545564321868727
2728,0.0218689687863062,0.0407810594786214,0.135887990997889,0.0533473856353739,0.130714666759144,0.617399928342665
2729,0.157681077218786,0.226685843614778,0.088320209526416,0.112084642847978,0.266544317474183,0.148683909317858
2730,0.0157375308363638,0.0322860567557814,0.0756916644279193,0.061192106140871,0.427690742799218,0.387401899039846
2731,0.17064073844559,0.165794302701011,0.0679586968476624,0.163579909579964,0.32531345598693,0.106712896438843
2732,0.0251582439053362,0.0771884211272664,0.280084421697329,0.030162470239771,0.107656698228805,0.479749744801493
2733,0.0510101693049348,0.13881878893944,0.138602115297181,0.175297246409012,0.395773455713219,0.100498224336213
2734,0.0333009873170224,0.700668615480023,0.0440579780467127,0.0127335205808296,0.122103754944046,0.087135143631366
2735,0.0440748987168723,0.457019014218498,0.135224898554509,0.0277544472636559,0.137395917795063,0.198530823451402
2736,0.0365699669498784,0.0832575745609292,0.0539603046116585,0.366293256176476,0.357058824337472,0.102860073363586
2737,0.17344459962878,0.108657204688375,0.270614161960077,0.0841457542754086,0.181386448469212,0.181751830978147
2738,0.0275520897528677,0.111288214491294,0.126081459182061,0.0577335842404213,0.151114034979091,0.526230617354264
2739,0.130917765670913,0.256207887220104,0.254507895065756,0.0416727627267355,0.219738502834459,0.0969551864820328
2740,0.245680782935629,0.343125449501437,0.0580309592074484,0.0889899144046672,0.113858685958399,0.150314207992419
2741,0.0638148904305351,0.316742998157337,0.11886763639132,0.0336400808106873,0.319139481091492,0.147794913118629
2742,0.0591746284454619,0.0653120851278611,0.0422972758070611,0.209641420579486,0.467878631296935,0.155695958743195
2743,0.199462180027191,0.224532365034276,0.105727793902618,0.110504707096947,0.216558150700515,0.143214803238452
2744,0.0278220579596081,0.0803030168740507,0.0488697780352369,0.120315062250188,0.623489329404944,0.099200755475973
2745,0.0078739776287591,0.0755930817148135,0.317748177131573,0.0673946352685066,0.304280286419667,0.227109841836681
2746,0.0192740476747391,0.0835433808885583,0.117037759137415,0.0366150793799546,0.290899323822294,0.452630409097038
2747,0.0196614782841075,0.0300455177885508,0.0131405519997825,0.0890266003504995,0.661105096427354,0.187020755149705
2748,0.00898538712183927,0.0483226195530183,0.0639424421438787,0.0382745751529438,0.620081591908338,0.220393384119982
2749,0.219039527248428,0.109235654775198,0.0584293746130157,0.302996502334177,0.225842720843071,0.0844562201861106
2750,0.0128702049222016,0.0616065249356823,0.389953611269464,0.0342910406425489,0.119967748787701,0.381310869442403
2751,0.218052541039992,0.167519811637633,0.0571884241867116,0.113858771346916,0.389927026059158,0.0534534257295902
2752,0.0470010443751695,0.166931114337806,0.189863711699122,0.0834378528181837,0.172524679162252,0.340241597607467
2753,0.0585139469016589,0.0690926857190972,0.0198609963089785,0.355401055333062,0.44358233953012,0.0535489762070833
2754,0.0128004568855115,0.234094679489966,0.0815532359003403,0.018694045425503,0.411926540485381,0.240931041813298
2755,0.00323365163971365,0.00920265049174173,0.045768541525076,0.0126656528331355,0.207457135460018,0.721672368050315
2756,0.00908425128543509,0.0197027075679102,0.0757895911654066,0.0175430653816153,0.041273969626788,0.836606414972845
2757,0.010020659274294,0.136814136078756,0.0253831494046234,0.0371027768293665,0.510559330494503,0.280119947918457
2758,0.0900066495746072,0.262989010490419,0.192049621353688,0.030154303253892,0.262493845724168,0.162306569603226
2759,0.0218832174847937,0.20061016723649,0.0899279466517859,0.0178949028232698,0.255448119635738,0.414235646167923
2760,0.381808344464121,0.073210892874127,0.0283465343521552,0.462063815953768,0.0447390705165088,0.00983134183931967
2761,0.181312794686219,0.139332732352608,0.0823351221364213,0.25820318623294,0.228941540415241,0.109874624176571
2762,0.00856058912155644,0.13173752604655,0.116171245578328,0.0203850162152387,0.380073330552543,0.343072292485784
2763,0.0524574353079956,0.17383447205228,0.311620529858276,0.0606069444315768,0.204349350479847,0.197131267870025
2764,0.0132583005403369,0.0276766937346267,0.158460017112165,0.0204000055072093,0.104603589699515,0.675601393406146
2765,0.0241165635767039,0.161735736135698,0.219928736927493,0.0289875692134013,0.175813631447111,0.389417762699593
2766,0.0352183548239278,0.124488231903415,0.101479958394392,0.0554475031998538,0.358535519050986,0.324830432627426
2767,0.0237668628371381,0.0562792449323306,0.0827075842126957,0.326926731852822,0.244451719058774,0.265867857106239
2768,0.0527435094813394,0.267436394985978,0.383040485877434,0.0220257136725775,0.0952902240368648,0.179463671945806
2769,0.0484138856786155,0.321332496437834,0.0982425272931152,0.0780574053190763,0.302736888764962,0.151216796506397
2770,0.00327086177528134,0.0392728778635314,0.169912009053926,0.0215305478218181,0.14889480732695,0.617118896158492
2771,0.0301337301746054,0.143057329609192,0.489647486220756,0.0361043820131646,0.119945492459416,0.181111579522867
2772,0.0614882405852469,0.0713317703035205,0.0921416444774064,0.170509150193947,0.444947652404554,0.159581542035325
2773,0.0631747268357862,0.316407174945757,0.126681150736404,0.0355787259643474,0.305492421339324,0.152665800178381
2774,0.115431142561251,0.389046830012516,0.0931429781706563,0.0468685515148904,0.241990394948755,0.113520102791931
2775,0.00289587903036065,0.015120742995656,0.0932285838587438,0.00882034840614431,0.0847014743195191,0.795232971389576
2776,0.011187092164864,0.0310000119496461,0.0532434518034159,0.0459683544101223,0.256362454573386,0.602238635098566
2777,0.00210820712130526,0.0139095662757489,0.0774417752186161,0.0123567371443439,0.0579505182372945,0.836233196002691
2778,0.0757664049543598,0.146568432360631,0.135525477611565,0.0857687665378572,0.174704564358799,0.381666354176788
2779,0.0351265455537021,0.0627528770870422,0.320184654464853,0.119490596671176,0.155608374432513,0.306836951790714
2780,0.0526120030633248,0.235632237117365,0.29357612706518,0.049095574341162,0.124696747953876,0.244387310459092
2781,0.014497083742236,0.0317219414484781,0.0477966467063457,0.0983001123470268,0.543079708576612,0.264604507179301
2782,0.00814316389664869,0.0354941679414141,0.195474065193054,0.0220043421163616,0.102619074549957,0.636265186302564
2783,0.307971549763241,0.400196288723814,0.113770598511863,0.0520915537207328,0.0880079812963266,0.0379620279840224
2784,0.0606029736970564,0.295339168769366,0.0538010150800531,0.121559864112006,0.387784734515171,0.0809122438263477
2785,0.00281017655842584,0.0155348330358026,0.048126422629925,0.0311537689563899,0.248652698396656,0.653722100422801
2786,0.0166828709636123,0.0757495501580612,0.0623430627877493,0.0649532107970761,0.410172757606893,0.370098547686608
2787,0.006691830612295,0.0376887275638323,0.0937269258616342,0.0229362514801068,0.233087053309491,0.60586921117264
2788,0.0172031585090834,0.0617218385480571,0.1178125336966,0.0341552382317092,0.143839051951995,0.625268179062556
2789,0.0640041322919635,0.0715861206975863,0.288660408398595,0.079732525797127,0.205344827755875,0.290671985058853
2790,0.0683578781328916,0.143023358971209,0.0505184547576198,0.0949151540648357,0.41224870607783,0.230936447995615
2791,0.198716643480828,0.0607658838711868,0.0307645886338954,0.537701883584433,0.121314181613812,0.0507368188158447
2792,0.57922214054382,0.242522383352833,0.0261829371458505,0.0520934571621568,0.0774436873187203,0.0225353944766191
2793,0.00870584627087543,0.0680669147030335,0.0447367398871375,0.0256776490409957,0.457925912604494,0.394886937493464
2794,0.496503204954925,0.230184799497796,0.0542881828715605,0.0863049677555009,0.102949991024815,0.0297688538954025
2795,0.363971475921078,0.111805852577151,0.0419432108339234,0.358930078916522,0.102076160278877,0.0212732214724483
2796,0.00459655578499304,0.0265376553289559,0.121492011934749,0.0236662537266167,0.0999302630584416,0.723777260166244
2797,0.0368966416917909,0.0521205293470688,0.0736401969399251,0.111422586195301,0.178043862876634,0.547876182949281
2798,0.00896347949549252,0.147007044701862,0.208799750071428,0.0129041619188731,0.256664920365691,0.365660643446654
2799,0.111151744899131,0.179338063813076,0.330644722287839,0.0322513342760045,0.144461004941646,0.202153129782303
2800,0.00769331241924694,0.0271236217338757,0.0410067575786699,0.0430372545652177,0.219731510554205,0.661407543148785
2801,0.0141970939212001,0.0437951366090045,0.0272466422389752,0.0356128840281299,0.484310487538865,0.394837755663825
2802,0.0262863324758657,0.0889465099356264,0.0597211087381357,0.0937015621524606,0.343423614878261,0.38792087181965
2803,0.0833333351500874,0.520432236080918,0.0895786139574415,0.0242134247828262,0.177163418084632,0.105278971944095
2804,0.0173204829459662,0.0779011301854065,0.124536170298752,0.0518152251309629,0.397796108318043,0.33063088312087
2805,0.260554150268093,0.168606601710159,0.277143458234637,0.0830517687766807,0.134802083480123,0.0758419375303079
2806,0.135556412353699,0.0858595105295411,0.0644625711033534,0.236225691803096,0.257136737763226,0.220759076447085
2807,0.074743246182551,0.177756425838885,0.174583427545721,0.0779182208242846,0.189801808580663,0.305196871027894
2808,0.00982471135012286,0.0455130144582659,0.0581584121700345,0.0285674522633229,0.291722917502542,0.566213492255711
2809,0.0378884084722169,0.0847638860806554,0.296229965673304,0.0550674938275983,0.10217406258874,0.423876183357485
2810,0.00979830026877606,0.0412129067597561,0.0692137566316876,0.08426616907111,0.457649111733879,0.337859755534791
2811,0.0115538520983648,0.143043916749494,0.230850768180198,0.045547949678147,0.262386289773433,0.306617223520363
2812,0.391094653117202,0.297419043679293,0.12215338496417,0.0776896433117146,0.0715817668614861,0.0400615080661345
2813,0.0729205612066015,0.121536948495388,0.159039309641664,0.117944328809264,0.293459455923938,0.235099395923144
2814,0.0219088904245597,0.224821600000633,0.209722904464456,0.0422235089700958,0.211279804479657,0.290043291660599
2815,0.0504312613160264,0.0991271608866074,0.154987063261322,0.0778990468380575,0.165937527002914,0.451617940695073
2816,0.184041448376998,0.175706124982074,0.333345353307623,0.0761195534381941,0.155304045082055,0.0754834748130565
2817,0.0826320035312528,0.312590197128091,0.115167544057084,0.0574847899263943,0.28471619611991,0.147409269237267
2818,0.275598338825683,0.272022701301279,0.18901395278667,0.0541175582787537,0.122762759919738,0.0864846888878754
2819,0.497427426636449,0.323587296926369,0.0511053328077351,0.0457608001226769,0.062635152364905,0.0194839911418651
2820,0.327756192974778,0.20460517098138,0.342316557317269,0.0344639333735592,0.0571090861377791,0.0337490592152353
2821,0.00362224412950886,0.0304320770859293,0.0195035544700069,0.00987349025850334,0.44702313614377,0.489545497912282
2822,0.184701341078162,0.185121786110584,0.182996987288228,0.0616444653028185,0.262913944337254,0.122621475882953
2823,0.0653541446383328,0.107502618193239,0.116905427259669,0.095123980280379,0.23371201534244,0.381401814285939
2824,0.0396605528061293,0.146652924282586,0.194868715898003,0.0441191172856168,0.259145674318088,0.315553015409577
2825,0.00459597314488996,0.0350506002764737,0.195064523026395,0.0141555959621936,0.0300989205943721,0.721034386995676
2826,0.0253243685758678,0.183063990165449,0.0512838625944186,0.0359883851022985,0.476755021503962,0.227584372058004
2827,0.107268579986443,0.386843124227035,0.129429655860837,0.0367301464627372,0.179966464876115,0.159762028586833
2828,0.0226010318665442,0.144181999957631,0.162345574688412,0.0480632789379773,0.399954043662466,0.22285407088697
2829,0.0266286179672772,0.0353804616626669,0.0348143627025749,0.155623368680308,0.602802110399012,0.144751078588161
2830,0.00397139422730301,0.0273584454829991,0.109746320677358,0.0235977423364213,0.157660676611607,0.677665420664311
2831,0.34282735400644,0.440736892937148,0.081775549135321,0.0427748952153215,0.0574687140414363,0.034416594664333
2832,0.0288402231593549,0.249310192252533,0.229999799635318,0.0246989213002304,0.246485697004473,0.22066516664809
2833,0.152017729350693,0.124855423089046,0.0870073632755244,0.18706685269837,0.259693533677276,0.189359097909091
2834,0.0196061603577618,0.0730379217083594,0.0875734219996854,0.0311307998361814,0.258104934312455,0.530546761785557
2835,0.259055088283129,0.21723002835019,0.0345151516962608,0.184133249231338,0.228969785063642,0.0760966973754391
2836,0.012264434305683,0.0282327018535276,0.0426161909143532,0.0472782865122277,0.236603963262281,0.633004423151928
2837,0.0519994132504184,0.227439742245313,0.338363397593564,0.0541948101252778,0.163004449625752,0.164998187159675
2838,0.148520442124935,0.215098697565121,0.245211421141984,0.0774590096382413,0.114678767501816,0.199031662027903
2839,0.150251736940329,0.175178357477699,0.129675555399691,0.0936647361112709,0.26476179478713,0.18646781928388
2840,0.136050370961485,0.0934026610445217,0.159212956976527,0.178667664566428,0.19702494362012,0.235641402830919
2841,0.451370638218964,0.109357019087965,0.0562674304650276,0.170518999441945,0.154625412812849,0.0578604999732493
2842,0.00694359629230589,0.0287229083546127,0.0230822489552552,0.0382442619597945,0.552868742631765,0.350138241806267
2843,0.139201507533207,0.122016976118529,0.133558716719559,0.0608732301250735,0.337701382036779,0.206648187466853
2844,0.0259302189454144,0.0936079400132667,0.610615865523478,0.0202575526102951,0.0669234699819597,0.182664952925586
2845,0.190325185727095,0.365991306437918,0.159925407745988,0.162037882019627,0.0970615070196777,0.0246587110496927
2846,0.0125477632814495,0.0451762686852473,0.0455763587726053,0.0502367462111213,0.390332358925786,0.456130504123791
