"CUS_ID","F20-","F30","F30+","M20-","M30","M30+"
2501,0.0782596870954364,0.458360514626069,0.124425523796118,0.0243604620890128,0.168667933776575,0.145925878616789
2502,0.113999573018418,0.143010847674612,0.102878998944462,0.103336609302485,0.34047328385168,0.196300687208344
2503,0.0509357404796724,0.438153636660717,0.055957328699321,0.0409832514255952,0.293944047172074,0.120025995562621
2504,0.310575836518346,0.177655240084158,0.127544858771166,0.135798019244726,0.111700515498452,0.136725529883152
2505,0.0763442286884775,0.161672698217711,0.152875730366673,0.0808824809906069,0.163736949668329,0.364487912068203
2506,0.0108520028892433,0.295407293238714,0.0938652059977495,0.0232794489429496,0.25341962397477,0.323176424956573
2507,0.00876230421420535,0.0349419310163757,0.113759971282044,0.0315765308152147,0.206658330852544,0.604300931819616
2508,0.0110170956340575,0.0495917297295025,0.0330437939167887,0.0387579095982106,0.526238732269446,0.341350738851994
2509,0.0450767433301644,0.0479046579612571,0.182862054755869,0.0432727560933698,0.0981871423634052,0.582696645495934
2510,0.0126066446608139,0.0635848351890473,0.0644810785728123,0.0207597805240646,0.273395108057711,0.565172552995551
2511,0.479542731741914,0.204653178044055,0.0709276190158854,0.14423732002142,0.0618499629288326,0.0387891882478935
2512,0.0363115068121832,0.148685987717064,0.0456505874751385,0.0992704543057023,0.57219770301567,0.0978837606742422
2513,0.0149189719400908,0.0390743474113079,0.0546243887957467,0.0361680976511805,0.412873807866339,0.442340386335335
2514,0.0932822690498991,0.563218578022371,0.045451244577547,0.0259895608836559,0.216373233925221,0.0556851135413064
2515,0.0102635415565652,0.0399975283700619,0.0457042479149157,0.0284102018361612,0.224479497601344,0.651144982720952
2516,0.11058936503709,0.106998559639683,0.0648399068971589,0.185639132533313,0.302524896796629,0.229408139096126
2517,0.0680837371337457,0.384718310651888,0.118790205918466,0.0340014827558356,0.177405297230466,0.217000966309599
2518,0.248393178043973,0.239462150985423,0.172357354005833,0.0794497558576291,0.117890367459681,0.14244719364746
2519,0.103276967700666,0.765974464658166,0.0252971966711714,0.0149727490575812,0.0606140272321573,0.0298645946802579
2520,0.0363958676398882,0.0517417685023825,0.0249596806957446,0.124572907697233,0.573845470200417,0.188484305264335
2521,0.0196515875340358,0.0705142159624167,0.236240598249429,0.0354997273046003,0.12147708144781,0.516616789501708
2522,0.309457308442479,0.18393501347017,0.140864186146723,0.113350379797657,0.11690168638298,0.135491425759991
2523,0.075952209263978,0.452970200261924,0.0668226891524119,0.0339045478561256,0.243760679604108,0.126589673861453
2524,0.0624686062269228,0.14460633342776,0.268551254657677,0.0839576136748382,0.0958234367862356,0.344592755226566
2525,0.181015714606241,0.135102329997939,0.0912427626359607,0.204904919497921,0.280474089637217,0.107260183624721
2526,0.132840739984859,0.171255979271548,0.0851728203916767,0.083820169353902,0.34110703328701,0.185803257711003
2527,0.424493077526848,0.122819549293169,0.119366782724571,0.0816585867293429,0.10926209480511,0.142399908920959
2528,0.0137140070806833,0.0290075551520453,0.065516319415232,0.0619745375893811,0.20512171251892,0.624665868243738
2529,0.0511002527205436,0.126591195314903,0.227115993135325,0.0469209723256111,0.147324582779487,0.400947003724131
2530,0.00731996634598743,0.0311854996121029,0.184291783721383,0.0277151113016209,0.112366264905768,0.637121374113138
2531,0.0491797004369775,0.205579920360943,0.0945887201138548,0.130581325480139,0.333048089030725,0.187022244577361
2532,0.083538735982544,0.212177832851275,0.130379287434176,0.054096468536255,0.182829854442251,0.336977820753499
2533,0.00219943454659748,0.0128910474888534,0.0720316443385636,0.0136655579771308,0.0816093420538364,0.817602973595018
2534,0.15466863602932,0.129282204009397,0.134470343203048,0.258058512917646,0.139671102737063,0.183849201103527
2535,0.0639461108916991,0.125362055133921,0.240897370466603,0.0431310080845206,0.174747911933356,0.351915543489901
2536,0.183570371887118,0.218183334749693,0.095181312453727,0.10728809652329,0.209845235633857,0.185931648752314
2537,0.0898752517557365,0.693095650996924,0.0587628266897065,0.0171858180118138,0.101472084882156,0.0396083676636639
2538,0.18435242129703,0.0977485124497486,0.0899550810530793,0.109658526773377,0.259022339109515,0.259263119317251
2539,0.253836891559569,0.226456069506758,0.166583499748818,0.0750389860698733,0.151701587769326,0.126382965345657
2540,0.283366759286517,0.0881493656309685,0.0522482423171569,0.18751343753727,0.294037509165101,0.094684686062986
2541,0.132850867133188,0.0743228366659056,0.0367936978432584,0.411192040561616,0.295958497155858,0.0488820606401731
2542,0.0580394865881683,0.371566378505301,0.0385318878488449,0.0568390696576356,0.410678785357166,0.0643443920428844
2543,0.0166455680961555,0.0333484277739353,0.071577100599564,0.0151591905611282,0.222335067966364,0.640934645002853
2544,0.153815751241639,0.16742440088875,0.182314948281926,0.17053465881757,0.119137766226477,0.206772474543638
2545,0.045544201241016,0.244983739005363,0.107293888475881,0.0468130765995893,0.341842747201319,0.213522347476832
2546,0.0658058183026053,0.0748394008570138,0.0567406950581891,0.191712607061807,0.503685648318428,0.107215830401957
2547,0.0377983615120703,0.102533256343368,0.462943378658025,0.0384023659569631,0.0887743357234186,0.269548301806155
2548,0.0576644107471182,0.0574297162902388,0.0767263953412801,0.167354952975245,0.504650481425802,0.136174043220316
2549,0.00937459171444216,0.062179003432333,0.0339370830211122,0.0371183398074158,0.329769159929958,0.527621822094739
2550,0.0239104233714202,0.031174810964583,0.0264495590718439,0.225847269319726,0.48993973199024,0.202678205282187
2551,0.260350326048559,0.180237000063401,0.0718777380987248,0.215723652760358,0.151315539339982,0.120495743688975
2552,0.0983725249609072,0.313574696528453,0.174813132848774,0.0351903530317005,0.232515424774522,0.145533867855643
2553,0.385106788034768,0.182241251089944,0.0846583636505955,0.137734451313429,0.164958861256475,0.0453002846547895
2554,0.140655189214021,0.201880721880641,0.0925558262586324,0.100062045585929,0.348098179461108,0.116748037599669
2555,0.0159989402571321,0.162212828128578,0.0805122466226485,0.0385281207257398,0.518861736534597,0.183886127731304
2556,0.0725795791670698,0.264919989488235,0.367711484979,0.0462813472908923,0.134957703693735,0.113549895381069
2557,0.285800203629081,0.190318890851482,0.347319163157711,0.0665481461356799,0.0689027578420783,0.0411108383839668
2558,0.0298241538292255,0.0727430406939457,0.752604181839866,0.0301273848613724,0.0477104631872073,0.0669907755883833
2559,0.108346996969036,0.37500591530727,0.122807433614692,0.0376934354165011,0.151007127454796,0.205139091237705
2560,0.0139515581009668,0.15274579325464,0.0751426154788316,0.0304815842421701,0.272063869211294,0.455614579712098
2561,0.0212215337693402,0.0719485636135164,0.225909845710806,0.0178252721574509,0.2604165552997,0.402678229449187
2562,0.205847456632819,0.32929035114875,0.0518557453633495,0.109203797128087,0.266315871532835,0.0374867781941597
2563,0.311734677639307,0.150086217512772,0.178847105110916,0.119973060690976,0.138733262257833,0.100625676788196
2564,0.119721609495081,0.0718837509860107,0.102620428288062,0.391310326948089,0.123891364470124,0.190572519812633
2565,0.0261445150577315,0.0930883570040688,0.100998569408569,0.0659715440442742,0.218428883852212,0.495368130633144
2566,0.0145867754206856,0.0389456918434597,0.126825606756244,0.0644207244133936,0.255407925560578,0.499813276005639
2567,0.0630897150922907,0.184430934050071,0.146856167959027,0.0538002342976471,0.197655170895679,0.354167777705286
2568,0.0224011706011449,0.0684911188448913,0.082474291840934,0.0324534806858504,0.407442593547086,0.386737344480093
2569,0.0469193746436834,0.106266724617007,0.143132428358144,0.0370445487164203,0.174690307958199,0.491946615706546
2570,0.0722170577145722,0.585293761036403,0.0805615819502278,0.0220482836033814,0.108314810659828,0.131564505035588
2571,0.0487479591695937,0.118708682473223,0.045039791100269,0.138984335836269,0.417173403242829,0.231345828177816
2572,0.0903102725366806,0.113221281250247,0.270798243059855,0.140173683151929,0.112776716433287,0.272719803568001
2573,0.0495910132345284,0.19868451215332,0.112905403207385,0.030261280898805,0.294101742263078,0.314456048242884
2574,0.0620865248720834,0.0618737433522057,0.0432504071015181,0.273444769323363,0.469204256088579,0.090140299262251
2575,0.0306313094459699,0.0536965844314907,0.0297661762079342,0.117912414373787,0.605772581774517,0.162220933766301
2576,0.31489951214042,0.241471533629593,0.189124235389533,0.120037236533429,0.0577082105310118,0.0767592717760121
2577,0.0618374519760443,0.231807022553147,0.301021661147078,0.0469900272628445,0.189584925978953,0.168758911081933
2578,0.00376741156932956,0.0230228329481515,0.0478837961398905,0.0115659567450762,0.137882570312315,0.775877432285238
2579,0.283538078614767,0.215503908469491,0.155035556188988,0.105379538239858,0.14312984835949,0.0974130701274065
2580,0.0705304349053659,0.351221571730935,0.151074571034827,0.0206284817624219,0.191443488860671,0.21510145170578
2581,0.00377522808215517,0.0243453481883836,0.0637882149496294,0.0341152468493938,0.295532451957551,0.578443509972887
2582,0.208570542950797,0.318375191622142,0.119985030561322,0.0639581615103856,0.182293451656366,0.106817621698988
2583,0.159017985846018,0.43077833695577,0.158164260052676,0.0528164505382401,0.087819869636242,0.111403096971055
2584,0.182104317026097,0.456308382507787,0.102348632910788,0.0541067863174077,0.147562146767224,0.0575697344706961
2585,0.0184593706606277,0.0536970032184291,0.038566229539285,0.0556522524088069,0.50618391703881,0.327441227134042
2586,0.0565428272125919,0.202705285977756,0.0961764757285897,0.0399879636266088,0.225873742112353,0.378713705342101
2587,0.27396742591164,0.0809003424798025,0.0467501044799956,0.260640989743886,0.226755516346576,0.1109856210381
2588,0.0597973317169971,0.0416950709007404,0.0214947870674964,0.234540113182275,0.496379079969632,0.146093617162859
2589,0.07957770310745,0.0919361701658539,0.0377138984850963,0.17561764609946,0.490143814055438,0.125010768086702
2590,0.0351686477856179,0.0937585668657226,0.154042023545492,0.137358957646258,0.266335689044021,0.313336115112889
2591,0.0654611705523049,0.111039437992696,0.32532540893171,0.0353301497750562,0.108969403203355,0.353874429544878
2592,0.0199120008631321,0.0271277013214529,0.0154921543740387,0.170918497322854,0.628696738640325,0.137852907478197
2593,0.269689118549019,0.157847832141439,0.0782231969778547,0.108366071106821,0.297560476116504,0.0883133051083629
2594,0.0657996525695475,0.141088621674382,0.0814182789536921,0.0510971709681553,0.294801939808188,0.365794336026035
2595,0.188222102791194,0.106838291772256,0.204081228032132,0.251302653932277,0.105513525503628,0.144042197968513
2596,0.624748430331451,0.11090917411624,0.0284950636121893,0.175348789642956,0.0465913136938491,0.0139072286033151
2597,0.0158197767671907,0.0454885465547334,0.157795218872115,0.0256813633245783,0.119344568981825,0.635870525499557
2598,0.0201397414252662,0.100063684917451,0.0727169690036206,0.0267359415736179,0.277316308039222,0.503027355040823
2599,0.294349595168103,0.232508197891003,0.0484726751075058,0.139765889087841,0.199912994675758,0.0849906480697884
2600,0.00928325898215742,0.0612921632554193,0.0660344388916696,0.037585960270748,0.676066586350507,0.149737592249499
2601,0.0557934461880049,0.058961545115643,0.20035630024901,0.0428384724323248,0.121526855498262,0.520523380516755
2602,0.0117231374851104,0.0941406562486407,0.103256292479234,0.0393065015839072,0.27670965336104,0.474863758842067
2603,0.0553841468552075,0.482933424564632,0.0511244802982309,0.0333192357932457,0.272550837054106,0.104687875434578
2604,0.09509181085024,0.121702213293983,0.308223197200385,0.150378728656267,0.150505440230963,0.174098609768161
2605,0.00399160609998445,0.0641191779355929,0.196704783934039,0.0235174807387133,0.208672311207644,0.502994640084027
2606,0.0688084252559111,0.119646828005552,0.192008110062802,0.0524029419550031,0.173185110220725,0.393948584500007
2607,0.0173969537730547,0.0347267097978009,0.0713833203672539,0.0415219078606816,0.223173699283144,0.611797408918065
2608,0.183466256518929,0.191116381454694,0.0778087245371761,0.150709329335718,0.195233934409763,0.20166537374372
2609,0.0461329396638237,0.0655623618234542,0.0665682847426566,0.153051789377627,0.36337751490326,0.305307109489179
2610,0.0844482684767631,0.15514095963986,0.0673161623073323,0.132400295840362,0.367837618462012,0.192856695273672
2611,0.0369383956054705,0.120993223802794,0.241548092978309,0.0601263344045611,0.107209214996182,0.433184738212683
2612,0.0448007447628093,0.208991011510665,0.145368694572073,0.050556262450976,0.232943141884903,0.317340144818574
2613,0.52743533868695,0.23560668712776,0.0341305476120227,0.0826474267684093,0.104203011736241,0.015976988068617
2614,0.100898878453475,0.112425935830604,0.102133823279643,0.094667145051549,0.299405246332976,0.290468971051752
2615,0.34347531451641,0.199510198276729,0.16640013740144,0.0583412676185626,0.102987753859683,0.129285328327176
2616,0.019656198983303,0.0549274913902115,0.0762545496420271,0.0843075329943114,0.398482324434892,0.366371902555255
2617,0.22501210246498,0.330711392543699,0.213029844278785,0.0433941174175914,0.121912784051209,0.0659397592437348
2618,0.0632054393845868,0.133595040375769,0.0841703668076492,0.07622778995408,0.360655892062602,0.282145471415313
2619,0.0349336351592944,0.0393690196167838,0.0267980533085868,0.184022254940071,0.46211371949666,0.252763317478603
2620,0.0370253708241487,0.122903226596058,0.206277046029221,0.038725217172389,0.337308725420689,0.257760413957495
2621,0.0300031685839192,0.104996388996583,0.0338684826685485,0.135716676535721,0.60146887889037,0.0939464043248593
2622,0.00239293270524936,0.0102490724706692,0.0234198736824929,0.0167794302186777,0.10664566625875,0.840513024664161
2623,0.211431931149338,0.214177867948379,0.0457881129528309,0.127380871277276,0.326048024740618,0.0751731919315591
2624,0.0147824756511678,0.0501859551062599,0.105373450685155,0.0262740309250355,0.126519546976378,0.676864540656004
2625,0.126600307569032,0.341538444694807,0.375604603106479,0.0350144569823479,0.0625808303896538,0.0586613572576802
2626,0.00700032681807568,0.0229692512032834,0.0568621595728475,0.0256311789656491,0.168328814933527,0.719208268506617
2627,0.106838055238987,0.184986549001875,0.310699246450112,0.0378565172603276,0.120137918623973,0.239481713424725
2628,0.122121010745903,0.170770800793413,0.0442232644449279,0.22885890540203,0.325126842481666,0.108899176132059
2629,0.0175272584071747,0.111295390263925,0.0854516533058254,0.0358850621927256,0.402304427550996,0.347536208279353
2630,0.189850852372034,0.0837990434530498,0.119731093982701,0.106550798257695,0.220951646927019,0.279116565007502
2631,0.0452687108513617,0.244111504542664,0.187804961136838,0.0361797127333724,0.260285858317179,0.226349252418586
2632,0.0122707084585087,0.033863833643655,0.0558879621705775,0.0229797583333862,0.113644341957329,0.761353395436544
2633,0.119966987196689,0.255688579345736,0.115128715629578,0.0695704570763321,0.281319615021375,0.158325645730291
2634,0.0312245629489445,0.112561259507077,0.194290382037222,0.0578594067547714,0.170924624280443,0.433139764471542
2635,0.0748005517018429,0.168133856840592,0.104356388763823,0.059043665357369,0.369264639065007,0.224400898271366
2636,0.0432363563867044,0.0864965545674772,0.120475122268528,0.129653526361668,0.237440659212384,0.382697781203239
2637,0.0652064344678923,0.112394785179088,0.0311304418457859,0.0739647457668747,0.559208036516011,0.158095556224348
2638,0.0989644813555085,0.0798322292404264,0.123729146471423,0.319469766950786,0.127459672737714,0.250544703244142
2639,0.0817431563211236,0.0613047332018145,0.0657285714497533,0.367303260160371,0.26070962901315,0.163210649853788
2640,0.0109123604146057,0.0309940337740955,0.057607748973803,0.0237004877231843,0.132971309988742,0.743814059125569
2641,0.323713789000443,0.135185586328302,0.145789616017477,0.103469049339726,0.171561557458264,0.120280401855788
2642,0.0124848946581936,0.0786803166014518,0.110609167995903,0.0339830268566909,0.235275245441463,0.528967348446297
2643,0.377659151659583,0.316655976063082,0.0338480161368832,0.145523605882353,0.0897574844186967,0.036555765839403
2644,0.00648714296237951,0.086365515246177,0.0717072863190473,0.0186765141069166,0.25400680955653,0.56275673180895
2645,0.041897294442161,0.0544661639166361,0.0533529211993773,0.0955992908166796,0.302254952831045,0.452429376794101
2646,0.00783160868038024,0.0417694169237593,0.179689104095705,0.0243968543255942,0.0897276414614529,0.656585374513108
2647,0.0433507541551365,0.0788576305428362,0.103839937865066,0.119867308238734,0.33661268823226,0.317471680965967
2648,0.210702974304016,0.2344385517666,0.428484200265258,0.0336693676160912,0.0441938759643643,0.0485110300836702
2649,0.039060639076778,0.0610970778118851,0.0921185865084974,0.0534235139684656,0.283038809295974,0.4712613733384
2650,0.0686126059730394,0.0383349717662017,0.159361911288078,0.0719510902092682,0.14057766203877,0.521161758724643
2651,0.0176439376178034,0.0844090522984762,0.0665849909849248,0.0685916682087383,0.434289935809996,0.328480415080061
2652,0.0204273201501132,0.106883217474236,0.077254152231521,0.0295340787204614,0.452052196616604,0.313849034807065
2653,0.168728762492071,0.178148696621324,0.0945577546846227,0.165557058662478,0.192949078102529,0.200058649436975
2654,0.00627949124713915,0.0406930941974903,0.0531052840051705,0.0288060133754806,0.170522735756288,0.700593381418432
2655,0.507040895303144,0.13943734646057,0.0448763606423917,0.141045406866447,0.141122578614325,0.0264774121131229
2656,0.0203222592560062,0.048169715730614,0.0438285725444526,0.0307990031133732,0.50230835567982,0.354572093675735
2657,0.0107418556270885,0.0455009723478768,0.119152718548261,0.0178832194762822,0.096397590447953,0.710323643552538
2658,0.116611185414728,0.151628316416937,0.141586534980314,0.265291469027656,0.183210118581959,0.141672375578405
2659,0.245191105024811,0.127096266789729,0.0590915313551014,0.431572527803584,0.0857346591581672,0.0513139098686072
2660,0.014139843730988,0.0409824716758675,0.0878771152746306,0.0252758277332943,0.31296802872658,0.51875671285864
2661,0.014003454844788,0.0441490296038278,0.159062722457368,0.0411897767893615,0.102214051170796,0.639380965133858
2662,0.00905531820215496,0.0662213492391416,0.100511925647836,0.0189569489237173,0.142471172290451,0.662783285696699
2663,0.0155079528426221,0.0510700688244063,0.0851947891556231,0.06193801578689,0.328364142194385,0.457925031196074
2664,0.0579806253166688,0.147063419484,0.0409910272619579,0.0793682583430611,0.527409350652256,0.147187318942056
2665,0.170672270141782,0.272613688558936,0.166524065049342,0.0683041652634449,0.197099137781553,0.124786673204943
2666,0.00351111851505616,0.0132682145192163,0.115594049833021,0.00953398172210838,0.0268396900938735,0.831252945316724
2667,0.0570717382783168,0.14875129992263,0.39053121749923,0.0348169036073111,0.191520738042139,0.177308102650373
2668,0.00949715084570171,0.0702061321484146,0.298842502245985,0.0133629321446962,0.0775345282807189,0.530556754334484
2669,0.0744528050065851,0.263259104706329,0.191381519059994,0.0415194998939637,0.151629651851724,0.277757419481405
2670,0.0107103721263083,0.0456085103882048,0.128733366437869,0.0302051221811679,0.1703480261441,0.61439460272235
2671,0.0400665359266021,0.0799294303146617,0.0704800293519375,0.131577874257249,0.262460870517811,0.415485259631739
2672,0.013318463332779,0.0416968121330269,0.138522024659702,0.0210420754074595,0.13766962216108,0.647751002305954
2673,0.292584296443335,0.202219330923948,0.0958651246807795,0.124489558071034,0.208484970742473,0.0763567191384309
2674,0.0242950604224474,0.0675929350123978,0.0769741114072698,0.129660250832283,0.338987719129278,0.362489923196323
2675,0.580386637431425,0.193734554560553,0.0234148880125972,0.126609834531936,0.0598455089979373,0.0160085764655521
2676,0.0233614500423489,0.0755084629949508,0.0739289283915704,0.117862893584439,0.435863656312162,0.273474608674528
2677,0.0507975139360091,0.108210256821409,0.224984162790102,0.091263403993067,0.395200798865318,0.129543863594095
2678,0.0528126318627472,0.13617157540342,0.198878218838891,0.0542419539752327,0.343606221976954,0.214289397942756
2679,0.0113942953639493,0.018064061774173,0.0373950906445732,0.0478306912449775,0.389772350716997,0.49554351025533
2680,0.0898565504176006,0.10855944334956,0.32960755540504,0.264950128420921,0.0908107212758627,0.116215601131015
2681,0.032413667136462,0.260883798318802,0.0999882029248652,0.0242235421526912,0.403792440464991,0.178698349002189
2682,0.0154019577477929,0.0274199737939259,0.104220138171066,0.165001607582757,0.188600727869033,0.499355594835425
2683,0.52460700214428,0.141690855821591,0.039920828322169,0.190826799137704,0.0874890279115778,0.0154654866626781
2684,0.0167297522003657,0.063706363844414,0.035232431512732,0.0699294479941147,0.483123335722977,0.331278668725396
2685,0.0746936529206921,0.049185317713767,0.22757200921301,0.05710842817429,0.092149724223079,0.499290867755162
2686,0.0123072825042459,0.0609629530861957,0.102630642422844,0.0277618795393638,0.160172271411391,0.63616497103596
2687,0.341672047986873,0.192716417246187,0.0968175412958666,0.16859915145097,0.130531963359056,0.0696628786610474
2688,0.0334397306694205,0.183068058105862,0.0933026551696203,0.118145472101979,0.368251980180385,0.203792103772733
2689,0.18277272081007,0.43379678827171,0.0869915081863213,0.0800711024959961,0.173818895447207,0.0425489847886947
2690,0.0312935739387858,0.0672140031832354,0.0816620171992474,0.200076555025247,0.378004092134392,0.241749758519092
2691,0.0830366204828088,0.153845537939028,0.109636594390153,0.0531042143478995,0.36719753967335,0.233179493166761
2692,0.149247311956463,0.122820329489125,0.235115061037681,0.0613095954554833,0.2122291118694,0.219278590191849
2693,0.0675437190613988,0.0502111887996803,0.124306849503822,0.0606201901367343,0.152992392180175,0.54432566031819
2694,0.00885453840616109,0.0310788409130831,0.0345070886503015,0.0457779908151534,0.439241521684684,0.440540019530617
2695,0.475575267629442,0.167860643509373,0.0817772645487885,0.116315741210536,0.108284005254255,0.0501870778476057
2696,0.0256866142966595,0.112168834336401,0.24218969724606,0.0294296823594612,0.106709662906938,0.48381550885448
2697,0.0691398952716926,0.192284538657514,0.237617609643346,0.0339871968947188,0.209519219060963,0.257451540471765
2698,0.00575887315023641,0.0272652954506585,0.186374303240894,0.0176785191042368,0.371192501034169,0.391730508019805
2699,0.0128830650883546,0.132711256938005,0.500391716443275,0.00634397194513524,0.0535799422697097,0.294090047315521
2700,0.00726701655200287,0.0538480190423375,0.0339012011086354,0.0120377553748178,0.413271000982984,0.479675006939223
2701,0.0171209483901814,0.0470124961511872,0.0880326125177229,0.0585953634315349,0.318569958906602,0.470668620602771
2702,0.343661066358121,0.184379123295142,0.215349362195528,0.0513583018088348,0.0977984080548384,0.107453738287537
2703,0.149341064869673,0.0758685353943092,0.13479184585505,0.139648617041908,0.278778282846931,0.221571653992129
2704,0.0693336673094069,0.174825730853302,0.533069536956204,0.0324544160601099,0.0832466452489064,0.107070003572071
2705,0.0156484404930641,0.114787050313658,0.25125257116247,0.0369124278260103,0.179110453983773,0.402289056221025
2706,0.0299979182906725,0.0619418932187747,0.29310500555484,0.111817513581354,0.193924315263705,0.309213354090654
2707,0.0112213037618956,0.0319628265418241,0.0233163849062916,0.0602849372602666,0.67075453130665,0.202460016223072
2708,0.357591480413175,0.227003024704641,0.0787779462918548,0.133958386084756,0.163742363431917,0.0389267990736558
2709,0.0804339724884239,0.178043239319843,0.334727390162218,0.0544480743574906,0.11463374689076,0.237713576781264
2710,0.0875168352990825,0.0620095267459411,0.349307385845915,0.0582720414785688,0.0791135436809781,0.363780666949514
2711,0.0455776889991283,0.0962829029168459,0.075323485461814,0.0861087844291942,0.370654177119194,0.326052961073824
2712,0.157445322550948,0.106548193567156,0.119023852124413,0.281003517936223,0.188381291912656,0.147597821908605
2713,0.0667945899103521,0.14118518830701,0.209157152478231,0.0716650330271218,0.135378609129564,0.375819427147721
2714,0.0141724397989658,0.112400496662829,0.292043504167262,0.0176115551052656,0.137399100415676,0.426372903850001
2715,0.0256842535771565,0.11553267257964,0.330017069709603,0.0414119501821949,0.280306464832446,0.207047589118959
2716,0.0546395024123893,0.104404500958372,0.064300127318746,0.0583376516453732,0.380215960028457,0.338102257636663
2717,0.027949652860481,0.0435868029079446,0.0595199407025981,0.0478999381772516,0.286024549014184,0.535019116337541
2718,0.0375064964886443,0.0479626563123905,0.163953521485419,0.0627138366345423,0.179764553290792,0.508098935788213
2719,0.0309759517449361,0.135284349248189,0.118553444370788,0.0643125888108719,0.375346637576448,0.275527028248767
2720,0.193214681957513,0.110249588301694,0.226196744889394,0.0938343639207994,0.181504850338014,0.194999770592586
2721,0.0294456909891262,0.102009118989737,0.152329133563995,0.0431546505658949,0.337783988627318,0.335277417263929
2722,0.210946575404025,0.38418816254909,0.210881565511713,0.0268423321384146,0.117254090764462,0.0498872736322954
2723,0.0442010743259654,0.179227136523897,0.34100524981958,0.0409652227040065,0.112995728135642,0.28160558849091
2724,0.485328395748007,0.156808863322256,0.0924230984996709,0.122959997269154,0.0907492933049161,0.0517303518559953
2725,0.41988160301935,0.318337253305354,0.0435729247430109,0.132615177422962,0.0574088836723484,0.0281841578369743
2726,0.0270934216917294,0.0698708684931135,0.0529445769154846,0.0650031053140983,0.703050380906432,0.0820376466791423
2727,0.00946504651339944,0.0507160686428131,0.0671900233535449,0.0429855017453859,0.295803258165558,0.533840101579299
2728,0.016618010763349,0.0330730566952799,0.12875173881754,0.0293811501662186,0.101065687077513,0.6911103564801
2729,0.134008370751155,0.269130923299247,0.0942990146906233,0.0776722361048636,0.311012521186503,0.113876933967607
2730,0.00734327452271322,0.0389117258473541,0.0671934111307533,0.0527800742109762,0.277666517600128,0.556104996688075
2731,0.141886621138269,0.194898927058725,0.101739283349027,0.17173541079601,0.27756933422479,0.112170423433179
2732,0.0288394948261467,0.101065517393168,0.283818502723704,0.0237594465714729,0.0920899653155161,0.470427073169993
2733,0.0452974581514728,0.130055653379179,0.128385279371704,0.154009517331588,0.412698422456357,0.1295536693097
2734,0.0264485129598213,0.755936182393178,0.0330030543522784,0.0127606589670737,0.0986184912571997,0.0732331000704491
2735,0.0799336383608416,0.350539989224438,0.165999376091455,0.0359708966435868,0.139451155293054,0.228104944386624
2736,0.0788440008398526,0.0916038533902951,0.0620772271993558,0.409376733404152,0.261290041736301,0.0968081434300438
2737,0.166201283803642,0.179735414174313,0.313560887263846,0.0296467388193476,0.198158079098679,0.112697596840171
2738,0.0573544873165907,0.140768061588719,0.134975268714247,0.0582489504529756,0.22832088330553,0.380332348621937
2739,0.205539234410696,0.342247817483798,0.12647257492521,0.0459332548123559,0.197636421722502,0.0821706966454379
2740,0.222870532639151,0.310151109444016,0.114868376535412,0.0736413735194348,0.166193251957255,0.112275355904731
2741,0.0704125993046062,0.224055089912466,0.169334754611057,0.0530681392933882,0.253535958439266,0.229593458439217
2742,0.0646956391478705,0.19063379151831,0.0857711628374414,0.0773861507363771,0.431466642675671,0.150046613084331
2743,0.194315120010792,0.172519122604669,0.133582147341934,0.124038599179494,0.186047889783916,0.189497121079196
2744,0.0363538411291047,0.130386211641394,0.0521966992082088,0.136571520487632,0.498699988726117,0.145791738807544
2745,0.00454414938771616,0.0277737891206412,0.349777482563438,0.0483994454446027,0.267770148585391,0.301734984898211
2746,0.0122889340308121,0.0535564302111453,0.10352996236545,0.034799556812859,0.20088614180485,0.594938974774883
2747,0.0285658442501657,0.0574539388638055,0.0303486834192465,0.126629651479363,0.540377731707853,0.216624150279566
2748,0.00568459786884018,0.0521798077088076,0.040600632906027,0.0388858240080318,0.575668320459906,0.286980817048387
2749,0.239075233991653,0.16049950317733,0.0778452977000516,0.225541917873707,0.168662259264457,0.128375787992801
2750,0.0197791656724141,0.107864719234225,0.203599337634162,0.064395248604973,0.217193613727277,0.387167915126948
2751,0.145441104795351,0.120624585802376,0.0702772126233174,0.185605883178383,0.391894833622475,0.0861563799780984
2752,0.035024107628166,0.0787745910969563,0.14865284996846,0.0580197893869829,0.127132726724974,0.552395935194461
2753,0.0348080022660892,0.107318447304053,0.0398739374214433,0.193632946075407,0.512206079333441,0.112160587599567
2754,0.0156454176605618,0.185393400025026,0.0490388598240387,0.0182718337193672,0.582743470760791,0.148907018010216
2755,0.00247485158991733,0.0121768387784896,0.0478109606099533,0.0162376405558469,0.312998347616212,0.608301360849581
2756,0.00665469016030433,0.0141353371558946,0.081663385656585,0.0134595343848302,0.0521787086216884,0.831908344020697
2757,0.0254083200211528,0.157804517043365,0.0658500085169164,0.0411127060086493,0.412642480366939,0.297181968042977
2758,0.0515600946737678,0.251036885200969,0.141269526732266,0.0322361404276702,0.333816850642471,0.190080502322856
2759,0.0329403900497663,0.233402739421052,0.0806831268845692,0.0387358429649954,0.275374756367244,0.338863144312373
2760,0.418930234539786,0.165468234911397,0.0742284732694912,0.236057527754914,0.0811431847958093,0.0241723447286023
2761,0.0944773403958738,0.0729668442554578,0.0404206129595743,0.289774454750725,0.359829680580721,0.142531067057648
2762,0.00758647561493674,0.053250303008162,0.0603612728758628,0.041466154141596,0.446290002503366,0.391045791856077
2763,0.0508552457477603,0.173859761910371,0.21234523409739,0.0494051146074956,0.241952910825209,0.271581732811773
2764,0.0127775536216026,0.0268186712779665,0.0929271728778088,0.0236318270016432,0.10806739572868,0.735777379492299
2765,0.0630352615867221,0.145986502908519,0.263941501453769,0.0368965810569944,0.155124888068157,0.335015264925838
2766,0.0327755269602269,0.137920126062925,0.0731982026715276,0.0366053332690553,0.464834186816294,0.254666624219972
2767,0.0109082562708443,0.0232456720857982,0.0391469646427701,0.58831643958487,0.217766715348912,0.120615952066805
2768,0.0495551919251462,0.222068594981126,0.334195012900499,0.029925514648748,0.0900382727592871,0.274217412785193
2769,0.0733028218959086,0.24422375094673,0.0672621012812767,0.134399769738822,0.360832232306954,0.119979323830309
2770,0.00207990622583294,0.0290118077601651,0.0866007163161115,0.0194718231118265,0.194317511746161,0.668518234839903
2771,0.0406777715617961,0.139441570853988,0.3761842758064,0.0336623568533487,0.0985949298081699,0.311439095116297
2772,0.0195203277995802,0.0454331935401614,0.120197725755463,0.185164526241056,0.404477119367371,0.225207107296368
2773,0.059106439289111,0.228582562497545,0.151336681700907,0.0237316043432698,0.395348247139728,0.141894465029439
2774,0.182528407333667,0.40409961239149,0.0824626152519795,0.0459607370577782,0.210350599168657,0.0745980287964283
2775,0.00279802227332546,0.017602671163203,0.0804773372160512,0.0155707868804823,0.170509549197706,0.713041633269232
2776,0.0148825553474277,0.0701224536991605,0.107902507196236,0.0646410497372274,0.355355496270856,0.387095937749093
2777,0.00231449532688166,0.0262512482282983,0.0730459481379129,0.0155978393287064,0.146689288723708,0.736101180254493
2778,0.153829634384974,0.111648169179028,0.139648306880654,0.109229662796434,0.139596107867356,0.346048118891554
2779,0.0549740351965026,0.0687121676602344,0.259027248983172,0.136887580587174,0.164408297342783,0.315990670230135
2780,0.0634464690278904,0.214114617951197,0.256681504286834,0.0576957770083063,0.139167094965422,0.26889453676035
2781,0.0311189324296101,0.0298707855122077,0.0723123431989274,0.218324165839952,0.418421190307307,0.229952582711995
2782,0.0238017107563208,0.0391507622335736,0.276943970467936,0.0332534799280022,0.16465201380342,0.462198062810747
2783,0.453894530946749,0.217564726502069,0.0779504957719324,0.107600828408539,0.0958798238119669,0.0471095945587428
2784,0.077495406674968,0.177310782474546,0.0682894523795235,0.0842038595127596,0.453647568403056,0.139052930555146
2785,0.00408274701799693,0.0114394039677324,0.0260256865853367,0.0159832138512009,0.356255672461217,0.586213276116516
2786,0.0276621548050325,0.140804626724735,0.0681256788502636,0.0528800699219716,0.406802012464046,0.303725457233952
2787,0.0110571813092421,0.0581436603002231,0.102761172725848,0.0314210931587465,0.183499909815842,0.613116982690098
2788,0.0142129143198412,0.0646758096396003,0.168164978112186,0.0288918703784906,0.112584539038372,0.61146988851151
2789,0.0967189480893738,0.124404391316501,0.313079884634392,0.0865237920914544,0.16383555746063,0.215437426407649
2790,0.1540531739631,0.169036465942429,0.0775952985897041,0.110079300445507,0.365287808255855,0.123947952803405
2791,0.177163164552141,0.116112935942665,0.0515876761010261,0.360159508424927,0.2190877652643,0.0758889497149416
2792,0.34376378928563,0.375600436493836,0.0357387259080742,0.0761636778652451,0.134553558975947,0.0341798114712689
2793,0.0102123796458564,0.0518836903324582,0.0340368650028181,0.0258011218819165,0.470577557483172,0.407488385653779
2794,0.337210901223421,0.146041251111565,0.0770553583428387,0.216926033400426,0.177707882501976,0.0450585734197728
2795,0.450939484020095,0.146364697281026,0.063141832921646,0.242578947320966,0.0790901503405721,0.0178848881156956
2796,0.00240107960804281,0.0155843505669873,0.0878973732574127,0.0184254077262386,0.122874018118269,0.752817770723049
2797,0.0547334500705862,0.0740939612328771,0.113803994584444,0.061417210240487,0.170107189908484,0.525844193963122
2798,0.021746302854064,0.184124302042994,0.165721821950124,0.0179380133657009,0.386431018973665,0.224038540813452
2799,0.16318904540197,0.149099316202325,0.221310609350619,0.0346113805412222,0.178721585272336,0.253068063231527
2800,0.00981823595899332,0.0223029027444321,0.0706574027944658,0.0258004807219029,0.19690869511128,0.674512282668926
2801,0.00967606449706383,0.0375790974344739,0.0288488108139855,0.0232610515780694,0.404713247296415,0.495921728379992
2802,0.0228041987729448,0.056681036094573,0.0519552140570348,0.0524642948297201,0.47791689709327,0.338178359152458
2803,0.104259221747114,0.443379975145479,0.153973666207677,0.0278917594464951,0.153671832672582,0.116823544780653
2804,0.0215285305626929,0.0878798513054595,0.129414021673464,0.0362602419940385,0.365051763900363,0.359865590563982
2805,0.226146128819237,0.149579412926693,0.31621807721192,0.0885785037971249,0.0983071084164285,0.121170768828596
2806,0.057970465384545,0.0437095539659789,0.0423185454305871,0.313526312865168,0.369515077031936,0.172960045321785
2807,0.116220843148153,0.147296077344062,0.250125912843981,0.0835325133823233,0.173597325504057,0.229227327777423
2808,0.0122094507311406,0.038675792836155,0.0520664151005833,0.0353791453634838,0.30578453225878,0.555884663709857
2809,0.0713886986880293,0.162665098414194,0.369408386518207,0.0356238961837475,0.06532968790278,0.295584232293042
2810,0.021531607538092,0.0622222327664579,0.0806210040967845,0.121428495533405,0.370575355819074,0.343621304246186
2811,0.0139202745423683,0.14878921715761,0.149562665619658,0.0172537374145572,0.429203060369232,0.241271044896574
2812,0.462434654545697,0.26534260822704,0.0952865479941205,0.0720620731373339,0.0724213663538085,0.0324527497419996
2813,0.275100036417992,0.102004394852143,0.101430902354916,0.163565362941855,0.257426183698856,0.100473119734237
2814,0.0414369062065725,0.291900125560862,0.235068910669555,0.0372670792563871,0.181758452386056,0.212568525920568
2815,0.0149782968883437,0.0482397042894289,0.0940293096525185,0.0827593455639983,0.20702786261213,0.552965480993581
2816,0.13276128858043,0.143189361416644,0.287170159400422,0.0843510585702785,0.198865722033003,0.153662409999223
2817,0.0769122134532194,0.386029601993813,0.121751727918311,0.0691789256672222,0.21043989514374,0.135687635823694
2818,0.225583095135545,0.35504752342568,0.200585692444818,0.0389434921540055,0.0810282109343169,0.0988119859056342
2819,0.386055660389006,0.328165427686345,0.0736715248997042,0.0628311832529529,0.121014400967789,0.0282618028042023
2820,0.343299148872091,0.271239505942486,0.2332118763757,0.0465756089888145,0.0634706615223247,0.0422031982985828
2821,0.0101871435414962,0.0749725761710265,0.0229690813436109,0.0148514698674811,0.433455335218395,0.44356439385799
2822,0.17186953055277,0.244560097659855,0.200220349546843,0.0584280382091018,0.167794552002346,0.157127432029085
2823,0.0309414196189463,0.0880435196881086,0.104722702696199,0.0825320029407576,0.215144827914362,0.478615527141626
2824,0.0374210203428408,0.0867390261039952,0.200367297990634,0.0725189188755972,0.256298126986106,0.346655609700826
2825,0.00763819877158355,0.0327015663786827,0.187245074231628,0.017039592530785,0.0317399529895214,0.7236356150978
2826,0.0355997531788725,0.144219299104275,0.063043540994098,0.0572935588777504,0.541882390210281,0.157961457634723
2827,0.0965988544561282,0.514778036782071,0.12444812512009,0.0207048518304894,0.114809024648183,0.128661107163038
2828,0.0160371624460873,0.148836958951062,0.117044644025911,0.0358900928977142,0.39658882034319,0.285602321336035
2829,0.0312402058920372,0.0353105488963944,0.057117899676488,0.155531457542853,0.527313356538796,0.193486531453431
2830,0.00806168326357836,0.0359447615250372,0.113810336976584,0.0421586686037334,0.167881635865273,0.632142913765793
2831,0.321851793206975,0.30439463782058,0.141464780654732,0.101837148835436,0.0794181664710773,0.0510334730112
2832,0.0281530845578644,0.205322833209034,0.143981287393546,0.0415245712072816,0.349605938610962,0.231412285021312
2833,0.180805324032431,0.116798445138531,0.144792197390591,0.201348101434442,0.176089912904351,0.180166019099653
2834,0.0131579932378833,0.0626515444028,0.107688129388456,0.0227736179013722,0.233448621178436,0.560280093891052
2835,0.193613687836822,0.276594471564509,0.0671020308331998,0.105367680541752,0.242707896362614,0.114614232861103
2836,0.0278802957500493,0.0824741737091705,0.0618706770102714,0.0856392128253923,0.390625195920899,0.351510444784217
2837,0.0440363260944288,0.226962691143057,0.316634819946784,0.0493839709432509,0.200384721373452,0.162597470499026
2838,0.214485475623343,0.226190162348765,0.211126085238933,0.0788139733604288,0.101487294829643,0.167897008598886
2839,0.0954858093858412,0.168829363704777,0.167200329310679,0.156307251114621,0.210204673382976,0.201972573101106
2840,0.119192096193843,0.0637204604389063,0.142472528933872,0.324145636956677,0.126933321771571,0.223535955705131
2841,0.359429119599484,0.210423892766926,0.0915155814758775,0.0694256153494367,0.173661206721287,0.095544584086989
2842,0.0175618576629575,0.0652152847892235,0.051397964818104,0.0382219065024103,0.47732918932494,0.350273796902365
2843,0.0768744033441344,0.144500898424204,0.157881130064737,0.014588420099251,0.393857459340901,0.212297688726773
2844,0.0419394840821996,0.127798616180186,0.432312736736894,0.0155741425692871,0.0919416988647954,0.290433321566638
2845,0.291862138416518,0.380450081138718,0.107226930559803,0.120726838318083,0.0755367109249114,0.0241973006419664
2846,0.00470493336610217,0.0124274510341121,0.0147681905641401,0.0332134569940674,0.337481162437915,0.597404805603663
2847,0.0163504718862096,0.0699956430401851,0.0343090794959189,0.0455617594188234,0.460586485926995,0.373196560231868
