"CUS_ID","F20-","F30","F30+","M20-","M30","M30+"
2501,0.0355168236934451,0.501573273108139,0.131762309337153,0.00637027126045943,0.156816366563706,0.167960956037097
2502,0.118856128583852,0.268798679850157,0.0910195394502405,0.137482732432385,0.270181232575008,0.113661687108358
2503,0.00924678628253428,0.787199873948693,0.00749788999511657,0.00604378217790718,0.17219100047469,0.0178206671210588
2504,0.603379916752791,0.0876988304363023,0.0679773908921266,0.171672847789556,0.0279946139415051,0.0412764001877192
2505,0.125574818572143,0.241197350647246,0.100920001539537,0.0581516701573221,0.075863292305509,0.398292866778243
2506,0.00340922272687804,0.383101919443022,0.0957253822076852,0.0154765540154958,0.228837969847875,0.273448951759043
2507,0.00572765030927643,0.0186990578260142,0.13621184450865,0.0263915005020803,0.176964777273133,0.636005169580845
2508,0.00299430598839822,0.0377561557859316,0.00835545986766304,0.0234212195502731,0.661398151483551,0.266074707324183
2509,0.0784547078411164,0.0293013083059717,0.217884971238842,0.0556799419437109,0.0715933245604159,0.547085746109943
2510,0.00743151597596076,0.0773810267050333,0.0576930535772165,0.0164921478956909,0.355397057432402,0.485605198413697
2511,0.757208810641911,0.104608722383621,0.0433805676546176,0.0718157057416106,0.0134539235753913,0.00953227000284854
2512,0.0207524483704775,0.107184648392793,0.0199932309023614,0.141217806633982,0.622365568916132,0.088486296784254
2513,0.0088063394231442,0.0153286050167896,0.022300989476425,0.0194172958692542,0.477279550619883,0.456867219594504
2514,0.0783383020397377,0.560058012384617,0.0339621878107402,0.0164270896737905,0.274323009639626,0.0368913984514883
2515,0.00645841157577399,0.0343138502356756,0.0296104210638914,0.016111147719632,0.260192590027185,0.653313579377842
2516,0.0696760565903216,0.0560147088422954,0.0372682525609877,0.325349709064415,0.386557808731163,0.125133464210818
2517,0.00965757775933837,0.628367239684595,0.0752222344562306,0.00728698320826733,0.148015189614427,0.131450775277141
2518,0.475317125644997,0.203112428665083,0.168487025667601,0.0642972114934662,0.0314132598840886,0.0573729486447644
2519,0.0572877659285461,0.898080356535726,0.00986100830717204,0.00336755635453621,0.0227586567011628,0.00864465617285718
2520,0.030939664200945,0.041811057996692,0.0205312219379179,0.163826353064619,0.523102552657934,0.219789150141891
2521,0.00231490826743981,0.0288609222930032,0.1680487077769,0.00880278297987279,0.0758335645583279,0.716139114124457
2522,0.261378555591058,0.160488188531976,0.197447662979969,0.0898649110186082,0.119320301858161,0.171500380020227
2523,0.0370410939283835,0.464107659302826,0.0421244253312954,0.010064060967408,0.294867503057623,0.151795257412464
2524,0.00715601314786437,0.0852777996983696,0.286928063440574,0.0254544814502025,0.0346865539948198,0.560497088268169
2525,0.0687554077553682,0.0688410510604978,0.068670907932761,0.312176673585743,0.285786043881026,0.195769915784604
2526,0.179434914000306,0.319836491743789,0.0487219836186622,0.073383031255368,0.282218477802143,0.0964051015797315
2527,0.618829494694393,0.104447876115041,0.0867824519016964,0.047947825383149,0.0626070080793109,0.0793853438264099
2528,0.00215525427138351,0.00585889689318868,0.0220052639956702,0.0190647156228722,0.0802095790132739,0.870706290203612
2529,0.117925560386551,0.245247611163178,0.206761988708674,0.0684979593370868,0.144055752184626,0.217511128219884
2530,0.00538697027750801,0.00666232043211492,0.154861429695751,0.0150809629645799,0.0865521242617794,0.731456192368267
2531,0.018135134540221,0.210705204294358,0.0509476716170869,0.0669670853796229,0.495611925130163,0.157632979038548
2532,0.0248507274553885,0.306939767753699,0.12917191767199,0.0275605925325763,0.18461167844741,0.326865316138937
2533,0.000241613191481495,0.00149819475437917,0.0242085063660171,0.00266814751626618,0.0235172174317404,0.947866320740116
2534,0.170307982435685,0.115164481277947,0.163827280909899,0.325389933344998,0.0581867596512573,0.167123562380213
2535,0.0497790215604465,0.102716011016045,0.27129587065721,0.0188070084190244,0.125623809668955,0.431778278678319
2536,0.141573237373746,0.282026094281274,0.0799952317549794,0.0652437594876378,0.216110776559256,0.215050900543106
2537,0.027754224637653,0.875075100351129,0.0408488810245227,0.00290993925281127,0.0409184589271035,0.0124933958067802
2538,0.242777455041123,0.0899796055912462,0.0622157983373393,0.145213258961474,0.274280190260664,0.185533691808154
2539,0.246716552447876,0.260929605787487,0.269937262595929,0.0423448098371228,0.100267103407679,0.0798046659239056
2540,0.202650169627642,0.0577804094500551,0.0335292543632766,0.282812852570142,0.348453796579017,0.0747735174098664
2541,0.0835382114514844,0.0358071797139498,0.00800165103795692,0.596559274495437,0.263124312675202,0.0129693706259692
2542,0.027325298136298,0.573503921682687,0.012003087230006,0.020118036165516,0.352390496168273,0.0146591606172204
2543,0.0075963375970162,0.0192661912425169,0.0975167764765881,0.00354052043909915,0.146118497167766,0.725961677077014
2544,0.0990505453785023,0.142755118493907,0.185617150795787,0.166084380073111,0.153033923886732,0.25345888137196
2545,0.0652763075205356,0.334637725265003,0.113626735992283,0.0311587511590641,0.305642488719734,0.149657991343381
2546,0.0308717960029036,0.0720057909502227,0.0511192992999435,0.167602299875398,0.584905780684166,0.0934950331873668
2547,0.00762315378365151,0.0352147272823976,0.707504427052422,0.010561224551011,0.0333781261032928,0.205718341227225
2548,0.0526432971247496,0.0431226582075978,0.0404446038395061,0.18146455633558,0.62234779027069,0.0599770942218764
2549,0.0118274147178834,0.101550297304976,0.0205401976533906,0.0237530957033263,0.356568979384563,0.48576001523586
2550,0.00954885068607969,0.0115732712306588,0.0241548236646284,0.233241204731624,0.447740868571891,0.273740981115118
2551,0.579910677106613,0.168168211459742,0.0128838307880355,0.121474242658032,0.0756276048665162,0.0419354331210612
2552,0.0948912026076431,0.312070374064944,0.294511605442769,0.0148302525593886,0.159655905423285,0.12404065990197
2553,0.47773101688701,0.212456269505861,0.0413890829939041,0.0787318275418108,0.156940361871321,0.0327514412000939
2554,0.165278963765352,0.304152882890353,0.117697982911469,0.0902521912999528,0.268277569674726,0.0543404094581467
2555,0.00770147647390003,0.130791700993279,0.0790400536495537,0.0278271545861554,0.626085831784623,0.128553782512488
2556,0.0602833114923828,0.331207522945008,0.36535779936829,0.0219632190179426,0.0986266840632441,0.122561463113132
2557,0.488197753721791,0.0896792374055013,0.36576218905639,0.0220565120960225,0.0240945566192497,0.010209751101045
2558,0.0162787588306278,0.0339131018271176,0.872005106186907,0.0145500728556597,0.0212745188198807,0.0419784414798067
2559,0.0941264487815982,0.483194304579323,0.168761464569659,0.0150292784922797,0.0899777442361993,0.14891075934094
2560,0.00907029261598372,0.167923296560327,0.12125726078711,0.0153723160958886,0.249256458269779,0.437120375670912
2561,0.00677050063410998,0.0595875934057703,0.283327745954987,0.00244194271252502,0.194155718851491,0.453716498441117
2562,0.186247544364968,0.291866279869688,0.0296113348918301,0.0726462627008227,0.392372306746795,0.0272562714258957
2563,0.646228187793934,0.058120175186996,0.154616082368139,0.0559305852262639,0.0535388332456473,0.0315661361790196
2564,0.111711117578589,0.0415259774532113,0.0775780601168032,0.54776855963925,0.0548677410801195,0.166548544132027
2565,0.0594931928721251,0.204231863016782,0.129354105574784,0.0645837332071159,0.22012480856503,0.322212296764163
2566,0.0114008881590249,0.0441921273753701,0.172863772233266,0.0468333789200347,0.364712379396042,0.359997453916263
2567,0.0235201945268054,0.156205018259493,0.138293539895105,0.0195918743222862,0.189097717077257,0.473291655919054
2568,0.0120122431655036,0.0604626460098299,0.0576674860536408,0.0144594768795605,0.467681347699949,0.387716800191516
2569,0.0694850413768437,0.111282108002519,0.121606929306823,0.0114559903459212,0.0771752180461333,0.60899471292176
2570,0.0131286876250506,0.776844885626679,0.0588489413540789,0.00175341047123408,0.0517469234764864,0.0976771514464705
2571,0.0382294191562919,0.0973442844948753,0.0120942782035645,0.184175519407115,0.44622778772987,0.221928711008283
2572,0.0545477363028406,0.025150288596978,0.315633562657839,0.0540253488933303,0.0905864642721151,0.460056599276897
2573,0.0330036039246175,0.192176846603877,0.0468468863484117,0.0106324757741698,0.308857832390487,0.408482354958437
2574,0.0186964785055005,0.04922911637907,0.0140341662086605,0.301783979031205,0.510538095501913,0.105718164373651
2575,0.0149343093342951,0.0201022672243876,0.0142461649967308,0.0984647591659614,0.691837865030334,0.160414634248291
2576,0.347141441039474,0.374572510318191,0.132864276323425,0.0873181295036508,0.0185053270336103,0.0395983157816491
2577,0.0332406516243728,0.23739349369566,0.483691965429547,0.0174828947240715,0.101624569171767,0.126566425354582
2578,0.000583120386461237,0.00358573072600024,0.0130373839782682,0.00333439703862061,0.118411576372662,0.861047791497987
2579,0.365575375558416,0.173977246140456,0.131090789759645,0.11960434706571,0.143285182955019,0.0664670585207534
2580,0.0311390934567276,0.399373746914416,0.115692759857566,0.00636968208525391,0.20319996494842,0.244224752737617
2581,0.000374240997349174,0.0125233949516406,0.0494102146459984,0.0132478313795753,0.233093474892344,0.691350843133092
2582,0.365982049175069,0.266245902619654,0.138816476077135,0.0364722160610345,0.107766874666839,0.0847164814002675
2583,0.174475623105275,0.453911583877053,0.190542193758141,0.0258637306917547,0.0539327740091206,0.101274094558656
2584,0.266622208517168,0.398389704604019,0.124279979063426,0.070411527188555,0.0970065348040477,0.0432900458227839
2585,0.00904619176783652,0.0610114066460136,0.0209982877777775,0.049763299246973,0.622430898638955,0.236749915922445
2586,0.0283092727153885,0.2892380784062,0.0581984483904585,0.016921220870896,0.250498282149365,0.356834697467692
2587,0.217283317738677,0.0429653236090758,0.0174577395152829,0.444886882961414,0.20103756517075,0.0763691710048011
2588,0.0310081948992653,0.0136505819026589,0.00477981626954125,0.45010933870386,0.425264996990759,0.0751870712339146
2589,0.118185141784354,0.110563421609821,0.0292092593213699,0.212863233062303,0.477972271524214,0.051206672697938
2590,0.0330960076257898,0.107505163208017,0.143663700556861,0.12835061359978,0.333792639769303,0.25359187524025
2591,0.0516998401601019,0.0904391962159109,0.585589907904489,0.00592288861818496,0.0354735184539586,0.230874648647354
2592,0.00546449101348897,0.0103913335480373,0.00184605024410398,0.161337514846218,0.73987741509935,0.0810831952488017
2593,0.148995188339344,0.110823919549049,0.0482266724378502,0.0551713600872424,0.55891406304889,0.0778687965376243
2594,0.0383003853594956,0.110176562957875,0.0517052822007985,0.0487036310947083,0.361792548975819,0.389321589411303
2595,0.143565397997023,0.0472627815323135,0.247577900769833,0.425660548265787,0.0672743337073786,0.0686590377276654
2596,0.752231930189629,0.0426813713805051,0.00781814257330652,0.173234926054835,0.0214537319617748,0.00257989783994972
2597,0.00535549562938371,0.0240730355445563,0.20433092497859,0.00829664122349567,0.0655043048319413,0.692439597792033
2598,0.0112978128323388,0.0870551488786979,0.0530806779016169,0.0108759591912773,0.242588795282359,0.59510160591371
2599,0.308848743617917,0.344599917950789,0.0231106720393634,0.133435881557418,0.153866029448988,0.0361387553855245
2600,0.000783122759145083,0.0112878492199383,0.02626027291789,0.00601641094450411,0.862455300720275,0.0931970434382475
2601,0.00764040326872211,0.0264638487711132,0.172552977961693,0.00318099611958846,0.0655355032491496,0.724626270629734
2602,0.0388388912194352,0.169081485149523,0.0989633312510586,0.0297186110131008,0.258810192089688,0.404587489277194
2603,0.0287962412306565,0.582497307052567,0.0326900612806307,0.0180419174461107,0.288299034758515,0.0496754382315201
2604,0.0758008974320492,0.0382221986854305,0.343094525919737,0.344153899371817,0.0673667806828172,0.131361697908149
2605,2.03404096664624e-05,0.00934752843696688,0.0844030582812884,0.00566709459672513,0.312245501955332,0.588316476320021
2606,0.0182251173754175,0.0699173657145758,0.149983755876129,0.0173324029300207,0.0982331152312304,0.646308242872626
2607,0.0239177366132803,0.0467524969022796,0.0686359137764802,0.0676353336844958,0.249639212024293,0.543419306999171
2608,0.231069175136231,0.258203621010151,0.0566863379432939,0.166773290784311,0.137567982658341,0.149699592467673
2609,0.0166053925919335,0.0388426274024814,0.0296292978548771,0.152630846696894,0.550317078296852,0.211974757156962
2610,0.0832581308360065,0.25278429371292,0.0600719579337025,0.163298094252728,0.33760273112583,0.102984792138813
2611,0.0494231403934229,0.234467944705151,0.237255374298199,0.0509008925463793,0.0725908477136146,0.355361800343234
2612,0.0332846861939156,0.238461038081945,0.132959483759502,0.0410634286653853,0.261005086032814,0.293226277266438
2613,0.622497954975011,0.224261225689166,0.0230565731413259,0.0616691302514548,0.0623467160532691,0.00616839988977331
2614,0.0836761313173328,0.13599222321989,0.0871276183739646,0.0847159326774014,0.41568114110021,0.192806953311201
2615,0.636611938014277,0.141796766036557,0.0776203528978057,0.0497818937639827,0.0505352212019113,0.0436538280854656
2616,0.00826979658573968,0.0529465448480023,0.0839843982879478,0.0753078933971066,0.405556265038784,0.37393510184242
2617,0.417928802862225,0.343248381842184,0.104625861329946,0.0287900146537802,0.0878584865445852,0.0175484527672796
2618,0.115537694940693,0.0912508093043941,0.0628849441120058,0.125515184120241,0.37600641742316,0.228804950099506
2619,0.0215650192688633,0.0171640962054305,0.0116868688438914,0.126595684687029,0.615733834073677,0.207254496921108
2620,0.0316675735524897,0.144013845508307,0.342475192263522,0.0301554556898063,0.256644938043578,0.195042994942296
2621,0.0273156152098483,0.0781608013470849,0.00817028394945428,0.0714843372790655,0.780422555841966,0.0344464063725808
2622,0.000408973051036883,0.00120733322323151,0.00601096721252987,0.00319258556043835,0.0714417846278929,0.917738356324871
2623,0.486309025714737,0.214077834067836,0.0257757377198112,0.129938537986168,0.125359053533952,0.0185398109774948
2624,0.00168131187989728,0.0159947845705944,0.106753189607943,0.00388886848676357,0.0562817312717712,0.81540011418303
2625,0.244452826502542,0.296127549068567,0.3731169989416,0.023481575763179,0.0307402650444868,0.0320807846796257
2626,0.00122584329282489,0.00807634024167752,0.0222716769763316,0.00622629298539006,0.178494252049438,0.783705594454338
2627,0.144275752489571,0.17846948821037,0.500667111092997,0.0135976033442776,0.0548996884834222,0.108090356379362
2628,0.16300370089602,0.358580705462956,0.023182225456464,0.215782539296273,0.19999821919627,0.0394526096920174
2629,0.0120522147579697,0.206127461256904,0.0657249168961528,0.0151732763804765,0.305039845086267,0.39588228562223
2630,0.234244885028127,0.052918828657687,0.103011373898325,0.075297794905832,0.242701738868228,0.291825378641802
2631,0.0216812189032024,0.319850279316415,0.150003916562891,0.0177102403776112,0.283515630969888,0.207238713869992
2632,0.00409345953276683,0.0148637654501462,0.0507282923412191,0.0165598704491739,0.210874180343152,0.702880431883542
2633,0.0846840264821623,0.374067467414541,0.13151959556366,0.0495606916759063,0.217256969918155,0.142911248945574
2634,0.0302794319076331,0.175669781729239,0.185620536466831,0.0654359839900299,0.156959244358497,0.38603502154777
2635,0.0713054280177653,0.187725467950532,0.0943897640096476,0.0745547256447564,0.386223122728308,0.18580149164899
2636,0.102106644416533,0.0680778845292472,0.149587050482261,0.223465506698714,0.193291261960335,0.26347165191291
2637,0.0136667710433395,0.0594846982918098,0.0114134018526522,0.0932827813295241,0.692350870869782,0.129801476612892
2638,0.0530987001354848,0.0368283337062837,0.112361710947603,0.204232429596539,0.0904539583394577,0.503024867274632
2639,0.226679083149351,0.0494693421487929,0.0651167313930901,0.352132155765626,0.20822730502459,0.0983753825185495
2640,0.0103127540978209,0.0307243047640067,0.0365677907100999,0.0156237271889968,0.136635586407303,0.770135836831773
2641,0.501083422054983,0.121560193708166,0.145141489506067,0.0732110354357806,0.0902625757611611,0.0687412835338423
2642,0.00255690521974042,0.0511368173637573,0.0601209406374935,0.0125540127874156,0.235823986397472,0.637807337594122
2643,0.452575834273051,0.339281163472357,0.0176291189079629,0.0973519405914816,0.0768809052176344,0.0162810375375131
2644,0.00367431153552466,0.180790425892333,0.0495815697164324,0.00889052388978768,0.387812252124105,0.369250916841817
2645,0.0797020738646534,0.0546941537817554,0.0275903580015813,0.128209984830857,0.421554490799391,0.288248938721761
2646,0.00171538157409026,0.0180485088602485,0.103894180550193,0.010414864277649,0.0677652911130098,0.798161773624809
2647,0.0412503483893018,0.0612654990196616,0.0719706521873789,0.0612349403377626,0.354821383279659,0.409457176786236
2648,0.0554914892746629,0.131863286707389,0.792132871830882,0.00226753706846763,0.00484748658600987,0.0133973285325886
2649,0.0200600199018692,0.0306670396815128,0.0449288439683918,0.047883012356734,0.152909038858171,0.703552045233321
2650,0.0535092254679917,0.014583561833753,0.191618265557968,0.0806944944005979,0.106045725253421,0.553548727486268
2651,0.00717045203921437,0.0531378632572166,0.055300701191133,0.0562758625078462,0.4259147476925,0.40220037331209
2652,0.0110422942235088,0.0742879662318921,0.0545189751783052,0.0182072431742899,0.560275175860062,0.281668345331942
2653,0.278406761894921,0.196239937004231,0.0682287797698066,0.104714497181134,0.185808069259312,0.166601954890595
2654,0.0017214493641362,0.0333158123023885,0.0427822273988437,0.019581969551111,0.164670981699267,0.737927559684253
2655,0.690224425345658,0.13102732296252,0.0235583601901737,0.0682770690455701,0.0785584202288149,0.00835440222726375
2656,0.0163381043437464,0.07942847768107,0.0329966679247818,0.0294452823746763,0.587153180701461,0.254638286974264
2657,0.00649393218167407,0.0366121693939335,0.146881176817968,0.00558787752067847,0.108845551076454,0.695579293009292
2658,0.103460820221354,0.0640593437755603,0.0839121984386164,0.522686119913122,0.139402406299486,0.0864791113518609
2659,0.354774402818972,0.0620228317201152,0.021670092069533,0.520835034533206,0.0232701142954819,0.0174275245626925
2660,0.00828211635530015,0.0444628316070469,0.0727067704050827,0.0165435869751606,0.269224542234806,0.588780152422604
2661,0.00777665225740675,0.0276114066527224,0.134663459332798,0.00691308404789297,0.0588040499772286,0.764231347731951
2662,0.00489337685148658,0.0558943295615181,0.114243060335382,0.0152703219145213,0.142050546777155,0.667648364559936
2663,0.0108510409755047,0.0452243019971348,0.0650938138927332,0.0400660569348084,0.224152772389255,0.614612013810564
2664,0.0329593754623464,0.190686737364344,0.0237582111727823,0.0468172658454141,0.568753581938916,0.137024828216198
2665,0.252935543952818,0.227928636990183,0.275156180070008,0.0569493325448448,0.12029080869173,0.066739497750416
2666,0.000143442050839498,0.000658529144690876,0.0135980542980481,0.000249188338661299,0.00230512306302037,0.98304566310474
2667,0.0582611630215808,0.151627204198709,0.380050391674336,0.0327254201712294,0.184406097722663,0.192929723211481
2668,0.00301583285612389,0.0429842106240088,0.266484740731839,0.00308437177895021,0.06607941110616,0.618351432902918
2669,0.113683728617977,0.322910226513727,0.162350393480067,0.0338784777690484,0.111629314904377,0.255547858714803
2670,0.0124450832138706,0.0539059845324141,0.166297849353921,0.0200668887298892,0.149739881307209,0.597544312862696
2671,0.0218434307446994,0.087977132281837,0.129740946174918,0.0912302029437576,0.27098349566509,0.398224792189698
2672,0.00328501709774733,0.0163103349837878,0.114678159077365,0.00748257381669849,0.117872429781958,0.740371485242444
2673,0.273253536543732,0.180867609747103,0.091529154514285,0.156170888351183,0.221798542060707,0.0763802687829906
2674,0.00680027057285196,0.0344938969521668,0.0670840137124953,0.0411190711389937,0.341634569725042,0.508868177898451
2675,0.76958914501671,0.122863687996942,0.00839474529268492,0.0728506929805512,0.0232766795883478,0.00302504912476386
2676,0.0280286151558389,0.0758049071046221,0.0895203060011773,0.127285297908981,0.425237724533357,0.254123149296023
2677,0.0394901483460798,0.111895478055967,0.330663965892644,0.0396316520060714,0.430997408757851,0.0473213469413868
2678,0.0307883379451792,0.0971269429221278,0.291208610613056,0.0429086596636653,0.320546805628608,0.217420643227363
2679,0.00459654277067667,0.0164528651643974,0.0128472456108699,0.02575981331384,0.353171329898067,0.587172203242149
2680,0.10536627916618,0.051579096919992,0.278722210495757,0.476633420413865,0.0503763369600334,0.037322656044173
2681,0.00892697239068675,0.191110648275285,0.126995059429775,0.00599591737333487,0.409255715282751,0.257715687248168
2682,0.00766043177024783,0.0138931558336601,0.0841387056605063,0.11424175407997,0.219758431440746,0.560307521214869
2683,0.577901471105376,0.0991925670994698,0.00636937447462468,0.258481004656965,0.055267018150138,0.00278856451342667
2684,0.00751034220272449,0.0415990293453366,0.0251577005334616,0.0599233718342253,0.511080114319308,0.354729441764944
2685,0.0636342530354788,0.0240145374671318,0.354015266706147,0.0284416736065699,0.0386659382620685,0.491228330922604
2686,0.012125880475193,0.0626971944005579,0.0470360836082819,0.0191308141380414,0.113672249203779,0.745337778174147
2687,0.378319302052927,0.259683153286156,0.0874015567798563,0.142023739992852,0.0963417362856447,0.0362305116025639
2688,0.00669227904194105,0.0962678709810948,0.0435686791745026,0.10317414840936,0.59189243060259,0.158404591790511
2689,0.120158454045416,0.509253573217295,0.114511120503751,0.0738146437386234,0.140413241205129,0.0418489672897858
2690,0.025042304834622,0.0267719276156604,0.0519434103246014,0.272360350612305,0.36371272808662,0.260169278526192
2691,0.0442120498279705,0.153276083298866,0.161655074713481,0.0308789084946443,0.422635264854628,0.187342618810411
2692,0.22169981723091,0.139697684526504,0.236730375855372,0.0260528606829456,0.211841923500409,0.16397733820386
2693,0.0258447617988864,0.0390131446304006,0.0542259527731174,0.0195287018487831,0.12535400845601,0.736033430492803
2694,0.00131997451110511,0.00561392328433644,0.00847151172936062,0.0249443736658197,0.412169001211072,0.547481215598306
2695,0.533127080426948,0.130477684175128,0.0607746286967152,0.152921342166066,0.0927351306414887,0.0299641338936541
2696,0.0193167348297248,0.0684430381694416,0.274389386677618,0.0120181134335623,0.0518617787877651,0.573970948101888
2697,0.152117797152991,0.248427735147192,0.221175797032842,0.0307220471286691,0.228910576662209,0.118646046876096
2698,0.00244734171001023,0.0130800429785732,0.293586573509778,0.00584603886209582,0.392538214358832,0.29250178858071
2699,0.00426348964871408,0.165878131574563,0.699141749392533,0.000181082142592374,0.00991872529624736,0.12061682194535
2700,0.00170416739316256,0.0519522740087766,0.0267271435723973,0.00373118112249062,0.386855093924547,0.529030139978626
2701,0.00453852344077049,0.0418392075028614,0.110310005157304,0.0361400408104442,0.202476794725315,0.604695428363305
2702,0.4215407806077,0.154098746945592,0.198197249256268,0.0694626842262757,0.0767491670160551,0.0799513719481092
2703,0.26543003159947,0.0683173139113216,0.128016111130596,0.180756744666103,0.198001110384208,0.159478688308303
2704,0.0619366835248145,0.182643058061706,0.639047276820987,0.00808277055381582,0.0355000453484232,0.0727901656902533
2705,0.00826509624686486,0.0756180322851068,0.380631309910368,0.011270596926716,0.0637103980970201,0.460504566533925
2706,0.0100844152259165,0.0397973591057877,0.312092156109361,0.131352230698772,0.251235106074399,0.255438732785765
2707,0.00837117194615186,0.0321929016765692,0.00774879905048431,0.0778918036158321,0.734296092292723,0.139499231418239
2708,0.392669694232251,0.198077985810304,0.0848864467139214,0.157208087545624,0.142682712345042,0.0244750733528586
2709,0.0331328859435541,0.269597700026619,0.481080612499807,0.00809953648488807,0.0655894336667645,0.142499831378367
2710,0.0402751985888027,0.0126542773146978,0.340609944652155,0.0141230732989331,0.0128885598306502,0.579448946314761
2711,0.301633128997795,0.0942384231073621,0.0459853316962841,0.14899643142459,0.245775852236725,0.163370832537244
2712,0.150848630350232,0.0441677079223357,0.0378247823892228,0.662256164104336,0.0735947777508013,0.0313079374830722
2713,0.0343869462146618,0.128659640012306,0.332540671673208,0.0423810435655401,0.10231214462182,0.359719553912465
2714,0.00557107775047996,0.0997588089257276,0.415220744904767,0.00472279068303289,0.114016636782217,0.360709940953776
2715,0.00691209897787085,0.0619527653758035,0.366447808929976,0.0131691990197545,0.265401895995261,0.286116231701334
2716,0.0423694805388023,0.0634322052639559,0.0265321146198866,0.0563358194933538,0.402136803902214,0.409193576181788
2717,0.00714164330877839,0.024963272288137,0.060380524326519,0.0350663794887432,0.285655892456533,0.586792288131289
2718,0.0355792231856607,0.0309290800563158,0.197268959376308,0.0478188077554538,0.112024448907571,0.576379480718691
2719,0.0114851054741467,0.0522415291249642,0.111869850483086,0.0342233253470237,0.300697333421073,0.489482856149706
2720,0.229110796807897,0.0862218385699902,0.127078501985868,0.115475958311068,0.265898324724295,0.176214579600881
2721,0.0178321539391205,0.0553357339726599,0.140660535572363,0.0350924019502926,0.336609627122962,0.414469547442601
2722,0.272401900660061,0.415970576145127,0.186828026087895,0.0107864490421248,0.0893123466709535,0.0247007013938374
2723,0.0393841275661956,0.371431752096499,0.255491126553918,0.016311723190284,0.0928060725859842,0.22457519800712
2724,0.548921547232075,0.183647360184255,0.0495950906161699,0.14743931353105,0.0548605417660498,0.0155361466704004
2725,0.498538820159438,0.363920401094264,0.0180153476127483,0.093051689734359,0.0184192482598949,0.00805449313929597
2726,0.0102508471556383,0.0387968271401023,0.0170951347071511,0.0388959355076777,0.866077810762201,0.0288834447272297
2727,0.00182954011427625,0.037490665085195,0.0225558822098212,0.0297172799432433,0.341502118214283,0.566904514433181
2728,0.0275554228814284,0.0280415253973249,0.213749648190572,0.0291264663128594,0.0643595315810796,0.637167405636736
2729,0.180334928090468,0.252022439663842,0.0522924267889431,0.108619513243783,0.316067608492613,0.0906630837203509
2730,0.00144304759463746,0.022767709002714,0.0334001972378053,0.0252130658250345,0.378326422360013,0.538849557979795
2731,0.110435587172447,0.197333795861718,0.0817086404945543,0.151734389822067,0.377513740312691,0.0812738463365227
2732,0.0061204767176703,0.0417784892513986,0.303949274980039,0.00337551457195453,0.0424338604839336,0.602342383995004
2733,0.017606164827665,0.115474669084858,0.0760917430815445,0.186480575794752,0.519456479074946,0.0848903681362349
2734,0.00955789008438028,0.928057392155176,0.0154152141188296,0.00147787385853887,0.0277051778621138,0.0177864519209609
2735,0.0261712222474996,0.384205116256032,0.174534940957041,0.00738992652838101,0.166980841308252,0.240717952702795
2736,0.053176544209567,0.0795879217963893,0.0491344141480599,0.458803275190215,0.297693802230958,0.0616040424248113
2737,0.164694006548609,0.113446369023656,0.330104550244906,0.00288541318707767,0.272351399819697,0.116518261176054
2738,0.0116434838669353,0.0865697306557425,0.0777746635018665,0.0233421938507071,0.196453049502936,0.604216878621812
2739,0.467945983454354,0.275152797638421,0.0656353004106568,0.0464534058799813,0.119083406275521,0.0257291063410661
2740,0.25004726128872,0.220384820707419,0.178953001587225,0.0776024558588398,0.143009161346708,0.130003299211088
2741,0.148168717149921,0.213958941830928,0.220387292214307,0.0432783578083893,0.227896550209634,0.14631014078682
2742,0.0308367550638926,0.102157084423218,0.0496005537582738,0.0713533038988769,0.517510628055541,0.228541674800197
2743,0.345196792215138,0.189880767551301,0.137479006794827,0.140424446265341,0.102532345185268,0.0844866419881252
2744,0.00775353345551359,0.0778205058708429,0.0110473132889997,0.133704077501433,0.663362778870506,0.106311791012705
2745,6.76220727868021e-05,0.00127287156878367,0.361779786456894,0.0170928784335872,0.462903775580003,0.156883065887946
2746,0.00995258697297595,0.0614724625921709,0.150403789860364,0.0229861467733602,0.144800158313364,0.610384855487765
2747,0.0154395682359393,0.0396018134813034,0.0158457964563595,0.0609071573152341,0.61565011563914,0.252555548872024
2748,0.00261663032105438,0.0261302698451777,0.0211774263158304,0.0277109434482244,0.799112592089142,0.123252137980571
2749,0.210283190795432,0.263805947745522,0.0412984569565257,0.264374728025236,0.124649504178999,0.0955881722982843
2750,0.0101350995149042,0.0790630036967394,0.196476408960798,0.0564749344882843,0.181760556190288,0.476089997148986
2751,0.116351100597294,0.0711617466845232,0.0310186846044593,0.185283637481524,0.575807420833042,0.0203774097991577
2752,0.0754972938071175,0.111195065043661,0.173474435716153,0.0650852195631225,0.108328810621948,0.466419175247999
2753,0.0234325266890005,0.0951098660205481,0.0532562024266765,0.147732786731233,0.545463259191078,0.135005358941464
2754,0.00368081228932056,0.151787158094563,0.00915102891342928,0.00332807064896099,0.792794031219899,0.0392588988338275
2755,0.000436494931232797,0.00285704734379562,0.0234826189267018,0.00610833322928495,0.298167327004328,0.668948178564657
2756,0.000897747197050564,0.00273516547508229,0.0664685754545734,0.00286519807712656,0.0278026535811372,0.89923066021503
2757,0.0203781844544676,0.236988945093926,0.0403348701323585,0.0263072154639576,0.381427393947388,0.294563390907902
2758,0.0341523900862528,0.329143401205154,0.17082282258259,0.0115292203932147,0.301926971932834,0.152425193799953
2759,0.0229462914634148,0.250208448334657,0.0660265745250655,0.0156808577055094,0.206059264471717,0.439078563499636
2760,0.345167817410171,0.182831630957415,0.115073887173657,0.270467028091826,0.0704194783287142,0.016040158038217
2761,0.119607952180017,0.0634893631865232,0.0469287860548915,0.461899386212873,0.236048976723355,0.0720255356423403
2762,0.00108970378123897,0.0181565506022105,0.0211283735244998,0.00402055976238232,0.46403758816253,0.491567224167138
2763,0.0619062773962646,0.164085016762157,0.228802893960201,0.0393353580623061,0.255659067051291,0.25021138676778
2764,0.00612991950923986,0.00961699037931065,0.079564820133572,0.0123415733584189,0.0640535663562938,0.828293130263165
2765,0.0178362657540375,0.179523955753275,0.307239611016028,0.00709350609755903,0.138125150500795,0.350181510878305
2766,0.0534660700866029,0.158141210713155,0.12717354877182,0.0173253040207262,0.419031295753132,0.224862570654564
2767,0.000258082489688369,0.000264885227630624,0.00115852376600214,0.931333126733077,0.0370157565948083,0.0299696251887933
2768,0.0173920349808829,0.1080475072308,0.512710478762261,0.00450528428445475,0.0356003923319813,0.32174430240962
2769,0.0635713778890964,0.44996503292577,0.0333184031659667,0.0919238344495459,0.315458772753349,0.0457625788162717
2770,0.000744363843586516,0.0136989364185102,0.0642387436527033,0.0065386594423614,0.257933420850682,0.656845875792157
2771,0.0132630212347197,0.079592814308164,0.400594251817359,0.00559902135654544,0.042617204277274,0.458333687005938
2772,0.00891005384511911,0.0137275651633252,0.0670862316127338,0.196634441551362,0.518277756015444,0.195363951812016
2773,0.0324253896637825,0.323569470398606,0.109615491601288,0.00604017798827078,0.418895376230997,0.109454094117056
2774,0.0648041887036825,0.554354658307585,0.0722323027130268,0.0133102262985206,0.256374948414157,0.0389236755630282
2775,0.000325438683669102,0.0029084704464884,0.0480915081175224,0.00231490882878761,0.0437004722755159,0.902659201648017
2776,0.0057526486531815,0.0422082428466741,0.0951276390939846,0.0376024920384248,0.244892607211336,0.574416370156399
2777,0.000520384754113846,0.0124998285170911,0.0643970181607877,0.00615545062097342,0.154009397785187,0.762417920161847
2778,0.229922620700356,0.113844360948078,0.172107258323505,0.0860078629421937,0.0992162357619253,0.298901661323942
2779,0.0178421358171127,0.00921144460373194,0.205575000661223,0.190197638064705,0.145203991605363,0.431969789247865
2780,0.0474682304216152,0.158444218583587,0.347912630247768,0.061392758405865,0.0788509271809242,0.305931235160241
2781,0.00698079473217922,0.00886558635308669,0.0435629530497107,0.128441511242936,0.498272816282868,0.31387633833922
2782,0.0035311974137561,0.0105144531451527,0.209793235049822,0.00856099178336235,0.0917904930665724,0.675809629541334
2783,0.554463674525472,0.175582121886376,0.101412749695261,0.0939812797417018,0.0441316647564881,0.0304285093947015
2784,0.0669203327939403,0.184714972195908,0.0598697671344921,0.0922308488396345,0.471906549509944,0.12435752952608
2785,0.000439183373055601,0.00153453918408396,0.00909390801434342,0.00839038290106198,0.491892593259142,0.488649393268313
2786,0.0138056749114959,0.19181837065874,0.0571411890848837,0.0446644335233496,0.517865706068855,0.174704625752676
2787,0.00243362174327527,0.0174689071930651,0.0604932718631413,0.0124546192096049,0.142663532420786,0.764486047570128
2788,0.0197722510142681,0.0676065310774244,0.157602842287538,0.0252423234959885,0.116927417663391,0.612848634461389
2789,0.0474674751184048,0.0867932992987103,0.323804380688181,0.0561101343542555,0.185629284522792,0.300195426017657
2790,0.281487105436653,0.157254969544334,0.0377310746311267,0.0697280391655064,0.320161521321987,0.133637289900392
2791,0.191781220908247,0.0649304675735505,0.0193353731048057,0.583782535136992,0.119434735735421,0.0207356675409839
2792,0.429771275516241,0.278049418553126,0.034246483255231,0.0926236976474549,0.143810254225889,0.0214988708020586
2793,0.00353916078455347,0.0448866609959418,0.0324793585023083,0.00952207540872217,0.467569148785374,0.4420035955231
2794,0.429383226073643,0.131527224995722,0.042895742965381,0.186254537882474,0.17456739449824,0.0353718735845401
2795,0.409831840345823,0.125317323192605,0.0227387695484032,0.377233328717462,0.0583507242058864,0.00652801398982061
2796,0.000411863738852855,0.00522988965453951,0.0537040973439015,0.01297155803921,0.145989782196801,0.781692809026695
2797,0.0905245750832604,0.101878848377344,0.0852657165682927,0.0897287622474079,0.16549237560583,0.467109722117866
2798,0.00926361014065748,0.326312232464136,0.288274299270302,0.00236923343170694,0.244116006403195,0.129664618290003
2799,0.266018039577611,0.118667579612232,0.407969320164014,0.00859801955462692,0.0626570455451942,0.136089995546322
2800,0.00547101472850909,0.00790867514834152,0.0311250137078159,0.010021107915117,0.105922397752979,0.839551790747237
2801,0.00426016284593896,0.0254325740686144,0.0091843726849491,0.0137556812789094,0.456517093599065,0.490850115522523
2802,0.00696248423049506,0.0567221249616368,0.0469733371862907,0.0185228143335427,0.497152717043623,0.373666522244411
2803,0.083849423157989,0.569533147094447,0.145057520439434,0.0187351108472427,0.106479529341218,0.0763452691196694
2804,0.0163825749563897,0.0532488313711803,0.112575219041883,0.0146098230288951,0.373773828640724,0.429409722960927
2805,0.471980242039172,0.109574555145023,0.213819684660888,0.0758822474938109,0.0652155058933493,0.0635277647677561
2806,0.0421867512354745,0.0327124740614306,0.0487637353471382,0.362228742788086,0.354951770408257,0.159156526159613
2807,0.161010896990151,0.187846829671287,0.216450046364327,0.110175799615661,0.138940358841432,0.185576068517142
2808,0.00802564253492462,0.0350833722670229,0.0444322155386991,0.0181069999307767,0.210989348307902,0.683362421420675
2809,0.043636504968214,0.108987286078787,0.584057770415522,0.0254140509462543,0.0329857708021449,0.204918616789078
2810,0.0086896826921532,0.0400830984954572,0.0550302550956112,0.0825817773676167,0.388156788703348,0.425458397645813
2811,0.00207397882481676,0.0771041135650625,0.0725432488702847,0.00616184244328724,0.586720747621448,0.255396068675101
2812,0.460117817966364,0.363502808011278,0.0650582184612662,0.0411030028643234,0.0480216607762897,0.0221964919204787
2813,0.4022461805186,0.0905148174776508,0.0853031586888385,0.155282969643018,0.221877154601574,0.0447757190703183
2814,0.0164687963843502,0.375955604723312,0.16057801068796,0.0164935142725268,0.131721505140118,0.298782568791732
2815,0.0076409972348416,0.0407123884003372,0.0835219647190067,0.0306748865640751,0.149834201015709,0.687615562066031
2816,0.236950952925543,0.152113348020343,0.318120531864752,0.110769809980921,0.148720627377336,0.0333247298311048
2817,0.089927142320687,0.490814556244391,0.0818216576587419,0.0678112734562747,0.186686604264001,0.0829387660559041
2818,0.226163751294261,0.409548550442527,0.21069444828278,0.028494780067782,0.0602151037707759,0.064883366141873
2819,0.305751419696164,0.399487307588582,0.0893109723959238,0.042875799735949,0.138391554310252,0.0241829462731294
2820,0.545959290461602,0.232658792704493,0.164783166400254,0.0223884474448684,0.0262253399342303,0.00798496305455208
2821,0.0015217523953564,0.0316044961844214,0.00528103209167124,0.00467297086462614,0.349487118423133,0.607432630040792
2822,0.14217400635384,0.202448501357864,0.310711347661305,0.0566682320992293,0.152927008270995,0.135070904256767
2823,0.0177806848689472,0.0973950523355439,0.111449021304678,0.0568155946264235,0.259841959605577,0.45671768725883
2824,0.0245336975286193,0.0618023701542541,0.199844855315378,0.0414876071569617,0.347777511487031,0.324553958357756
2825,0.00245220444528385,0.00717221490567907,0.149139508863075,0.00488909556604354,0.00900723927411209,0.827339736945807
2826,0.0371658686434827,0.158907452425523,0.0459491956143846,0.0628797492640646,0.563378900546084,0.131718833506461
2827,0.0622709771499736,0.623698156529705,0.181390533282151,0.00671415757257051,0.0676701835292285,0.0582559919363714
2828,0.00804644027852786,0.0894531573559584,0.114997613070986,0.00861247019605666,0.454324580144361,0.324565738954111
2829,0.0434870398991786,0.0274246727545028,0.0504385555464954,0.219526899231796,0.581110451097821,0.078012381470206
2830,0.00301351103474682,0.0181448381292877,0.129528424098048,0.0406877763471386,0.166862349871585,0.641763100519194
2831,0.35588133895843,0.390578721015231,0.0928033871735995,0.0871289485745217,0.0497373063394546,0.0238702979387627
2832,0.0286893318266298,0.364705383269367,0.185193313413618,0.0151704074252696,0.297525967148914,0.108715596916202
2833,0.342160218119143,0.100352303035794,0.123374440403354,0.188629080095356,0.138506178532089,0.106977779814263
2834,0.00354431544076415,0.0443546660973899,0.111349346304448,0.00751930782523819,0.162411872783594,0.670820491548566
2835,0.130548625978789,0.296970268093315,0.0609453726314181,0.0549554556792828,0.338675465169946,0.117904812447249
2836,0.0258132432519603,0.0854548625221711,0.0594267229201058,0.117848347289955,0.355072999387944,0.356383824627863
2837,0.020938495461462,0.239878155089062,0.320643999538654,0.0399808127516961,0.16848835344664,0.210070183712486
2838,0.375914059162751,0.239920443175846,0.188814307881426,0.0769625712761012,0.0409977217754251,0.0773908967284499
2839,0.0485394966587807,0.159406274844034,0.174134890708616,0.152800152224728,0.245650514881364,0.219468670682478
2840,0.128301140890702,0.0503770855078727,0.0751200581346429,0.48932136866191,0.0904547419893253,0.166425604815547
2841,0.278133960352036,0.200974729958483,0.109606470276198,0.0528567246351675,0.191423061907833,0.167005052870282
2842,0.00741705355291417,0.0459783139530615,0.0203093497666363,0.0144042708140688,0.510769782692842,0.401121229220477
2843,0.0212858421713032,0.0529750820239009,0.0207483581140981,0.00032712732145026,0.817210948077725,0.0874526422915226
