"CUS_ID","F20-","F30","F30+","M20-","M30","M30+"
2501,0.11173542634722,0.358632800033528,0.111715629872636,0.0397076204430537,0.200487562162518,0.177720961141044
2502,0.0238820689648678,0.117599476408995,0.227383021967444,0.0795118967139707,0.377680949801151,0.173942586143571
2503,0.0617177463914939,0.454667676018613,0.0537344130082288,0.0434858103682553,0.322781849899362,0.0636125043140473
2504,0.397386873108534,0.152726625086771,0.167411127206309,0.133459929907998,0.0658562883203654,0.0831591563700228
2505,0.0363830805949398,0.131790706599798,0.196315394744774,0.0464333287843637,0.145787498395069,0.443289990881056
2506,0.0226871076801769,0.258505366294487,0.10992892326759,0.0329865693254207,0.291537175593033,0.284354857839293
2507,0.00991973251322958,0.0312708428705836,0.0977331296325675,0.0250964710394004,0.195363310180735,0.640616513763484
2508,0.00638920678957905,0.0346610200121489,0.037327189920112,0.0311866038521215,0.430022879795727,0.460413099630312
2509,0.0239096882348098,0.0392625212247714,0.178652984938553,0.0366699955411406,0.152158595347175,0.569346214713551
2510,0.0193157584325457,0.136771665217491,0.0721890735253912,0.0318925499192837,0.30049731178704,0.439333641118248
2511,0.714070446705555,0.102567314135451,0.0695710062323515,0.0681072494261158,0.0311153675069749,0.0145686159935519
2512,0.0442519389279645,0.145250421755086,0.0859521638323729,0.13556756794766,0.480084490622707,0.10889341691421
2513,0.00457815890468725,0.0249787501619337,0.092101645475198,0.0196964021513613,0.233658384197857,0.624986659108962
2514,0.166480701923459,0.526150545028929,0.0558741861379305,0.02729951149744,0.185162337159317,0.0390327182529245
2515,0.0118569087331428,0.0420365004144173,0.0959192023039288,0.0315865127187024,0.189867573485068,0.628733302344741
2516,0.0625657739718095,0.126379779782404,0.0763578545335147,0.178849646926503,0.277383553361867,0.278463391423902
2517,0.0309270175688025,0.391179400665748,0.130042371563782,0.0148599881776176,0.217704625888494,0.215286596135555
2518,0.486311449178717,0.187254962968213,0.0997279894003432,0.0686134941197955,0.0903415575393127,0.0677505467936192
2519,0.058980501563715,0.812881077916634,0.0258242702974914,0.0136010859811696,0.0605440559386875,0.0281690083023023
2520,0.0288744625109872,0.0432368010192313,0.0229113797649292,0.137645460557389,0.564358332013511,0.202973564133952
2521,0.0178445933751499,0.0785983905315976,0.267793290103632,0.0392130928630766,0.156813682221587,0.439736950904958
2522,0.438965970017734,0.228057531659441,0.126114934463761,0.0586445053393451,0.101665287137135,0.0465517713825842
2523,0.0547441929869027,0.271148258330814,0.0936518483667359,0.0183219371520217,0.41178992970727,0.150343833456256
2524,0.03623400304324,0.11027202402389,0.325191355369399,0.0453969182071358,0.101844449724336,0.381061249631999
2525,0.137414656593929,0.0676397773252547,0.0538724227735488,0.491901656263188,0.201705749638431,0.0474657374056489
2526,0.104118665113426,0.239145755874145,0.0679894247555602,0.106664778146111,0.340387887872602,0.141693488238157
2527,0.459879285041083,0.196105191708212,0.119908789345957,0.0617067143126967,0.101193168950111,0.0612068506419398
2528,0.00400145019221953,0.018295118596922,0.0827675362808751,0.0406616277400738,0.207417593733393,0.646856673456517
2529,0.0675097486347785,0.0966110804580442,0.262655432861449,0.0495178888860158,0.118366661849129,0.405339187310583
2530,0.00263478919787872,0.0138943787731204,0.122933008979405,0.0176584087825787,0.103402444791738,0.739476969475279
2531,0.0254593666452929,0.134935763267126,0.117753654742773,0.100017843191733,0.376032334237812,0.245801037915264
2532,0.0307362530192886,0.167839382333487,0.147313019374807,0.061062818796927,0.305777484695054,0.287271041780437
2533,0.00200218346780381,0.00659541413069385,0.065362243278905,0.00772684342504526,0.023550965382316,0.894762350315236
2534,0.161068454067726,0.0384562917332284,0.0365437388901,0.647887414874518,0.0653483269034016,0.0506957735310261
2535,0.0548484115880305,0.112414115073094,0.195100404059986,0.0436563507489753,0.19538288736951,0.398597831160405
2536,0.192884581253131,0.247347889121677,0.110378322545607,0.0571339124629088,0.200741023828522,0.191514270788155
2537,0.0272385843569785,0.777830653369777,0.0874284759436882,0.00635240154464247,0.0586867974952358,0.0424630872896776
2538,0.159356532681912,0.0895149404412566,0.0790075013313929,0.119556839060709,0.337004696317328,0.215559490167401
2539,0.173086508254689,0.224948012445338,0.268295795835289,0.0400544976024701,0.13082358515427,0.162791600707945
2540,0.36144153566542,0.163079239736575,0.0325229470591985,0.212933415971696,0.195414159559373,0.0346087020077386
2541,0.148733827351628,0.0567105759710892,0.0132229749359334,0.451192996722556,0.279911642666026,0.0502279823527685
2542,0.073339190053453,0.504599883407591,0.0572112645299813,0.0301326459217148,0.298619637196821,0.0360973788904388
2543,0.0078242363878533,0.02237657585042,0.0694921258477404,0.00688909716558833,0.25299369666454,0.640424268083858
2544,0.0923887786920634,0.165152463290872,0.115650532338259,0.176072256437352,0.186189690711508,0.264546278529945
2545,0.0376855562850947,0.285689431396587,0.0546369531867649,0.0170048096627147,0.432828517983218,0.172154731485621
2546,0.0271444008213823,0.0282310105414399,0.00859182072177198,0.232808103989727,0.621267479257515,0.0819571846681632
2547,0.0634949109949611,0.130781695991912,0.379980174982607,0.0422952018503679,0.157720565662756,0.225727450517395
2548,0.0562498628720625,0.0840112003079313,0.118103019281196,0.152106962856584,0.477429404101476,0.11209955058075
2549,0.00645851697265326,0.0455428473279715,0.0342474359261995,0.0396701535993717,0.3332957171229,0.540785329050904
2550,0.0198631029062471,0.0319550232686274,0.0167116799203013,0.172364131116628,0.566659158910927,0.192446903877269
2551,0.159890678224612,0.230629349191335,0.0402867980072957,0.17826187667384,0.251542433764051,0.139388864138865
2552,0.197224251862333,0.351922742413323,0.151243874089115,0.0589724890222196,0.126800276478532,0.113836366134477
2553,0.460551042259384,0.223487194638008,0.0401423903708985,0.106879071586704,0.142624606357553,0.0263156947874527
2554,0.115050629189218,0.186344656968897,0.1365676656288,0.128712987349483,0.362959550987512,0.0703645098760883
2555,0.0148109634535886,0.0722839681736238,0.0649530219878934,0.0493845583960189,0.620879093332803,0.177688394656072
2556,0.11145864241325,0.317637022131417,0.251380182128485,0.0509314670170978,0.147127770372105,0.121464915937644
2557,0.284235166390184,0.210994113848258,0.353139442384123,0.0513034306039168,0.0736529409297992,0.0266749058437188
2558,0.043859904761316,0.0958080150045669,0.639763370830598,0.0265513369904263,0.082563388682284,0.111453983730809
2559,0.074904595825409,0.462268685257339,0.130896056639167,0.0286138897247645,0.119503357562605,0.183813414990716
2560,0.00613718524086603,0.114573123068635,0.114023846400114,0.0262591003460365,0.214406570406199,0.524600174538149
2561,0.02396474726313,0.0576724834059461,0.171111895626127,0.011147973991348,0.136762197373718,0.599340702339731
2562,0.333837247363709,0.388761729454105,0.0476683276292525,0.0391547325708255,0.170612029568416,0.0199659334136923
2563,0.282681051806694,0.149962089870822,0.254583409559786,0.0744178108749473,0.105499380551109,0.132856257336642
2564,0.0968841011024176,0.0726410443417107,0.0863979858068769,0.289981949573106,0.217432662744626,0.236662256431263
2565,0.02539321034978,0.07520540614701,0.0776777899173423,0.0324994375980333,0.174773842600065,0.61445031338777
2566,0.0112919427930956,0.0302855997961931,0.0739938411421485,0.102218271468923,0.446166095909974,0.336044248889666
2567,0.0299691817008401,0.131461987143261,0.107513421082503,0.055684137183242,0.165382177538221,0.509989095351933
2568,0.00487624079282035,0.0357112915039724,0.0706954828370237,0.024954602208443,0.258873488210958,0.604888894446783
2569,0.0232592091319067,0.083003173468317,0.235113346810754,0.0121197094373593,0.163815453868373,0.48268910728329
2570,0.0245820699886347,0.479880251826289,0.13924233860823,0.0136797520306497,0.16254541874443,0.180070168801767
2571,0.0953750958118843,0.0670755598266871,0.0199765177375748,0.406965201298437,0.302260377461103,0.108347247864315
2572,0.0764475755942879,0.0830797656206113,0.288468402681256,0.163291546255535,0.147506810498287,0.241205899350022
2573,0.102209064375716,0.306993492741091,0.0945385924836989,0.0339566179101129,0.284188317071082,0.178113915418299
2574,0.0158226535701982,0.0429753007115816,0.0210144499458679,0.502499549597131,0.347672758612375,0.0700152875628459
2575,0.0165299586853769,0.0285362524924939,0.0123710121226125,0.141432583022224,0.68824985440821,0.112880339269083
2576,0.260636446684556,0.327444360714993,0.131155019985881,0.0789620178222304,0.0954204362740304,0.106381718518309
2577,0.0466334229763944,0.18753986444812,0.247095507519753,0.0309427531453084,0.190387768572155,0.29740068333827
2578,0.00151832664045798,0.00710620692203109,0.0406137236048399,0.00917638695966391,0.0611396658392538,0.880445690033753
2579,0.242542222425684,0.257543989705853,0.295849928716876,0.0371283423620772,0.0988050244332839,0.068130492356226
2580,0.0646401968445391,0.281480727159737,0.142348835014246,0.0285800089001848,0.248794946006755,0.234155286074538
2581,0.00954138759411779,0.0453017988211571,0.0929844189947583,0.0905043862773479,0.383107666284503,0.378560342028116
2582,0.129622245136565,0.543098312127035,0.0722000838983405,0.0231380954093769,0.166927178514926,0.0650140849137567
2583,0.0393870786208719,0.599494347159293,0.158716423316489,0.0140632269899458,0.0925783697780429,0.0957605541353575
2584,0.32184093210902,0.586639238664545,0.0245227678429817,0.008342412484787,0.0452907279838448,0.0133639209148221
2585,0.0275426064567714,0.0782435332921812,0.0693323413353006,0.0667052604848648,0.489126283474098,0.269049974956784
2586,0.0319122116201189,0.329142851487069,0.111970447877197,0.0345089374794559,0.233237705149998,0.259227846386161
2587,0.209298842527755,0.0693424495876323,0.0483397364729538,0.356293541140424,0.227890103677065,0.0888353265941705
2588,0.0536418101349802,0.0290369057171671,0.0210798550068245,0.255877943015737,0.516742730121651,0.123620756003641
2589,0.0369018904314284,0.0671571657417272,0.0458936134802661,0.175966113043651,0.599693344721284,0.0743878725816436
2590,0.0174574398163042,0.0749825268552221,0.160518261304762,0.0722527577032531,0.220510359860502,0.454278654459957
2591,0.105822738922593,0.134072719788988,0.296414355679329,0.0278225152911101,0.0722037600528205,0.363663910265158
2592,0.0148776736181012,0.0584598171275027,0.0210903904300274,0.152154280038133,0.628234145326643,0.125183693459593
2593,0.155697025100363,0.19802114423194,0.0750380579492192,0.126590738486737,0.314931395958617,0.129721638273124
2594,0.03147629976625,0.0480187259104286,0.0525450211034539,0.0219306065742599,0.445293450324593,0.400735896321015
2595,0.0930416964102639,0.130862770171497,0.208495789787651,0.177344672982449,0.180443951053175,0.209811119594964
2596,0.813448602285593,0.0499827764398075,0.0106657981966616,0.0979591764387713,0.0235632398556259,0.00438040678354066
2597,0.00729528038519262,0.0292116690521581,0.151861389418434,0.023968654265578,0.201473318413405,0.586189688465233
2598,0.0169404753403533,0.097718913307597,0.0876591091848998,0.0137501172213754,0.138956736501693,0.644974648444081
2599,0.268140486727438,0.202696687175389,0.0911213838957752,0.169762893007963,0.174394953762198,0.093883595431237
2600,0.0093579732084435,0.0505260729842753,0.0682200715283389,0.0392957803079558,0.75844067004245,0.0741594319285367
2601,0.027081940557237,0.071623231255075,0.240084043229646,0.0348610937983683,0.13750051532449,0.488849175835184
2602,0.0219539424519944,0.0678888864972018,0.0744736400190652,0.0323686682324961,0.188491901416538,0.614822961382705
2603,0.0497045750938029,0.544852648452205,0.0528256481059821,0.0339546547743919,0.25030691515522,0.0683555584183975
2604,0.0709383305544289,0.143794524984966,0.319757551827131,0.123687875995813,0.106905835480021,0.23491588115764
2605,0.00258862414396032,0.0724004588468869,0.206889446860092,0.0308613446064105,0.332654637057025,0.354605488485625
2606,0.0287698305680777,0.0664212565203065,0.121654631705179,0.0273724068898436,0.189245568950636,0.566536305365958
2607,0.00704591095727061,0.0205964796089537,0.0716155007439092,0.0199867383469228,0.0960085461361929,0.784746824206751
2608,0.196564579209678,0.168151008190549,0.0735364098336237,0.176125451523595,0.235026566194256,0.150595985048298
2609,0.0154960566296126,0.0492869962424097,0.0449875366913269,0.116175086812279,0.439550797460707,0.334503526163665
2610,0.080983470183659,0.170167244159625,0.0448749665678861,0.193163838300072,0.31912406379575,0.191686416993008
2611,0.0165861465803885,0.0570044233925184,0.151856422970128,0.0317833796601558,0.0774012670515788,0.665368360345231
2612,0.0742298690632584,0.240098734508411,0.142064738719659,0.0480864172158926,0.143132078335374,0.352388162157405
2613,0.416455433850404,0.364186409260754,0.0610698165015665,0.0548328594137584,0.0817757545334193,0.0216797264400974
2614,0.115267594809714,0.108096857207731,0.0752307326757851,0.136487928215009,0.274609794574016,0.290307092517745
2615,0.41620953374147,0.233334616929752,0.176904037108588,0.0567276739747249,0.0656432048874591,0.0511809333580057
2616,0.00656579167320402,0.0518904381104392,0.0401117457946918,0.0443375793999552,0.564931166257633,0.292163278764077
2617,0.146936778506903,0.302084684044673,0.303555982804888,0.0369825688971625,0.120676995477412,0.089762990268961
2618,0.0418390650237229,0.0616988210467624,0.104681909994713,0.0619648508205694,0.425630587907949,0.304184765206284
2619,0.0360841120961273,0.035974813884888,0.0159196226733236,0.116267971123649,0.661976060694801,0.133777419527212
2620,0.00918963627769355,0.10861615854862,0.276167664058398,0.0260667527539357,0.265185740274769,0.314774048086584
2621,0.0288621342872297,0.0761113775327067,0.0413175317735357,0.131098085253584,0.626787292317972,0.0958235788349709
2622,0.00284154564687902,0.0113169946672316,0.0194728299019398,0.011477138736328,0.167754260594938,0.787137230452684
2623,0.303337545948948,0.190364855610134,0.0422628356698822,0.0860082631459526,0.316235209012838,0.0617912906122449
2624,0.0136648079333863,0.0489544538209532,0.112868824943236,0.0362557935196718,0.203401244361431,0.584854875421323
2625,0.127286971233962,0.267715638571299,0.404319743887539,0.0348313382861656,0.0849499230403142,0.0808963849807207
2626,0.00557382397558824,0.0203399382038398,0.0459826198239004,0.0192585898509915,0.138027836606387,0.770817191539293
2627,0.0792922825807087,0.1572641344245,0.325427404325476,0.0247503129294555,0.178938824426615,0.234327041313245
2628,0.0928039322605903,0.133348219614088,0.097674082728746,0.344161241965021,0.281636773384183,0.0503757500473719
2629,0.0389969407153073,0.192774324145524,0.0642283450498068,0.0411013924802321,0.400464285794759,0.26243471181437
2630,0.216535733328267,0.146856771308107,0.179871629821963,0.073607744887848,0.186597799708151,0.196530320945663
2631,0.0194404984227638,0.217101835175489,0.168264600992376,0.0244167509406613,0.318471861080511,0.252304453388199
2632,0.00405244873632808,0.0152044811825325,0.0740317816196114,0.0179151439861711,0.113971576632721,0.774824567842636
2633,0.12923109205839,0.423691829497553,0.0628282292946209,0.0826804708221358,0.222463719443734,0.0791046588835667
2634,0.0426448697790574,0.0708678069378428,0.231577658508442,0.0641812777952696,0.160638169173923,0.430090217805466
2635,0.0164762499637823,0.0746251093427484,0.0748573974846743,0.0260528944544415,0.630885645515922,0.177102703238431
2636,0.0237656635582046,0.0490315966917618,0.116490015628775,0.0409617127629106,0.315227959835876,0.454523051522472
2637,0.0134610636816234,0.0823509410044847,0.0250286350425159,0.0243626830438627,0.717538753372372,0.137257923855141
2638,0.0488968592733182,0.0395618229162349,0.0577863718788265,0.345378801017566,0.168458278212039,0.339917866702015
2639,0.110959795384434,0.0677373282278266,0.039753009071541,0.459146132815738,0.255084458130329,0.0673192763701318
2640,0.0183066210251097,0.0381878219866438,0.0420961672739459,0.0211694829457498,0.142639262603084,0.737600644165467
2641,0.10370508289796,0.171891796719132,0.149259710916905,0.143329468854298,0.229416566699619,0.202397373912086
2642,0.0109510992016467,0.0920034245609032,0.132081886221878,0.0288191560623585,0.214994140160745,0.521150293792468
2643,0.302554069813832,0.425053394458412,0.0240913265448105,0.11578875503045,0.104822929211129,0.027689524941366
2644,0.00505136574640001,0.101951177683106,0.0343668852644074,0.010412625781696,0.258401028083813,0.589816917440577
2645,0.0253385657067778,0.0726518551629091,0.0371274629479763,0.0729285806042466,0.279222285019872,0.512731250558218
2646,0.00248710367791515,0.0125309218700778,0.0761176366003882,0.00875341211557583,0.0382951057205781,0.861815820015465
2647,0.0625556405775087,0.111329076035635,0.102916544781255,0.118878810069444,0.236737863725842,0.367582064810316
2648,0.11951308874527,0.267088487507381,0.50551347563568,0.0128438754507573,0.0300269668025351,0.0650141058583763
2649,0.0369022893448843,0.0424533743478682,0.0973846912968487,0.0512404225097025,0.197438837842828,0.574580384657868
2650,0.0622907626489203,0.0435324454931463,0.246708700054009,0.0544645024217917,0.103238729565362,0.489764859816771
2651,0.0237468042965609,0.0875146522478896,0.0372429093599512,0.0513877252189045,0.552903451250411,0.247204457626283
2652,0.0176634662796521,0.123902236165864,0.0502247200880373,0.0399544099890529,0.539411288414159,0.228843879063235
2653,0.254639702837004,0.237391895258626,0.129429237883753,0.0590424840711734,0.207375392074041,0.112121287875403
2654,0.00311845158640811,0.0374295258906471,0.0943131533921562,0.0367981954199946,0.107609385752466,0.720731287958328
2655,0.376155574789775,0.265397546032642,0.089692420135033,0.0710470168989494,0.15095972336456,0.0467477187790415
2656,0.00664833563182934,0.0570798630936421,0.05656649214197,0.0244791710470706,0.396520759705129,0.458705378380359
2657,0.0170766395600291,0.0298513945274016,0.165732090700372,0.0221142616474387,0.0932795178162292,0.671946095748529
2658,0.148162972354043,0.149267507414046,0.102688428306257,0.413744274190368,0.101575127908057,0.0845616898272293
2659,0.136244823124994,0.0704143821350522,0.105635269519318,0.522788502100973,0.0820993415318437,0.0828176815878193
2660,0.0112185848800131,0.0399372919625565,0.0404101983698809,0.0430267869271189,0.242610790018118,0.622796347842313
2661,0.00432061204940572,0.0230687363174537,0.099592328118095,0.0214437310285475,0.0845379661412489,0.767036626345249
2662,0.00564590981306313,0.0472822906877277,0.095634789701781,0.011346575842774,0.138158339299391,0.701932094655263
2663,0.00491660273901214,0.0225608063252451,0.0403702001658398,0.0325419296806027,0.483176954776043,0.416433506313257
2664,0.04264005963134,0.119340624284445,0.0324189426811437,0.0980124364238888,0.564904786330108,0.142683150649074
2665,0.240911103750289,0.276873702176905,0.11551576556183,0.0558186829103531,0.187221988942134,0.123658756658489
2666,0.00232452336104797,0.00649932592953088,0.0653725689527373,0.0053737578933533,0.0137436390470843,0.906686184816246
2667,0.0934169870380582,0.11216506848183,0.406983047784621,0.0821510057571995,0.177061482014775,0.128222408923516
2668,0.00983261454965382,0.0706745764674605,0.412826117507814,0.0130925467922855,0.122453603068434,0.371120541614353
2669,0.0343515306645802,0.160935838861052,0.103111899348854,0.0247218845508046,0.252624870005837,0.424253976568873
2670,0.00724232337113323,0.0465732741898283,0.139321050067655,0.0169662365752448,0.172471959704436,0.617425156091703
2671,0.0321917047879864,0.0806460963124443,0.0443845370045621,0.10696049898724,0.336046598289842,0.399770564617925
2672,0.00568238418631948,0.0386605321810437,0.15013225959116,0.0162964787570001,0.173622875878934,0.615605469405543
2673,0.317409017408891,0.331507162627913,0.0543132689600464,0.120302400551269,0.141714532312931,0.0347536181389493
2674,0.034337039546544,0.0526150707745879,0.0754182502493333,0.229221100202668,0.361298032994372,0.247110506232494
2675,0.536027764919353,0.204250840273427,0.0211499985788722,0.137629254335253,0.0862813336946557,0.0146608081984389
2676,0.0310330307694474,0.0336282873804938,0.0519349791930233,0.153748339034447,0.415253356506341,0.314402007116247
2677,0.0686570536151514,0.224395471387733,0.288186024131157,0.0500302007233189,0.235581353122038,0.133149897020602
2678,0.0421081669049924,0.180305360564115,0.253612907597302,0.0456059744403179,0.263794302483855,0.214573288009418
2679,0.00170043455786336,0.0184403985702536,0.0410147218890505,0.019634275217003,0.287378059403178,0.631832110362652
2680,0.0668803412169665,0.123844450315179,0.331753751768868,0.227433158939981,0.143541400141521,0.106546897617486
2681,0.0461670301104693,0.184159684169842,0.143982686047805,0.0508770025634717,0.338345585176345,0.236468011932067
2682,0.0106420120590941,0.0309966716786596,0.12388343472291,0.18334810347235,0.214302611828892,0.436827166238094
2683,0.439449318336539,0.342586054583931,0.0274384793288983,0.105605327037119,0.0742855276159591,0.0106352930975538
2684,0.00906467159824484,0.0413802084795625,0.0475778099193022,0.111909057114681,0.42672148590188,0.363346766986329
2685,0.0940894575708337,0.0566316931859321,0.163479830809937,0.0420855531330683,0.0649277152770463,0.578785750023182
2686,0.0112121944672281,0.125009434749678,0.132542218368059,0.029538396211999,0.175629895382229,0.526067860820807
2687,0.479448238386454,0.183865968943192,0.0574280939298964,0.141937622489655,0.115073026759052,0.02224704949175
2688,0.030211953469603,0.155895967137346,0.0625564648144231,0.260237928132513,0.356011208361176,0.135086478084938
2689,0.146002947073065,0.594000446422368,0.0333801402325308,0.0543426195861617,0.145711326560977,0.0265625201248968
2690,0.00996045057398712,0.0234644856905371,0.0402075759517345,0.195495737572125,0.412093087420301,0.318778662791316
2691,0.0380489642175567,0.183623294039351,0.0667246847194187,0.0601525200988085,0.419861388419958,0.231589148504906
2692,0.112641577113869,0.107774828083935,0.220836294962733,0.0724928591752464,0.240374917455234,0.245879523208982
2693,0.0289132931685556,0.0684551962705557,0.243699093085823,0.0338302962297438,0.128162045666897,0.496940075578425
2694,0.00588153346362694,0.0248529224124103,0.0577366577956728,0.0405595540303469,0.202718724627947,0.668250607669996
2695,0.561868810799771,0.174129141381784,0.0471790599000549,0.12023483520435,0.0747674785327329,0.0218206741813064
2696,0.0168903854433747,0.0635175680639403,0.231516207277798,0.0256801900916808,0.100434542924702,0.561961106198504
2697,0.0547549445730992,0.154272032806816,0.25511962894458,0.0355450737401176,0.177465972309127,0.32284234762626
2698,0.0107099230391695,0.0419204469081863,0.241212435299284,0.0263864834715717,0.228411641538293,0.451359069743496
2699,0.0155065385659667,0.121175330995913,0.339354676814774,0.0100549866517003,0.0820655922260857,0.431842874745561
2700,0.00153309618271938,0.037757157666751,0.0232547443612712,0.00670074800766305,0.382878587128471,0.547875666653124
2701,0.015506415957743,0.034976837965786,0.0558289571969465,0.138998508032279,0.317813375107863,0.436875905739383
2702,0.424283793157917,0.181313604184671,0.200670048072166,0.0679069393871043,0.0652045145352255,0.0606211006629164
2703,0.117717467621464,0.0821183399064986,0.18947582885355,0.0993888506322148,0.205018137346982,0.306281375639291
2704,0.0385672271798237,0.190295304912108,0.482739296228753,0.0348776142900599,0.118327518090488,0.135193039298768
2705,0.0178959887846931,0.138529282972527,0.431635885817523,0.0179299890885826,0.130019531170816,0.263989322165858
2706,0.0181853016167847,0.0847509206883735,0.195029587611086,0.133070403434911,0.203052733194505,0.36591105345434
2707,0.0125938663719689,0.0324712355585157,0.0301510176917642,0.0503986761727089,0.523838424317757,0.350546779887285
2708,0.309421548107029,0.38786621854933,0.0798404543306088,0.0631428523190913,0.124284166784087,0.0354447599098546
2709,0.0718828081135427,0.178626216398553,0.395306481501033,0.0308547911352292,0.0933921791514874,0.229937523700156
2710,0.0936841653005271,0.0657100791992364,0.24436060467144,0.0601923076355895,0.0930881906189296,0.442964652574277
2711,0.0260424893954944,0.0571720415888144,0.139717255838587,0.0510246912060894,0.287097663757243,0.438945858213772
2712,0.115328790600861,0.0849721715031476,0.101995781709308,0.299567382900561,0.261007077457394,0.137128795828728
2713,0.116355796153092,0.252425982164396,0.258145753339986,0.0386467692640335,0.117486529027451,0.216939170051042
2714,0.00486659141835543,0.0589871685197045,0.124816752074336,0.0147633769911802,0.219291261859316,0.577274849137107
2715,0.039902775944852,0.0992669852684401,0.447177034069654,0.0286606618657471,0.195786908097359,0.189205634753947
2716,0.0410656383240567,0.0753090459796895,0.109432420803662,0.0688422046284375,0.326942672910699,0.378408017353455
2717,0.0091510467702056,0.0310402795508596,0.0312654017042384,0.0319565701714108,0.259577178919455,0.637009522883831
2718,0.0145502047464891,0.0348277730529885,0.286806634626119,0.0461133733398702,0.146320160113536,0.471381854120998
2719,0.0262516650401925,0.0892410603773755,0.190584485695362,0.0493880369927969,0.339704371167873,0.3048303807264
2720,0.12524623024545,0.118508430189603,0.254973987148365,0.0983129855483197,0.226718522794798,0.176239844073464
2721,0.0220083682486048,0.0607879518303468,0.101538459900285,0.0492517907567464,0.361730106394051,0.404683322869966
2722,0.305982424543562,0.487935080617381,0.121311156265235,0.0107550771809278,0.0522936355859671,0.0217226258069275
2723,0.0519334141850114,0.148920249563388,0.120578439463882,0.0603208811701182,0.20893517739834,0.40931183821926
2724,0.694230348374334,0.0921926007617305,0.0709223407971683,0.0770678583849892,0.0443755601255598,0.0212112915562186
2725,0.26824993591226,0.281626948090787,0.0745059620967379,0.199192604369623,0.112399599842542,0.0640249496880497
2726,0.0545211437386174,0.0846365487773493,0.0463012154967809,0.149175359974199,0.614708646288321,0.0506570857247323
2727,0.00230963565264973,0.0265249155840117,0.0544481802039451,0.0170570901281609,0.237813225114239,0.661846953316993
2728,0.0191849647164276,0.0293025781797754,0.133607846729404,0.0337711712030422,0.111417134843307,0.672716304328044
2729,0.113977781555838,0.220397758352372,0.117563277646876,0.106904778371329,0.252605817257864,0.188550586815721
2730,0.0100802503406394,0.0266605067588206,0.047404535498002,0.0520068047051677,0.558319476408722,0.305528426288649
2731,0.1515418102038,0.159105099008604,0.0743277121145791,0.169912675035446,0.357179664432288,0.0879330392052833
2732,0.0179280235412152,0.0689950635272906,0.258571507005739,0.0178798397157431,0.0939888408785603,0.542636725331452
2733,0.033479399151035,0.138280768505323,0.16145343220499,0.131181885794628,0.424929755817001,0.110674758527024
2734,0.0559629660870288,0.599449507908966,0.0597109831924945,0.0207447745572869,0.157219958551207,0.106911809703017
2735,0.0764816944425885,0.520620040835616,0.105337884592211,0.0231328757921792,0.124460255642961,0.149967248694445
2736,0.0324291144703019,0.0477059561837168,0.0268560646623899,0.571137184833934,0.263888772060382,0.0579829077892752
2737,0.171091969855811,0.116197845404566,0.264727072999682,0.048526067311555,0.213257822057152,0.186199222371234
2738,0.025185552921728,0.12096258511186,0.116085504847564,0.0641766003033041,0.188640283128265,0.484949473687279
2739,0.144948454927986,0.242733415837505,0.276073157342363,0.0351355162072919,0.219606466914345,0.0815029887705093
2740,0.262995935504182,0.350963244783686,0.0562196666202475,0.0806437841754873,0.121169671115416,0.128007697800981
2741,0.0845117825461238,0.350468081949311,0.109831327536281,0.0233516452185085,0.28879957212523,0.143037590624546
2742,0.0612834650317517,0.0606672388496384,0.0359687680590398,0.236145872959723,0.446664134261698,0.15927052083815
2743,0.218083695809161,0.21257830475889,0.0953527285212807,0.125518939833484,0.202696852844716,0.145769478232468
2744,0.0141481548390099,0.0819533062302535,0.0419344253879858,0.111774309402256,0.616869900060107,0.133319904080389
2745,0.00408158975654986,0.0415189026127317,0.307929065949442,0.0541275317679284,0.40000393513572,0.192338974777628
2746,0.0129271641873305,0.0638790641407701,0.10410866030489,0.0374424145755204,0.320407843275496,0.461234853515993
2747,0.0212739760806921,0.0255897765719954,0.00985891381677184,0.184061692219219,0.595517200589594,0.163698440721728
2748,0.00614541136608899,0.0466049326703397,0.0596992993082961,0.0338493624095229,0.615534291035184,0.238166703210569
2749,0.172910133414742,0.0785616175707163,0.0440864417242484,0.358919792299659,0.245045201087362,0.100476813903272
2750,0.0127739353315351,0.0572995478344112,0.358516765522187,0.0368305436563896,0.118709476905929,0.415869730749547
2751,0.167491334615202,0.14029500992092,0.0439581392851914,0.174640112851966,0.42529538139894,0.0483200219277804
2752,0.0517688349843294,0.163105130998459,0.188355233278054,0.0682424138601249,0.175535280606064,0.352993106272969
2753,0.0412487385949882,0.0553038071711969,0.0154645827371842,0.46655428158748,0.367578759948687,0.0538498299604634
2754,0.00851429078632332,0.211396179061271,0.0685823878074811,0.0152761935030173,0.483760362254477,0.212470586587431
2755,0.00235771760889206,0.00733869717907558,0.0435927250583011,0.0133297618720657,0.3013955345344,0.631985563747265
2756,0.00741377180836992,0.0146853345430024,0.084487254894972,0.0115320446528999,0.030424713802691,0.851456880298065
2757,0.00980726537603593,0.120486990521007,0.0206024980391654,0.027774291372461,0.602277608069634,0.219051346621697
2758,0.0777721816659262,0.234694852356316,0.200785423519433,0.030667556645407,0.294077537857907,0.162002447955011
2759,0.0184034962804816,0.198629044766528,0.107126572000128,0.0151940711019595,0.242653944464449,0.417992871386454
2760,0.287830364350703,0.0592601283275131,0.0234123311065652,0.586195778809637,0.0355833205591201,0.00771807684646175
2761,0.220304135455475,0.1230659507999,0.0920127752382857,0.299022324340336,0.179032961171769,0.0865618529942349
2762,0.00609057898544655,0.140777933149604,0.0998786990259385,0.0174676978726896,0.409000224941483,0.326784866024838
2763,0.050811786904145,0.16455189139117,0.273734834867725,0.061290649082633,0.244695715276851,0.204915122477476
2764,0.00615411016985781,0.0183712843034019,0.132766234087191,0.0126722396123401,0.0845861205256581,0.745450011301552
2765,0.0335644281181685,0.14668011001354,0.209655155903879,0.0292908559263664,0.187557520097258,0.393251929940788
2766,0.0331417694913613,0.104987141919772,0.113982468889907,0.057565071991191,0.381714507174953,0.308609040532815
2767,0.012615966091935,0.0330456594110123,0.0474280960755496,0.443702557668552,0.269199966559659,0.194007754193292
2768,0.0454439998493041,0.211186066715717,0.349346357444998,0.0191862242807083,0.12401458195608,0.250822769753193
2769,0.0454388246560515,0.326839701038244,0.071273613271634,0.0818732119271158,0.329517068322796,0.145057580784159
2770,0.00168677297724937,0.0293448089370651,0.168886542224929,0.012582756816856,0.150399656972482,0.637099462071418
2771,0.0261738213744886,0.132425058691682,0.453113089821538,0.0255239061019699,0.133502558097996,0.229261565912326
2772,0.0581405986765543,0.0549347071442554,0.0981638071296947,0.177577182841249,0.448929073267155,0.162254630941091
2773,0.0420043594735953,0.309539131708876,0.142878235994466,0.0209429089694366,0.329648393323404,0.154986970530223
2774,0.15849092286637,0.394056732707431,0.0938134640749534,0.0387276733442179,0.241785902669556,0.0731253043374719
2775,0.00163904306680431,0.00970448830151389,0.105900972302933,0.00552445496060044,0.0678299193008337,0.809401122067315
2776,0.00870575797734923,0.0252925145083606,0.043462694366376,0.0315137795716335,0.2303133754833,0.66071187809298
2777,0.00100516032743271,0.0106305240130518,0.0866955600432342,0.00878202402134915,0.0558081054805608,0.837078626114371
2778,0.076649091369025,0.157629492355869,0.141673359539711,0.0903939964620862,0.183747609759594,0.349906450513715
2779,0.033314154163591,0.0612234133560194,0.312158529206288,0.104335386461461,0.169172885760362,0.319795631052279
2780,0.0637566288886895,0.245145638538382,0.299393889876924,0.0529679075902333,0.128150809545833,0.210585125559938
2781,0.0135898993843492,0.0272017125550597,0.0455185412356479,0.0997761185026738,0.559490813950459,0.25442291437181
2782,0.00525829822874177,0.0246422584635441,0.200827553888408,0.0157053827512523,0.0978435611840807,0.655722945483973
2783,0.529598616534645,0.287546528995322,0.0819709641607114,0.0371607520022961,0.0449075169915809,0.0188156213154448
2784,0.0432433746982253,0.32839693740425,0.0630453034602088,0.10346313899292,0.360391278872218,0.101459966572178
2785,0.00190158946373114,0.0130465974628855,0.0458428101977403,0.0240995030095993,0.293514117133387,0.621595382732657
2786,0.0154727495228236,0.0828557197300863,0.0636130187053811,0.0612621143652524,0.42822328316973,0.348573114506727
2787,0.00508618222813031,0.0367725303068646,0.101882971076795,0.0239959022584216,0.300317394395269,0.531945019734519
2788,0.0119365731631517,0.0453476596383102,0.0904375105968284,0.0242262620180546,0.135028985539788,0.693023009043867
2789,0.062897224303422,0.0719796194057884,0.289194658655464,0.0691581865105397,0.196828132393607,0.30994217873118
2790,0.0661076056791776,0.163961573110582,0.0474922332367363,0.0734723107436823,0.43741445415975,0.211551823070072
2791,0.116882268662931,0.0348094262086538,0.0227123134910891,0.710196266133677,0.080453387850323,0.034946337653326
2792,0.576946758174964,0.229710215360643,0.0310323852929782,0.0626031168959031,0.0762834107114705,0.0234241135640408
2793,0.00588596641838652,0.0553054946036186,0.0374486759746578,0.0187623532768606,0.47192237859618,0.410675131130296
2794,0.478395848132306,0.179261652818827,0.0606249939817173,0.153780825700186,0.0973378492948911,0.0305988300720733
2795,0.329653867240005,0.133008857557571,0.047163772859019,0.370222579293955,0.101959976016278,0.0179909470331725
2796,0.00218135969296487,0.0205144485567536,0.121402507257159,0.0195147395851347,0.0790045554380897,0.757382389469898
2797,0.0303821497029625,0.040807978694079,0.0600273969510249,0.0932876062630331,0.13651201204741,0.63898285634149
2798,0.00563918321087778,0.13389480316228,0.229004046061705,0.0107583708595197,0.23783901386542,0.382864582840197
2799,0.0968017509325408,0.164511426036758,0.374125121704209,0.0214898507111778,0.123038019321826,0.220033831293488
2800,0.0048746714412575,0.0276017646253275,0.0403504029538426,0.0365680469894288,0.257854322054222,0.632750791935921
2801,0.0138041745576717,0.0552167941048828,0.0176655878255424,0.0371717668480495,0.545491780067135,0.330649896596719
2802,0.0191282697143456,0.0910063862818766,0.0471678602915763,0.0675298646794376,0.461686149495569,0.313481469537195
2803,0.105595088594583,0.467541691211238,0.116530603557414,0.0328255376553326,0.176376558739875,0.101130520241557
2804,0.0116408058672824,0.0643976489401765,0.112077966908205,0.0324287567888614,0.444191529390413,0.335263292105062
2805,0.297505050051997,0.173124187966394,0.252280180870745,0.0835906182103535,0.13380760081475,0.0596923620857602
2806,0.141432145117843,0.0718421449282395,0.0568204171450696,0.244263729229528,0.271752892339611,0.213888671239709
2807,0.0651517685723451,0.195693764500787,0.165687098962344,0.0894536323389668,0.20263228138936,0.281381454236196
2808,0.0095015179897365,0.049355056102417,0.0496476561943148,0.0223494644212662,0.350885205249038,0.518261100043227
2809,0.031458641882027,0.0908377118358306,0.298373010913706,0.0408403738397111,0.109116484751025,0.4293737767777
2810,0.00787812540066797,0.0460958374876285,0.0796379384869708,0.0605186546714266,0.459509759969988,0.346359683983319
2811,0.00897827620171563,0.127393765017643,0.203616036467197,0.035716341197414,0.347328212456865,0.276967368659165
2812,0.463363908064678,0.280294556193386,0.101380951611537,0.0660125925838099,0.0564080767074042,0.032539914839185
2813,0.09249420383228,0.110088460653757,0.172258743090049,0.121570594105096,0.317206672240005,0.186381326078814
2814,0.025398436206561,0.236498829328156,0.207094236604849,0.0386290443769445,0.208221623808705,0.284157829674784
2815,0.0485276633345729,0.094283421413146,0.136152209662781,0.107024731593254,0.177004381790703,0.437007592205543
2816,0.150912627041723,0.15931581278841,0.324290699451721,0.0745363243984324,0.183847933941225,0.107096602378488
2817,0.0962428376968816,0.304586615238528,0.126108218383625,0.057849638897157,0.305083007411561,0.110129682372248
2818,0.322127599530378,0.244316601447017,0.180010861448027,0.0616894454852891,0.12498934994371,0.0668661421455792
2819,0.502580286663392,0.310345663535049,0.0785779403488224,0.0383628682375971,0.05416264974337,0.01597059147177
2820,0.325295599461538,0.193812196540431,0.352156777200758,0.033703461856339,0.0593763382350158,0.0356556267059178
2821,0.00190401524935452,0.0226205557568034,0.0130448722225259,0.00645781202891456,0.46210358914407,0.493869155598332
2822,0.181865990211463,0.177322550910949,0.212368363344644,0.0600487857757872,0.245152182219144,0.123242127538012
2823,0.0593482918461736,0.0980516480511582,0.130221649702235,0.0938341437721801,0.207985746056293,0.41055852057196
2824,0.0533587554329782,0.140024476416726,0.206446209114657,0.0481351296467442,0.277256506766587,0.274778922622307
2825,0.00272455259000859,0.0168188244218178,0.17822945020768,0.00802369425286747,0.0157033072088173,0.778500171318809
2826,0.0211814590079724,0.183564264462384,0.0433721852465156,0.0303426649191969,0.483711419553806,0.237828006810125
2827,0.0717507242012651,0.398411968285452,0.144734128679849,0.037203176683295,0.18083438525618,0.167065616893959
2828,0.0214505803336162,0.136695390726966,0.219898475672925,0.0437777425841371,0.383440722203914,0.194737088478442
2829,0.0356925758704111,0.0333878955427379,0.0336322809900886,0.151538929870254,0.5847749155453,0.160973402181209
2830,0.00231149473783398,0.0245491573826993,0.101391891328782,0.0189388548605018,0.153031342172223,0.69977725951796
2831,0.335515817798307,0.455595705434449,0.0742288377009578,0.0462089276655427,0.0575018935373142,0.0309488178634298
2832,0.0337745823508355,0.216638035644662,0.217471607089354,0.0280052429206438,0.302575758463527,0.201534773530977
2833,0.15981835064212,0.133095020330525,0.0757727473819167,0.250983600009361,0.22497874291515,0.155351538720928
2834,0.0172795925597897,0.068291853839943,0.0771611362038715,0.0209289022449583,0.278501958219696,0.537836556931742
2835,0.248616129218951,0.18305821213574,0.0315675879994856,0.221973605109617,0.253002454299927,0.0617820112362797
2836,0.00982652067421014,0.0206496344957606,0.0386189551579296,0.0476003048853281,0.229325730325166,0.653978854461606
2837,0.0680151486670189,0.216122778718478,0.341986982929882,0.0508565142584213,0.152316238215521,0.170702337210679
2838,0.147709295972318,0.243270035392688,0.247916144989234,0.0589032933459269,0.123353286687458,0.178847943612375
2839,0.112685494600906,0.149303147612649,0.124371612713921,0.0856871321205917,0.316653167786017,0.211299445165915
2840,0.11197253637315,0.092387230807557,0.168757185221573,0.176195067171711,0.175122397917506,0.275565582508502
2841,0.467393472602215,0.098994708128612,0.0410061573951703,0.204019173561256,0.145719538678837,0.0428669496339097
2842,0.0059946154747561,0.0267674334644086,0.01742356323334,0.0351594135243386,0.628929947843263,0.285725026459893
2843,0.0924562741549726,0.105483409022543,0.106138273730552,0.0232977446735176,0.483067403945777,0.189556894472638
2844,0.0285897520861142,0.147975544708243,0.521308512693288,0.0164542934399629,0.0860817153615072,0.199590181710885
2845,0.201310248567005,0.412740806693457,0.152264195353657,0.125840683635138,0.0852152646194698,0.0226288011312733
2846,0.00733404892239309,0.0362189836409975,0.0345171887973972,0.051855635753462,0.386641875265517,0.483432267620233
