"CUS_ID","F20-","F30","F30+","M20-","M30","M30+"
2501,0.0393103360677624,0.621348547242693,0.099499400601584,0.00996656180272803,0.125950593848778,0.103924560436454
2502,0.0911377797348642,0.246346282717874,0.116780236049635,0.0975801401858558,0.296251599915946,0.151903961395824
2503,0.0198609520017847,0.562970090987447,0.0166705664814486,0.0209502162806503,0.325917575121566,0.0536305991271031
2504,0.464437558913259,0.109281533593342,0.0732049043846972,0.227843341469487,0.0556051483054877,0.0696275133337265
2505,0.0743048197991231,0.213181616934853,0.100298194566276,0.0603134628437931,0.12124240065491,0.430659505201045
2506,0.00511515468941548,0.433809776770855,0.0759530660717666,0.0121173652188282,0.250837201806289,0.222167435442846
2507,0.00790408990472901,0.0212514766103143,0.103060231516207,0.0265476635203801,0.204852475492242,0.636384062956128
2508,0.00357586999605754,0.0290325881588996,0.0117077233278011,0.0197742076229971,0.633576566197749,0.302333044696495
2509,0.0507567771037675,0.0370329160550178,0.177912846471154,0.0452561664770426,0.10077226876684,0.588269025126179
2510,0.00643763137573463,0.0501109858217892,0.0416030341996157,0.0192296820917427,0.43188317060549,0.450735495905628
2511,0.609285856194763,0.110523453800251,0.0725635814719829,0.15694402574187,0.0298114699168668,0.0208716128742657
2512,0.0325556365977871,0.153510813777951,0.02595716444865,0.155016019507027,0.543094824636755,0.0898655410318305
2513,0.0101575150019428,0.0238431491468054,0.0390385050807679,0.0273000162050009,0.415630114741271,0.484030699824212
2514,0.0600246642121145,0.526456522497693,0.051217030304978,0.0286604121498154,0.274645033689737,0.0589963371456624
2515,0.0104345789119211,0.0540355728842932,0.0703948065100993,0.0274243533091891,0.254928053673788,0.582782634710709
2516,0.0917813482603054,0.0723509594545824,0.0442165836911219,0.232870035363627,0.41378990908875,0.144991164141613
2517,0.0142143004627555,0.494260037879108,0.0992665228117039,0.0104451734882532,0.18943640514822,0.192377560209959
2518,0.462261011049677,0.23372627704843,0.139988824810376,0.0571687954451161,0.0468688866453353,0.0599862050010666
2519,0.0423641536282644,0.899164442177726,0.00985424854579658,0.00339638357469018,0.0342442786548579,0.0109764934186646
2520,0.0279207272318299,0.0635922029404161,0.0163830772271097,0.108254910049243,0.598060720077756,0.185788362473646
2521,0.00506813173239047,0.0280224172231737,0.206802000951971,0.0136033470791009,0.0691178878003376,0.677386215213026
2522,0.199446255850164,0.188875529688493,0.236907659375236,0.0965398583491675,0.146289792389277,0.131940904347663
2523,0.0453953029832723,0.505272931225941,0.0497906764797921,0.00931602144017674,0.259114244101112,0.131110823769706
2524,0.0176498911454768,0.11234552300212,0.24948747506986,0.037682624245996,0.064787647303005,0.518046839233543
2525,0.0662686772583113,0.0720877899961196,0.0846050381458721,0.286831304429643,0.331881225949157,0.158325964220897
2526,0.128302088034877,0.258268231037293,0.0689804179242436,0.076372053320911,0.323403897314445,0.14467331236823
2527,0.650488949000525,0.110408126264059,0.0692364530957099,0.0438430594928403,0.0630736241788763,0.0629497879679889
2528,0.00343119921424238,0.00871492904167784,0.0198699010759221,0.0263604899087284,0.110659444822273,0.830964035937156
2529,0.0932862665602827,0.162920579129317,0.256694981747866,0.0761835968215578,0.143865279180268,0.267049296560709
2530,0.00409808439503932,0.00833393926121115,0.130094857961009,0.0134453589016013,0.0845176802600815,0.759510079221058
2531,0.0337481019460982,0.199551587615769,0.0867195582322477,0.059922370450384,0.422247246318907,0.197811135436594
2532,0.0288460263557672,0.238536691774069,0.138734171118731,0.0422636722975998,0.210374976779273,0.341244461674561
2533,0.00052608043599539,0.00265121977147675,0.0237886745000432,0.0029530864244776,0.0224374843529128,0.947643454515094
2534,0.243980914649769,0.13472900795204,0.124642129874732,0.300308414046563,0.0791839326521122,0.117155600824783
2535,0.0489816139705282,0.108074830272923,0.158917074641907,0.0304118785248486,0.142619396085162,0.510995206504632
2536,0.10486851718502,0.259020615883333,0.0877234028750807,0.0718224269828975,0.211373173806894,0.265191863266775
2537,0.0344064213875139,0.815800902428027,0.0607803606511522,0.00458648423408501,0.0617291290247905,0.0226967022744317
2538,0.324455851381002,0.111504735926882,0.0530313656176444,0.122999234701681,0.263614598627754,0.124394213745036
2539,0.172844499416484,0.307504341427239,0.221617236457918,0.046754482068234,0.153082395766063,0.0981970448640628
2540,0.312603283784048,0.0942390288663495,0.0396694427122469,0.192528785792419,0.292354198630625,0.0686052602143122
2541,0.0960091500410986,0.045646744261571,0.0124422887645645,0.523424616136273,0.296907197819568,0.0255700029769249
2542,0.0650471124340551,0.46887172785487,0.0261064602353677,0.0224715485667963,0.391113190572442,0.026389960336468
2543,0.00911611856391414,0.0193208111356412,0.0935883736414026,0.00535483456414126,0.207720844502885,0.664899017592016
2544,0.103454076141627,0.116855503291591,0.131132983748834,0.237162944653871,0.137436329541445,0.273958162622631
2545,0.0397893741766427,0.314024455228922,0.0729447263913506,0.019526630976492,0.3656800949218,0.188034718304793
2546,0.0373679837577573,0.0619375420932142,0.0360260175510861,0.244641767056196,0.539788422547078,0.0802382669946682
2547,0.0323732452543593,0.0989289826549693,0.472051746309869,0.024949301623618,0.102921124310929,0.268775599846256
2548,0.0678989566772253,0.0533550053917798,0.0483817858224867,0.280276766530209,0.488081698000875,0.0620057875774245
2549,0.011720630532267,0.0680691908129928,0.0279430224218151,0.0352026766904153,0.370608656824811,0.486455822717699
2550,0.0106791405847168,0.0156238246569381,0.0208222208375206,0.245681097408984,0.498464317322252,0.208729399189588
2551,0.347789333880338,0.235583637832726,0.0302308882752257,0.161342555547846,0.133038457469754,0.0920151269941102
2552,0.088263634512945,0.356496879697768,0.220410665079509,0.0225168392560628,0.159287962150592,0.153024019303123
2553,0.534397375889744,0.174495945308496,0.0434097497544845,0.0955938213125975,0.129964398560596,0.0221387091740819
2554,0.102638256849382,0.229750835477072,0.0864354189075912,0.117819646929594,0.381464942199912,0.0818908996364487
2555,0.0081242569881881,0.0908137314959052,0.0529455695831986,0.0234621970715669,0.681437722739161,0.14321652212198
2556,0.0498452842186274,0.271270894364764,0.368968743772376,0.0287417476710535,0.14182786360594,0.139345466367239
2557,0.420598056696283,0.154906792946573,0.355565398534632,0.025004998091324,0.0306066264612624,0.0133181272699267
2558,0.0186539958180954,0.0419152297745418,0.823962517980936,0.0231994704116229,0.039209575676722,0.0530592103380816
2559,0.0837521818602648,0.478111043097798,0.158437560190755,0.0198908303548451,0.0923098889442808,0.167498495552057
2560,0.00977790142068582,0.111166910146952,0.0940649777125963,0.0159177148075751,0.2124140765503,0.556658419361891
2561,0.0078456210867219,0.0657296575147475,0.210486596268742,0.00507427487314425,0.14800431327072,0.562859536985924
2562,0.242847842867575,0.317902428258786,0.0294091380390596,0.0510028898630895,0.332397565626896,0.0264401353445949
2563,0.457537066947063,0.118325834879706,0.226125417530418,0.0814107470074476,0.0692130791382843,0.0473878544970818
2564,0.172742929774756,0.0514493138542561,0.0658077975000562,0.52872618101702,0.076321818127668,0.104951959726243
2565,0.0342441840384421,0.145293220659006,0.106128798940951,0.0601396349200455,0.247568447221686,0.406625714219869
2566,0.0106447622151345,0.0393582417381289,0.157862097528023,0.0522693184430859,0.252573771202577,0.487291808873051
2567,0.0311440795438078,0.146427512569137,0.143211998583637,0.0258864729436209,0.173079960398074,0.480249975961723
2568,0.016411674226423,0.0701785907795438,0.0645359532920368,0.017576988441776,0.370046839372712,0.461249953887509
2569,0.0420897495884651,0.0863337133551332,0.134781228150201,0.0156996169483824,0.11220878780096,0.608886904156858
2570,0.0144161225809537,0.779479102694465,0.0450931815266389,0.00318157417512784,0.0740926802532954,0.0837373387695197
2571,0.0752422695736882,0.112535879439474,0.0206510261102942,0.205533581831394,0.389711204486102,0.196326038559048
2572,0.0589531390100616,0.0338022899461623,0.443539367162486,0.0572141294798167,0.0794954520352884,0.326995622366185
2573,0.0399367958476204,0.255763914800422,0.0491309342107364,0.0179309792906187,0.32679869382413,0.310438682026473
2574,0.0380594040335037,0.0620530784070061,0.0203504364609636,0.350272783996243,0.440980509642828,0.0882837874594561
2575,0.0215536685790461,0.0273610485028662,0.0179836083832628,0.128738516347744,0.677315416919485,0.127047741267595
2576,0.362205665052885,0.352335775913216,0.113690158880253,0.0825434723878045,0.0389549654704864,0.0502699622953546
2577,0.0358928613300855,0.251185256921817,0.423553141002154,0.0194751287987972,0.130277705002158,0.139615906944988
2578,0.000732274732118285,0.00401117069101984,0.0149959232696432,0.00410197188322028,0.0983582437239558,0.877800415700043
2579,0.353955048059047,0.158151349154207,0.212183177154893,0.0801990591236995,0.107259350195816,0.0882520163123375
2580,0.0411731608641518,0.338769708821078,0.162656192651465,0.0104185949840483,0.199098844787913,0.247883497891344
2581,0.00130164470115927,0.0217164504948262,0.0657043813399674,0.0400707138018489,0.451127099776354,0.420079709885844
2582,0.209557829760268,0.383382123305316,0.111545674240248,0.0478033721529729,0.180138196198474,0.067572804342721
2583,0.115211414724929,0.49129920721907,0.188054272323635,0.0255598794589555,0.0860866970253579,0.0937885292480535
2584,0.254226572956388,0.458522022826925,0.0852830426710635,0.052242211356067,0.114014167445274,0.0357119827442819
2585,0.00805469137677412,0.0504337949163615,0.0275686660725571,0.0487623767600264,0.583393189279586,0.281787281594695
2586,0.0437224650941941,0.275076670277844,0.0931915532058607,0.0260196711822773,0.230278541993756,0.331711098246068
2587,0.208227554084379,0.0561989535466617,0.027639804316236,0.355065587997743,0.250729842952203,0.102138257102777
2588,0.040946106114915,0.0248438534891594,0.00909097923884421,0.30167799421134,0.518574342429203,0.104866724516538
2589,0.0866606268553803,0.119398243029425,0.0312084846420353,0.146419530372941,0.527463289570354,0.0888498255298641
2590,0.0182596037861451,0.0808100702467504,0.141676765981395,0.0896181452943507,0.231397592210589,0.43823782248077
2591,0.065525977547609,0.090511188090614,0.411112799873524,0.0167740327638499,0.0582987387688658,0.357777262955537
2592,0.0111922423488319,0.0195257123984441,0.00563343435574049,0.180359798701052,0.633766888541074,0.149521923654857
2593,0.234501445955462,0.16159824270725,0.0574439113766244,0.151061993508212,0.336937096348811,0.0584573101036394
2594,0.02727028101162,0.0940908009586456,0.0528714121699962,0.0457886582892166,0.405487767345326,0.374491080225196
2595,0.119917100425104,0.0584084995410219,0.274857725472478,0.33238165769894,0.0872606544090915,0.127174362453365
2596,0.766304822142992,0.0568129201257761,0.00953975829525726,0.136284057506552,0.0277193199058452,0.00333912202357724
2597,0.00618324293903603,0.0334675437593424,0.2245336626264,0.0118092485787975,0.0799253958217689,0.644080906274655
2598,0.0102627518962612,0.0956534787749365,0.107251676632877,0.0125222967574953,0.214837395166567,0.559472400771863
2599,0.228809305439874,0.311833335998145,0.0502705064109588,0.190804415111192,0.164224171924103,0.0540582651157271
2600,0.00340667694018378,0.0205693125020287,0.0462671775785368,0.0128380579187022,0.835802921915017,0.0811158531455311
2601,0.0156921557346342,0.0414953165645738,0.168009529599323,0.00770820010040327,0.0824953060670975,0.684599491933968
2602,0.0288592467783809,0.144673104142505,0.123001183210457,0.0361169419920411,0.259765948311626,0.40758357556499
2603,0.0257810192033899,0.544399031078774,0.0284407574515862,0.0150715755515906,0.338928018710775,0.0473795980038847
2604,0.0428870803738853,0.0853972630044476,0.338145238469526,0.23274980000654,0.0801752603727413,0.220645357772859
2605,0.000155544071337779,0.0220159101079327,0.17815539981522,0.00857692982179006,0.215650403990003,0.575445812193717
2606,0.030562775355192,0.0976914082658031,0.122104958570761,0.0296389465824899,0.174099418005357,0.545902493220397
2607,0.0126388047374373,0.037228153273166,0.0630186224326566,0.0418183363005675,0.194282229286098,0.651013853970075
2608,0.230338660215323,0.230489197091316,0.0633350430488231,0.143794895592985,0.184723296654643,0.14731890739691
2609,0.0228103722601126,0.0485638881402498,0.0464746893794089,0.113495501430777,0.463598862625954,0.305056686163498
2610,0.11366780216755,0.261828902739176,0.0640588897359115,0.135771350473054,0.303176910703563,0.121496144180745
2611,0.0416053417236616,0.15756457580345,0.255577521051732,0.0433077513842948,0.0800475863739493,0.421897223662912
2612,0.0419031463479437,0.290277627177327,0.110903298501738,0.0290837036111596,0.220676009653642,0.30715621470819
2613,0.545221136058366,0.287201723286141,0.0357321683485787,0.0631748360996622,0.0600269846336889,0.00864315157356345
2614,0.125734048094218,0.113070637046158,0.0785331980186331,0.127336402277204,0.358959334413312,0.196366380150475
2615,0.570771007062801,0.200837144191614,0.0994463500462357,0.0400574046692554,0.0528784525087314,0.0360096415213625
2616,0.0101812144769185,0.0565077933417786,0.122089783722334,0.0560359185934951,0.383695759160742,0.371489530704731
2617,0.301895433308463,0.346966264807387,0.16628291376419,0.0349816491509146,0.113948703846288,0.0359250351227564
2618,0.117519076884245,0.0903001421519112,0.0687898401063398,0.0876151557864907,0.422944909598971,0.212830875472043
2619,0.0245881573716367,0.0271946899322936,0.0141682518808163,0.0770940620596703,0.690456457424716,0.166498381330867
2620,0.022625231559607,0.119219629713988,0.261136334897365,0.0235732717792823,0.308867805565131,0.264577726484626
2621,0.0230918293465839,0.0776937542816408,0.0128424667675622,0.072858261798343,0.758274514971252,0.055239172834618
2622,0.000918981783842707,0.00323883793522312,0.0133494946940276,0.00566321546417569,0.0866146155602995,0.890214854562431
2623,0.287495147198453,0.254022191935479,0.0365916522863348,0.110762670469739,0.267184321868447,0.0439440162415461
2624,0.0072872082451312,0.0208260217109022,0.0968193495365636,0.0150192537971049,0.0749673635227218,0.785080803187576
2625,0.0955972537599865,0.172702356006521,0.613221559975248,0.0236265423427011,0.0419089009693006,0.0529433869462425
2626,0.00328539859174059,0.0159998597697137,0.041307488426795,0.0131160838402601,0.247371718155035,0.678919451216456
2627,0.0822516385568844,0.153629109277921,0.476592204411836,0.01899752413509,0.0910738191252581,0.17745570449301
2628,0.142292865555828,0.199029660985927,0.0306135798750377,0.3010491900623,0.256896976411612,0.0701177271092958
2629,0.0165683174712519,0.25047569312081,0.0560619973640482,0.0226073253749009,0.351746519257626,0.302540147411363
2630,0.120081729535899,0.0637032160492658,0.0861690786487476,0.0832054181268433,0.27506543328676,0.371775124352484
2631,0.0171423087545196,0.253961739739111,0.188463297904042,0.0191504686183903,0.316480519012357,0.20480166597158
2632,0.00471902203594199,0.0181851469969953,0.0471953835731022,0.0170354401213554,0.218467248537465,0.694397758735141
2633,0.101223051396781,0.349945256586225,0.0968171796649992,0.0671130849112047,0.261788993749116,0.123112433691674
2634,0.0316857285825275,0.135392391018545,0.236448500587576,0.0755773990723043,0.163804377456371,0.357091603282676
2635,0.0536314674440963,0.118562556205126,0.057251734968215,0.0597867513799417,0.52216352173372,0.1886039682689
2636,0.0618898067013866,0.0924598352729063,0.167282182295423,0.105256691124357,0.271307290859463,0.301804193746464
2637,0.0155186972214984,0.0647505266867156,0.016250184028613,0.0509185105562566,0.672503666531961,0.180058414974955
2638,0.0755525366717775,0.0462905923245308,0.118061581392955,0.197635136112585,0.124634370359155,0.437825783138996
2639,0.144481582204678,0.0586918274309086,0.0701004875291432,0.330385134072283,0.284541896596212,0.111799072166775
2640,0.0105621492488504,0.0302838624194281,0.0588049729979176,0.0221028660931899,0.129675398944401,0.748570750296213
2641,0.460405619083952,0.163802809395062,0.13333563701444,0.0773888160468253,0.0915424247632831,0.0735246936964373
2642,0.00630817442746428,0.0540165049263573,0.0685404311155408,0.0170699493875981,0.276674362167307,0.577390577975733
2643,0.487538315696539,0.281868587569197,0.0250277037603627,0.11770453951009,0.0710575822520588,0.0168032712117523
2644,0.00583962450980963,0.151533372831789,0.0495229664673829,0.0150469138107959,0.330931322285084,0.447125800095138
2645,0.0407687930425498,0.0662698964669123,0.0344570206566117,0.0693399812628641,0.391045636289906,0.398118672281156
2646,0.0028023261457031,0.0219008417213631,0.09186548180663,0.0204829437059806,0.0751451007595815,0.787803305860742
2647,0.0664350190529371,0.0791517253704982,0.103431664887006,0.0857661055939623,0.333530941044746,0.331684544050851
2648,0.111995708212565,0.195678276758463,0.629061642343655,0.00632895396151739,0.0167007134941621,0.0402347052296376
2649,0.0278431398135336,0.0505860683054758,0.0576150020206373,0.0475790677500739,0.228694485974907,0.587682236135373
2650,0.0480581158807909,0.0200728059996985,0.179293622833219,0.0560367049395939,0.100142372412085,0.596396377934612
2651,0.0119782599137819,0.067480501472833,0.055876760818814,0.0512129536748588,0.509639916882814,0.303811607236898
2652,0.0122933684322639,0.141560882676271,0.0536012098427382,0.022250116918819,0.466514882636326,0.303779539493581
2653,0.280897364209527,0.208112811965768,0.099309561789983,0.0804709617521256,0.173705141260268,0.157504159022329
2654,0.00375343777577089,0.0450351677390486,0.0503993006169384,0.0355880644670337,0.239483585530309,0.625740443870899
2655,0.580472566589924,0.15103660298257,0.0335193468725667,0.117635719155022,0.102496397422258,0.0148393669776601
2656,0.0186979624721184,0.0739412096885318,0.0388031042032223,0.0330438129702094,0.564151812174624,0.271362098491294
2657,0.00768261970329623,0.0425329036679551,0.182387201394529,0.0100020809157297,0.118965507605284,0.638429686713206
2658,0.153580455267538,0.123584224871965,0.172732705185355,0.282264064865679,0.152813417915265,0.115025131894198
2659,0.240708355634224,0.0706839852679965,0.03855440117527,0.575860589943669,0.0389952785900929,0.0351973893887475
2660,0.00657009656327481,0.0365882114015475,0.061791312645546,0.0162649296245781,0.294572422084644,0.584213027680409
2661,0.00476274936732232,0.0221446051065562,0.0961232364902138,0.00778376918484148,0.0683278047443287,0.800857835106738
2662,0.00450456809505669,0.0497387328463137,0.113674390306965,0.012014563951348,0.115823697674363,0.704244047125954
2663,0.00978598080275048,0.0475148140288552,0.0598333204705887,0.0355650400642699,0.255041625875996,0.59225921875754
2664,0.0285211435098726,0.125176842020423,0.0243793746764563,0.0575298683644026,0.602080125863028,0.162312645565818
2665,0.254557541764687,0.258883433019463,0.17784124142079,0.0670493258195859,0.156107210757644,0.0855612472178293
2666,0.000859952489933487,0.00314979012465562,0.040977763405349,0.00196182412209226,0.00849377102420959,0.94455689883376
2667,0.048615493828021,0.164816414606162,0.434502788596508,0.0388246723908775,0.190059783301275,0.123180847277156
2668,0.00705597700643041,0.0512836694426647,0.381476520599199,0.00876812708223472,0.0867475303836064,0.464668175485865
2669,0.113973331699608,0.266116450075223,0.155418337666492,0.0379972382021594,0.143807127717237,0.282687514639279
2670,0.0131800736190797,0.0603880699832297,0.170501306786605,0.0227919832492088,0.181349111106517,0.55178945525536
2671,0.0263165084127702,0.0881505059190126,0.0737095618641922,0.0832970441328127,0.336107753950291,0.392418625720921
2672,0.00379073137806475,0.0357076737003504,0.107435187921214,0.00987626717851048,0.169345788589882,0.673844351231979
2673,0.312694323746356,0.212659339123665,0.0785920633675432,0.134204295122606,0.197502551384712,0.0643474272551181
2674,0.010653756542375,0.0378673172712493,0.0648155363952264,0.1007007159131,0.429491802243422,0.356470871634627
2675,0.677304928780427,0.133924516266754,0.0133351912249429,0.133347468934035,0.036225408400919,0.00586248639292219
2676,0.0208820624594212,0.0597092785423554,0.0747570055947092,0.110756401348946,0.466628878988215,0.267266373066353
2677,0.0570472310652749,0.151724313941036,0.353226838683231,0.0294700448398781,0.358473486542638,0.0500580849279418
2678,0.0393151826377258,0.126819412262038,0.199694866467903,0.0474534621269346,0.362140781099063,0.224576295406335
2679,0.00642160343384569,0.0214956383248849,0.0233022640040228,0.0283641231188153,0.376418950840331,0.5439974202781
2680,0.0951843389029433,0.0671563752003619,0.350397448298408,0.286637766392892,0.0813465905196242,0.11927748068577
2681,0.0119873643532092,0.152913731613177,0.0967561326821719,0.0171624464837071,0.415082537955677,0.306097786912058
2682,0.011595412641469,0.0239514058737845,0.0968646357043925,0.10039533408091,0.22592750542712,0.541265706272324
2683,0.530891136568416,0.128499189054497,0.0144757649504032,0.230681645751432,0.0885057232273017,0.00694654044795042
2684,0.00879056791513634,0.0407564418260665,0.0269112092473746,0.0509462265210042,0.531414698755473,0.341180855734946
2685,0.127900466196552,0.057638282796418,0.223833963420466,0.0263039614329356,0.0621531374343809,0.502170188719248
2686,0.0198885334081614,0.114313190770191,0.086760062235607,0.0355951105172906,0.177633415085788,0.565809687982961
2687,0.244200683167731,0.247107323441904,0.137438809193249,0.165205899945571,0.15705302320186,0.0489942610496842
2688,0.0159542058437592,0.122256290897912,0.0594839880818796,0.157743729525448,0.514316066821095,0.130245718829906
2689,0.157889987541,0.566921928598741,0.0641218557143489,0.0492866047022347,0.127621239653979,0.0341583837896963
2690,0.022075971570792,0.0269456054987286,0.0376661026442252,0.279471284854637,0.408211045459353,0.225629989972264
2691,0.0459203331486312,0.21038144047715,0.136188195096381,0.0340381798451347,0.371987671712508,0.201484179720196
2692,0.0860565468108125,0.12740893374045,0.259605293352572,0.0354799057548453,0.222155104638939,0.269294215702381
2693,0.0408194250412228,0.0524140827840497,0.0903604475020124,0.0374413687905037,0.160968016081174,0.617996659801038
2694,0.00413267441944318,0.011942423364706,0.0225921396555755,0.0343128120000216,0.319788986980138,0.607230963580116
2695,0.559838231826621,0.146031196123115,0.0652345795028892,0.125844318387511,0.0768222824914194,0.0262293916684445
2696,0.022931820726842,0.0874396174353476,0.346040528658876,0.0174234118527958,0.0888512493477234,0.437313371978415
2697,0.0771850134357622,0.202986043726828,0.262862472586039,0.032975538325818,0.228214356327315,0.195776575598238
2698,0.00543670227589788,0.0232515539754789,0.259231528342681,0.0183774185808508,0.33803079611519,0.355672000709901
2699,0.00630443459874385,0.146977752977036,0.603994232929344,0.00102382606571286,0.0220985175420678,0.219601235887095
2700,0.00230997841289136,0.0395561960108808,0.0278196694339798,0.00439171452784323,0.350287029633035,0.57563541198137
2701,0.00812282656482367,0.057423954016112,0.155500109715067,0.0418264532751363,0.217381616831118,0.519745039597743
2702,0.407455061222392,0.167784942951958,0.1903463485515,0.0696721180624549,0.0907334149332091,0.0740081142784853
2703,0.173322235086586,0.078714419338894,0.117880864312753,0.147505918309836,0.252877763372039,0.229698799579892
2704,0.0408680659906512,0.19116258505414,0.624280166794366,0.0174822565804926,0.0494660690166417,0.076740856563709
2705,0.0106633223630515,0.111691998562807,0.387406210623493,0.0148187090139771,0.0943503561405341,0.381069403296137
2706,0.00895616140561772,0.0602672144594675,0.251071294323353,0.14607662823768,0.200635214749663,0.332993486824218
2707,0.0102025331682683,0.0399949821475924,0.0114111316044722,0.086741674042534,0.726697633249855,0.124952045787278
2708,0.472335652662441,0.249230216625255,0.0623568241320246,0.0889973280691621,0.104042572408489,0.0230374061026293
2709,0.0473535383544843,0.223451164702312,0.333910894945688,0.0213647094737043,0.106182139640596,0.267737552883216
2710,0.0419347146906856,0.0242170225880171,0.274224209876717,0.0256507309684914,0.0351218782772244,0.598851443598865
2711,0.159333977259864,0.110877642741446,0.0998816057321696,0.0941833348104434,0.284186172466101,0.251537266989975
2712,0.189845720918171,0.069327114782722,0.0583293856719802,0.420084850933964,0.180709768886033,0.0817031588071301
2713,0.0905296347367651,0.16792361234099,0.290104564506757,0.0568772387474227,0.105017881428986,0.289547068239078
2714,0.00425467533002438,0.0791748025177642,0.252180110427372,0.00851587469036909,0.10344766378231,0.552426873252161
2715,0.0100536655703306,0.0797536351090906,0.335616311154519,0.0234713507794843,0.300709498313759,0.250395539072816
2716,0.0279980005733896,0.0636585216814026,0.0370944195604476,0.0585936263413229,0.463523312274424,0.349132119569013
2717,0.0089654235884142,0.041146817895906,0.05732589386785,0.0347320374464893,0.319709962811715,0.538119864389625
2718,0.0346503159778185,0.0542957594147292,0.209912208667567,0.0685688750904137,0.14634777451278,0.486225066336692
2719,0.0212299559941869,0.0879162051099869,0.165891860919469,0.0457218285432843,0.343409910510033,0.33583023892304
2720,0.114423086630269,0.0781212255909817,0.178851767865308,0.101393071818793,0.280037200883714,0.247173647210935
2721,0.0121839034597808,0.0434579046275466,0.102893025862335,0.0296973944147502,0.323235482627224,0.488532289008364
2722,0.257535570374036,0.449496497592059,0.163581454283514,0.0140970751737017,0.0914011560039459,0.0238882465727445
2723,0.0474108792092094,0.255489672622477,0.166138504169453,0.0271846369950622,0.148607904696789,0.35516840230701
2724,0.592893984037812,0.1326578691015,0.043839324463291,0.159048191197839,0.0536560898066263,0.0179045413929316
2725,0.378110018807284,0.336871731982233,0.0389570145231666,0.178464961864441,0.0462073014490595,0.021388971373816
2726,0.0179051414198071,0.0520538601970311,0.021912129667889,0.0620011693605941,0.807322890058224,0.038804809296455
2727,0.00512643946535633,0.053047388057834,0.0405015150052195,0.0479292812732545,0.402419990844427,0.450975385353909
2728,0.0223411283147058,0.0359964743040217,0.157160951106375,0.0455857911471174,0.0910813011342338,0.647834353993546
2729,0.201805857898137,0.223177197146631,0.0482208929384377,0.112777225122679,0.328248696181225,0.0857701307128901
2730,0.00386462618807021,0.0263624920181864,0.0611125413691099,0.0342947303185941,0.33060849960315,0.543757110502889
2731,0.156333926356243,0.189165177187948,0.0634826866921245,0.150085228957623,0.33809306779887,0.102839913007191
2732,0.0113781938812635,0.053156801114735,0.319390982883097,0.0092506647640741,0.0649843817056769,0.541838975651153
2733,0.0374027000584173,0.122746692904764,0.0722712183646538,0.225487109138311,0.46454078447941,0.077551495054444
2734,0.0101523987352585,0.893649245064119,0.0171744347755198,0.00237302872463165,0.0497328864980559,0.0269180062024148
2735,0.0162888781821684,0.349142237882775,0.186158300745662,0.0121472691533627,0.176467363283504,0.259795950752528
2736,0.0417401032620217,0.12009892746306,0.0820896898617989,0.283412762806546,0.356579356593584,0.11607916001299
2737,0.192329753902268,0.101177098798603,0.335457445253003,0.0152412204196941,0.222967146430577,0.132827335195855
2738,0.0156975734683437,0.0887165707630841,0.101793809358902,0.0284744705905607,0.154650762303753,0.610666813515356
2739,0.254246584636876,0.281877841896533,0.143291545383912,0.0586194848820444,0.202181806112301,0.0597827370883335
2740,0.231082236317946,0.267483547351918,0.119966533801575,0.0898930956522647,0.124853738664381,0.166720848211915
2741,0.0732976588482493,0.221384301669258,0.17898394621866,0.0472395251275543,0.333853181580568,0.145241386555711
2742,0.0362443531678903,0.0864611624562645,0.0464356484914713,0.0946561699147292,0.553515711096068,0.182686954873577
2743,0.249375344115598,0.243089472531914,0.141296059868306,0.112004563064896,0.150954267216739,0.103280293202546
2744,0.0216208546945639,0.0789508369671349,0.0184074722593444,0.130582613683972,0.67741628582744,0.0730219365675447
2745,0.000443669573016218,0.00830675129611978,0.383290341639266,0.0302708138899137,0.357747943864488,0.219940479737197
2746,0.0151628366802591,0.0845378538444205,0.142989373237238,0.0226574074278091,0.194803846563542,0.539848682246731
2747,0.0134130242319454,0.0428568885276989,0.0159287106386925,0.0330939900739249,0.658800302090063,0.235907084437676
2748,0.00433816224244726,0.0318432714379622,0.0308478428416671,0.0285526671815213,0.770009089311638,0.134408966984765
2749,0.244446747502137,0.228115430308438,0.0604639968468964,0.258500796022286,0.139512497042688,0.0689605322775542
2750,0.00909522332151031,0.07174692666891,0.293371709423461,0.0384832935091649,0.159251611602512,0.428051235474442
2751,0.202293718242615,0.112901595062318,0.0446666210431519,0.0975153278962473,0.514791491876264,0.027831245879404
2752,0.0548243581664363,0.138447817728818,0.17116889015757,0.0769196382283833,0.130240153117698,0.428399142601094
2753,0.0424139418323728,0.0972551349974192,0.0362020397893398,0.174635337463373,0.569547625329321,0.0799459205881741
2754,0.00665006293679746,0.194548872511423,0.0209151854370867,0.00563231912950297,0.691790575874243,0.0804629841109465
2755,0.000882456148861192,0.00494451550652345,0.0327385171099669,0.00629554824378303,0.193081990829672,0.762056972161194
2756,0.00155489479224073,0.00506454609994856,0.0486929559436427,0.00533365989652105,0.0331934298912464,0.906160513376401
2757,0.0120515029341301,0.177159622740632,0.0311903583826144,0.0317735983602704,0.414899732200507,0.332925185381846
2758,0.0556423889631493,0.336180448333426,0.171209123167834,0.0132015128833896,0.285951889554199,0.137814637098002
2759,0.0236564031061458,0.222669273483427,0.0635836772664863,0.0179351867510738,0.2765009103698,0.395654549023067
2760,0.39653926900096,0.130208879878704,0.0747511595620514,0.317976086086611,0.0662870161646792,0.0142375893069942
2761,0.122424211373024,0.0987232452797644,0.0471057012848322,0.378503294784856,0.249906758353909,0.103336788923615
2762,0.0022363926978867,0.0339527539613037,0.0412507910556835,0.00616848468646922,0.465779142792118,0.450612434806539
2763,0.0578427173227924,0.167031322396063,0.310942657960907,0.043190498184367,0.218042350888376,0.202950453247494
2764,0.0129167502877269,0.0180441813674898,0.123135872698964,0.0177663336553264,0.0898095127540265,0.738327349236466
2765,0.0112867850775609,0.18085649454451,0.280906205251224,0.00934154023136836,0.150381619740271,0.367227355155066
2766,0.0422787214784642,0.160610941775048,0.0995530808404233,0.0222953795248756,0.421029883669955,0.254231992711234
2767,0.00252796173179972,0.00327953168305014,0.00988725510956759,0.763077083857391,0.0957155931892546,0.125512574428937
2768,0.0295748083097151,0.197477904431909,0.531788803165442,0.00713542000835101,0.0404108497874576,0.193612214297125
2769,0.0567291230138389,0.360098933609321,0.0702226139850021,0.0840289277323142,0.352022677813259,0.0768977238462644
2770,0.00154117655534706,0.0240557827980365,0.0971501086125379,0.01363842592504,0.219967261752985,0.643647244356054
2771,0.0208891546271968,0.108516392031661,0.498022360029484,0.0135291765067878,0.0661167279647061,0.292926188840164
2772,0.0172840163601538,0.027969437584445,0.0588102737163105,0.170843798186783,0.560753536422744,0.164338937729563
2773,0.0571365828103211,0.313001515118237,0.0938275086476706,0.0157270151804187,0.409284644988817,0.111022733254536
2774,0.0588818071318914,0.430500479315532,0.0846343170495096,0.0271302330770131,0.313749078004306,0.0851040854217475
2775,0.000677945578092061,0.00593939236222954,0.0452496921546913,0.00367733716388563,0.0615353473686922,0.882920285372409
2776,0.00699489148155804,0.0396445627168849,0.0832702038351744,0.0517585616232496,0.292212146294492,0.526119634048641
2777,0.00100290308906865,0.0135392175413562,0.0561676067823942,0.00807019736111384,0.100155792051711,0.821064283174356
2778,0.123765432512765,0.123094365829151,0.144815838345673,0.0749491448985383,0.120303237848187,0.413071980565685
2779,0.0207389247716734,0.0156973299637628,0.250432001790465,0.178671090434589,0.13865813609911,0.3958025169404
2780,0.0390558136731591,0.185423088780757,0.288184468244631,0.0441587941797901,0.0912466950964311,0.351931140025231
2781,0.00888007870422042,0.0168363919155539,0.0461313644111832,0.10745124970168,0.511329077756171,0.309371837511192
2782,0.00489317376232719,0.0189654804316039,0.191688017081584,0.0120473503232896,0.091918271400992,0.680487707000203
2783,0.232098071120448,0.339918719314107,0.155888094448735,0.0979979519405089,0.108520454643662,0.0655767085325386
2784,0.0780629907701575,0.195543267713465,0.0454667162139936,0.112813988895845,0.498824857497007,0.0692881789095324
2785,0.000891180256219993,0.00396116954774223,0.0171914178235782,0.0156367110461072,0.357522316965257,0.604797204361095
2786,0.0133619162736069,0.118697263442457,0.0524920754818704,0.0480995257749044,0.510236200001059,0.257113019026102
2787,0.00309991089044423,0.0227617192828418,0.0653275300574917,0.0121300000797026,0.14545953962519,0.75122130006433
2788,0.0212252126933253,0.0749802258208366,0.159035451937794,0.0313800526837048,0.133637070788986,0.579741986075354
2789,0.0528135814488176,0.0712972365275387,0.305923906185196,0.065908263042683,0.214696429299829,0.289360583495935
2790,0.158751407249794,0.131181283581331,0.0428835238501227,0.0999331164092199,0.381477619834416,0.185773049075117
2791,0.254997196009928,0.0821985452665527,0.0224597136171481,0.479759962384957,0.128007032914825,0.0325775498065892
2792,0.482585982657517,0.281430712758691,0.0287730806098976,0.0645960261292026,0.121113038956191,0.0215011588885009
2793,0.00521157386719013,0.0593044001294826,0.0363147912316827,0.0140215433144627,0.499710596178451,0.385437095278731
2794,0.475184746320135,0.220090580036259,0.0438023418336957,0.0832431609880047,0.147280952136489,0.0303982186854174
2795,0.392883173433121,0.0906732187895515,0.0222528612558616,0.420051421081258,0.064531099637484,0.00960822580272409
2796,0.00129404618343748,0.0109500063262053,0.0708410677459181,0.0155724240938574,0.153843241301567,0.747499214349015
2797,0.06488180355561,0.0897677496035627,0.0844605655289193,0.108036535744536,0.216722396668721,0.436130948898651
2798,0.0114632316522711,0.217155840949509,0.255145303753585,0.00475341793076926,0.328778353910476,0.182703851803391
2799,0.203529002634315,0.151862407907525,0.364334563031092,0.018726815072615,0.110755262482405,0.150791948872048
2800,0.00727716274800244,0.0117555722503542,0.0337789081308743,0.0190556538574793,0.134603420877593,0.793529282135696
2801,0.00573392045011656,0.0261821370362649,0.0186937082051133,0.0155302260310595,0.422814378114766,0.511045630162679
2802,0.0137342138674742,0.06525728615365,0.0593490166840174,0.0448901449380896,0.36242978500228,0.454339553354489
2803,0.0680630651863537,0.576471734437728,0.091631057310982,0.0157222237918581,0.158610501610265,0.0895014176628128
2804,0.0201444941519402,0.0676966531249425,0.12362105080998,0.0312639223873428,0.385282024987467,0.371991854538328
2805,0.321827410626571,0.135276394599962,0.287721367478147,0.0791346024752961,0.0890959804661051,0.0869442443539188
2806,0.0739353039365004,0.0627752547854721,0.0614928291816103,0.313130602049443,0.283091657796624,0.20557435225035
2807,0.130902805577026,0.167531055709319,0.208275116937243,0.0799948291123729,0.157701128531498,0.25559506413254
2808,0.00716426419190122,0.0366279422261197,0.0567159134308367,0.024044422241043,0.221858771111197,0.653588686798902
2809,0.0477506171749335,0.085927068874652,0.45046717108395,0.0399721990999127,0.0503372721893158,0.325545671577237
2810,0.00962120636486242,0.0401066658630845,0.054285239065662,0.111388984383641,0.420063425531188,0.364534478791562
2811,0.00414290167643406,0.118724161417287,0.142252255021953,0.0152248993611765,0.410156417857061,0.309499364666088
2812,0.338705006475032,0.359756415787866,0.111073213190819,0.0707074135355116,0.0836952917354895,0.0360626592752815
2813,0.167068036569089,0.133647718750865,0.126537106531184,0.165907587226398,0.270274539446363,0.136565011476101
2814,0.0140418182811246,0.291699746295306,0.187861876206626,0.0243632365043164,0.184284080601273,0.297749242111354
2815,0.014868147943421,0.0636637895422243,0.118148810247376,0.0296632469735826,0.15422945470881,0.619426550584587
2816,0.256477050028156,0.163191021585262,0.335129579332321,0.0861850680738841,0.128363274363896,0.0306540066164803
2817,0.0761950990506803,0.382012882273871,0.0960510936308464,0.0616265244169613,0.248960302938171,0.13515409768947
2818,0.204042589111603,0.350181613015381,0.221154427207278,0.0348941970729462,0.0965527656076017,0.0931744079851905
2819,0.382350616014083,0.36425506795189,0.0469974273765134,0.0577118957671405,0.125731453308588,0.0229535395817854
2820,0.461502751750714,0.233271557123726,0.235452866864809,0.0243676595634552,0.0326817809167746,0.0127233837805212
2821,0.00265690980745641,0.0373337550990931,0.00988114541096901,0.00667112423940453,0.423254834652049,0.520202230791028
2822,0.147964707690609,0.176610744046173,0.241624283586283,0.0597723887901742,0.244118280817162,0.129909595069598
2823,0.0307575039140127,0.116283834655318,0.0985480030509259,0.0693785067336463,0.305250582557717,0.37978156908838
2824,0.01997021883483,0.0888704226680773,0.180884107996113,0.0325977960166309,0.320608117447379,0.35706933703697
2825,0.00304634576774938,0.0180414180849824,0.148078436181404,0.00769894831062587,0.0194068078787675,0.803728043776471
2826,0.0307805827846807,0.160612431616474,0.0482395329936797,0.0471933041847534,0.568644523307264,0.144529625113148
2827,0.12051999024802,0.487605521585621,0.159148819219931,0.0151254598200538,0.12834949458761,0.0892507145387643
2828,0.00988530697198051,0.104334583263052,0.0923984887673132,0.0145921741343515,0.506688782309362,0.272100664553942
2829,0.026307026298907,0.0308613268736214,0.038986304529301,0.196463311416093,0.614197206274309,0.0931848246077692
2830,0.00362322657520008,0.020450973396453,0.121431339865778,0.0320169027926182,0.167053928902869,0.655423628467082
2831,0.347307644635428,0.394008235009843,0.103293016447326,0.0644645805393764,0.0598509510952346,0.0310755722727914
2832,0.0227797018568471,0.309607121647041,0.230554203488851,0.0142553821741102,0.270941109071046,0.151862481762104
2833,0.233109652139028,0.108809975988958,0.124866913692221,0.154412667103605,0.200517936332206,0.178282854743982
2834,0.0060061916164308,0.0544935003516752,0.109607010274685,0.0154317547926986,0.203724447070125,0.610737095894386
2835,0.194010370465398,0.288446572566231,0.0480102033209566,0.073353460883804,0.292328909153521,0.103850483610089
2836,0.020204389989878,0.0675032725005042,0.0504847064255088,0.0730665258062112,0.325816138267504,0.462924967010394
2837,0.0225006463098083,0.233563900772514,0.317715086064842,0.0432207254671806,0.193449958728635,0.18954968265702
2838,0.249713890192357,0.223426309113876,0.22784424254694,0.0984702051512302,0.0591248155817786,0.141420537413819
2839,0.109568322675338,0.198734921774819,0.1519998976079,0.128215777884224,0.230610894843649,0.18087018521407
2840,0.158562629041809,0.0652754451953707,0.104184735650119,0.366117637192557,0.125298551799822,0.180561001120322
2841,0.328233420426043,0.170456383612419,0.111718279894666,0.0734462820944796,0.190484797543962,0.125660836428431
2842,0.00582327711784139,0.0346990647450463,0.0218385966480561,0.0178530925903687,0.491988057660798,0.42779791123789
2843,0.0783913354607245,0.0993116594325413,0.0587820531256872,0.00541180179624318,0.606889366066638,0.151213784118166
2844,0.0245395037264853,0.0908467773606088,0.572364024102002,0.0104532211419624,0.0450390283748528,0.256757445294088
2845,0.218019958739496,0.449437264038559,0.0860041298495832,0.190404623913225,0.0481138792522802,0.00802014420685747
