"CUS_ID","F20-","F30","F30+","M20-","M30","M30+"
2501,0.126766100096765,0.403836427027939,0.102602352188699,0.0414573521531468,0.170978169499886,0.154359599033564
2502,0.0303999390542155,0.123270440678097,0.232771688362128,0.0688003479787965,0.355898029435145,0.188859554491617
2503,0.0595769991884576,0.297917592416119,0.0597343379769376,0.0742511240813165,0.406737033828885,0.101782912508284
2504,0.28614989125004,0.150230334062699,0.131575053511503,0.207386507473708,0.0962470531640012,0.128411160538048
2505,0.0321465473797979,0.163355294452216,0.154889406283427,0.049872495745769,0.171298127201623,0.428438128937167
2506,0.0256311944306855,0.36122316520237,0.0904225208998512,0.0254575778651949,0.270673182049647,0.226592359552252
2507,0.0133177081713276,0.036087362489966,0.116369750017774,0.0265990246681788,0.203375741867004,0.604250412785749
2508,0.00821884874861637,0.0496383110809396,0.0393651154285608,0.0282239740223115,0.442527711352354,0.432026039367218
2509,0.0225054703297252,0.0465750691593703,0.145940970695935,0.0460813639243868,0.164022658614815,0.574874467275768
2510,0.0144942424149381,0.0780929437140113,0.050399370566915,0.037088511871659,0.419887691144816,0.400037240287661
2511,0.675222136020099,0.0836198536630185,0.0711116884081178,0.102176347490573,0.0451088068999234,0.0227611675182682
2512,0.0459880193475981,0.146291876966047,0.0651902355479506,0.110419157081311,0.537793936198421,0.0943167748586728
2513,0.00638897904658763,0.0293346979488784,0.0831670652496912,0.0250007405513033,0.214495579958637,0.641612937244902
2514,0.111829300966461,0.490511720905896,0.0714220454642123,0.0400536574004011,0.210629046039452,0.0755542292235785
2515,0.0161094051100669,0.0551466833176656,0.119092030660575,0.039930412235209,0.260853805071101,0.508867663605383
2516,0.0740042291250958,0.145432036990862,0.0945214068874659,0.143075545233128,0.29274555747364,0.250221224289808
2517,0.0466893323976841,0.320153921558444,0.129430569151465,0.0201556225277733,0.233242388502361,0.250328165862274
2518,0.495569575383499,0.206313063511385,0.0896123289696518,0.0545699355241238,0.0877972110142416,0.0661378855970987
2519,0.0387774395546285,0.843949683070862,0.0200740862021856,0.00976478564800211,0.0605796037688183,0.0268544017555032
2520,0.0274050986421333,0.0564798464631085,0.0210656424118874,0.0969740612277041,0.622362704314665,0.175712646940502
2521,0.0272505823998299,0.0669419425091079,0.368709265179821,0.0439695590668792,0.123668759130126,0.369459891714236
2522,0.342394329515254,0.212547505680739,0.180316694099572,0.0706379992381555,0.131536146811544,0.062567324654736
2523,0.0542157571195494,0.432665530342054,0.0770821139804198,0.0173816115154421,0.289354640878015,0.12930034616452
2524,0.0563985372881337,0.135255251948541,0.238939869781822,0.0746026824887969,0.144017294253403,0.350786364239303
2525,0.120204202083703,0.0792660541879221,0.102940955787363,0.358535266949017,0.269497956757957,0.0695555642340381
2526,0.0840582617501158,0.217291202617805,0.113815937105114,0.0957977174671641,0.329131919299834,0.159904961759967
2527,0.441708090679539,0.234303550413997,0.0997414749149034,0.0549419580096848,0.103134512670237,0.0661704133116382
2528,0.00557504608802799,0.0193603708442726,0.0500589465637347,0.0389851411105565,0.185002069242672,0.701018426150737
2529,0.0628163641636381,0.0858167827498006,0.257843207250472,0.072412157314251,0.157889285026946,0.363222203494893
2530,0.00299149633816761,0.01785428330998,0.0953410752023815,0.0153693243436416,0.0825331447122043,0.785910676093625
2531,0.0362157132875067,0.132011201377203,0.171935779703246,0.0763526449856216,0.307828169726908,0.275656490919515
2532,0.043762392331451,0.19374482281753,0.128916467233386,0.0634827591206138,0.273715854090745,0.296377704406274
2533,0.00333704071804094,0.0145734867782993,0.0583923941997596,0.0106485508542591,0.0315705088346903,0.881478018614951
2534,0.222365461443577,0.0876281258833618,0.0544776756458444,0.46688624059696,0.0969488632839495,0.0716936331463069
2535,0.0384170717721484,0.0871415180611545,0.13077346534941,0.0409459914339901,0.158257787315948,0.544464166067349
2536,0.113910969342422,0.240135539985736,0.112279021052562,0.0558615236749655,0.190529567689041,0.287283378255273
2537,0.0416944140370748,0.668308137076936,0.106788009946604,0.0107528683814569,0.110074061212995,0.0623825093449338
2538,0.212811631448296,0.116503775960892,0.0940113928111812,0.108738771913714,0.298150176617006,0.16978425124891
2539,0.138939268352634,0.234271563906976,0.206815408863836,0.0621263302896109,0.199847424305082,0.158000004281862
2540,0.364517314608074,0.169357302298338,0.0445472459002178,0.163351583623129,0.199587301351072,0.0586392522191695
2541,0.126935246867477,0.0583842994474964,0.0205253174425028,0.348655856114503,0.381956929275206,0.0635423508528151
2542,0.146855857968218,0.380773995278264,0.0734646557750987,0.0325406255107456,0.306933232012723,0.0594316334549502
2543,0.00782173457269383,0.023289820631812,0.0641173470874963,0.00720273296691156,0.222186687360154,0.675381677380932
2544,0.0866599397629335,0.132202842326562,0.098389544831405,0.211003422734966,0.20877818317384,0.262966067170293
2545,0.030277545011624,0.243965295670569,0.0712891097380692,0.0151660376350291,0.426005925519209,0.213296086425499
2546,0.0303705326858302,0.0305162278522913,0.0109879125131512,0.219128380477584,0.636824146497954,0.0721727999731896
2547,0.092487784872254,0.223538299465564,0.230946813478292,0.0495703012649398,0.192865803181274,0.210590997737676
2548,0.056782773634506,0.0771297961971877,0.095818387780857,0.297014389728243,0.376650329154364,0.0966043235048425
2549,0.00654673791140024,0.0334106321865354,0.0396815863221795,0.0394241900703205,0.262891294199818,0.618045559309746
2550,0.0186935400127808,0.0294615364231854,0.0167734264205357,0.150259042143529,0.636392363326133,0.148420091673837
2551,0.115604554359794,0.28034274799895,0.0677368725408678,0.157310087266372,0.21971610491662,0.159289632917397
2552,0.142649642229413,0.336568068510882,0.142308043038013,0.059496456536764,0.140126457620551,0.178851332064377
2553,0.565621291630276,0.160200576611542,0.0403094158203843,0.101193589277486,0.110500497714042,0.0221746289462693
2554,0.0811461492041411,0.220134920267895,0.0989506778801325,0.126644430235686,0.381406054874592,0.0917177675375531
2555,0.0193276767584072,0.072618277920451,0.0696066874169102,0.0507659959535328,0.601041781451186,0.186639580499513
2556,0.0873663234080256,0.265631871386242,0.256208935808206,0.0757253736047705,0.17245169527765,0.142615800515106
2557,0.248834018035845,0.285107453302452,0.298898806661548,0.0621964905054924,0.0742183831246421,0.0307448483700198
2558,0.0404918287495683,0.0928315775278053,0.592938720040955,0.0360059455906803,0.123952414197473,0.113779513893518
2559,0.0918716941276088,0.402314036938533,0.159192018198169,0.0323511049478667,0.118588223103928,0.195682922683895
2560,0.00941496934414759,0.0981392954306689,0.0957175730551856,0.0370270252300837,0.199879803727854,0.559821333212061
2561,0.0201969192074792,0.0590572548860682,0.137812705790601,0.0158615210626439,0.161825250322563,0.605246348730644
2562,0.273782414998268,0.450712109474475,0.0418052780256186,0.0359358129881654,0.173168092999396,0.0245962915140773
2563,0.207246883209158,0.211398055033701,0.235143261659883,0.0924131968726856,0.142590193685148,0.111208409539424
2564,0.142704255509029,0.0850697389595232,0.109452459059476,0.285759943664272,0.213532932256548,0.163480670551151
2565,0.0164071575086432,0.0664074786251448,0.0650964854461852,0.0302986891134202,0.159019410940942,0.662770778365665
2566,0.0136544560921551,0.0478818434745257,0.0895271922854531,0.107699723132256,0.290443284085302,0.450793500930308
2567,0.0319833831264964,0.108621263353152,0.101105432974346,0.0509419919196963,0.142531868555222,0.564816060071088
2568,0.00653078861587527,0.0377889760938338,0.071095734432772,0.0214520551404788,0.191416904128819,0.671715541588221
2569,0.0217384080544566,0.072274864547577,0.187159956137641,0.021377435546914,0.172586536746201,0.524862798967211
2570,0.0292487983084954,0.488022145717328,0.0877128482578871,0.0174541937837258,0.226507401195953,0.15105461273661
2571,0.111513895368346,0.0767258187430458,0.0297451204375529,0.300302064366967,0.338639309699405,0.143073791384684
2572,0.105552823948183,0.102522340294028,0.324502644837361,0.126579738228326,0.120716344984075,0.220126107708027
2573,0.104665501877161,0.299609825842415,0.0856131598094619,0.0393047178893506,0.266257206109795,0.204549588471816
2574,0.0299996544823549,0.0529653120507401,0.0295003507141398,0.365123398558784,0.448306041803257,0.0741052423907241
2575,0.0199526520088532,0.0300549281697247,0.0146006847544698,0.122753201276171,0.72245318810293,0.0901853456878505
2576,0.230456660524336,0.378696035428407,0.118334314244998,0.0722040422818878,0.10443024861712,0.0958786989032518
2577,0.0446502333278456,0.242133675823996,0.279276230033649,0.0293967518080529,0.17460325961162,0.229939849394836
2578,0.00193822794303668,0.00813942986557147,0.0352372531630794,0.00936595144701255,0.0598569163895383,0.885462221191762
2579,0.231481493497327,0.203307197130637,0.308747553137203,0.0413391450239455,0.096974605814357,0.118150005396531
2580,0.0665812163907516,0.240691150513997,0.157317449247523,0.0306298641784081,0.282552223390258,0.222228096279063
2581,0.0106768559269959,0.0420190996788242,0.0765901288471707,0.0956398640728445,0.542091362953896,0.232982688520269
2582,0.104653140842218,0.501595991618817,0.0873586787483837,0.0348444471412838,0.206924576647501,0.0646231650017967
2583,0.0604909930029822,0.520558916381298,0.191128965158508,0.0189360005211257,0.119159065474465,0.0897260594616206
2584,0.263549967063442,0.588351370471321,0.0337396680629734,0.0177109276222149,0.0744842604620219,0.0221638063180268
2585,0.0176518362766194,0.0699014405144214,0.0661889825513736,0.052933688475537,0.417601177338185,0.375722874843864
2586,0.0598445950700095,0.278271790235698,0.138135301353294,0.0441274299841156,0.214315215759794,0.26530566759709
2587,0.180220216534872,0.0764921557849823,0.0580697937546679,0.270033896492883,0.304110861695971,0.111073075736624
2588,0.0506966535632518,0.0375370451134032,0.0250577913948088,0.17795113929924,0.584402058909274,0.124355311720022
2589,0.0410218507237702,0.113391801865744,0.0477871616592694,0.134584867895725,0.550742533807554,0.112471784047937
2590,0.0130476661062077,0.0609850877508041,0.167003377991128,0.059504240557978,0.172254278625665,0.527205348968217
2591,0.0844033385295995,0.0967995219026606,0.290872929746984,0.0418866313037174,0.0819127790746652,0.404124799442374
2592,0.0184762283257935,0.0514135526495902,0.0245192343599861,0.153408136182174,0.607084788052551,0.145098060429906
2593,0.27098301502909,0.190324850704881,0.0711177313488859,0.168210190600504,0.207443498602727,0.0919207137139131
2594,0.0248059970383365,0.0475081169329386,0.0582300423008164,0.0235177604366579,0.342395125706995,0.503542957584256
2595,0.0800832290002227,0.105780990536046,0.270171390796901,0.155799281899112,0.154098012532524,0.234067095235195
2596,0.822339383579859,0.0532731670921343,0.0117233983639628,0.079550253276482,0.0271341825045618,0.00597961518300057
2597,0.00904876284118035,0.0383143279728496,0.155846268309372,0.0263871333912606,0.232429616548706,0.537973890936632
2598,0.0165752143058416,0.102673601910527,0.159316390626286,0.0172116478465823,0.152395634970109,0.551827510340655
2599,0.204958886446783,0.207572086412675,0.113470547735178,0.165884305490424,0.18127388407903,0.126840289835911
2600,0.0162526679625851,0.0534547267446241,0.0745274599038602,0.0443316897197549,0.741426402683159,0.0700070529860168
2601,0.0358524967758607,0.0759378292812935,0.184898820178412,0.0385034658197826,0.131358749757404,0.533448638187248
2602,0.0203274905329251,0.0793969473263109,0.0988823693348671,0.0391040354126906,0.267366064396905,0.494923092996301
2603,0.0417505131334731,0.456449665508334,0.0428743888848582,0.0272775994439938,0.363579735231103,0.0680680977982382
2604,0.043005072475534,0.194371678613156,0.266421413425897,0.104905449542316,0.132510938303885,0.258785447639212
2605,0.00660171944989989,0.0911477730959217,0.324969087501012,0.0305394934988111,0.209905026097672,0.336836900356683
2606,0.0361853056932687,0.0808679760641516,0.140093623326366,0.0357190198501569,0.22216882680418,0.484965248261877
2607,0.00556727470253426,0.0177923290646724,0.0502767188428394,0.0162854640684005,0.0863040154276493,0.823774197893904
2608,0.16106001860582,0.15701003157604,0.072595287555193,0.141491896805477,0.295798304323326,0.172044461134143
2609,0.0207020889576359,0.0547234391093652,0.055116655043144,0.0895377239265132,0.434607518658902,0.345312574304439
2610,0.0877646649862658,0.163044854192506,0.050448258872344,0.141065649255812,0.387851884916558,0.169824687776514
2611,0.0199342208379712,0.0784568090302575,0.239317765226291,0.0368171836187952,0.0839725991159595,0.541501422170726
2612,0.0715758968293918,0.217336875545714,0.107711165637005,0.0347987859492,0.139971059890575,0.428606216148113
2613,0.352575248752648,0.420244885019105,0.0655792464482353,0.0581404431656703,0.078877111916799,0.0245830646975431
2614,0.126651816610417,0.0886603854260268,0.0659444081347185,0.140557859773799,0.331065150716102,0.247120379338937
2615,0.343523668730351,0.268604970871351,0.225959040519025,0.0467937893549148,0.0683749737144601,0.0467435568098983
2616,0.0102051564189202,0.0536494624069538,0.0610161768279281,0.0380636545355243,0.408370844486171,0.428694705324503
2617,0.154312029943466,0.264002470711337,0.308585732363553,0.0496534778267024,0.125912287289846,0.0975340018650957
2618,0.0578347549870618,0.108672174043545,0.0975295517174132,0.0590207876894841,0.421244447931711,0.255698283630785
2619,0.0315908188788798,0.0406092348885078,0.0177017877817192,0.0735671191034785,0.715987942677904,0.120543096669511
2620,0.011404864662915,0.0926297773584505,0.24805842102961,0.0252349165048141,0.300453604951494,0.322218415492717
2621,0.0228144452877016,0.0650841828709892,0.0432527524438138,0.0921766830346877,0.667764435894511,0.108907500468297
2622,0.00346734579252442,0.0131920717204837,0.0240934543135239,0.0148596239639217,0.12359013566474,0.820797368544807
2623,0.187094975369001,0.195780219839072,0.0474984495239942,0.104472144355323,0.368925412779076,0.0962287981335329
2624,0.0366545723754361,0.0504804772148577,0.124531294407589,0.0617982244458987,0.192551529344115,0.533983902212104
2625,0.0713993954380762,0.222057567322453,0.481017614390376,0.0333570208349625,0.0917119103904358,0.100456491623697
2626,0.0104060055547812,0.0420928728316531,0.0690439218092884,0.0298139276753155,0.220956691262627,0.627686580866335
2627,0.0551103425099402,0.154925465685583,0.279494981185121,0.0295117733012908,0.17127401774083,0.309683419577234
2628,0.130438069714438,0.108841775993902,0.0843742590270887,0.305222950756776,0.289308106749303,0.0818148377584927
2629,0.0373464103239495,0.191919211998593,0.0623994288392717,0.0432480258130677,0.380796028293341,0.284290894731777
2630,0.120611968269267,0.125182965709939,0.129525464415546,0.0785566991762194,0.287188888706944,0.258934013722084
2631,0.0181926026933559,0.172562776851979,0.17952312802159,0.0269892939682827,0.371261164118977,0.231471034345816
2632,0.00598285240819915,0.0227286351701538,0.0640144593091235,0.0256166619729539,0.189803958359429,0.691853432780141
2633,0.165537272496606,0.345749725435476,0.0624488043783114,0.0886815983559802,0.250426476049916,0.0871561232837107
2634,0.0342907652514114,0.0748475737626928,0.231343162967924,0.0559015395607734,0.145638301174827,0.457978657282372
2635,0.0205149176090317,0.0827685832026621,0.0655034255631781,0.0299001028400248,0.601904157383901,0.199408813401202
2636,0.023137033773673,0.0653686434306774,0.126401149954226,0.0374119464728336,0.381616663079116,0.366064563289474
2637,0.0264354632621322,0.0870036148171017,0.0321906450515392,0.0261654981382341,0.642801147763493,0.1854036309675
2638,0.0633762923029058,0.0469839105001049,0.0758669366594052,0.244551439252543,0.182885960834256,0.386335460450785
2639,0.113216730454341,0.0725554195524453,0.0466069834367535,0.409575847980717,0.272420997496659,0.0856240210790836
2640,0.0142577089231202,0.0293542112408275,0.046920645278004,0.0222278528116136,0.105449197382015,0.78179038436442
2641,0.214370148274218,0.181611556506164,0.137311178594404,0.11304731751764,0.189777259142893,0.163882539964681
2642,0.0181510829784587,0.085728000328832,0.152923151622648,0.0316296143010497,0.234617661256967,0.476950489512044
2643,0.26693462996087,0.475252708979599,0.0276908572821447,0.105196061886703,0.0974869527838603,0.0274387891068237
2644,0.00834813132767803,0.109825423553732,0.054413349979493,0.0179570113631993,0.249954553346164,0.559501530429734
2645,0.0174268667975361,0.0644859470658025,0.035384138195565,0.0419549596442004,0.22968435304077,0.611063735256125
2646,0.00368861601836737,0.0150943931808565,0.0665798810336399,0.0179803564352854,0.0427059414431532,0.853950811888698
2647,0.0977010062059327,0.108859682909112,0.147982641714928,0.117737373288548,0.230822161157147,0.296897134724331
2648,0.16197871357774,0.259562668987173,0.386747068668153,0.0339809772062743,0.0569783271701971,0.100752244390463
2649,0.0415285284247124,0.0579752682595136,0.0942112778392517,0.0521363194166668,0.307097624718579,0.447050981341276
2650,0.0579827351064311,0.0507913451992155,0.201299250471468,0.0654096487966027,0.114902017226098,0.509615003200185
2651,0.0327157276774007,0.115735696428743,0.0438918801266396,0.0505625098716919,0.53195321421056,0.225140971684966
2652,0.0178141058338198,0.156630133148595,0.048013774508079,0.0455627246804281,0.503862148395964,0.228117113433114
2653,0.248053032713643,0.206598300979698,0.180719591632622,0.0543178901196941,0.18183087849397,0.128480306060373
2654,0.00636361634974683,0.0387813870249781,0.0676874775832813,0.039696062651191,0.130982961327754,0.716488495063048
2655,0.316370019613338,0.214755030302111,0.0779485401227033,0.107517148121741,0.231410285140793,0.0519989766993143
2656,0.0119402820758349,0.0653352840011144,0.0760960986659911,0.0311341875238173,0.418125446378142,0.3973687013551
2657,0.0138114041535363,0.0312010498523435,0.140811395065444,0.0236649791940661,0.092941176567313,0.697569995167297
2658,0.157691588561627,0.209011566374527,0.145772640494494,0.227329989485834,0.116685744449073,0.143508470634445
2659,0.112171633433979,0.0719440299975791,0.0993618025542537,0.548652186335248,0.0807204188734503,0.0871499288054898
2660,0.00864848169701274,0.0300833266551067,0.0365087478274387,0.0301351483447122,0.21055380661465,0.684070488861079
2661,0.00379236369519725,0.0193215219075564,0.0693023784049045,0.0172482165863331,0.076048198126414,0.814287321279595
2662,0.00603856134685804,0.0463324534161178,0.0900409797626651,0.0115606280521785,0.169430764718337,0.676596612703844
2663,0.00682458748912993,0.0321435949404428,0.0621381830970343,0.0353287737096306,0.41785569901981,0.445709161743952
2664,0.0383314128184103,0.124245008367338,0.0347816485326084,0.0942192698917061,0.544869565375882,0.163553095014055
2665,0.195667513391365,0.238701163986512,0.0976018206959863,0.0616375160257197,0.284020122632358,0.12237186326806
2666,0.00650840601512244,0.0159541383186462,0.154290808817727,0.0155125862522097,0.0303396288376621,0.777394431758632
2667,0.0640393194668734,0.126648161541656,0.38261002435661,0.0715883293040608,0.247173817123398,0.107940348207402
2668,0.0151876569624388,0.0675977768960096,0.381841829982224,0.0222463552592456,0.152419487007139,0.360706893892943
2669,0.044046090470991,0.162582544962816,0.113594949314597,0.0300949720012076,0.281253778209839,0.36842766504055
2670,0.0100704312860181,0.0639277624185561,0.185497765641886,0.0225521964796033,0.189430229099098,0.528521615074838
2671,0.0341916385224876,0.0742627512594695,0.0361968350435193,0.0860862184296796,0.315097509656203,0.454165047088641
2672,0.00763275429239081,0.0628718004172069,0.133466059617473,0.0263883426722546,0.201485145445795,0.56815589755488
2673,0.342071276540396,0.292684546548468,0.0563776153698302,0.106874084082841,0.15091278107254,0.0510796963859247
2674,0.0270743791552766,0.0442079634268481,0.0593361842613032,0.217051003054467,0.453359201023239,0.198971269078867
2675,0.43001076858207,0.247714061089534,0.0268682808144071,0.18524565613024,0.0873455293975448,0.0228157039862036
2676,0.0333317998263082,0.0527835947070239,0.0595208478803208,0.131947408297685,0.425188288626444,0.297228060662217
2677,0.0776388571166636,0.190534404957845,0.373442281992862,0.044343094424047,0.20636855890327,0.107672802605312
2678,0.0447967240125561,0.199809883214355,0.167640586400761,0.0485778937883,0.330004311611105,0.209170600972923
2679,0.00346748653817359,0.0198938468221771,0.0440190263754137,0.0227245925148852,0.381191587558338,0.528703460191013
2680,0.0648208155492462,0.141785593764491,0.304077500673119,0.155834190840108,0.141538274583546,0.191943624589489
2681,0.0385322676818041,0.13974281432447,0.0955022559131619,0.0600847640580522,0.424917621867863,0.241220276154649
2682,0.0142667575019977,0.0388943396353401,0.117349988916122,0.12483541626541,0.192420477812795,0.512233019868336
2683,0.483254362852748,0.244085222370669,0.0405650982624374,0.102913567732919,0.109423667560866,0.019758081220361
2684,0.0113785857211701,0.0402416113276721,0.0431990726209927,0.0707161451004574,0.389682142557773,0.444782442671935
2685,0.173173282238481,0.0870256503487283,0.131243748432019,0.0432123606908521,0.0829958148039413,0.482349143485979
2686,0.0153407579488341,0.164924811283352,0.194213377183604,0.0359854946886885,0.195448407918444,0.394087150977078
2687,0.307457333785275,0.190403578653405,0.114865449766059,0.160948554889166,0.177013121536115,0.0493119613699809
2688,0.0581939848124442,0.162900413666742,0.073905899357451,0.2270697062369,0.326806253506608,0.151123742419855
2689,0.152470388904611,0.561815599318217,0.0347472365296867,0.0452254444461097,0.173691189063878,0.0320501417374981
2690,0.0121405536179553,0.0264343644496919,0.0357546472078441,0.179099186694842,0.473937339416132,0.272633908613535
2691,0.0349762977150325,0.211430860067734,0.0715540313502771,0.0423582108604338,0.335965584941818,0.303715015064705
2692,0.0548055155029839,0.0928272545537289,0.203901174557169,0.0693889268568901,0.204647416781966,0.374429711747262
2693,0.0539138427768983,0.0745798100553024,0.213732610587932,0.0504061527157664,0.146828066640599,0.460539517223502
2694,0.0101586391923193,0.030266932086049,0.0782060328680849,0.0398355563554541,0.234022979067437,0.607509860430656
2695,0.658449790013498,0.13523626714957,0.0439854412173808,0.0820107991137041,0.0589929298871237,0.0213247726187233
2696,0.0224066339146381,0.111391201811799,0.266782228967572,0.0323011543537189,0.131395072478545,0.435723708473726
2697,0.0391860833413627,0.190730634465106,0.240638664280399,0.0368011110420296,0.16462945085821,0.328014056012893
2698,0.0138180102542947,0.0466737487926052,0.17753276852492,0.0399520889524273,0.28659144927573,0.435431934200022
2699,0.0158769718431345,0.11129980175823,0.291719423015589,0.0201252339946769,0.0868384472594064,0.474140122128963
2700,0.00251249454283533,0.0325151179387037,0.0239608511431379,0.00757194782318244,0.30747405964604,0.6259655289061
2701,0.020660477131626,0.045669341174535,0.0883419771058577,0.106542289004072,0.332289571328395,0.406496344255514
2702,0.517192619834287,0.144818250353294,0.148525837255543,0.0615607745870836,0.0716139636125726,0.0562885543572191
2703,0.105687984450323,0.0823900136327067,0.188134919507156,0.0882557744080613,0.237063334080395,0.298467973921358
2704,0.0483033407154189,0.187346086201298,0.472376388442412,0.0488870857306648,0.117996192710677,0.125090906199529
2705,0.0164711926156456,0.132421692109433,0.360694146689953,0.0187658994445131,0.124746173556028,0.346900895584428
2706,0.0172441723067953,0.0907032977309987,0.16662006134,0.136161603653812,0.21006630971246,0.379204555255934
2707,0.0127198920952286,0.0322391978268285,0.0266518099044413,0.0518460385107666,0.644089067550656,0.232453994112079
2708,0.333576723321206,0.358333960844602,0.0692510193684117,0.0831600379584864,0.116949916518004,0.0387283419892899
2709,0.056767917792136,0.123795103226554,0.267186399783044,0.0436818534493268,0.09923404075466,0.409334684994279
2710,0.0691253128291703,0.0753861180609947,0.274011416184003,0.0608283233696884,0.12684722366435,0.393801605891793
2711,0.029289085355772,0.0627068819719675,0.135311319170965,0.0376042457458853,0.229623014474171,0.50546545328124
2712,0.108461151697252,0.082508962737163,0.0808123050581683,0.17266687027366,0.406039214704058,0.149511495529698
2713,0.170522132451916,0.199554570950109,0.197980134784376,0.0452889554132938,0.106420716551717,0.280233489848587
2714,0.00376531684184126,0.0436762127410409,0.095811765951725,0.014604739535228,0.128918810151804,0.713223154778361
2715,0.0371044682339399,0.109567881957395,0.36447681720964,0.059537555301956,0.239477044020501,0.189836233276568
2716,0.0293148837085314,0.0665961711782194,0.111256711915385,0.0643680119724579,0.418327828123977,0.310136393101428
2717,0.0108023438739414,0.0402697044466056,0.0331056559955231,0.0299171091259177,0.307366796770354,0.578538389787658
2718,0.0165218832519569,0.0537277810816613,0.200066909059004,0.0527970329042038,0.150104908381589,0.526781485321585
2719,0.0370494867326752,0.146306972516925,0.194331515828887,0.0562752296422957,0.330019813562962,0.236016981716255
2720,0.0856576228205215,0.0947978408121845,0.293538778802345,0.0837880751731585,0.242811474275853,0.199406208115937
2721,0.0165119212714073,0.0496611526678332,0.0781048075103982,0.0387122591592835,0.276839999691961,0.540169859699117
2722,0.261189868046722,0.458654287858965,0.160039048151721,0.0166101267172189,0.0735788071602328,0.0299278620651406
2723,0.0467422625635911,0.131789179698296,0.0968848136321388,0.0559409632028194,0.185110105623378,0.483532675279776
2724,0.627407377049493,0.0960140820657039,0.0700016614916015,0.107660102067521,0.0613622877203542,0.0375544896053265
2725,0.173348601198199,0.365656488599828,0.0718375978742855,0.175613918715567,0.143295661088901,0.0702477325232197
2726,0.0527249373996483,0.0797314337261261,0.0447848015845765,0.132031955698383,0.634458604555531,0.0562682670357354
2727,0.00632963200916528,0.0398645224009001,0.0752047924557474,0.031631965865065,0.367851176091687,0.479117911177435
2728,0.0196747361715038,0.0493384903443781,0.118041402213936,0.057691968853663,0.125220027144337,0.630033375272182
2729,0.143049603828059,0.204930200819859,0.0922911986107771,0.104599799406501,0.274542169074914,0.18058702825989
2730,0.0160989484900885,0.0326751800393196,0.0893294563236147,0.0568988695333294,0.491493851666221,0.313503693947427
2731,0.141509764146795,0.133104272234296,0.0587888338547826,0.146440750227326,0.40866330650291,0.111493073033891
2732,0.0241581438595954,0.0732011971190029,0.332980743430294,0.0273872185776436,0.104374201426644,0.437898495586821
2733,0.0533744256437834,0.131829143570057,0.123454647171444,0.219638533127984,0.374389644142176,0.0973136063445564
2734,0.0328657919993042,0.684006780016758,0.0411014974681217,0.0147835134462916,0.141768321706215,0.0854740953633098
2735,0.0531633326201808,0.487213337859242,0.117647470711308,0.0268738499031004,0.13537213646738,0.179729872438788
2736,0.0353581295789945,0.107177564179371,0.0631458187027279,0.340984652529974,0.327518385459307,0.125815449549625
2737,0.19884146176437,0.132440671660674,0.237621570829966,0.0855357575321132,0.176115921456158,0.169444616756719
2738,0.0255393897040552,0.0926608467271636,0.109039563948721,0.0478862094546885,0.142639137242021,0.582234852923351
2739,0.138676556720963,0.217289494689035,0.25695020518496,0.0394510337871078,0.241309269628162,0.106323439989772
2740,0.194392172445469,0.379850333943534,0.0565608538721667,0.0828419943212091,0.145564632668779,0.140790012748842
2741,0.0535471251949443,0.275068354062701,0.101134580676039,0.0328440134632978,0.387934314733555,0.149471611869463
2742,0.0520283432085845,0.0551845802187505,0.0354576164071032,0.160173549728461,0.551620634864192,0.145535275572909
2743,0.215242181758398,0.210198563756641,0.0968858503641796,0.122513272422604,0.210646083320128,0.14451404837805
2744,0.0270011370273699,0.0748387634805523,0.0472953158535116,0.160066575649741,0.588232080746226,0.102566127242599
2745,0.00927856839937805,0.0879418894714764,0.28678613159681,0.0611399355220239,0.332273093044502,0.222580381965809
2746,0.0139100420550058,0.0717372073616293,0.0933463083503377,0.0263361760625717,0.268441930132883,0.526228336037572
2747,0.02177486529739,0.0359256202250348,0.0149472121443625,0.0888629365263674,0.592616458287128,0.245872907519717
2748,0.00734824864329438,0.0423900837248056,0.0528335896614771,0.0299602510827966,0.656116476737426,0.2113513501502
2749,0.30005214014016,0.0837200099995063,0.0558707542542651,0.271558479403105,0.207890105106169,0.0809085110967947
2750,0.0112974687845974,0.0561525297451671,0.317342012206212,0.0286785408909013,0.106051389005496,0.480478059367627
2751,0.208257423191373,0.172561684915151,0.0647766719401523,0.136159659692946,0.354930906869704,0.0633136533906733
2752,0.0444408587112269,0.141497237699159,0.152601522124353,0.0696427232743871,0.156039017974757,0.435778640216116
2753,0.0533360472586903,0.0604237484628707,0.0175402384231304,0.408181638337942,0.411078222529072,0.0494401049882952
2754,0.0119681659318105,0.184699264216028,0.0732943683028541,0.0157575929127762,0.518580882072466,0.195699726564066
2755,0.00295447910841455,0.00944744284211629,0.0418254078026592,0.0111504786946151,0.171798772748479,0.762823418803716
2756,0.00919001930162937,0.0271783663731351,0.070843916970492,0.0198307279626325,0.0419177732574051,0.831039196134706
2757,0.0107916735354017,0.117402596526427,0.0257136330145187,0.0467585837663424,0.537332692610394,0.262000820546916
2758,0.0802684044842354,0.217182794637189,0.164805505718949,0.027325426992812,0.351980288645893,0.158437579520922
2759,0.0205677364346859,0.168109924900329,0.0852814811556039,0.0177872786281085,0.383823541493691,0.324430037387581
2760,0.465873258103441,0.0631238939801022,0.0272680529292548,0.386391896585995,0.0461064026052989,0.0112364957959084
2761,0.162694958890364,0.134562705638369,0.0775586654020469,0.245526016484975,0.262859677018984,0.116797976565261
2762,0.00773989517096645,0.117457538075328,0.101248375202618,0.0192837110884969,0.488647665748653,0.265622814713938
2763,0.0502589581174388,0.205440838530815,0.279756404856146,0.0584879972921303,0.213144770381093,0.192911030822376
2764,0.012335230814954,0.0274205982315252,0.209798640512162,0.0190145698382016,0.101499333341922,0.629931627261235
2765,0.0321685679516327,0.144134014305465,0.194181472558631,0.0300141865750441,0.185960782424532,0.413540976184696
2766,0.0276211909453795,0.104109018754632,0.0819830276377011,0.0469817043231123,0.485482847303187,0.253822211035988
2767,0.0256805861860691,0.0807397191222006,0.119862985192278,0.267317712798129,0.24969307500898,0.256705921692344
2768,0.0421998463183507,0.26757443980695,0.32917389571747,0.0192256486335104,0.102916395468518,0.238909774055201
2769,0.0427748435419566,0.243339312600237,0.102528476928504,0.0746744362563811,0.382541148274308,0.154141782398614
2770,0.0033076266213425,0.052289055253134,0.168287840264787,0.0234080583830626,0.183728458637248,0.568978960840426
2771,0.0301554642690698,0.133461437907427,0.405840075669513,0.0378619443544122,0.149989336462148,0.24269174133743
2772,0.075206642355048,0.098772946104036,0.0873699294034446,0.156989548551972,0.425455215419829,0.156205718165671
2773,0.0842932675646902,0.272173352362584,0.118624486767587,0.0346414338195477,0.344925449430491,0.145342010055099
2774,0.0981632218165111,0.42963665111721,0.0825349738052482,0.0466054586386188,0.23475274086176,0.108306953760652
2775,0.00274676044890347,0.0154898067476957,0.0794962690917359,0.00793659239051948,0.0881401740857646,0.806190397235381
2776,0.0108203833328594,0.0259814219451019,0.0429934096783218,0.0384250401062673,0.218496771712468,0.663282973224982
2777,0.00164478901641634,0.0111664867983947,0.0558831621375286,0.00985774657707335,0.0471376170173797,0.874310198453207
2778,0.0962463969841063,0.142316613384848,0.124351979274069,0.0804613049137734,0.178804973356755,0.377818732086448
2779,0.0359039486293425,0.0645028311423928,0.28647190249509,0.102488275596367,0.145984547499177,0.364648494637632
2780,0.0486277825081305,0.276611459776149,0.226311347874379,0.0427823934623749,0.128418017088694,0.277248999290273
2781,0.014539434218616,0.0349594245380509,0.0479156361591915,0.0920527155544307,0.578361027705745,0.232171761823966
2782,0.00637611602722719,0.0293793262135741,0.169945703915877,0.0156989619088551,0.0853340912663411,0.693265800668126
2783,0.375630955972817,0.337423536451308,0.108465355433659,0.0505181246035764,0.0878798582862279,0.0400821692524117
2784,0.0517290141505259,0.235337865231328,0.0483626418736753,0.0931209885399102,0.505575501297596,0.0658739889069652
2785,0.0031554221214345,0.0187560381249991,0.0488765745509137,0.0301338478033635,0.320842243205896,0.578235874193393
2786,0.0132995643513738,0.0580400756837122,0.0475180618844938,0.0481368798843625,0.473326904014194,0.359678514181864
2787,0.00645173457615463,0.0337544664246032,0.0710319298943939,0.0188477666280131,0.201356705013399,0.668557397463436
2788,0.0212588203110943,0.0574509940632115,0.13532622860984,0.0326363083981815,0.14665140425008,0.606676244367592
2789,0.0577690601762503,0.0700808871763654,0.228180413141945,0.0667010950908696,0.194162554197157,0.383105990217414
2790,0.0532110258517805,0.160443213019414,0.0624632475165729,0.0868350895887811,0.398157068165195,0.238890355858256
2791,0.222391954631053,0.0617309449270907,0.0356792277278918,0.497151347696934,0.123944063053379,0.059102461963652
2792,0.654325112025107,0.191397432479706,0.0246030690100105,0.0416290287465134,0.0663135602942219,0.0217317974444407
2793,0.0073358005720853,0.0550152298646421,0.0357040862681823,0.0199053368998902,0.550045215300971,0.331994331094229
2794,0.435967185406088,0.214839982060903,0.0651505408005187,0.0956807530890528,0.150836890624797,0.0375246480186414
2795,0.281868112344488,0.0995567165465824,0.0454329632702631,0.43665349688589,0.112495977223094,0.0239927337296823
2796,0.00459045912379529,0.0293734864371249,0.153997719773191,0.0223811102923925,0.119356966332116,0.670300258041381
2797,0.0429652110465899,0.0535198948496948,0.0723117379057381,0.106510301621128,0.18001655477673,0.54467629980012
2798,0.0116789279723724,0.148113077430609,0.186931547398928,0.0156719194909323,0.281336129206721,0.356268398500438
2799,0.0928898743851126,0.159487390242415,0.364170304952332,0.0316519862402532,0.154965061260948,0.19683538291894
2800,0.00587504400579116,0.0303648613006325,0.0436438849445809,0.0339183159349298,0.212662799549363,0.673535094264703
2801,0.012768556662577,0.0418510599653741,0.025721318523492,0.0289054805339883,0.556521502851599,0.334232081462969
2802,0.02358147554115,0.0767064906915965,0.0525722822196776,0.0815122887325643,0.318422329676708,0.447205133138304
2803,0.0788760480028275,0.446525729087132,0.088777834222654,0.0255743001409411,0.248756138490902,0.111489950055543
2804,0.0152790981296908,0.0725433161543159,0.111687027712766,0.0476093656326665,0.385519021746771,0.36736217062379
2805,0.190192986121364,0.194017510534948,0.328641567294516,0.077717377568344,0.131378604460579,0.0780519540202492
2806,0.127440900904449,0.083300769427228,0.0575262915147775,0.309069474856869,0.22873805928025,0.193924504016426
2807,0.090209942027833,0.161902591435131,0.162633223875892,0.0742322999741682,0.204593687176227,0.306428255510749
2808,0.00851923996666333,0.041128378256003,0.0505806057437804,0.0239855039114784,0.250024356596363,0.625761915525712
2809,0.0374067791006247,0.0768588636486898,0.252385378272711,0.0662888459734928,0.110480197675691,0.456579935328791
2810,0.00881883526277192,0.0413978949294309,0.0617028534178335,0.0705396709371166,0.551396564494648,0.266144180958199
2811,0.0108333759627388,0.132961112942896,0.271946037669283,0.0395831053206598,0.248886012276344,0.295790355828078
2812,0.328230137097033,0.257180303370164,0.141161696462043,0.132400757883124,0.0924637142273125,0.0485633909603241
2813,0.0574505816272435,0.128349915186774,0.146108053023205,0.106484560536463,0.311393619355568,0.250213270270747
2814,0.0302016054072308,0.200663841340091,0.217295368518545,0.0441662165676704,0.23056946400759,0.277103504158874
2815,0.0480690073971928,0.0844288574467476,0.121804170048043,0.0622955008096213,0.142206502270576,0.541195962027819
2816,0.183028417437211,0.210603130099215,0.289130365447692,0.0706808151025493,0.163876103087924,0.0826811688254082
2817,0.0643312288942163,0.375156504342611,0.104300684667248,0.0483041936848151,0.288030930521206,0.119876457889904
2818,0.21891692554447,0.351027682935958,0.152305960003535,0.050917521875872,0.14625238041538,0.080579529224784
2819,0.408511223004792,0.392611222299372,0.0516367061906332,0.0557001770087577,0.0705279750631251,0.0210126964333196
2820,0.259749526973508,0.180050565909053,0.414006314977894,0.0451696672272293,0.0602979599783734,0.0407259649339422
2821,0.00421018916712278,0.0286165244365959,0.0186233563461352,0.00830537312176025,0.38581552012915,0.554429036799235
2822,0.143921732657362,0.244575009636091,0.158776952882496,0.0536567681864722,0.287408526868439,0.11166100976914
2823,0.0609179235047097,0.100164101594128,0.102930570009402,0.0902206230780758,0.221619724209421,0.424147057604263
2824,0.0400241396493056,0.141799315070552,0.183252318390121,0.0583606250893269,0.27414580519163,0.302417796609064
2825,0.00447078431469976,0.035681511654916,0.168657823477481,0.0205530941913349,0.0360419159303988,0.734594870431169
2826,0.0209803036089956,0.250542711314911,0.0424302992982903,0.0285644802802659,0.461857198928873,0.195625006568664
2827,0.0998310390105375,0.323588003879124,0.170001109669943,0.040717996188858,0.203010978980378,0.16285087227116
2828,0.0178242162185286,0.144825124137838,0.140375590582416,0.0383835777776274,0.387666454501388,0.270925036782202
2829,0.0287546363166558,0.0439256075885661,0.0311471730584973,0.134899258365126,0.613354938433951,0.147918386237204
2830,0.00298138075733585,0.0231931087380228,0.0948227622124673,0.0170384495698745,0.119610209381591,0.742354089340708
2831,0.35204402511718,0.383755776875752,0.0883458483758487,0.0453220447478937,0.0869084756118284,0.0436238292714972
2832,0.0289841203356158,0.183832453109979,0.299011803035296,0.0245849564097955,0.2585870687049,0.204999598404414
2833,0.10851343465212,0.110767170557309,0.0981211305262438,0.159938995676635,0.227794253927796,0.294865014659897
2834,0.0194799992786136,0.0581311258343986,0.0721609481779713,0.0260973296512276,0.22417844091722,0.599952156140569
2835,0.24686935768178,0.243946980752043,0.0365945090643487,0.172133411794173,0.228451595163273,0.0720041455443829
2836,0.0119181511976202,0.0279483154814876,0.0496683644936773,0.0414898674662178,0.293828361960767,0.57514693940023
2837,0.0505989836301982,0.219229736254088,0.378028340854907,0.046858667786911,0.154132651078623,0.151151620395274
2838,0.123666799497386,0.20388277486481,0.213204899686387,0.0735690179847684,0.141610195591484,0.244066312375164
2839,0.140206017101163,0.160974747111371,0.120476913757403,0.083845345043597,0.314523752387664,0.179973224598802
2840,0.106151264959815,0.0804685056897476,0.140780237363054,0.177611861365182,0.160731334718379,0.334256795903823
2841,0.502196035668773,0.0940542623246126,0.0502372634654856,0.152966916569669,0.143277858887934,0.0572676630835245
2842,0.00623413825576833,0.0265406062882836,0.0214331498502044,0.0354800730815013,0.605344659277401,0.304967373246841
2843,0.162936955408597,0.116843375475287,0.129045189758136,0.0800655499913405,0.296172560619972,0.214936368746667
2844,0.022999888455756,0.0721581523374628,0.656506035024206,0.0170191521622283,0.0655663063669291,0.165750465653417
2845,0.160447034991999,0.302572095028179,0.166001529279997,0.221361528929513,0.110388906772144,0.0392289049981681
2846,0.0126312975685685,0.0505954381313043,0.0449104283825151,0.0485283914481197,0.379017404147115,0.464317040322378
