"CUS_ID","F20-","F30","F30+","M20-","M30","M30+"
2501,0.0606702674083332,0.37096864158577,0.163234403786409,0.0198567534045392,0.207326879894417,0.177943053920532
2502,0.116956558409716,0.205817440346658,0.0921393713575927,0.128010220846486,0.329063013412239,0.128013395627308
2503,0.0271295859100537,0.584031533856438,0.0340164487996724,0.0221757357185965,0.273284533820241,0.0593621618949981
2504,0.399421088739794,0.143438589525668,0.107152609750435,0.159874298099348,0.0796689117661489,0.110444502118608
2505,0.0856529562761722,0.182213852440859,0.120459635866807,0.0659988518013332,0.114258481274361,0.431416222340468
2506,0.00853625480869506,0.31276453636849,0.120015927984637,0.0305476983155327,0.239822257678735,0.28831332484391
2507,0.0105396267177231,0.0343221351690732,0.138486585930676,0.0285689406777171,0.159129035057646,0.628953676447165
2508,0.00891898639096755,0.0617726728923296,0.0231481532263434,0.0336647737136317,0.530154646429519,0.342340767347209
2509,0.0396776790733874,0.038377555982004,0.142299683459073,0.0492947243072177,0.0937204597987584,0.63662989737956
2510,0.0115508691393124,0.0703676948891543,0.0558967615931431,0.0235877354765474,0.321643042509517,0.516953896392326
2511,0.604164549738887,0.131191115768557,0.067738670012267,0.122837496030177,0.0492586502718935,0.0248095181782187
2512,0.0448909561403192,0.150160342440925,0.0448579646424023,0.122574890945062,0.523028502165015,0.114487343666276
2513,0.0157474324945477,0.0301634653588514,0.0403039070308805,0.0371109775513281,0.434100048185091,0.442574169379301
2514,0.0984037999404897,0.505231240963345,0.0508109420521656,0.0280474554383439,0.269246913478698,0.0482596481269582
2515,0.0146473342517263,0.0520326415374133,0.0441984659242831,0.0299674974696584,0.267869982877923,0.591284077938996
2516,0.0754469421151826,0.0870735393517944,0.0591617833521113,0.227805975081675,0.362702092684308,0.187809667414929
2517,0.0280657901247914,0.460117611898574,0.0956322350975905,0.02344188832089,0.212299737031456,0.180442737526698
2518,0.383689094009973,0.203959180149577,0.187306294825006,0.0780269196796116,0.066567273512977,0.0804512378228549
2519,0.0866741843334732,0.784124360405969,0.0286779007771796,0.0116825527801631,0.06324904377696,0.0255919579262554
2520,0.0405379624622114,0.0574290452381005,0.0385719249814394,0.152028962002465,0.458571120793522,0.252860984522261
2521,0.0194460434778393,0.0799215318021795,0.237772440521192,0.0363043839757477,0.145201341742643,0.481354258480399
2522,0.228645405755484,0.148597793845126,0.164744310193541,0.0981741795313439,0.161942329865759,0.197895980808747
2523,0.0584076848634483,0.433921388597758,0.0550013965075007,0.0268649818629725,0.272260609240345,0.153543938927976
2524,0.0290659962482506,0.154753444128769,0.222085937374392,0.0549658227828922,0.107446363703221,0.431682435762475
2525,0.102142654244878,0.0920582663576677,0.101780276360341,0.20558279144322,0.325047190741283,0.173388820852611
2526,0.155446282805709,0.228908933993746,0.0748990975445559,0.0998491581400475,0.327975067954715,0.112921459561227
2527,0.494982132527443,0.134214805671139,0.113821767828086,0.0546876772527806,0.11080664200319,0.0914869747173614
2528,0.00634989580041258,0.016254612686808,0.0379155330148369,0.0316454934140935,0.130540244770785,0.777294220313064
2529,0.108273579808183,0.193524795119078,0.202213508141147,0.0848458927289491,0.173006023434151,0.238136200768492
2530,0.0126281213436096,0.0232795465423944,0.177622744083013,0.0320187036110208,0.120534976806253,0.63391590761371
2531,0.0303199329486965,0.204764305796412,0.0723306965233429,0.0796874299524334,0.407523113559786,0.205374521219329
2532,0.0476090658242723,0.253143079496065,0.109249243034787,0.037244531432784,0.215588314722319,0.337165765489773
2533,0.00105007642074518,0.00705104749903278,0.0347146018995233,0.00641675529091303,0.0448283340178473,0.905939184871938
2534,0.165101649382504,0.122374672186854,0.166755421100921,0.226941988269267,0.0918630622364578,0.226963206823996
2535,0.0344378524339563,0.0952681569390358,0.207424866997331,0.0286711558154129,0.167672521224066,0.466525446590199
2536,0.142151967697398,0.254523028397305,0.104497785807669,0.0818973194444086,0.221907419729443,0.195022478923777
2537,0.0829726856192948,0.673946872949555,0.0820583358884438,0.0141427024103367,0.111416982410164,0.0354624207222053
2538,0.216024430337545,0.12573974658283,0.0874853482118694,0.120539724231436,0.242885348560351,0.207325402075969
2539,0.241658789715292,0.22305654285675,0.218028599578091,0.0610807402932818,0.159223177375653,0.0969521501809326
2540,0.189701571143748,0.0782910621287375,0.0674627134907522,0.234387674620081,0.334197973454298,0.0959590051623837
2541,0.125171770651914,0.0640550041613378,0.0339594740867949,0.449010100248006,0.29079080588145,0.0370128449704978
2542,0.0598541521656091,0.46346473559799,0.0353538084721858,0.0419935253218264,0.363423051477808,0.035910726964581
2543,0.0124664636350308,0.0310537218873283,0.088129160210809,0.00879505714788254,0.144197103532238,0.715358493586711
2544,0.0814182662574287,0.146734812180183,0.167677172850199,0.174646786964798,0.170062355991197,0.259460605756195
2545,0.0687145122008002,0.255069356010264,0.137228639616183,0.0375370327378314,0.352307304122109,0.149143155312812
2546,0.0501644476796772,0.088499432065275,0.0660066313983105,0.166216285732532,0.509769534761469,0.119343668362736
2547,0.0279813330657152,0.0741667634689994,0.507245081743164,0.0322937838994504,0.0802839239866715,0.278029113835999
2548,0.0576172985911379,0.0726173236594507,0.0770787567486022,0.22902865750516,0.443581159066501,0.120076804429148
2549,0.0130736659829066,0.0841726580762572,0.0361315723324359,0.0382334065476059,0.326526547704409,0.501862149356386
2550,0.0213317964459815,0.0240772765648345,0.0409326742247802,0.185262046115892,0.429487345158708,0.298908861489804
2551,0.387990148184477,0.203970739287753,0.0449595732787492,0.15423654216322,0.120318780295355,0.0885242167904458
2552,0.103690358423549,0.268867942353032,0.250626705030175,0.029269250810496,0.191548637628883,0.155997105753866
2553,0.334910954453252,0.238415608753847,0.0705794336048771,0.117539205928535,0.184753364104944,0.0538014331545446
2554,0.153188851341389,0.282199529835176,0.126822028743928,0.0947268757735503,0.274274446346506,0.0687882679594517
2555,0.0174234105100553,0.164024433309503,0.110343100045878,0.0433961722191589,0.506000622511143,0.158812261404262
2556,0.0888653706175389,0.302987070762389,0.287543426753742,0.0418389591255791,0.126242018359294,0.152523154381457
2557,0.411612912606273,0.140687849585498,0.306185975184386,0.0519338469992546,0.0631113987493886,0.0264680168752001
2558,0.0328351332557899,0.0699083825874578,0.713003937759957,0.032553835460787,0.0590330193288843,0.0926656916071242
2559,0.0997032145995617,0.374810638586301,0.182322154266656,0.0276861358377831,0.130111763463399,0.185366093246299
2560,0.0163374128712628,0.160587618007676,0.110499449587604,0.0282021875029616,0.235816222105262,0.448557109925234
2561,0.0142258360788248,0.0740663667429955,0.23654619568501,0.0108603755559215,0.229519770938894,0.434781454998354
2562,0.18879248161717,0.285462055310859,0.0463352938288027,0.0872926974033962,0.353339651707265,0.0387778201325066
2563,0.454778495980532,0.104920766398839,0.159692747195884,0.11453036985776,0.117991185633824,0.0480864349331599
2564,0.129917437649849,0.0822004349642624,0.0986416623175942,0.327776389167596,0.117129081398138,0.244334994502561
2565,0.0462430129104174,0.140333653111753,0.15919234882024,0.0711858864477572,0.24394633676811,0.339098761941722
2566,0.0180107973562064,0.0624227384375833,0.145408158960898,0.0479894612717694,0.237453291155191,0.488715552818352
2567,0.0368691034955131,0.147269995541356,0.144603203172017,0.0423551099296016,0.219165577092252,0.409737010769261
2568,0.0143677410967999,0.0765567816435437,0.0826549703318023,0.0265377839921419,0.413518958371202,0.38636376456451
2569,0.0807537307456965,0.140170818356796,0.14839038197056,0.0294111719710822,0.139276127767764,0.461997769188101
2570,0.0418045673993445,0.595736679748611,0.0688545666826263,0.0100243493299136,0.122025324266208,0.161554512573297
2571,0.0516674709848816,0.0986988461014752,0.0300037074968901,0.174160351942085,0.361969004261071,0.283500619213598
2572,0.0757344608496006,0.0565460899307115,0.237972132040447,0.0776103463965855,0.1201384457707,0.431998525011955
2573,0.0502033711803075,0.199072300025057,0.0791766929696225,0.0229661719148135,0.258935092756664,0.389646371153535
2574,0.0327153964490485,0.0676433068310396,0.036997583512083,0.191482601693947,0.513120442309356,0.158040669204525
2575,0.0361285781584743,0.0438488883449559,0.0303083098798797,0.128456010766337,0.57728862279293,0.183969590057423
2576,0.288402536907449,0.324298646430339,0.192757293816104,0.0989849797677444,0.0413563191907827,0.0542002238875809
2577,0.0577228333534837,0.249849682600653,0.395813527671456,0.0312552186510074,0.130620874961472,0.134737862761928
2578,0.00270561353002893,0.01360912996739,0.0336623072478615,0.0108245637196061,0.139608723989181,0.799589661545933
2579,0.287186817055639,0.175055121710487,0.143191583190008,0.12716164286991,0.18598402592973,0.0814208092442258
2580,0.0579275669448638,0.333517622309754,0.129761745532446,0.0175541727901576,0.235346266076696,0.225892626346082
2581,0.00202395015027297,0.0250031771373548,0.0632550009409711,0.0251284114965655,0.277314081481434,0.607275378793401
2582,0.312014428593149,0.26913485942667,0.123274181102195,0.0576406423825349,0.142599213551533,0.0953366749439179
2583,0.204600415648851,0.398481498213101,0.188769023516853,0.0400699210352128,0.0883190896917487,0.0797600518942329
2584,0.202588061174067,0.420044146152415,0.122738318500398,0.0602776185039708,0.131971157832761,0.0623806978363884
2585,0.0186832514544708,0.0871086912636693,0.0433088026188789,0.0738175054357178,0.490319918405424,0.28676183082184
2586,0.0497476161810121,0.257744386064724,0.0933287894830561,0.034734514012217,0.243726512533723,0.320718181725267
2587,0.196342376259216,0.0720179203678443,0.0444147262730647,0.323518854613627,0.242238456970485,0.121467665515762
2588,0.0481132827793374,0.0347348329973261,0.017685930168998,0.34619365769202,0.444755168712725,0.108517127649594
2589,0.116380421817226,0.121409066294102,0.0519470236809771,0.190445034057203,0.436560128415669,0.0832583257348227
2590,0.0305387255522289,0.0947424106573695,0.125313970864474,0.112366781459558,0.296884105810248,0.340154005656123
2591,0.061067883322267,0.0962415225964321,0.439795931189887,0.0229757603371909,0.0757652003756753,0.304153702178547
2592,0.0164703909712771,0.0285381722290454,0.00916351615334926,0.173627001147245,0.623797261975525,0.148403657523558
2593,0.143605814580921,0.149262116490593,0.079284346745829,0.0697590178557619,0.436104270919753,0.121984433407142
2594,0.0521904604896841,0.11431959068604,0.0721594540174981,0.0554702890505827,0.292160035808118,0.413700169948078
2595,0.143948591639126,0.0753056493894415,0.206535076711136,0.329019815479094,0.11144937212914,0.133741494652062
2596,0.608326221313139,0.0908613097846849,0.023866735881206,0.212667932326463,0.0540763701717155,0.0102014305227919
2597,0.0107378469400877,0.0372939415742522,0.153149290716912,0.0177854417276285,0.108731761348446,0.672301717692674
2598,0.0206214516530937,0.10405669562371,0.0711337597055847,0.022603137297215,0.259673182860037,0.52191177286036
2599,0.285364310211665,0.320188286216587,0.0433743487986174,0.0903491942654886,0.200527862880662,0.0601959976269805
2600,0.00505302067329279,0.0375561596318086,0.0599834318606466,0.0259406936560276,0.702202398617963,0.169264295560262
2601,0.0155742257917876,0.0427580275175464,0.151017777611788,0.0104427032487744,0.0987730197940779,0.681434246036026
2602,0.0337783954630291,0.165582256013614,0.127505565654707,0.0436614169528223,0.258483184972298,0.37098918094353
2603,0.0574044271083047,0.508150966539919,0.0492505670762539,0.0332985870133267,0.281190028136058,0.0707054241261384
2604,0.0810420589581055,0.0658518444237836,0.301727607976801,0.261453768615245,0.130792607390014,0.159132112636051
2605,0.000540793590136451,0.0276512661470057,0.0937283763863857,0.0150743017640036,0.202300691939558,0.660704570172911
2606,0.0303995260074771,0.092753513985719,0.170252886990276,0.0316890415538541,0.148512692362706,0.526392339099968
2607,0.0269504800536808,0.0490337692001969,0.0706933017556807,0.0680231690367928,0.27692310589494,0.508376174058709
2608,0.16221062042864,0.236204449481623,0.0759163421363495,0.164536667592002,0.170448941068018,0.190682979293368
2609,0.0279261997425934,0.0617689856072044,0.0477630134110731,0.136627252591066,0.488342390722635,0.237572157925428
2610,0.0804694211489013,0.202201621068075,0.0800056341374322,0.155297214944357,0.360559160776546,0.121466947924688
2611,0.0498681204146928,0.238314140351636,0.246130990876868,0.0822548839054337,0.0979658082308079,0.285466056220561
2612,0.0324795825861284,0.185308073858299,0.13992048815056,0.0571189813619057,0.294408612279643,0.290764261763463
2613,0.537074452911829,0.230097548518005,0.0400332707597973,0.0791962999250456,0.100656599897711,0.0129418279876116
2614,0.0996533530609055,0.123203116051507,0.089153999982378,0.0943179480509827,0.371803389157841,0.221868193696385
2615,0.484777760242644,0.156941825401071,0.112613445716014,0.0733165084826806,0.101016588479436,0.0713338716781541
2616,0.0165543951145903,0.0619991870121943,0.0864694505396233,0.0655794505110421,0.308555732137797,0.460841784684753
2617,0.344342719228401,0.327031557415938,0.116511100673456,0.051945939451159,0.129216648406294,0.030952034824752
2618,0.123003329462266,0.128659106299249,0.076534357113282,0.118878830438944,0.352781734312549,0.20014264237371
2619,0.0323925894448002,0.0358848295541158,0.0254301369559664,0.135620723710294,0.528295411970511,0.242376308364313
2620,0.0450478274165719,0.127430371157477,0.221138982379539,0.050057883674029,0.344429791931584,0.2118951434408
2621,0.0483403843656072,0.108134720558325,0.0247281638903202,0.0971530858113713,0.655089663799334,0.0665539815750425
2622,0.00146427983298561,0.00463692230063925,0.0146806968060373,0.00839735911100701,0.0895932047997564,0.881227537149574
2623,0.373677263336893,0.244537985430465,0.0475837905098277,0.124708605391839,0.176670718636745,0.032821636694231
2624,0.00772978640247246,0.0361688473829958,0.109463558360306,0.0143943113193959,0.116303303847297,0.715940192687533
2625,0.201480146075551,0.300569528933092,0.32226650591507,0.0386369181054267,0.0735327490822019,0.0635141518886584
2626,0.00392044277831395,0.0217688263580686,0.0451143821930095,0.0160522966771613,0.195594516385658,0.717549535607789
2627,0.143473071652012,0.203402903402893,0.379637156520515,0.0358678973412488,0.0951411984570019,0.142477772626329
2628,0.171262441110815,0.317152803038706,0.0466130771538206,0.159235480668471,0.238886654889912,0.066849543138275
2629,0.02291547200095,0.166039901947602,0.103570776387106,0.0275976471523689,0.331305823986095,0.348570378525879
2630,0.161886190542237,0.0714046066676102,0.111445540543227,0.085078350599264,0.247856994347819,0.322328317299843
2631,0.0310963347247424,0.227087431062453,0.173769558926256,0.0378560506473168,0.252426327414989,0.277764297224242
2632,0.00897329565005854,0.034174786057623,0.0563775111195395,0.0272659004792197,0.207403649704724,0.665804856988836
2633,0.10689873506862,0.306755224553716,0.130817626891339,0.0639267197998718,0.251127606156238,0.140474087530216
2634,0.0457248302325696,0.16288898451591,0.18944207530802,0.0727285185771735,0.167338252668925,0.361877338697402
2635,0.0772887491651662,0.154580464192366,0.103504736509913,0.0798898472074688,0.39101127563294,0.193724927292147
2636,0.0793755514275605,0.0877028473824894,0.168488849745697,0.199160468489167,0.186669214122024,0.278603068833062
2637,0.0363227257412162,0.0881003136461511,0.0277829472656655,0.10713671961872,0.578298864181531,0.162358429546715
2638,0.0595640512997385,0.0504355795658661,0.145165983575773,0.160464508121956,0.139147200581482,0.445222676855184
2639,0.162668786727952,0.0856160159070053,0.0801536256810708,0.290079941092934,0.24127023571965,0.140211394871388
2640,0.0165761949265634,0.0394542404182347,0.0508569766773227,0.0276260336898112,0.14435722313815,0.721129331149918
2641,0.329625978724536,0.1415223322577,0.175589816053226,0.0802569516562745,0.161001432966623,0.112003488341641
2642,0.00747473329434964,0.0704584035479721,0.0629132279804595,0.0223864785686174,0.220512350819951,0.61625480578865
2643,0.390333001750736,0.346017660173558,0.0300386816289168,0.0982974774619505,0.108707442847314,0.0266057361375244
2644,0.00930258001257289,0.1982746247615,0.0722614896013049,0.0198384791041972,0.341766007555983,0.358556818964441
2645,0.0551358208741189,0.0676468975816454,0.0413575532735407,0.095277632164761,0.362499092509986,0.378083003595948
2646,0.00491264110361463,0.0290534738793161,0.132416939115475,0.0215401667742928,0.0877806903950199,0.724296088732281
2647,0.0435927303821457,0.0758559217706025,0.106696972586911,0.0728563797501676,0.307334000868108,0.393663994642065
2648,0.139563714842681,0.186028275169181,0.591326542205671,0.0195389252158511,0.0284755047485076,0.0350670378181097
2649,0.0378307781467715,0.0548847049678614,0.0742134166561495,0.0756663143437964,0.240753261422634,0.516651524462787
2650,0.0464432896841456,0.0312172912654292,0.138360858914048,0.073672356731513,0.144264615130287,0.566041588274577
2651,0.0144061109911467,0.0679949020818667,0.0706284476818326,0.0699144969783566,0.406776328457253,0.370279713809545
2652,0.0218876483768421,0.106486603663814,0.0699541428183741,0.0330375051562404,0.478492650038723,0.290141449946006
2653,0.331252809684386,0.177407568557865,0.0775823727363541,0.0952358624564406,0.195685257464821,0.122836129100133
2654,0.00435084888384612,0.0390615722744322,0.0452873027963887,0.0252122437516972,0.165403612574777,0.720684419718859
2655,0.541353007248744,0.150730131799522,0.0396897264088514,0.113208607284743,0.13670002709575,0.0183185001623906
2656,0.0327505540126984,0.105389494673096,0.05172194236601,0.0418208165905603,0.52664864360541,0.241668548752225
2657,0.0129882563413583,0.0532119632977605,0.140890083514301,0.018076868587709,0.165069877377599,0.609762950881272
2658,0.112167143434906,0.0929334472283451,0.101413194167011,0.344259016081086,0.187458257433431,0.161768941655221
2659,0.364944147967412,0.113180207417346,0.0519166111981097,0.384989765767353,0.0519440855177986,0.0330251821319806
2660,0.0159713853684568,0.050401860271167,0.0835180833295669,0.0309580758502466,0.268158148012895,0.550992447167668
2661,0.0157172456337199,0.0465357523952406,0.148456867682235,0.0198408626243994,0.102741905911507,0.666707365752898
2662,0.00919095724784244,0.0733762635866426,0.10655669146488,0.0256243303129417,0.180195446764215,0.605056310623478
2663,0.015491016051033,0.0586645190116439,0.0783729824808153,0.0526921536826301,0.24069824090357,0.554081087870308
2664,0.0497089401172036,0.166988573679307,0.0434622942605578,0.0659112690339898,0.517064059334608,0.156864863574334
2665,0.208560696126626,0.206498306021022,0.246004815423507,0.0799693301792031,0.167544631231355,0.0914222210182861
2666,0.00130981733240731,0.00452261484795172,0.0348474064642893,0.00233767817504285,0.0122058333803962,0.944776649799913
2667,0.0526293865900066,0.164613234616544,0.309120735263814,0.046149849757315,0.218386750389462,0.209100043382858
2668,0.00763231248987915,0.0560232018136452,0.210275587710224,0.0104836309066781,0.0885041559060438,0.627081111173529
2669,0.0947144418427314,0.304093561928177,0.180341703622594,0.0425007804139398,0.144598848101677,0.23375066409088
2670,0.0179204775483763,0.0622280335631128,0.159481289126163,0.0349077325169641,0.176069952283134,0.54939251496225
2671,0.0358045839193939,0.0890252374028145,0.10593967042325,0.0950114409888767,0.25578099502187,0.418438072243795
2672,0.00730771014147562,0.0290683000870048,0.10756806222086,0.0148104303082718,0.11766340763193,0.723582089610457
2673,0.233802868288733,0.200991522345255,0.0968797657262992,0.134307202939741,0.253795890354401,0.0802227503455715
2674,0.0153006041822957,0.0586206122559743,0.0891899034245992,0.0735576085314797,0.339244849772785,0.424086421832866
2675,0.638206309281043,0.165410919338977,0.0207759605880336,0.121106100639355,0.0446837314334626,0.00981697871912938
2676,0.0387420648181409,0.0993773693868099,0.114922571744635,0.13157675073135,0.379504155657387,0.235877087661677
2677,0.0564831271583336,0.105603542941638,0.267941719037272,0.0955423640423584,0.347171232533443,0.127258014286955
2678,0.0390288865647172,0.0946262150596463,0.204198978277202,0.0590759607785984,0.353006379318592,0.250063580001244
2679,0.0114659227110346,0.0224413853965847,0.0259050876008931,0.0422011961953648,0.352974105454471,0.545012302641652
2680,0.122294579061596,0.0779202718229723,0.273178563588953,0.341890477553353,0.0891961179763353,0.0955199899967908
2681,0.0243708201520054,0.202814970297813,0.117142293468913,0.0165531123932432,0.375027597103763,0.264091206584262
2682,0.0102873075159565,0.022639678594049,0.0922459764119335,0.0870055313387922,0.17041797996853,0.617403526170739
2683,0.56780927480935,0.118784173919182,0.0258748653300976,0.184972641006976,0.0928725035630571,0.00968654137133744
2684,0.0176324499740245,0.056906095349462,0.0450437802030073,0.056537773385058,0.435009085942314,0.388870815146134
2685,0.0717200674274421,0.0478333137273518,0.287535935551475,0.0391108764075661,0.0713233824842551,0.48247642440191
2686,0.0156283692922437,0.0793830964376859,0.0772354756770715,0.0243853910264889,0.156672942674186,0.646694724892324
2687,0.354021405019808,0.218471011960345,0.0991366408674428,0.140188400566798,0.144471022649083,0.0437115189365236
2688,0.0178953298762841,0.142751792661942,0.0698538525521708,0.093351821945165,0.4603815714115,0.215765631552938
2689,0.129681006602937,0.449706505613921,0.124391158976803,0.0727807459411256,0.177717645463089,0.0457229374021241
2690,0.0299055402933794,0.0464183378341628,0.0774816413541096,0.205720324499332,0.351140386609862,0.289333769409155
2691,0.0589516732742783,0.158039756899169,0.139777059955089,0.0358082590781482,0.382803622240113,0.224619628553204
2692,0.116294479042281,0.120248497874595,0.216751194976403,0.051402981863601,0.202261893745086,0.293040952498035
2693,0.0266270627868251,0.0542326822970844,0.0655015880837177,0.0336799950481746,0.129299039090002,0.690659632694196
2694,0.00475797617716674,0.0172902823511585,0.0209207292304582,0.0361818741222135,0.340084030835164,0.580765107283839
2695,0.474927535351505,0.152622754795846,0.0756796619252186,0.128494188089691,0.122053599082691,0.0462222607550477
2696,0.0285103553855922,0.111046830101229,0.236231757716994,0.0257877566724734,0.0812621797361711,0.517161120387541
2697,0.110642695808374,0.256829087196485,0.214900219923534,0.0485457070459687,0.202091738890636,0.166990551135002
2698,0.00610366345859836,0.0276604088061388,0.194771225461436,0.0146353023019688,0.387238838761547,0.369590561210311
2699,0.0139033453772085,0.224367326635069,0.528870606580417,0.00249536429440649,0.0358670417399324,0.194496315372967
2700,0.00456680392051775,0.0596499531754256,0.0346004476847125,0.0102848438197673,0.356409103057726,0.534488848341851
2701,0.0126273668954585,0.0470070911398388,0.127924108824072,0.0537059833759856,0.207971633424449,0.550763816340196
2702,0.395970992056829,0.149155655638314,0.163608969170696,0.0932672258638291,0.114633268748527,0.0833638885218054
2703,0.158159126852693,0.0890531540011103,0.132797419543948,0.150728830443666,0.280281676470293,0.188979792688289
2704,0.0670482184269751,0.186511666570378,0.544108339694262,0.0235696793436608,0.0693768751238451,0.109385220840879
2705,0.0164426691189941,0.113528697196599,0.289583161706995,0.0243341608386142,0.107150259733642,0.448961051405155
2706,0.0203289340687557,0.0547119734793412,0.231318428917209,0.141896684861555,0.201552152193815,0.350191826479324
2707,0.0175940847042381,0.0415188951409447,0.0193662966494853,0.0892268260019108,0.664370654419031,0.16792324308439
2708,0.32755582285637,0.194914047513758,0.0937061795150158,0.160666288604707,0.189023445995872,0.0341342155142766
2709,0.0367831485022381,0.204395047471251,0.35488517263045,0.0302832425175247,0.102883066017859,0.270770322860677
2710,0.0437022410634289,0.0370002733374885,0.286977632869311,0.0276892331719235,0.0466362344558097,0.557994385102039
2711,0.173929146777157,0.135125167315899,0.0678877621301124,0.128995652799815,0.277256061528898,0.216806209448119
2712,0.184702368682231,0.0923773287137583,0.0642636768453189,0.429472559213835,0.153942118241296,0.0752419483035612
2713,0.0441153325860655,0.120776136569117,0.254647433664036,0.0574699505992534,0.137928582786196,0.385062563795332
2714,0.0115464105085061,0.119963130694333,0.285170939111453,0.0140730064078141,0.173276342745798,0.395970170532096
2715,0.0157708277905128,0.0853374939400537,0.3099190330441,0.0361788250865269,0.299638409760446,0.253155410378361
2716,0.0482829223024308,0.0723462394903307,0.0477549850117919,0.072552877834199,0.376507985023287,0.382554990337961
2717,0.0130720462064719,0.0358677035659221,0.0602797612133715,0.0391255775003226,0.246613218462825,0.605041693051087
2718,0.0411122625153485,0.0451609817316915,0.15983376141839,0.0625744750894187,0.172071420225463,0.519247099019688
2719,0.0285287622119887,0.094941256122034,0.122481249027826,0.0545688192824575,0.318339333893513,0.381140579462181
2720,0.230290806025774,0.103846443777532,0.137805466892955,0.111511273031531,0.236049468904067,0.180496541368141
2721,0.0324034906595581,0.087353656074558,0.139812860563451,0.0540621496327736,0.284665298462641,0.401702544607018
2722,0.25049226957331,0.359294994868515,0.181109460547333,0.0232789194726198,0.139589341918965,0.0462350136192576
2723,0.0454733661912294,0.24573457046641,0.288974374653342,0.0338397818815401,0.110702313560957,0.275275593246521
2724,0.422365121359143,0.182939113664311,0.0786056638321441,0.162604351898813,0.110469992735724,0.0430157565098658
2725,0.388716420794182,0.415866961993422,0.0334135833446128,0.086817790988659,0.0576196064851186,0.0175656363940048
2726,0.0271353418761614,0.0653326738725128,0.0423883404692009,0.067657356559195,0.742413102581797,0.0550731846411325
2727,0.00651189724715805,0.0528995779736045,0.0530735563204535,0.0498788259451404,0.336112887847959,0.501523254665685
2728,0.0289804000708266,0.0488424648056064,0.170833135728288,0.0372272501491115,0.0791582436343508,0.634958505611816
2729,0.205440082858853,0.23776228119208,0.0680031392366327,0.0944399169662286,0.305688306174176,0.0886662735720299
2730,0.00540808609598468,0.0420469187581776,0.066399689678533,0.0443252729438533,0.314510819068067,0.527309213455385
2731,0.103958952388936,0.161868572019305,0.0971988655604752,0.177369623509111,0.352567821586652,0.107036164935521
2732,0.0135709509081401,0.0627221673393479,0.235023779182168,0.0109502625972457,0.0702437868349121,0.607489053138186
2733,0.0365936651258293,0.126625149944303,0.0966387847744416,0.197569204719745,0.438901652188432,0.103671543247248
2734,0.0280175115957583,0.784334815893721,0.0399018379789761,0.00740591094017782,0.0909810588034079,0.0493588647879592
2735,0.0475170369552705,0.313730546606064,0.167053269333741,0.0173832018199454,0.185698072278954,0.268617873006025
2736,0.0703757841168736,0.107501325457704,0.070914792111441,0.310321032513334,0.342582989000302,0.098304076800346
2737,0.118370507233272,0.174852714378599,0.261650845155714,0.0134431977092997,0.252927767993659,0.178754967529457
2738,0.0258533823446578,0.0981799163084814,0.107061772270892,0.0341550205586046,0.250879515880046,0.483870392637319
2739,0.377086099927523,0.285823386129688,0.0768658776957924,0.0514084897685299,0.166360933171639,0.0424552133068281
2740,0.198501290250111,0.252789195477011,0.176514055106778,0.0902730886608923,0.169799457889373,0.112122912615834
2741,0.121907132825081,0.208293060088664,0.169097908211903,0.070926891873305,0.243604011811994,0.186170995189053
2742,0.0494751030589776,0.114786217654762,0.0709123937779573,0.0755295063171409,0.47182978715273,0.217466992038432
2743,0.22209149857642,0.18784339866908,0.141935726152836,0.148589531976534,0.157311831482658,0.142228013142471
2744,0.0179232250498633,0.0890823724739735,0.032795609471811,0.14368373776248,0.51661847519828,0.199896580043593
2745,0.00132512522828628,0.0131257520325567,0.325502939247658,0.0365316846778998,0.323761270797859,0.29975322801574
2746,0.0159092755820413,0.0576499952585293,0.117539051441314,0.0326194570452545,0.168525064587695,0.607757156085166
2747,0.0263494222817731,0.0557911599141248,0.0320047535609181,0.0660387272169063,0.482411876819026,0.337404060207252
2748,0.00774698555985203,0.0522172670264025,0.0443458768976328,0.0502700390161233,0.604923628566314,0.240496202933675
2749,0.238379156926777,0.184372640354026,0.0591219862776348,0.229637580375171,0.168692394620959,0.119796241445432
2750,0.0174951730626191,0.111576934660589,0.188653624694035,0.0633488775964614,0.18652065628779,0.432404733698505
2751,0.166583974274265,0.137904582462431,0.0850615630968985,0.17211255161377,0.387808596719813,0.0505287318328227
2752,0.0503357236189867,0.112098993755905,0.171102624021751,0.0863620456809547,0.141867561222117,0.438233051700285
2753,0.0455742166784985,0.10724335099797,0.0749232082468303,0.142925439056548,0.481501747428306,0.147832037591847
2754,0.0168487712243262,0.20247223143598,0.0371172073583271,0.0135588282779681,0.644770845178543,0.0852321165248554
2755,0.00177162943296905,0.00956265562462306,0.0383288612711848,0.0142125641487612,0.257561806414212,0.67856248310825
2756,0.00281200193774788,0.009003834806349,0.0704634425813278,0.00694191315287293,0.0423787305767022,0.868400076945
2757,0.0362870107690431,0.202753720047846,0.0673181587134121,0.0419399012103087,0.363274476926439,0.288426732332951
2758,0.0496626860104772,0.265736370878552,0.161945407633869,0.0242423584156113,0.331979717249926,0.166433459811564
2759,0.041142140023362,0.246584300443936,0.0924955005859934,0.029574173096099,0.255831553290148,0.334372332560462
2760,0.339360678114994,0.207262695952191,0.124724438087301,0.172822063581678,0.124302602994402,0.0315275212694339
2761,0.116717582044866,0.0887563463705329,0.0728847635554495,0.328511901537008,0.271548226917008,0.121581179575135
2762,0.0045520887074221,0.0406680460097072,0.0484786522973123,0.017732954788947,0.471920043882087,0.416648214314525
2763,0.0618759928385771,0.177592812017237,0.178372263364972,0.0498065587579733,0.250666868785085,0.281685504236155
2764,0.0103395950017607,0.0180095774135164,0.0774784248368631,0.022276240357019,0.0801635617427982,0.791732600648043
2765,0.0398861295522733,0.163568242384787,0.235066696246743,0.0214361905553903,0.181927446670651,0.358115294590155
2766,0.0575145826956393,0.175221616485546,0.120750844740919,0.0329693556165147,0.410166274051832,0.20337732640955
2767,0.005682959386782,0.00914623815960617,0.0203926971229599,0.703355059560635,0.156343326985498,0.105079718784519
2768,0.0285486873538397,0.149552545372072,0.363415822468763,0.0176898159158924,0.0841430359873891,0.356650092902044
2769,0.0766010488643178,0.333038247449929,0.0744646153996781,0.115901868559608,0.316071838061281,0.083922381665186
2770,0.00206577658735425,0.0243860303792598,0.069838558120949,0.0177997194816476,0.239826267912234,0.646083647518555
2771,0.0233397270507884,0.111741751083553,0.332548853969166,0.022526210015829,0.0826387400171435,0.42720471786352
2772,0.0176022588324965,0.0386808538015617,0.10340607657848,0.186621271923158,0.37479146344978,0.278898075414524
2773,0.0494901543865008,0.253401096882772,0.124250261085162,0.0155647934372059,0.440409774619852,0.116883919588508
2774,0.0886919347214167,0.476348176399316,0.0810789070237263,0.0283064642376228,0.257460474815862,0.068114042802056
2775,0.00207884931485198,0.0120942489842136,0.0668291290083608,0.00857322378986718,0.0991338517820244,0.811290697120682
2776,0.0110318507058852,0.0596955813457564,0.107399575745136,0.0589802861105345,0.270176508622075,0.492716197470613
2777,0.00218369747712866,0.0224600933226924,0.0672530211840501,0.0159220146627526,0.175207839776809,0.716973333576567
2778,0.221789642416025,0.118884418122624,0.162354035245224,0.100725657791187,0.138172420672137,0.258073825752802
2779,0.0391726221370041,0.0329310523397259,0.224444109322249,0.154707918733999,0.16458002371384,0.384164273753182
2780,0.0571761803559452,0.173842056215251,0.249883401532776,0.0715277423626606,0.12767901589487,0.319891603638498
2781,0.0131898021951114,0.0229083414022002,0.069519209256895,0.164381210977832,0.383119255175507,0.346882180992454
2782,0.00794582606612978,0.026388962273336,0.186694944379046,0.0174307597729275,0.142439481840602,0.619100025667959
2783,0.451376280699733,0.189119073139525,0.116729423322001,0.124706606657528,0.0808305338048329,0.0372380823763804
2784,0.0977354380529858,0.180574846845639,0.0801664810143753,0.081910245286856,0.437223913753978,0.122389075046166
2785,0.00175583107956443,0.00631896816419927,0.0183918666536596,0.0160475453058318,0.367783307443628,0.589702481353117
2786,0.0213977031787952,0.159405793613667,0.0676753988017694,0.0551985339660195,0.425151566990728,0.271171003449021
2787,0.00567323869688385,0.029974661247129,0.0551364315097677,0.0228299082273319,0.162157927553959,0.724227832764929
2788,0.0244157450306229,0.0767044335104481,0.177022924291345,0.0391743757633096,0.135364251481081,0.547318269923193
2789,0.0647889766017964,0.0916878075917933,0.256880625240457,0.0725859857282888,0.227983604649087,0.286073000188577
2790,0.170749854590183,0.15622072231706,0.0745353964135551,0.0904130231352231,0.355773620340338,0.152307383203641
2791,0.147463810020715,0.119098419178372,0.0639883655625121,0.353707309725028,0.251109360249335,0.0646327352640374
2792,0.387966605936889,0.296958573964479,0.0480722561339372,0.083047637955406,0.155039539127084,0.0289153868822049
2793,0.00903961609899295,0.0602235262539705,0.0512262197050317,0.0203877487309948,0.427706327956205,0.431416561254805
2794,0.342957533354593,0.115078654579934,0.0748172671444526,0.192266418146382,0.212663150826995,0.0622169759476433
2795,0.407518140432194,0.151375115465035,0.0580433281635423,0.26912013534632,0.098252193778772,0.0156910868141363
2796,0.00167293108989583,0.0131336616576176,0.0633684502905762,0.0201489790209759,0.161039097419588,0.740636880521347
2797,0.0775040712929274,0.118620171620055,0.105454455649058,0.0944377518802141,0.179986789345488,0.423996760212257
2798,0.025165528795108,0.257715762812502,0.216692512987888,0.011259600585791,0.295761837480715,0.193404757337996
2799,0.230962004337423,0.136581980142722,0.320176088461052,0.0215666736494424,0.11722273252998,0.17349052087938
2800,0.0119786483872762,0.0225508821939443,0.0694144659160069,0.0222029484499774,0.164005755100255,0.70984729995254
2801,0.00866433145972153,0.0343460920618328,0.0202118324692405,0.0210570218930256,0.397992955333124,0.517727766783056
2802,0.01332870440956,0.0633330048700346,0.0640548880920519,0.0316583153888237,0.446218003144568,0.381407084094962
2803,0.0834062706153448,0.487432811479466,0.151614220101643,0.0258811371868448,0.150352616720239,0.101312943896462
2804,0.0193005975839457,0.0683525626389801,0.112950125055713,0.0275193288459504,0.335641333713066,0.436236052162345
2805,0.327205517421118,0.161695332446127,0.212520204398608,0.101265260642555,0.111242694488032,0.0860709906035601
2806,0.0592742696601236,0.0548774799043958,0.0670525456522603,0.330322788847755,0.306601200222553,0.181871715712912
2807,0.12535703384789,0.165642186643535,0.198472636742221,0.113721088675564,0.18986996600347,0.20693708808732
2808,0.0145695897457121,0.0479755830842596,0.059197880881871,0.0287834018440428,0.210935756784508,0.638537787659607
2809,0.0586221248261382,0.118894144565152,0.416305654788969,0.0376067148240881,0.0666960336067848,0.301875327388868
2810,0.017295388448796,0.0628294063601425,0.0708878471110833,0.0980984723611151,0.369541297760658,0.381347587958206
2811,0.00621882822278476,0.106570438227601,0.0866232539123029,0.0143400057509114,0.470897689833113,0.315349784053287
2812,0.417850125731417,0.267406218777106,0.112050251563323,0.0665841851769586,0.0976097075737754,0.0384995111774201
2813,0.280986457415833,0.101796318745749,0.104842902686116,0.157073424778378,0.254880050091874,0.10042084628205
2814,0.028922420588741,0.283015306927957,0.20201860086576,0.0305830114356131,0.166944678996012,0.288515981185917
2815,0.0117008004239682,0.0515309872065956,0.0924030914175594,0.0428091919730921,0.164317688437537,0.637238240541247
2816,0.253468403606175,0.14674648525721,0.229273339073925,0.116233421273767,0.193496793631082,0.0607815571578409
2817,0.0890155294729544,0.444456741465941,0.103914636964121,0.0818449276235942,0.192823481468631,0.0879446830047584
2818,0.246489116670083,0.39066156194179,0.164945857451333,0.0385547131929603,0.0863892782825512,0.0729594724612832
2819,0.261806084581046,0.360945027329217,0.104484418441577,0.0454397776871771,0.187988592444466,0.0393360995165168
2820,0.419515330275214,0.24261723389873,0.194436500548641,0.0569145462001089,0.0615806253495061,0.0249357637277996
2821,0.00540962410257472,0.0558446172321005,0.0189455231466354,0.0117783405632995,0.320411621247381,0.587610273708009
2822,0.156302611743287,0.234655639044144,0.242961827975077,0.0637478302244507,0.170788957668859,0.131543133344184
2823,0.026566413014962,0.0936380569562816,0.1055737339235,0.0717981360117139,0.234043143461598,0.468380516631945
2824,0.0308553322606851,0.0695883658082435,0.180453850309932,0.0592780920731966,0.322910160209356,0.336914199338586
2825,0.0059146675607564,0.0210984030062622,0.133403709744411,0.0155133875297979,0.0356141128666497,0.788455719292123
2826,0.0575927226134244,0.184413096987093,0.0627424141973701,0.0765311582848004,0.46840139455673,0.150319213360583
2827,0.090693983777422,0.552504323149069,0.165947118038382,0.0142565363599508,0.105499870135533,0.0710981685396429
2828,0.0132469656780822,0.106058811902279,0.0926614156000153,0.0184690978510052,0.380952680561554,0.388611028407064
2829,0.0729642179190986,0.0508721366782483,0.064722654659,0.193198942777608,0.502069097686972,0.116172950279074
2830,0.00742187487445524,0.0389366734813234,0.136375511924321,0.0553055143696374,0.181035467485926,0.580924957864337
2831,0.301695693646439,0.331364510450798,0.123538248255357,0.0974006650764757,0.0962806128252133,0.0497202697457167
2832,0.051568441073011,0.265890356664239,0.190959232728633,0.0305955116959225,0.324745700134001,0.136240757704194
2833,0.178548097516198,0.112293803110274,0.163615237274545,0.169632992394839,0.195013031935439,0.180896837768704
2834,0.00770711615989768,0.051679918741604,0.124289376320841,0.0183842655613465,0.176157097215131,0.62178222600118
2835,0.150110756541251,0.26058014818807,0.0955922624169974,0.0700836406219996,0.30157854322512,0.122054649006561
2836,0.0332098431957456,0.0988564967889494,0.0805811231758644,0.0997349921095409,0.364899892211132,0.322717652518767
2837,0.0416701761336629,0.235475832466779,0.259662074007201,0.0558633049321301,0.196482955398338,0.210845657061889
2838,0.290452896752323,0.237577396348437,0.154260783063402,0.0998700124306729,0.0850715321738507,0.132767379231315
2839,0.0499061802421112,0.148562710991226,0.185353638618721,0.142435233269064,0.230352418391603,0.243389818487274
2840,0.105547505080291,0.0659190353292588,0.0955563223453652,0.326820878967893,0.132386618951754,0.273769639325438
2841,0.283978274777299,0.185732264917436,0.109440936921826,0.0671564238573871,0.210933556507155,0.142758543018898
2842,0.0140234478817178,0.0602424965104313,0.0368533687345446,0.0309012806252252,0.456023445216117,0.401955961031964
2843,0.0327301841956016,0.0950176593126431,0.058416102286805,0.00458893006452603,0.49618253904488,0.313064585095544
2844,0.0484056779775301,0.168262159572417,0.287382223857115,0.0168947851036664,0.0983669500949119,0.380688203394359
2845,0.266382166475485,0.443480301544652,0.0883381744638964,0.126740762659433,0.058128774797562,0.0169298200589711
2846,0.00302629439673799,0.0127930244190678,0.0184529593797639,0.0251052730519176,0.232504210862564,0.708118237889949
