"CUS_ID","F20-","F30","F30+","M20-","M30","M30+"
2501,0.119835683763803,0.337594570427061,0.119769030666843,0.0436308372237723,0.200269883610564,0.178899994307957
2502,0.0440645051422322,0.106497440828119,0.170191679098332,0.0899515527747457,0.388678133055332,0.200616689101239
2503,0.0767615818656607,0.400166479741241,0.0789971972935808,0.0516529697304655,0.29282089996993,0.0996008713991222
2504,0.311401643542381,0.183733697704738,0.178989415799994,0.109898895915269,0.0964063946724804,0.119569952365137
2505,0.0467463614266397,0.12795799276929,0.206728609756284,0.0612756304888352,0.166595333176379,0.390696072382572
2506,0.0222551559653663,0.232105242483051,0.109249682098552,0.0356392078334856,0.272531276952957,0.328219434666588
2507,0.00984780942174557,0.0382888823199471,0.106218920177403,0.0286981573680753,0.199585173693678,0.617361057019151
2508,0.0109650584880499,0.0459198678576982,0.0498174470340405,0.0412712928083141,0.425251019943718,0.426775313868179
2509,0.0284974501721298,0.0458839749302492,0.18237831445498,0.0383186976686133,0.130839873032664,0.574081689741363
2510,0.0207598918305523,0.113600892667097,0.0796808164734126,0.028080849133892,0.247604422033713,0.510273127861333
2511,0.598189864929468,0.164286043065896,0.0719984878657572,0.0881047985042923,0.0516990175533523,0.0257217880812346
2512,0.0428265466547326,0.144371911996127,0.0837504425439034,0.104985443171149,0.516283254729323,0.107782400904766
2513,0.00789459826534668,0.0349805343339561,0.088561360469183,0.0271056669102571,0.288405021665744,0.553052818355514
2514,0.157589795377036,0.545673879666904,0.0496854468936352,0.0257674280859234,0.178556726232193,0.0427267237443078
2515,0.0112732323083269,0.0375181000125554,0.065076196441233,0.0309480164665676,0.193036778994136,0.662147675777181
2516,0.0782919647236183,0.132482179578588,0.0798983021469085,0.163306105075448,0.250170712927893,0.295850735547545
2517,0.0669948900404672,0.353500430883747,0.132334160075041,0.0286682743438021,0.196530927370213,0.22197131728673
2518,0.322595859473367,0.209152343622921,0.130933839568962,0.0820729719355597,0.137046355068823,0.118198630330368
2519,0.0935579310296585,0.738731565864255,0.0343398157596525,0.0225173185341951,0.0716428060482388,0.0392105627639998
2520,0.033994469855203,0.0427564641223398,0.0270645957220066,0.139202698058639,0.558459089275249,0.198522682966563
2521,0.027558578057509,0.0981510456726636,0.255576632672912,0.0497155280295532,0.165446895205494,0.403551320361868
2522,0.445296505385381,0.207165534409086,0.108331616364216,0.0758754890613358,0.0973108251277455,0.0660200296522361
2523,0.0733117523050707,0.313762148653257,0.0933617792733819,0.0349945971397064,0.342652638647539,0.141917083981046
2524,0.0650198978136425,0.12893120890526,0.307045502612362,0.0714691795334269,0.111656379316227,0.315877831819082
2525,0.215436357509539,0.107451292190528,0.0673752032230465,0.335995766315413,0.217771977995604,0.0559694027658687
2526,0.11466821583783,0.187267751710865,0.0789224759362392,0.101909796599976,0.348023959199085,0.169207800716005
2527,0.38065940907731,0.17039007108479,0.1407078425616,0.0816951247342677,0.122200069860908,0.104347482681124
2528,0.00909399764806295,0.0302546345231161,0.108240569916732,0.0591012278008752,0.241115028363831,0.552194541747382
2529,0.0493569962123177,0.095292029746287,0.235529446056928,0.0405720723602538,0.125828595329119,0.453420860295095
2530,0.00450589039018906,0.0283170972867717,0.158428713740914,0.026185383906476,0.117201434784671,0.665361479890977
2531,0.0359096700204134,0.156648291290806,0.112557825071394,0.141573377213694,0.333302085630722,0.220008750772969
2532,0.0620454312515829,0.177115586641939,0.14058897549953,0.0646180760959328,0.249468840886601,0.306163089624414
2533,0.00328883075837178,0.0138055562433278,0.0965218723433415,0.0153878012631819,0.0541614113972166,0.81683452799456
2534,0.152248500773677,0.0633743535730433,0.0645358726399594,0.50545884627905,0.113434409174428,0.100948017559842
2535,0.0622217065262706,0.120795456589798,0.23712141932955,0.0481775189838755,0.198658416245948,0.333025482324557
2536,0.225738700202824,0.221171624353052,0.106579290476597,0.0795483740108423,0.200644782787618,0.166317228169067
2537,0.056565049422204,0.718018546065435,0.0766997951277848,0.013924845000137,0.0841988546392,0.050592909745239
2538,0.133653124748251,0.0850990137282992,0.0949081677546531,0.107843901985686,0.296035735108129,0.282460056674981
2539,0.225142776424174,0.20506501139032,0.209617379752766,0.0582302937024549,0.13801944134115,0.163925097389135
2540,0.330893787869253,0.133279533283015,0.0428335598178395,0.207545858478889,0.230160724230444,0.0552865363205585
2541,0.158100685105439,0.0723174021183226,0.0264417489868764,0.399799132400929,0.282151786349164,0.0611892450392685
2542,0.0658847379585701,0.425394696279105,0.0576022714062139,0.0511759839622832,0.340513224516769,0.0594290858770584
2543,0.0122933755117052,0.0306444353508354,0.0641475261722821,0.0126694455267992,0.247760745203773,0.632484472234605
2544,0.125838172233547,0.188322001802961,0.151260038989448,0.157145407059474,0.154034422802011,0.223399957112559
2545,0.0425982829810769,0.253479153959716,0.0789378794946282,0.0323588180727773,0.396859549485497,0.195766316006304
2546,0.0453779142145726,0.0428845849310811,0.0193269149591066,0.207318007170372,0.583354195320791,0.101738383404076
2547,0.0566723464193682,0.12296796156874,0.406276172108281,0.0476473336720714,0.124903423492576,0.241532762738963
2548,0.052232085288677,0.0737558317702454,0.115997531243731,0.128588340384724,0.47823487438067,0.151191336931953
2549,0.00677270703676415,0.0489119448685486,0.0363468204565109,0.0394032663966939,0.31872086669964,0.549844394541843
2550,0.0275692699331749,0.0397936693410067,0.0210360636100541,0.182907580784455,0.535319197453893,0.193374218877417
2551,0.169693593303828,0.193037044543791,0.0647944515030992,0.207923958388507,0.220218674424654,0.14433227783612
2552,0.164014811244935,0.328166741689189,0.148597422980319,0.0582729707408438,0.178063364118158,0.122884689226555
2553,0.389524656603238,0.212123217072279,0.0644026002988382,0.131541864473973,0.16231389601702,0.0400937655346511
2554,0.137235691987433,0.184103688749237,0.12325678794281,0.112562981153453,0.348681391964522,0.0941594582025445
2555,0.0191032924562388,0.115156212319012,0.0804669278176011,0.0537909892955471,0.535570713931522,0.195911864180079
2556,0.109440690723607,0.296481467345894,0.284881129644675,0.0577907658198378,0.140532171363133,0.110873775102853
2557,0.24212369318797,0.211175802220581,0.337010138649296,0.0749915135029448,0.0913086928757871,0.043390159563421
2558,0.0446215334148803,0.103924070947727,0.648334928177999,0.0298939820083633,0.0726409117370777,0.100584573713953
2559,0.0920593694832572,0.396547558854676,0.117399047759873,0.0387133350383713,0.151828081125372,0.20345260773845
2560,0.00912229267795149,0.140766966673556,0.0924492235774734,0.0344119489252616,0.25312563670338,0.470123931442377
2561,0.032646031206221,0.0651448093216531,0.195677930114719,0.0201760665112389,0.208355388040948,0.477999774805219
2562,0.273607553498032,0.378671855276623,0.0602619343435898,0.0722773756215864,0.187027078494919,0.0281542027652496
2563,0.249660552092401,0.157746288540393,0.203327299680889,0.09646815753522,0.141577778430701,0.151219923720397
2564,0.0876785731176646,0.0771185528062085,0.101113552367678,0.276224017638629,0.201885210197382,0.255980093872438
2565,0.0231983665210755,0.0689078521336725,0.0825501470753295,0.04201028356681,0.178736582264761,0.604596768438352
2566,0.0139178361787762,0.0334387655637309,0.0838765945113492,0.0957382629268679,0.378869465209836,0.39415907560944
2567,0.0491123005428074,0.160610852766535,0.121563517321782,0.0709925252677221,0.185385376169722,0.412335427931431
2568,0.00927477374808757,0.0453950723619285,0.0833022334576761,0.0344675315800025,0.320725987683485,0.506834401168821
2569,0.0304670858502937,0.0965738278092751,0.203263158675931,0.0234120575735355,0.19393897123837,0.452344898852594
2570,0.057519809569069,0.444970401925509,0.134428289096346,0.0291977526046451,0.153854918614139,0.180028828190292
2571,0.071423053860045,0.089398922575816,0.0367701146317775,0.270262579681631,0.372633891176198,0.159511438074533
2572,0.0872375914042686,0.129054229490966,0.224383405509155,0.195910519977525,0.141920668738995,0.22149358487909
2573,0.0867218172912533,0.245229970411818,0.132970533488046,0.0390838795908248,0.278804826313017,0.217188972905041
2574,0.0306375186829303,0.050557497528179,0.0358402236308078,0.393934970532803,0.409045615416251,0.0799841742090298
2575,0.0230693743032103,0.0445761767805779,0.0198173039394389,0.13064350759818,0.642231350901819,0.139662286476774
2576,0.263346537120999,0.259253517926449,0.174510560405015,0.102243688464798,0.0914337077282104,0.109211988354529
2577,0.0603141005010531,0.19242922809903,0.231274663624191,0.0468459390232431,0.211573283850992,0.257562784901491
2578,0.00355072527763451,0.0188383818290259,0.0632197469903887,0.0140122388216876,0.0897885450742607,0.810590362007003
2579,0.241847411719062,0.274223749089275,0.218955834310764,0.0586826603285842,0.12544482723739,0.0808455173149241
2580,0.0794400147616171,0.305991670866179,0.141339826871808,0.0321174652405338,0.22450348509212,0.216607537167742
2581,0.0101760486512458,0.0389760821158995,0.0827197375516989,0.0631213930689221,0.310855015156344,0.49415172345589
2582,0.157277294530588,0.443077961199456,0.0908736393650785,0.0371086533629303,0.178981906813292,0.0926805447286557
2583,0.0727773908835222,0.535639073450331,0.155962690771675,0.0290187145994336,0.0954372322103253,0.111164898084712
2584,0.255230897292592,0.577207793182648,0.044962040121872,0.0168676390079815,0.0784095786023668,0.0273220517925391
2585,0.0316037253408577,0.0700860764476059,0.0634205606174338,0.0652639808832496,0.469287592979366,0.300338063731487
2586,0.0428818550679992,0.257810485687045,0.109633049696429,0.0426342680943488,0.233692088491484,0.313348252962693
2587,0.251321359817151,0.0825699293481146,0.057057300146562,0.290109897391885,0.220403509073087,0.0985380042231995
2588,0.0626456541022704,0.0386475568812001,0.0280609230742007,0.226894398501198,0.498838409427469,0.144913058013662
2589,0.0466399580280424,0.0687899957564315,0.0460840150958463,0.188048789327121,0.550693360268191,0.0997438815243679
2590,0.0278970189170828,0.0863222909095642,0.16556695463553,0.104947731735647,0.250274572564654,0.364991431237522
2591,0.0894725944010423,0.133792073599534,0.280722465263211,0.038335527202845,0.10126885391241,0.356408485620958
2592,0.0197696336244636,0.0502553581255445,0.0265304274615168,0.154598976840533,0.623643429355301,0.125202174592641
2593,0.196407417288233,0.182641086150099,0.0845487772364194,0.107875379831337,0.297249929295327,0.131277410198584
2594,0.0557802558028649,0.0813438800832031,0.0725550333710963,0.0311614662408568,0.360604133781461,0.398555230720518
2595,0.135541247512462,0.148252845369101,0.185793538856965,0.179858440224692,0.159328637996521,0.191225290040259
2596,0.714789167173703,0.0836882491760506,0.0218919522684681,0.132873548814573,0.0361177541462463,0.0106393284209588
2597,0.0127607112967824,0.0370580960040284,0.135119826762364,0.0313968315625838,0.191089707333425,0.592574827040817
2598,0.0229169862301643,0.101983273840929,0.0738039562647428,0.0225406127352369,0.194293904740153,0.584461266188774
2599,0.297826996288467,0.190481951529542,0.0722124103869835,0.141994404625706,0.192934101738181,0.104550135431119
2600,0.0128177439390672,0.0762443155515745,0.0747075518407136,0.0544605053743619,0.668713094580921,0.113056788713362
2601,0.0505890856562292,0.0725868368555202,0.230555391562019,0.063617224581466,0.144416572351227,0.438234888993538
2602,0.0131251743218143,0.0652755433648946,0.0779480880197152,0.0353442130047599,0.217693980933342,0.590613000355474
2603,0.0652527044499046,0.49353250240617,0.0623513834021439,0.0431374036398166,0.235011117428787,0.100714888673178
2604,0.100023981291861,0.150109948944467,0.300344653390451,0.111920463000829,0.144950323987227,0.192650629385165
2605,0.00864446356658125,0.0973013159710183,0.206053784781984,0.038663802237303,0.276015581186185,0.373321052256928
2606,0.0516494063147144,0.0885653226682533,0.168706323879431,0.0420954507934743,0.187860463059957,0.46112303328417
2607,0.0108628132789134,0.0245612991209044,0.0764686857605137,0.026089232951357,0.136582477713677,0.725435491174634
2608,0.177643941493814,0.164467379839751,0.0800640389908015,0.169443684635824,0.224511878328317,0.183869076711492
2609,0.0284322391769487,0.0604208897369199,0.0582820108059272,0.141908486248754,0.383616783786657,0.327339590244793
2610,0.0732778731133564,0.136538885196121,0.0514536803333865,0.166392749161901,0.351592021519701,0.220744790675535
2611,0.0211864514215625,0.0682735433945914,0.177041821504301,0.0446286303502615,0.0967898042297394,0.592079749099545
2612,0.0641117075215258,0.205360730630789,0.156591039385191,0.0587613754373089,0.171336477115189,0.343838669909997
2613,0.450413867161876,0.29802728520882,0.0500730754347801,0.0694986317518985,0.107695738975231,0.0242914014673942
2614,0.10154705769307,0.108332567612726,0.0901117498850576,0.108467780338977,0.263668227364803,0.327872617105366
2615,0.32210952641667,0.215957026417332,0.20110236066149,0.0634315694893645,0.0930914577422727,0.104308059272872
2616,0.0118726728689859,0.0527844365516601,0.0427978921255255,0.0634201619006607,0.513134643195938,0.31599019335723
2617,0.150863263719255,0.301023853176826,0.287838163313408,0.0411765493096055,0.121672037615924,0.0974261328649813
2618,0.0388348117802632,0.0904721756212394,0.10356480297018,0.0630491336826593,0.379917255282535,0.324161820663123
2619,0.04052202579404,0.0423481075797559,0.0236489499617825,0.182854895804962,0.518690873744761,0.191935147114698
2620,0.0174744616952061,0.115946831098338,0.234889196682084,0.0355890913110849,0.300052515300788,0.296047903912498
2621,0.0310321090144702,0.0911145265701513,0.051964204722114,0.158718348651713,0.556647724188355,0.110523086853196
2622,0.00366477698429729,0.0159578292957325,0.0247940367542875,0.0185728821386856,0.153476030189048,0.783534444637949
2623,0.2428658475898,0.187123851062925,0.0467942368550836,0.102756801874816,0.341535875966294,0.0789233866510817
2624,0.0172772902437221,0.0643887088363724,0.110402346382854,0.0381782058704831,0.201130976920436,0.568622471746133
2625,0.133942842428385,0.349863238409199,0.321627819116641,0.0381886074695611,0.0841827207151902,0.0721947718610233
2626,0.0076575594869037,0.0236445440399523,0.0543300955253582,0.0262079272568261,0.128352827646205,0.759807046044755
2627,0.0938124697853007,0.173390865836075,0.272783478488649,0.0352305475021522,0.168705574251514,0.25607706413631
2628,0.0977982116713954,0.139245787664969,0.0857964851692936,0.277435143134296,0.323391973203152,0.0763323991568937
2629,0.030397291863711,0.122328333415292,0.0811907630418118,0.045764470483203,0.418890466765861,0.301428674430121
2630,0.235579357031066,0.130227598340147,0.171000503787163,0.0882275874303656,0.179057271023807,0.195907682387451
2631,0.0356972810649179,0.223305605496432,0.174734574352242,0.0344902824762217,0.279610403766435,0.252161852843751
2632,0.00797268033394953,0.0241581192711917,0.0705268875669126,0.0212694517462656,0.0905588804249011,0.785513980656779
2633,0.137372558100907,0.332058696453546,0.0838717027938547,0.0813436047000536,0.253724824399785,0.111628613551854
2634,0.0381197978179324,0.0774860613672666,0.203883853287204,0.0565267422653776,0.165776690702939,0.45820685455928
2635,0.0320902550738197,0.115712923526177,0.107541784954433,0.0358774985243554,0.494987633789302,0.213789904131914
2636,0.025933717233793,0.0583719205684013,0.10637656177117,0.0649476609118089,0.276378666474283,0.467991473040544
2637,0.0375558413395782,0.112178960376434,0.0341595048305493,0.0408247987954712,0.634498090240158,0.140782804417809
2638,0.067150931233647,0.0594885842042583,0.0750683625600755,0.391883598558317,0.153458991999972,0.25294953144373
2639,0.0838001924209977,0.0672140370471911,0.0465172037061418,0.446424604049486,0.252318901287981,0.103725061488202
2640,0.0155908552074264,0.0359336237378943,0.0464636938257568,0.0225215495707657,0.140652762762776,0.73883751489538
2641,0.130206119429974,0.143787351454102,0.147401358073905,0.136849118870408,0.248042713086934,0.193713339084677
2642,0.0141336952743519,0.0974091586588365,0.143693086185458,0.0376888909915641,0.206541578024579,0.50053359086521
2643,0.296025568527326,0.396340717832672,0.0295247176854514,0.132698378718231,0.106466088898479,0.0389445283378408
2644,0.00562402641004865,0.0791018152500964,0.0491361237532161,0.0134469063165026,0.232656170890543,0.620034957379593
2645,0.0300661280630575,0.0614730862395525,0.0481967617429164,0.088331410268076,0.26162624245969,0.510306371226707
2646,0.00533288223594176,0.0241089887867054,0.131641315588215,0.0135617267345315,0.0560425343662605,0.769312552288345
2647,0.0482184242859579,0.0995370358668901,0.103797091971103,0.133844804651717,0.268157557733319,0.346445085491013
2648,0.176173332284491,0.268467549469378,0.416067541129653,0.0305581169778139,0.0466968121445645,0.0620366479940993
2649,0.0422004748362775,0.0511650141187458,0.112049111008144,0.054131878272638,0.239586378368997,0.500867143395198
2650,0.0724104469880237,0.0517497051102761,0.204972759942574,0.0649304156114394,0.128077188813197,0.47785948353449
2651,0.0247062889586042,0.0940572043635211,0.048380964915404,0.0629649506318385,0.488281048117639,0.281609543012994
2652,0.0220741225491308,0.107959339121109,0.0658289461230759,0.0399083277201664,0.505862832270349,0.25836643221617
2653,0.193171250573078,0.211242340943233,0.118268991694687,0.109205213136971,0.216227344025999,0.151884859626032
2654,0.00464636589594411,0.0369817054449635,0.0787673076981942,0.0314137054271855,0.111346665460504,0.736844250073208
2655,0.401138323010995,0.210589961576726,0.0792558739007588,0.0958012524089378,0.165837696349351,0.0473768927532311
2656,0.00982609802718463,0.0463160724890771,0.053593419022019,0.0255690601006302,0.408835058317617,0.455860292043472
2657,0.0163198474387487,0.035046655667084,0.128501140168835,0.0249428861003581,0.0876986048573662,0.707490865767608
2658,0.127230248202996,0.163766529709715,0.109048545807226,0.356287637561651,0.133912100553315,0.109754938165096
2659,0.16588531675003,0.103715649235452,0.0998358823355924,0.443168905999633,0.107749495503621,0.0796447501756718
2660,0.0157908959152829,0.0422227332609315,0.0594215905296923,0.0421264020925553,0.271989157768705,0.568449220432833
2661,0.0091415375202541,0.0359742853333938,0.137416298479606,0.0463569356925879,0.102792308321529,0.668318634652629
2662,0.008341315145953,0.0582004841142238,0.0933315767400712,0.0156752081318239,0.149565263256295,0.674886152611633
2663,0.00838821453035867,0.0302781231451656,0.0581289989297443,0.0484154398416751,0.461135819126963,0.393653404426093
2664,0.0594823854838488,0.134193311289601,0.0414344076774648,0.101087576890846,0.525098582041568,0.138703736616672
2665,0.187509000866121,0.279547585582248,0.127351951250628,0.0599271969448037,0.205348240267146,0.140316025089053
2666,0.00422233410901676,0.0131891803654176,0.110635817599509,0.0109145557352361,0.0249695349790241,0.836068577211797
2667,0.0841979333090962,0.119915080721113,0.390078686876708,0.0599185250942826,0.183481191789456,0.162408582209344
2668,0.0109040739642754,0.079560728481921,0.347202909513116,0.0154139729991505,0.102918088674399,0.444000226367138
2669,0.0394918158751119,0.193444751529141,0.139057745000758,0.0309881175114647,0.222059880990049,0.374957689093476
2670,0.00767620234181616,0.0419889905142161,0.123185630485516,0.0225171842819024,0.167698548275222,0.636933444101327
2671,0.0398416626377743,0.0778361722305743,0.0510215441771284,0.133492650329412,0.28502277451149,0.412785196113621
2672,0.0114397624696077,0.0416224975989619,0.15859199196266,0.0227645371029624,0.149522579002979,0.616058631862829
2673,0.308507704409682,0.282298173350245,0.0716106017774907,0.12117373791068,0.167569261172188,0.0488405213797145
2674,0.0400521970394911,0.0690016551430196,0.0799701228294815,0.205102124708721,0.325078410105859,0.280795490173428
2675,0.512999784726613,0.222708127262956,0.0259006504197727,0.12909200347493,0.0885937967703474,0.0207056373453816
2676,0.0294905848948722,0.0479194145279696,0.0585721016295474,0.144564147670247,0.415123379014408,0.304330372262956
2677,0.0594624984986321,0.156485059617834,0.227248804657229,0.0886874027953261,0.287821390619931,0.180294843811048
2678,0.0502780874602841,0.168719095737246,0.234357847459252,0.0506965212975566,0.28406728893227,0.211881159113392
2679,0.00393683172534264,0.0175308689139149,0.0472316680576918,0.0318973288577744,0.326449253322143,0.572954049123133
2680,0.0719974211566398,0.138337624836828,0.32257322378675,0.231832383530417,0.127126583589256,0.108132763100109
2681,0.0564094820004109,0.243874033522319,0.127203716102894,0.0439743729441523,0.350903409131627,0.177634986298597
2682,0.0130870020870288,0.0307855455308388,0.118519723605633,0.206605088436378,0.191246417353185,0.439756222986937
2683,0.47079996837384,0.267372788096001,0.0442081368482041,0.122430261864434,0.0792363414815941,0.0159525033359267
2684,0.0137464193089691,0.0553204558904253,0.0469772742396903,0.106075167603839,0.429824670845899,0.348056012111177
2685,0.0727436910635205,0.0511952035337103,0.183350861173431,0.0602677129934302,0.0831121827997128,0.549330348436195
2686,0.00993202572009608,0.0804101064816743,0.129713286930205,0.02683885375581,0.165813234309119,0.587292492803096
2687,0.473072543010507,0.169795986940711,0.060065498858911,0.149475267097111,0.111443331436265,0.0361473726564946
2688,0.0402033041540599,0.189147377493131,0.083477583202095,0.182585733621483,0.323783641654612,0.180802359874619
2689,0.168117627153552,0.497840739321367,0.0517436943753713,0.0739691680533779,0.174301849240439,0.0340269218558921
2690,0.0165287171683357,0.0455834867922595,0.0664698590906265,0.17775954185356,0.39363100011677,0.300027394978448
2691,0.0601428549350245,0.155997159842447,0.0732642773837687,0.0669438184745558,0.399887962995972,0.243763926368232
2692,0.147403460827699,0.110278435422285,0.216352331055478,0.0815806432881291,0.225221300872284,0.219163828534126
2693,0.0455703350784764,0.0611183257752787,0.217481684061657,0.0484560104156543,0.134242225535169,0.493131419133765
2694,0.00903149607617526,0.0382762862034918,0.0582085276993937,0.0483148080294413,0.30304660991072,0.543122272080778
2695,0.507883686540235,0.181808424921993,0.0616563213244335,0.116873752806311,0.0956983872322783,0.0360794271747496
2696,0.0200495187233591,0.0829138619420738,0.20739656932615,0.0318100232499678,0.108273598808038,0.549556427950412
2697,0.0566720654997758,0.161973629367383,0.239304462546532,0.0351380677137239,0.181088267900982,0.325823506971603
2698,0.00896808439453658,0.038690324782247,0.200304253872528,0.0230242623175846,0.279869233460235,0.449143841172869
2699,0.0179204979769252,0.116951787023513,0.351431846964394,0.0153448454729516,0.0926539484035792,0.405697074158637
2700,0.00377858022029114,0.0471652451193082,0.0282020947816242,0.0114151621546808,0.415563033492973,0.493875884231123
2701,0.0201143253074625,0.0353465125587887,0.0526187106751932,0.114151146746869,0.353637859361376,0.42413144535031
2702,0.376920008185436,0.189784909106165,0.215933733115679,0.0563743373762489,0.0771913189998597,0.0837956932166118
2703,0.122148405787645,0.0795809164274551,0.178165241443004,0.110104613528787,0.236350428865617,0.273650393947492
2704,0.0550676733412943,0.176795422474495,0.466073270449016,0.0412031969338868,0.123248666327135,0.137611770474173
2705,0.0198017652111652,0.13370035058292,0.31764846309135,0.0314834182731077,0.182398845119359,0.314967157722098
2706,0.0323269303526118,0.0774681017390617,0.236527055408588,0.115504253652069,0.198802742414771,0.339370916432898
2707,0.0122433756276129,0.0293379482474448,0.0343717361072377,0.0463815161226656,0.542073664225087,0.335591759669952
2708,0.298515546816054,0.317225107674308,0.086672733154041,0.0937912802780248,0.159859922375051,0.0439354097025207
2709,0.0885347799343822,0.164478046404027,0.372158792028929,0.0506398933356079,0.1019967959533,0.222191692343753
2710,0.111590513713503,0.0840749593798957,0.284514247100603,0.0746358608022454,0.110209157796927,0.334975261206826
2711,0.0202128830175162,0.0634329808265529,0.101173396198976,0.0576326255337201,0.333866302682354,0.423681811740881
2712,0.117023908398983,0.102946289748957,0.132600412980521,0.249682660794684,0.231115653921823,0.166631074155033
2713,0.0901761833919579,0.202572632426255,0.222694512795594,0.0529220588479549,0.138337597683568,0.29329701485467
2714,0.010684057901387,0.0846058177060223,0.179124659856961,0.0205348354255312,0.212328659699709,0.492721969410389
2715,0.0468729289795017,0.117581718739711,0.399926124789133,0.0389653668214507,0.214525533633262,0.182128327036941
2716,0.0557161778636661,0.0977519677820916,0.1086848839821,0.0642124335312541,0.317695371192977,0.355939165647912
2717,0.0195329793199248,0.0356836255548627,0.0395149426570548,0.0409965478861665,0.260168744440094,0.604103160141897
2718,0.0208010779188412,0.0377544797671534,0.222603455182122,0.050360380906469,0.170430747792515,0.498049858432899
2719,0.0316732313421026,0.119144208575096,0.146424533648564,0.0608310112473752,0.364171451548583,0.277755563638279
2720,0.170290081256636,0.128228682240021,0.261806918533277,0.0932115693486362,0.180026165112911,0.166436583508518
2721,0.0322714869168025,0.0951969001832457,0.131367654457776,0.0529340391229534,0.355782184384133,0.33244773493509
2722,0.261180134997454,0.441572297600076,0.163941206340394,0.0186732289284678,0.0768022433015398,0.0378308888320686
2723,0.05028558276537,0.147207607753078,0.226645312477119,0.0635765820711726,0.162499282555261,0.349785632378
2724,0.58664375462764,0.118433358428022,0.101102456374563,0.0841244905281889,0.0683060221392465,0.0413899179023398
2725,0.328236622430259,0.292978020511088,0.0658201273359392,0.160327770602835,0.0982972022750061,0.0543402568448723
2726,0.049221193078851,0.0869515356492945,0.0645020075638621,0.114063409994232,0.609462426421214,0.075799427292547
2727,0.00448481131895825,0.0320787198394767,0.0683817672629434,0.0221406122888793,0.228299393485128,0.644614695804614
2728,0.0165237730352441,0.029576788704268,0.123138178166803,0.0277705409503143,0.111346943176934,0.691643775966436
2729,0.103070382930812,0.246248902960626,0.134148103968835,0.0833512038548079,0.261150105495014,0.172031300789905
2730,0.0117738287741414,0.0360869297088599,0.0576014964862189,0.0632397978567189,0.437400237508737,0.393897709665324
2731,0.144104730400544,0.172621679601589,0.0969589485875175,0.179056932661206,0.308702458266549,0.0985552504825948
2732,0.0284271727899318,0.0963472093216422,0.254517765291408,0.0267190113464568,0.104072057958975,0.489916783291586
2733,0.0385615823344132,0.13494151634204,0.17698700859331,0.119068044098936,0.395227229673048,0.135214618958253
2734,0.0563223425650722,0.575137571297422,0.0572067176065304,0.0290239037661653,0.158768768035488,0.123540696729322
2735,0.128059844168259,0.443632624078475,0.114556183390786,0.0373662642479747,0.11603768177924,0.160347402335265
2736,0.0528419019242422,0.0531094299917959,0.0317137332541824,0.566408434536918,0.232454290197071,0.0634722100957907
2737,0.161623209304467,0.162980995057329,0.274248483205721,0.0514720326234894,0.200358341423888,0.149316938385105
2738,0.0498753568228442,0.145028317015996,0.131058523377954,0.0770860130697632,0.223710803679419,0.373240986034023
2739,0.154335052225185,0.295418205996195,0.207690949702109,0.0360339970982688,0.214077708152281,0.0924440868259609
2740,0.246203501065729,0.3542742431633,0.0704024461268542,0.0732996150040669,0.148281275351142,0.107538919288908
2741,0.079624465094492,0.307598858770861,0.126398426386604,0.0323864881924979,0.256017922419834,0.197973839135711
2742,0.0792513733213863,0.121088738319048,0.0617308281746021,0.159387452118615,0.425451691402117,0.153089916664232
2743,0.191195357470251,0.175115284513112,0.103677933162636,0.128068057579957,0.209109945633662,0.192833421640382
2744,0.0227449692994294,0.111623615737444,0.0630212976124529,0.11972436504816,0.512168639118322,0.170717113184192
2745,0.00916731072559929,0.0541814716266052,0.310975562789408,0.0608468695584953,0.317029079454119,0.247799705845774
2746,0.0119138279655937,0.0520071270610395,0.093806697584218,0.0423826519415531,0.27852834175108,0.521361353696516
2747,0.0286644962265704,0.0350730379402148,0.0168775138187904,0.241252728339124,0.512309766979493,0.165822456695807
2748,0.00634238648661785,0.0552252691988845,0.0556904320009302,0.0380364345135769,0.5288168273512,0.315888650448791
2749,0.191937262746656,0.0889997007227875,0.0581893310873169,0.294880814441195,0.231360421740805,0.134632469261241
2750,0.0197495725233905,0.0836038624227122,0.27113870101326,0.0543364080972422,0.166086392082373,0.405085063861023
2751,0.139868380336542,0.133253723414071,0.0584120155183085,0.21580435529045,0.369224367901746,0.0834371575388821
2752,0.0402462890267052,0.109035318333295,0.170759833469164,0.0605110452112888,0.160790209289153,0.458657304670394
2753,0.0378900652010704,0.0740088763893078,0.0227374761608415,0.373977347252797,0.41145447854687,0.0799317564491134
2754,0.0133842791291962,0.192145922540435,0.0786190662276756,0.0231641080870302,0.469094198122834,0.22359242589283
2755,0.00330304232138667,0.0114686505231156,0.0498569692760612,0.0190840366487716,0.350474588002861,0.565812713227804
2756,0.0114814573716583,0.0201867227874562,0.0981393081124764,0.0163456343359177,0.0418711760982823,0.811975701294209
2757,0.0176060476806696,0.129293840162142,0.0396859439834542,0.0351601126764631,0.540247055726535,0.238006999770736
2758,0.0656822096120692,0.21633540560716,0.166406070295521,0.0417155455021567,0.320902746569052,0.188958022414041
2759,0.0251249037516648,0.214394496067561,0.10625254296382,0.0270161880232881,0.254513052492221,0.372698816701445
2760,0.364093671672748,0.0990590753351349,0.0376062880755281,0.429567942665697,0.054909292478499,0.0147637297723927
2761,0.160079259596632,0.0981958518230901,0.0698232658432299,0.284365268297876,0.268010176379923,0.119526178059249
2762,0.0097104131284797,0.116654297282024,0.0945434360912496,0.0433692010034698,0.409375413633438,0.326347238861339
2763,0.0486859270204235,0.169832781334012,0.221466382173514,0.0596486848260898,0.252354303048339,0.248011921597622
2764,0.00786152924773326,0.0239013038007601,0.107855305491918,0.0172392082144491,0.098108029158617,0.745034624086522
2765,0.0719597313754683,0.133551569490804,0.217166477347912,0.0489752926692122,0.174227538218043,0.35411939089856
2766,0.0304023713003567,0.109542324661401,0.088962143857553,0.0585322400970155,0.422264593441782,0.290296326641892
2767,0.0180063969957592,0.0519517480677706,0.0647684790779444,0.411319118407949,0.303587015127418,0.150367242323158
2768,0.053146006862436,0.213630330108609,0.282049415232241,0.0343253567729933,0.139262682189975,0.277586208833745
2769,0.0579944588920989,0.260354162030433,0.0688542062337067,0.11285148979884,0.342154257236073,0.157791425808848
2770,0.00201414039591412,0.0313548334439268,0.131090192141939,0.0165135510777554,0.15837748882673,0.660649794113735
2771,0.0375921227333033,0.145433389215059,0.385102345689702,0.0376609783302519,0.136892590550005,0.257318573481679
2772,0.0416309777079206,0.0599661137128147,0.131846253013387,0.182985772421571,0.384689987780039,0.198880895364268
2773,0.0473704759954532,0.250716751396915,0.169963835628448,0.0249203245789044,0.34451258974765,0.16251602265263
2774,0.232523268898688,0.373488414850395,0.0855203712161798,0.0469199971165439,0.193921468329237,0.0676264795889559
2775,0.00313601278692115,0.0169668760252937,0.116858121729158,0.0126000014640838,0.129286605489596,0.721152382504948
2776,0.0141405037065068,0.0453844775789453,0.0677648875228411,0.0455422349281771,0.300025282560906,0.527142613702624
2777,0.00178428175236036,0.0182261059682076,0.090919145125804,0.013476175213424,0.088973448548147,0.786620843392057
2778,0.104658581443825,0.136937779979999,0.14024493213344,0.109902569364041,0.177383894670026,0.330872242408669
2779,0.0527642506219074,0.100794409481588,0.287295007681736,0.101217732405798,0.171763990759479,0.286164609049492
2780,0.0737659913201177,0.242356831935382,0.26977251036226,0.0587347383271446,0.149472893040375,0.20589703501472
2781,0.0276278907075065,0.0344988775427641,0.062650969189933,0.166599809202016,0.482351504566747,0.226270948791033
2782,0.0149373578290924,0.0371074356887672,0.256122005073882,0.0286722413183628,0.143251987232063,0.519908972857833
2783,0.598055381364721,0.214669379477191,0.0608245660310461,0.0519467591354164,0.0527502307445147,0.0217536832471106
2784,0.0528122653189947,0.260872342794836,0.0747353170999377,0.0883168584011616,0.379984057564857,0.143279158820213
2785,0.00406378739017113,0.0177364202844292,0.0434728782991335,0.0211157414766948,0.311912522979089,0.601698649570482
2786,0.0238841287142057,0.10445022047555,0.0708440368832196,0.0600766517427862,0.389530803961524,0.351214158222715
2787,0.0098689628985371,0.0574089040063155,0.116489123488524,0.0353439976831253,0.269935816971897,0.510953194951602
2788,0.0111287705724322,0.0488545396035296,0.113914967825628,0.0251292480753428,0.120684323778371,0.680288150144696
2789,0.0895647390498492,0.104864747065782,0.30175146777647,0.0822803973868509,0.17061302806257,0.250925620658477
2790,0.0882998340182525,0.183418044100203,0.0693627348331222,0.0883556092101371,0.413155507527737,0.157408270310548
2791,0.128450132728148,0.0630369590922059,0.0425502195508171,0.555997062284249,0.145165032467988,0.0648005938765928
2792,0.449974711684444,0.309216646715318,0.0362874508322975,0.0732728482467107,0.0990685163432719,0.0321798261779578
2793,0.00884086037712285,0.0517239238800818,0.0354609614199651,0.0255391440177748,0.461617941018492,0.416817169286563
2794,0.376466534279957,0.144764700760935,0.0785884023167809,0.235277784723213,0.125554215535006,0.0393483623841072
2795,0.380126035065042,0.159814454531031,0.0730106691711757,0.265669064501881,0.0994663531037752,0.0219134236270951
2796,0.00275717782626037,0.0209758573648467,0.116698733475148,0.0201725117690121,0.0846072272431856,0.754788492321548
2797,0.0348003307791292,0.0465252390388055,0.0817517034040511,0.0669775515646875,0.135001280506293,0.634943894707033
2798,0.0110841874254486,0.142691414795684,0.180284270210405,0.0201102295939718,0.298772603018028,0.347057294956462
2799,0.107077855224179,0.158303314169958,0.266095931434548,0.0309270997567354,0.16351153334174,0.274084266072841
2800,0.00669078138340767,0.0313037159195637,0.0611786873266361,0.0354233870150367,0.263159569192933,0.602243859162423
2801,0.0147286487919399,0.055273545233491,0.0242537845721076,0.0367008765214507,0.490999633222606,0.378043511658404
2802,0.0236933784142091,0.0731528672606503,0.0459706124350047,0.0645095580506641,0.505234249553828,0.287439334285644
2803,0.119489818062733,0.414891186007952,0.149866995581293,0.0371036342929217,0.164326919280728,0.114321446774371
2804,0.0146756849819043,0.0782773349426768,0.119937719878201,0.0355258973996019,0.410527681494735,0.341055681302881
2805,0.243757385078855,0.172182430981245,0.283464692530513,0.0893535001248628,0.125989463353952,0.0852525279305722
2806,0.0989527478032163,0.0551124203898513,0.046446943929886,0.271261827816883,0.33607566827958,0.192150391780584
2807,0.076760520965711,0.172369761998638,0.204205077152096,0.0896593925461939,0.200849268054925,0.256155979282435
2808,0.0121809726486463,0.0457428087151611,0.0483966973282015,0.0292472210662265,0.368220471983226,0.496211828258538
2809,0.0478151440800343,0.138030762419023,0.303343936413753,0.0379851265873826,0.101472785620115,0.371352244879692
2810,0.0145223448184159,0.0594446861793333,0.0919599192217972,0.0791843816130526,0.413481659918607,0.341407008248793
2811,0.0155940319368535,0.144921505661861,0.18717011942397,0.0292739554715927,0.379127130204445,0.243913257301278
2812,0.506140162002262,0.245004772117267,0.0929719231195015,0.067395411946915,0.0575618331977715,0.0309258976162827
2813,0.165184823403392,0.103145692005184,0.141045607043075,0.140471750153633,0.306144267363413,0.144007860031303
2814,0.0427997643540323,0.25323076186629,0.232317654226914,0.0438901954287466,0.197683604235082,0.230078019888936
2815,0.0324770989502561,0.0679137109656955,0.110173501837996,0.136612218542888,0.203226847190116,0.44959662251305
2816,0.109398042134269,0.138689004519789,0.278701501654019,0.0726645671584531,0.20575949649259,0.19478738804088
2817,0.0902996006944912,0.333385957068044,0.135955652063587,0.0643200107108746,0.256885575424289,0.119153204038715
2818,0.299065681416196,0.281090214911288,0.182649193400393,0.0555004664266749,0.103165652644871,0.0785287912005773
2819,0.464733317601006,0.307334485810891,0.0899144853135571,0.0468191203548569,0.070360807948608,0.0208377829710813
2820,0.296346784650631,0.225126426240831,0.3021673409857,0.0460088951442972,0.0748020373774311,0.0555485156011101
2821,0.00527788970645525,0.0430864382210401,0.0211295649778598,0.0112704406969022,0.46169925055117,0.457536415846573
2822,0.188491140357173,0.221039932917663,0.196514785187364,0.0593326236242469,0.191566271199468,0.143055246714085
2823,0.0475360690145921,0.0856320620617728,0.122736782793056,0.0946139539904959,0.185922582245648,0.463558549894435
2824,0.0581532379668544,0.117809564099251,0.210430973110731,0.0716748616880819,0.249410029246447,0.292521333888634
2825,0.00523370432659982,0.025666346490992,0.196475071085781,0.0134779362540605,0.0234580396959553,0.735688902146611
2826,0.0266567023814907,0.164782627631266,0.0541664491910008,0.0403437579274006,0.498514079764662,0.21553638310418
2827,0.0736709104361036,0.442312223518598,0.126927372122231,0.0340133020036967,0.149907558013172,0.173168633906199
2828,0.0226152704010636,0.156502446961562,0.1906257981295,0.0546763377613441,0.353291205163291,0.222288941583239
2829,0.0356554088153549,0.0350869511659853,0.0449438044107109,0.139451323193544,0.529529971599191,0.215332540815214
2830,0.00459979555463809,0.033814378012289,0.103650394671816,0.0272432278660494,0.15890153351376,0.671790670381448
2831,0.331282984688511,0.375290239265818,0.10494980349563,0.0719182288927413,0.0722607179566642,0.0442980257006348
2832,0.0335799573565298,0.182682310241134,0.159490039928077,0.0448975059104048,0.340279529734891,0.239070656828963
2833,0.153099825704952,0.130550703480349,0.0988460256501139,0.254939515663246,0.19867159413524,0.163892335366099
2834,0.0203956319511186,0.0691842137928564,0.0853138701807463,0.0243913219021883,0.273476566015315,0.527238396157775
2835,0.231016573736697,0.209350769661474,0.0458650012027693,0.197457446125015,0.237022579264225,0.0792876300098193
2836,0.0165472331219432,0.0374214966443455,0.0516669526718777,0.0652165742490479,0.310856792703378,0.518290950609408
2837,0.0732171533816418,0.216455248312519,0.331207048041179,0.05237504372885,0.167990353312598,0.158755153223212
2838,0.157330215220213,0.235913435961315,0.226694513697183,0.0596324718391803,0.136943333144434,0.183486030137675
2839,0.10324917220692,0.149335680621224,0.143637613640478,0.113377362134704,0.271498778131252,0.218901393265421
2840,0.103620136457331,0.0807140388477427,0.176468026821101,0.20664307563561,0.157483358097021,0.275071364141194
2841,0.455606108986957,0.140946230928789,0.0517576483061854,0.144296925963691,0.154637029315994,0.0527560564983835
2842,0.0125091680857929,0.0448670883331242,0.0335513563659767,0.0470321195835899,0.573268902211002,0.288771365420514
2843,0.0841517138308122,0.129333176851277,0.164081695833815,0.0270255385044621,0.380657962435017,0.214749912544617
2844,0.0385113307329809,0.156565364146095,0.442275203526766,0.0182961766784268,0.110681258594784,0.233670666320947
2845,0.248109780691309,0.375440027364222,0.144059382100993,0.105350751891088,0.0940027140512913,0.0330373439010967
2846,0.00673499950947169,0.0219523847274266,0.023037869763572,0.0493910787661856,0.381687890407296,0.517195776826048
