"CUS_ID","F20-","F30","F30+","M20-","M30","M30+"
2501,0.0418902196519963,0.544140122284956,0.124533790788754,0.013321138273964,0.147713312805167,0.128401416195163
2502,0.0872163269207035,0.214529190426444,0.0979317805024672,0.105064894996008,0.3483529672789,0.146904839875477
2503,0.0217068711964732,0.547538157875374,0.0243613371911413,0.0227998087896003,0.324162947464695,0.0594308774827158
2504,0.430860382460696,0.130108076393287,0.0834540230102547,0.199376519375236,0.0671604081378556,0.0890405906226698
2505,0.0618859722955342,0.184696175143549,0.109340097140303,0.0585221066115641,0.117726434227191,0.467829214581859
2506,0.00555287101119567,0.425959562222095,0.0903994171241014,0.0156865014614876,0.244345594372128,0.218056053808992
2507,0.00799519415832699,0.0250016062054464,0.118639801696073,0.0218318682287563,0.170923793652226,0.655607736059172
2508,0.00446572404626126,0.0341029946484217,0.0141303416873587,0.0197473895108016,0.619571400905845,0.307982149201312
2509,0.0339418061743266,0.0344235157790047,0.148565664610428,0.0395985535825591,0.0951437773032533,0.648326682550428
2510,0.00609031865562392,0.0447553607951807,0.0357394554881551,0.0171713041794489,0.409095822612778,0.487147738268814
2511,0.619872176066994,0.0992512038390391,0.061076298530502,0.166713868459893,0.034937674374618,0.018148778728954
2512,0.0353918591553709,0.162840152838859,0.0311470941459403,0.132850446480269,0.543612763232781,0.0941576841467794
2513,0.0100376336408824,0.0235158498237968,0.0380466976096009,0.0311773696328346,0.445707015827591,0.451515433465295
2514,0.058995597676198,0.575445139167464,0.0441061802433202,0.0245952637552507,0.247389610655331,0.0494682085024365
2515,0.0107094552542946,0.0488466046218992,0.0554399715841534,0.0272878573727696,0.254024868045396,0.603691243121487
2516,0.0811515973148857,0.0789992143820631,0.0463528034840086,0.228054031757374,0.403038865068662,0.162403487993006
2517,0.0177509360770185,0.482549935323249,0.0905458518718026,0.0143066510542367,0.198624561158705,0.196222064514988
2518,0.443600183529687,0.223432286559258,0.159386343426994,0.0596247933783915,0.0492927988034494,0.0646635943022207
2519,0.038799365901987,0.895866050815279,0.0115273993788368,0.00392524842053913,0.0363623943823493,0.013519541101009
2520,0.0275514974954088,0.0550512459160873,0.019428148765106,0.12132165338665,0.58015886320916,0.196488591227588
2521,0.0141680968640052,0.0512395730612461,0.285113735021375,0.0268280335677186,0.0972623350339074,0.525388226451747
2522,0.22133118788635,0.169120853022571,0.205822115544535,0.100693806186363,0.15477143487989,0.148260602480292
2523,0.0429782692794233,0.540003137308976,0.0423495206806102,0.0130737691214107,0.233063558294876,0.128531745314704
2524,0.0273300494095015,0.150966041975316,0.221970299273531,0.048527452600074,0.0959197096990235,0.455286447042554
2525,0.0760970372371584,0.0740370977427858,0.0958169899264406,0.246275858038886,0.356931469451999,0.15084154760273
2526,0.129213029094071,0.226458961169406,0.0722074243339605,0.0919322924955522,0.357342130661422,0.122846162245589
2527,0.60872376277192,0.117689782233638,0.0827023730972612,0.0412083691145073,0.075457332229855,0.0742183805528181
2528,0.00393208132281634,0.0100376953762019,0.0224393304014949,0.0270096108221306,0.125237878962162,0.811343403115195
2529,0.0938281476760283,0.159076460673081,0.26079820360628,0.0830141513131913,0.147820088689195,0.255462948042225
2530,0.00593656956237655,0.0138620240487214,0.167699584522202,0.0191745740167153,0.0940369724487432,0.699290275401241
2531,0.0302647531632913,0.204310997303183,0.0811260419919672,0.0641593789405807,0.410083507858312,0.210055320742666
2532,0.0345818893217065,0.239473924950772,0.109207638527266,0.0358898782484245,0.210293591001538,0.370553077950292
2533,0.000643664335121238,0.00422930586330513,0.0257033090990295,0.00325011039834631,0.0275154875333982,0.9386581227708
2534,0.23663370433939,0.124218358258518,0.137130453877112,0.278089194436278,0.0770032124687474,0.146925076619954
2535,0.0355664083363578,0.0992888016730153,0.175105339840887,0.0288833317943836,0.163736647356502,0.497419470998854
2536,0.116125235121905,0.276767242949685,0.0974490975302058,0.0790421434693769,0.207869603624188,0.22274667730464
2537,0.0496941061304155,0.774090728968605,0.0659844925270146,0.00666169041209358,0.0773125444178998,0.0262564375439713
2538,0.312229895801693,0.126907260909413,0.0630513929082001,0.116054297817682,0.236943650470755,0.144813502092257
2539,0.200348506780161,0.274392877774171,0.214233968656697,0.0512238886800055,0.166046000639523,0.0937547574694424
2540,0.276042280568437,0.0844915844236051,0.051349381631474,0.218120011162506,0.301306355738258,0.0686903864757195
2541,0.10312196246102,0.0447237211387343,0.0195303655505729,0.536452411157341,0.268802641785292,0.0273688979070402
2542,0.0644589274223095,0.47496131500619,0.0302628942208802,0.0269445732615858,0.373242218206335,0.0301300718826994
2543,0.00850356719640027,0.0199729081573097,0.0803280218270865,0.00534481419450816,0.166681912723098,0.719168775901598
2544,0.0833692094025202,0.125462643518557,0.137925637568405,0.25720224443798,0.136235547136751,0.259804717935787
2545,0.0383045888031981,0.278911185496093,0.0906881369627229,0.019144244938728,0.406017853726546,0.166933990072712
2546,0.0375866952976521,0.0608646962806351,0.0368018255221592,0.233798036225947,0.546278910965368,0.084669835708239
2547,0.0376796899825319,0.0962212105186739,0.477366109652332,0.029775494081563,0.0947514606362258,0.264206035128673
2548,0.0566691387402773,0.0581612057599111,0.0590044935779919,0.335622274414139,0.418310686532287,0.0722322009753935
2549,0.00869842495902517,0.0591467033468975,0.0287640205094576,0.0365486993547275,0.370166561281579,0.496675590548313
2550,0.0137444107646975,0.0157153909968238,0.0227472829410706,0.229047712171352,0.5121915544486,0.206553648677456
2551,0.342117014660985,0.232783795398903,0.0411094520244771,0.175128965916017,0.117783315188187,0.0910774568114306
2552,0.0857542975033862,0.335879826358968,0.234188962247412,0.0239155848511327,0.162664736970619,0.157596592068483
2553,0.45282180900813,0.210506289611763,0.0518242756170289,0.12283856586682,0.135364454370484,0.0266446055257757
2554,0.106046252940402,0.260473469175777,0.0944054787986993,0.110312087588241,0.351524937460572,0.0772377740363081
2555,0.00887557537741228,0.113291782045334,0.0675603392071081,0.0264112429183601,0.638565675510367,0.145295384941418
2556,0.0615485268750172,0.30082916499331,0.346319365873175,0.0329082940004556,0.121961292935229,0.136433355322813
2557,0.407985405496645,0.16480764891549,0.340336355109828,0.0348603948832009,0.0370805837174937,0.0149296118773431
2558,0.0175346319498474,0.0441195050695115,0.827400308276103,0.0218287103247047,0.0381474661117081,0.0509693782681253
2559,0.0799444178256385,0.457365172387874,0.172017607576144,0.0200473387780762,0.0957117970670655,0.174913666365202
2560,0.011405049968488,0.12891761684219,0.0930212983233811,0.0191040807595743,0.217744363980522,0.529807590125845
2561,0.00881451279690639,0.0635410007076126,0.22616224381011,0.00743079410555778,0.173774055577691,0.520277393002123
2562,0.211752992330905,0.332701303204637,0.0304719395985237,0.0601478467189822,0.335927703481872,0.0289982146650799
2563,0.42384556552719,0.126067477831125,0.200189695098885,0.120483168635178,0.0883043011275321,0.0411097917800907
2564,0.188626203375645,0.0667446405049956,0.0705644589439528,0.457284598802789,0.0950568888287769,0.121723209543841
2565,0.0280547716404593,0.119464011235217,0.135581427573094,0.0608545942421082,0.256642307866639,0.399402887442482
2566,0.0119908555028412,0.0447857529619688,0.148295036744398,0.0445689045766278,0.2024787041684,0.547880746045764
2567,0.0295861163024356,0.135730899968995,0.142796395571995,0.0334522611082422,0.182126779900806,0.476307547147526
2568,0.0113403246371139,0.0685742266872088,0.0714633854491597,0.0187595670531489,0.397141747992929,0.43272074818044
2569,0.0473351070095197,0.102814969375254,0.148397454370401,0.0207485560309003,0.13008867802853,0.550615235185394
2570,0.0217262490231446,0.749415714464935,0.0386910571616255,0.00485128983920978,0.0905955762025611,0.0947201133085235
2571,0.0657024333947614,0.0968927080150915,0.0236436104499193,0.214000767112735,0.362974957580949,0.236785523446544
2572,0.0698303170743998,0.0468101186253351,0.377439682524289,0.0695439718572581,0.0836420708979658,0.352733839020753
2573,0.0431246539375548,0.258881770514524,0.0614101103458276,0.0190650657713083,0.276561836025703,0.340956563405082
2574,0.0365635436303791,0.0576646261373115,0.0260358745421564,0.26665216867066,0.513316710853622,0.0997670761658713
2575,0.0241295232739374,0.0292359315875288,0.0183164920716836,0.140334550288815,0.649770200587089,0.138213302190946
2576,0.318335864092831,0.353938968215661,0.159298408330814,0.0861864483101121,0.0350132143112367,0.0472270967393455
2577,0.0371840839932342,0.257351018547625,0.444544274958019,0.0199090845841646,0.112848942424425,0.128162595492532
2578,0.00117719359435431,0.00660162320393492,0.0222800769838478,0.00581877622634793,0.107279186789799,0.856843143201716
2579,0.330761272665536,0.16282127451527,0.199418522418747,0.097052730228239,0.126796145121769,0.0831500550504391
2580,0.0467527409300094,0.349973822257348,0.151854593791655,0.0121047834256004,0.206458249711298,0.232855809884089
2581,0.00150181466099648,0.0212521122260927,0.0611217858319633,0.0351418007186482,0.446733618958891,0.434248867603409
2582,0.22821227538213,0.380512754728657,0.101394544851827,0.0532000855514995,0.162800621748396,0.0738797177374905
2583,0.134994223233483,0.500586148268393,0.189331870007329,0.0265164540799709,0.079106142047894,0.0694651623629296
2584,0.198824802556978,0.530363738273015,0.0831803532390527,0.0408076703012541,0.107447323644306,0.039376111985394
2585,0.00919532195189889,0.0576476832848266,0.0314122746003787,0.0579253996547324,0.550189261404848,0.293630059103316
2586,0.0443352579562189,0.270350926246492,0.101659248118763,0.0292666865275049,0.215302387783113,0.339085493367908
2587,0.204172211345969,0.0586030248032192,0.0338007660724452,0.359373327495747,0.242412568897342,0.101638101385278
2588,0.0373457133557702,0.0257241656235309,0.0107689998070135,0.326144573555446,0.508742843573308,0.0912737040849311
2589,0.0837559446424663,0.110364883360481,0.0350136393936055,0.164606962589952,0.517634288036108,0.0886242819773863
2590,0.0156004456280913,0.0717895508843402,0.124643399486469,0.0910757056465858,0.238941085248139,0.457949813106374
2591,0.0601356517033321,0.0795954316873679,0.445905869760918,0.0228347637132404,0.0615720808913098,0.329956202243832
2592,0.0125475593750689,0.0208773477237923,0.00627667104562769,0.185934812444897,0.629395423005703,0.144968186404911
2593,0.199581923494275,0.175142528001351,0.067801661250008,0.125075060624256,0.352489971381375,0.079908855248734
2594,0.0341191763853857,0.0974054125208855,0.0586875006552055,0.0453157965830267,0.353412788742325,0.411059325113171
2595,0.122191729334694,0.0602381306384262,0.234329309947181,0.356511204959561,0.0875847181678388,0.139144906952299
2596,0.686487370601183,0.072391265745399,0.0125886836998513,0.190152221675856,0.0327139426565815,0.00566651562112906
2597,0.00626112063607087,0.0311942538963554,0.181238780000236,0.0124571750376985,0.0894089486529551,0.679439721776684
2598,0.011231471974247,0.096057528133978,0.0931172683332012,0.0141779953884949,0.228558596765951,0.556857139404129
2599,0.25705954020758,0.340927973853918,0.0477348686173293,0.122194219744439,0.177422650315959,0.0546607472607751
2600,0.00416408905613608,0.0267852543328295,0.0522551083442385,0.0196009406705661,0.79848731926307,0.0987072883331602
2601,0.0192114949235878,0.0454816932706513,0.172564505231773,0.0094607934897376,0.0917085702933177,0.661572942790932
2602,0.0225526987383758,0.155131341386078,0.139146583312628,0.0376628051821957,0.260873916706546,0.384632654674176
2603,0.0291369518406458,0.580544415996186,0.027755056301135,0.0170366263553447,0.292176710429412,0.0533502390772768
2604,0.0433993608074689,0.0796153392403014,0.343762221293048,0.244064915000925,0.0975476728644173,0.191610490793839
2605,0.000603829049954795,0.0373711047918235,0.189492991742512,0.0131266844718941,0.20949211490645,0.549913275037365
2606,0.0285043366292349,0.0956631932780144,0.143159508688399,0.0294355335513459,0.171883523371524,0.531353904481482
2607,0.0132835457131839,0.0327597758034119,0.0573797257926305,0.0444065068077218,0.234091491208186,0.618078954674866
2608,0.176036170512135,0.239776247099468,0.0652748207135552,0.165661230965684,0.179245074865318,0.174006455843839
2609,0.021121673231071,0.0489040000365546,0.0430044600107268,0.114978734594063,0.48887584840561,0.283115283721975
2610,0.0926122110760408,0.228548922791276,0.0667713966458981,0.149950428608889,0.347712794658234,0.114404246219662
2611,0.0349290263877941,0.190164077830261,0.290334192627393,0.0600784083310143,0.0746700584963848,0.349824236327154
2612,0.0331509804655041,0.253393563185695,0.124406752715876,0.0363664877833977,0.267214558505497,0.28546765734403
2613,0.554554955301164,0.272601719045427,0.0331296707811052,0.0667229504921857,0.0638113674755835,0.00917933690453469
2614,0.122144847609193,0.102757494913003,0.0719279337670373,0.120411567532638,0.366492951444562,0.216265204733567
2615,0.565379525751777,0.179894845191255,0.105213522554334,0.0469626862366751,0.0621778846649078,0.0403715356010511
2616,0.0141763259103368,0.0571645106913327,0.109343948208863,0.0530293781279736,0.357786517461199,0.408499319600294
2617,0.296757205415722,0.368147052192359,0.145693517477223,0.0417700380900266,0.11337548984034,0.0342566969843291
2618,0.118644229045086,0.110269069351871,0.0661975373752983,0.0947553194417816,0.415949510467165,0.194184334318798
2619,0.0220010113473099,0.0268334327438294,0.0146767710490079,0.0920075103863385,0.661424151806288,0.183057122667227
2620,0.024516298446284,0.104119673392128,0.215387657470087,0.0293847021954823,0.375221072579281,0.251370595916737
2621,0.0245616104480742,0.07939925240418,0.015034749005925,0.0797157391776452,0.741047469098432,0.0602411798657436
2622,0.0011196208755948,0.00372228215573317,0.0147595448936514,0.00661250321007685,0.0906767531351879,0.883109295729756
2623,0.300217881858386,0.27146944233494,0.0377224893233807,0.10973119694464,0.240829171263759,0.0400298182748937
2624,0.0102894996801525,0.0276829549455214,0.0999239833783161,0.0184791414024367,0.103035121167365,0.740589299426208
2625,0.106188552279571,0.211790721780288,0.552043128277247,0.0249145789198913,0.0500757878211592,0.0549872309218437
2626,0.00374039691931449,0.0200213759939136,0.0487646386190339,0.0150736238782771,0.244065137071786,0.668334827517675
2627,0.0904819403355211,0.173643835153378,0.467936390042482,0.0259882597816618,0.0873806100702379,0.154568964616719
2628,0.146662680007133,0.236377264685493,0.0356813711665623,0.24092551646945,0.262046038574355,0.0783071290970069
2629,0.0167052588644934,0.200662904146166,0.0740254668794318,0.0225592187564429,0.371992733010414,0.314054418343052
2630,0.121950771534089,0.0640874192871077,0.0897552951407913,0.0847745118303182,0.265137971181189,0.374294031026505
2631,0.0192243315969788,0.2337839276643,0.208164541684843,0.025794028060034,0.276996601399842,0.236036569594003
2632,0.00504326145456285,0.0229468430830584,0.0421665182522547,0.0180495339692731,0.204979563078074,0.706814280162777
2633,0.106086724022763,0.348627808195565,0.0988848832895475,0.0649398028173646,0.265870088460059,0.115590693214701
2634,0.0349394577758201,0.137879697689011,0.241996650233709,0.0722322514260065,0.150693042666454,0.362258900208999
2635,0.0522994264574111,0.111063838848986,0.0625687188508808,0.0609569166190425,0.523536343810143,0.189574755413536
2636,0.059739644544441,0.0951052126932141,0.192643761205291,0.14293084690652,0.230361553982451,0.279218980668083
2637,0.0212911458912607,0.0670175659489716,0.0177131067604755,0.0611043191647696,0.65939290712165,0.173480955112873
2638,0.0727817124249509,0.0440036980713076,0.146270167263925,0.191659631656383,0.138934937048192,0.406349853535241
2639,0.126111691096019,0.0688229671347473,0.0652632110477185,0.352799762985444,0.268194058849321,0.11880830888675
2640,0.0106428424077101,0.0268177016039788,0.0520125922302364,0.0225323615148618,0.117991405774004,0.770003096469209
2641,0.412598064449237,0.159237451876959,0.156908633300139,0.0729178631716116,0.117470848666796,0.0808671385352567
2642,0.00720361228086994,0.0598502884176418,0.0583656161505416,0.0173993816034989,0.251123455244297,0.60605764630315
2643,0.439613019701602,0.335607083994467,0.0226157565499563,0.109217454391608,0.0731798392391384,0.0197668461232273
2644,0.00574588732600335,0.172533710329969,0.0543096490507577,0.0156477817112528,0.325874618726814,0.425888352855203
2645,0.0370881830844456,0.0645375982575351,0.0337512016704632,0.0661789497936256,0.399493040459487,0.398951026734444
2646,0.00358514257067792,0.0230423052718848,0.125612815480381,0.0227397430682669,0.0757088036674106,0.749311189941379
2647,0.055405304691861,0.0763602723523622,0.121283962619829,0.0847209547520905,0.323221671055178,0.339007834528678
2648,0.137278560982945,0.188015571089424,0.604973217883164,0.012888654681919,0.0209100983951081,0.035933896967439
2649,0.0299035405291507,0.0502182101169758,0.0628787674126296,0.0584189297432803,0.265450589070366,0.533129963127597
2650,0.0492177417773639,0.0261646266275141,0.159354072863009,0.059351139867921,0.123189921282467,0.582722497581726
2651,0.0103437457419814,0.0602473803361787,0.0541070776647029,0.0540075675324847,0.503108927114214,0.318185301610438
2652,0.0132813520354711,0.137583362089127,0.052009838681911,0.0238696806074615,0.480056624229993,0.293199142356037
2653,0.357201405633484,0.186359109779476,0.0842599903230374,0.0774323838341123,0.167219904575173,0.127527205854717
2654,0.00400561339605505,0.0401678301700659,0.04332276208988,0.0298202895361402,0.221589948416236,0.661093556391623
2655,0.557375427050736,0.142089726158794,0.030333123070284,0.141508844220014,0.112939891019944,0.0157529884802283
2656,0.0199156843025209,0.077562050957529,0.0378488921955213,0.0311862440203877,0.580710371486638,0.252776757037403
2657,0.00762451464547723,0.0413367908726424,0.16353210543724,0.0132380711370698,0.137908800638055,0.636359717269516
2658,0.148233903366822,0.117243524385729,0.14276766980003,0.304769030562849,0.159445174290168,0.127540697594402
2659,0.269605894981484,0.0820902088257776,0.0431283650181,0.53822757611083,0.0358534725836802,0.0310944824801276
2660,0.00717693098277363,0.0315926077622999,0.0610278222076502,0.0189249503384854,0.280459881655863,0.600817807052928
2661,0.00657829974902941,0.0272602334553367,0.118197210392925,0.0114927747248581,0.0818100054652788,0.754661476212572
2662,0.00496093113642254,0.0558629787729788,0.106171353063492,0.0140572793028015,0.139401929455651,0.679545528268653
2663,0.00819229465912817,0.0437470185255379,0.0587200641222051,0.0369917667723415,0.246119277411151,0.606229578509636
2664,0.0298696367244611,0.119077013639583,0.0266965092319854,0.0596287540938704,0.613915458683768,0.150812627626333
2665,0.2296841632084,0.24105841357203,0.204547286156815,0.0763638140422771,0.163117553417773,0.0852287696027049
2666,0.00123275863104617,0.00411047609393758,0.046704485172422,0.00257234085539517,0.0104199326167728,0.934960006630426
2667,0.037614934673104,0.16790591330549,0.423181834767564,0.0382103348526754,0.197076644369355,0.136010338031811
2668,0.00689799796213211,0.0483874331986254,0.32721426788572,0.00972040704212414,0.0777509861819198,0.530028907729479
2669,0.0859051860175725,0.297607062519282,0.175904015385153,0.0342630342139086,0.13699173623473,0.269328965629354
2670,0.0120115389060208,0.0538894198538274,0.169204061308029,0.0255955258369513,0.176017338271107,0.563282115824065
2671,0.0293682307818425,0.0779611183679201,0.0680044408913126,0.0865666007869075,0.302645248270372,0.435454360901646
2672,0.00499199986152466,0.0368350729290622,0.111997822583809,0.0109443694860438,0.14511976880962,0.690110966329939
2673,0.272332282348622,0.228275451999662,0.0773578111504589,0.133179735529688,0.221822383958331,0.0670323350132375
2674,0.0107266896297736,0.0424391716327875,0.0704869416000984,0.112207218724672,0.418885632266626,0.345254346146042
2675,0.626442952842752,0.147666307613958,0.0140811842654525,0.170144308895646,0.0328537596103544,0.00881148677183589
2676,0.0221812724226879,0.0689806987372189,0.0891494553800611,0.124824302967429,0.455374136884119,0.239490133608484
2677,0.073144526929051,0.129558110470052,0.342192338934878,0.0594142845744331,0.335224755413648,0.0604659836779381
2678,0.0357492094150576,0.103318594723689,0.182975043057837,0.0509684871323119,0.402220239556212,0.224768426114891
2679,0.00712137818303723,0.0155913931833252,0.0216982191625416,0.0314139935502658,0.387884995870298,0.536290020050532
2680,0.101976513799131,0.0643994978330476,0.335238148648265,0.299684301814705,0.0735127847993128,0.125188753105538
2681,0.0155863090651152,0.175004114796052,0.0893618732080018,0.0172487088487322,0.405549219792601,0.297249774289498
2682,0.0106092208782128,0.0227823028455929,0.103707675601124,0.09363846723232,0.1910120249444,0.57825030849835
2683,0.562319657208517,0.116227046090139,0.0211241760057065,0.205314283023126,0.0854388462886178,0.00957599138389359
2684,0.0106518459296555,0.0394924304722407,0.0297487024688137,0.0424024184577615,0.509743341470505,0.367961261201024
2685,0.108371341021099,0.0585932053738882,0.255096846587807,0.0266816438517018,0.0625242092989197,0.488732753866585
2686,0.0139902375130994,0.0996333379300244,0.0911430695987766,0.0251180280149199,0.173778713519409,0.596336613423771
2687,0.273812467764925,0.225869250168019,0.122525788401054,0.169441153101412,0.160465947465506,0.0478853930990843
2688,0.0164376826438358,0.14243646928983,0.0630544702878357,0.123569520033582,0.485328234295775,0.169173623449141
2689,0.120946329979128,0.588266285760743,0.0729856619751771,0.0474139889308459,0.134706899072231,0.0356808342818747
2690,0.0211106804311095,0.0308407578895159,0.0470803963749688,0.266501058588764,0.411161465134787,0.223305641580855
2691,0.0460847522436114,0.193934347434922,0.124578690256637,0.0280299412819589,0.382728945686387,0.224643323096484
2692,0.074879507505692,0.110966841290123,0.25857995163285,0.0451200846196744,0.193744470101292,0.316709144850368
2693,0.0285614956344095,0.0488647414064226,0.0766921017613741,0.0368523356522437,0.131069999559246,0.677959325986304
2694,0.00431639167747548,0.0135680793889018,0.0214850464431942,0.0321711196131133,0.311940605795591,0.616518757081724
2695,0.581987685128545,0.142929062181937,0.0594047478517733,0.113022951944798,0.0748500982972684,0.0278054545956783
2696,0.0217544239779355,0.108994382230284,0.326710130377741,0.0196700442701991,0.0796029128949613,0.443268106248879
2697,0.0712783946422329,0.238779200224239,0.267594608474898,0.037126140691916,0.189928222480876,0.195293433485838
2698,0.00534516270490377,0.024622806361455,0.217632286148467,0.01728949301838,0.389816026360238,0.345294225406556
2699,0.00709647612090937,0.172882549864807,0.59798809866475,0.00159042863987707,0.0243161554235433,0.196126291286114
2700,0.00246880487729352,0.038859367698048,0.0239272158369367,0.00517690425385263,0.369674260480234,0.559893446853635
2701,0.00900448743935311,0.0423099763938149,0.150914933490274,0.0448955348598491,0.198758917633106,0.554116150183603
2702,0.453136258877358,0.146364635627387,0.163604927754303,0.0805053016753481,0.0902158298425842,0.0661730462230192
2703,0.139954874651991,0.0798874173388376,0.118616317625452,0.145565368122196,0.304615712760275,0.211360309501247
2704,0.0369246049834035,0.173938776006135,0.658039465042993,0.018841580824822,0.0453871614778844,0.066868411664762
2705,0.0103702471232982,0.120398695704189,0.35451775257626,0.0162607273431302,0.0948946051550267,0.403557972098096
2706,0.0126098473500521,0.0557132339405162,0.245147190082293,0.167685945265037,0.171777690102458,0.347066093259643
2707,0.00961335192036636,0.0293450334817797,0.0110938739511828,0.0801447349440716,0.752404261323666,0.117398744378934
2708,0.42005704335068,0.240655534641291,0.0662136553342037,0.118291308579899,0.129115274016017,0.0256671840779094
2709,0.0390909811744646,0.199725399066195,0.350728612576181,0.0318648321754009,0.0995494084995753,0.279040766508182
2710,0.0430809229224602,0.0362226141048192,0.316312921287556,0.0275287571196763,0.0482977139987421,0.528557070566746
2711,0.142797105315413,0.133742693828041,0.0890326480597807,0.0976603517602011,0.294151297345683,0.242615903690882
2712,0.198419188805556,0.0818656494917277,0.0534893032741846,0.407846266697236,0.183125158644876,0.0752544330864188
2713,0.0759361249988818,0.144724442244558,0.288821880420745,0.0584189036034279,0.112367097752604,0.319731550979783
2714,0.0047334663046401,0.0898689272350188,0.250713416489686,0.00992397047318538,0.127212028247721,0.517548191249748
2715,0.0103029060910077,0.0787623970499513,0.34738500500618,0.0315909148815613,0.310274593954599,0.221684183016701
2716,0.0270302241531352,0.0563594528488206,0.0392074094379523,0.0625462567227795,0.450504042570206,0.364352614267106
2717,0.00832618197939017,0.0332478585387165,0.0461002294567725,0.0292804091913877,0.268647347005342,0.614397973828391
2718,0.0309376563730736,0.0462973198203027,0.180361024622597,0.0672923447275101,0.16783054231794,0.507281112138577
2719,0.0253188188678406,0.102078396814762,0.149797759362086,0.0498421593975676,0.349874553555775,0.323088312001969
2720,0.16817909688912,0.086344840857332,0.178040193374547,0.10722454078434,0.251929220386576,0.208282107708085
2721,0.0154282324854336,0.0559322381482269,0.109633310105381,0.0362923323648113,0.290674150464655,0.492039736431493
2722,0.243867761143455,0.445272554061747,0.164902144543911,0.0152360796605417,0.101419087895829,0.0293023726945162
2723,0.0461197963830731,0.239156592934588,0.243831202388621,0.0315705898320895,0.12169391511901,0.317627903342619
2724,0.564009395616691,0.131392899024383,0.0490970836418855,0.168148364689245,0.0651711896236525,0.0221810674041428
2725,0.333613213976929,0.424437153162224,0.0336363586441404,0.130760504867277,0.0556594717099571,0.0218932976394724
2726,0.0193958205739436,0.0492120309813691,0.025609473580191,0.0642003146393956,0.804513756486708,0.0370686037383931
2727,0.00555697388465725,0.0479569000958744,0.0509020492699388,0.0513503241295677,0.395808806861461,0.448424945758501
2728,0.0200504194791635,0.0413374827260874,0.156359378787027,0.0396170829406364,0.0748706264999769,0.667765009567109
2729,0.223024123780998,0.232877591150043,0.048865160054088,0.0967004115863652,0.321446134663191,0.0770865787653156
2730,0.00546205404558705,0.0338322184735885,0.0805308837000816,0.0435641835050439,0.343213790986806,0.493396869288893
2731,0.126610909357923,0.163997126683062,0.0688040006376861,0.190758097621356,0.347497990504259,0.102331875195715
2732,0.0137779842212653,0.0612590954146912,0.320347214642129,0.0107981469750143,0.0662719723389292,0.527545586407971
2733,0.0385293629028175,0.117965636096119,0.0750886663982865,0.24998196506842,0.449812974171865,0.0686213953624917
2734,0.0112811480155512,0.874411137045572,0.0191092655810235,0.00281902129614183,0.0615915445939271,0.0307878834677848
2735,0.022342711345128,0.347955248728305,0.178415431940522,0.0126494836681006,0.166296453604429,0.272340670713516
2736,0.0429712725810893,0.113111360778563,0.0735609478912034,0.289732153628503,0.370841861051823,0.109782404068818
2737,0.159918387209033,0.152250854973836,0.323658373439083,0.0190074144427054,0.216460441826724,0.128704528108618
2738,0.0199453445905289,0.0875804081034537,0.113200684350654,0.0275337522676619,0.194982811124453,0.556756999563249
2739,0.288157092929117,0.308398061243863,0.109010668721416,0.0481386118756802,0.1935863797228,0.0527091855071241
2740,0.198197323214772,0.308625048889654,0.136319277158391,0.0925901924149583,0.129036245952092,0.135231912370132
2741,0.0724242619753592,0.226789507457109,0.159446419030789,0.0603477672640309,0.307783436118983,0.173208608153729
2742,0.0391192029304945,0.0883126964671044,0.0499591399586582,0.0821894367312087,0.563604445703111,0.176815078209423
2743,0.2268371534235,0.230199751052803,0.138553226733429,0.130929192393,0.159519711740436,0.113960964656832
2744,0.0205550327135456,0.0749036720970381,0.0242849107730054,0.144361074623111,0.629714113825899,0.106181195967401
2745,0.00103740158840798,0.0163168361447265,0.417592034068596,0.0348819678437326,0.297673189782999,0.232498570571537
2746,0.0128917090897211,0.0597809215067057,0.115416412415498,0.0223452660647132,0.18155945935789,0.608006231565472
2747,0.0153426499377749,0.0417456758549512,0.0179979370760969,0.0355961855301199,0.605968370080462,0.283349181520595
2748,0.00467958514788778,0.037191794364161,0.0339402541605767,0.0344663809546887,0.718541865366146,0.17118012000654
2749,0.272418034179876,0.176098315153273,0.0551439601662595,0.273319041030597,0.144746163787223,0.0782744856827714
2750,0.0095596192770273,0.0876456953299713,0.277361299717918,0.041118261667173,0.153927432847039,0.430387691160872
2751,0.199778571558917,0.146418431986764,0.0737149981825463,0.119026265864721,0.416536420849796,0.0445253115572552
2752,0.0421663689108694,0.128877084712159,0.184590748651572,0.0906586625677269,0.134702594257163,0.419004540900509
2753,0.0423903944437954,0.090582010512241,0.0416026022256724,0.168425135336137,0.563385792670693,0.093614064811461
2754,0.00982509620949496,0.207842059659694,0.0302308260811112,0.00743364814117879,0.664313956224951,0.0803544136835696
2755,0.00102109872492255,0.00610211541077091,0.0339166312025404,0.00777587590782205,0.206646170083865,0.744538108670079
2756,0.00192133363902172,0.0064436197444609,0.0541267940447546,0.00531037438539423,0.0322370088918855,0.899960869294483
2757,0.0166213652065956,0.178088685940551,0.0401387214567424,0.0340952123421862,0.418838378285682,0.312217636768242
2758,0.0497853758829429,0.311796485206562,0.164805242644673,0.0150893350847262,0.318723636795235,0.139799924385861
2759,0.0254910354123151,0.237884333065552,0.0706365825592034,0.0194788641238355,0.284310878949726,0.362198305889369
2760,0.415303490782227,0.158441546649744,0.0832956998447085,0.242148122281487,0.0827856255432485,0.0180255148985844
2761,0.109288303080501,0.0914143025491251,0.051117619353225,0.380605764131881,0.25341459876856,0.114159412116708
2762,0.00279406758951812,0.0378136765834746,0.0482410123692602,0.0105631557556004,0.526932956722973,0.373655130979173
2763,0.0536662192899401,0.184584401911658,0.257091778088695,0.0427774415336731,0.223592464723615,0.23828769445242
2764,0.0112894062977905,0.0164136874451132,0.10163708706433,0.0188623495362661,0.0789667785533848,0.772830691103115
2765,0.0185132100436321,0.170970872580542,0.269181788145389,0.0136615648599342,0.166009858145924,0.361662706224578
2766,0.0366658330154127,0.171064571228579,0.0946697438285196,0.024757503117133,0.446019240804396,0.22682310800596
2767,0.0044362281363964,0.00813862865772146,0.0204343312217049,0.702873386657641,0.12985488072548,0.134262544601056
2768,0.0255413776255928,0.200380326204037,0.479267237047928,0.0106544186267855,0.0520323788473626,0.232124261648294
2769,0.0563755801136356,0.341783464943305,0.0851567469806885,0.0991399551477897,0.33596940529529,0.0815748475192919
2770,0.00165311330421115,0.0252997291521255,0.0910398671582026,0.0181130531093313,0.245848562234906,0.618045675041223
2771,0.0202783046071051,0.117346949834975,0.482637245044327,0.0200938873915469,0.0690414048958527,0.290602208226193
2772,0.0188482648577543,0.0385235938033605,0.0790414473923228,0.201332394298213,0.477448834220031,0.184805465428318
2773,0.0512564007732628,0.278148280414422,0.0978832957507562,0.0148593597795714,0.457326799093104,0.100525864188883
2774,0.0609940034146527,0.478595208328479,0.0718517083678151,0.0270343164830351,0.276215778025198,0.0853089853808209
2775,0.000974567941553163,0.00805620228133237,0.0494893424647683,0.00478291799099078,0.0827931794711056,0.85390378985025
2776,0.00671784221705365,0.0419209871086647,0.087690170372372,0.0582260017079075,0.300934324514541,0.504510674079461
2777,0.00121736327704704,0.0141237332418868,0.0535556871915567,0.0103929950315312,0.118851045576581,0.801859175681397
2778,0.165817123615119,0.118731566332511,0.151542798148501,0.0881258012422072,0.126183199393634,0.349599511268029
2779,0.0308589741966873,0.0253766041188957,0.288059246138906,0.174016072232059,0.137718424240044,0.343970679073408
2780,0.0382443059311091,0.190886287763708,0.264901758359186,0.0480071276650196,0.102450097801844,0.355510422479134
2781,0.0093874859867612,0.0191007813852043,0.0552849198035935,0.15587219065613,0.467189244118981,0.293165378049331
2782,0.006870424185271,0.0263571383958184,0.225229991075158,0.0141893787933024,0.12779971705099,0.59955335049946
2783,0.266855700677042,0.304204863651869,0.147333158596152,0.125353231469854,0.100622364007081,0.0556306815980019
2784,0.0863711176382547,0.187067843764772,0.0512874823370708,0.0906403899855873,0.512734944720816,0.0718982215534989
2785,0.00123422159230997,0.00507991874185454,0.0170826962393605,0.0156944523659401,0.386153654305269,0.574755056755266
2786,0.0129090788037708,0.115183085879511,0.0492522807583468,0.0462114235831231,0.483022435602127,0.293421695373121
2787,0.00310966236202468,0.0226926068518063,0.0484131621359677,0.0135702537134035,0.144277398410004,0.767936916526793
2788,0.017108487429058,0.0662841514571644,0.179574562025178,0.031922861352264,0.119446018750028,0.585663918986307
2789,0.0554774827416045,0.0692996253628372,0.297756667186493,0.0694057960707073,0.228462131183973,0.279598297454386
2790,0.133127957900478,0.131620564585409,0.0568301385386686,0.103861477844045,0.409489391621193,0.165070469510206
2791,0.196931316046615,0.102839704153405,0.0390859250391688,0.424254302011254,0.19434314992465,0.0425456028249071
2792,0.467348846291981,0.315827114956212,0.0279983047404025,0.0585764840932191,0.110547763672851,0.0197014862453345
2793,0.00586153638260107,0.0551686816511305,0.0380733177265442,0.0148856249600847,0.511016516892627,0.374994322387012
2794,0.46092533899919,0.158889277330592,0.055299700153601,0.119870891286523,0.165169344685639,0.0398454475444547
2795,0.389214960649131,0.101509134817877,0.0349760699923863,0.391541741702447,0.0701152540005977,0.0126428388375603
2796,0.0013135237788327,0.0111210693800897,0.0670687767824881,0.0151272017302395,0.157877373776169,0.747492054552181
2797,0.0566008637856321,0.0949820420407027,0.0911385170703746,0.103917530865337,0.193248900954541,0.460112145283413
2798,0.0145409109855181,0.213939317416861,0.221414177607107,0.00694935711013088,0.339077531000402,0.204078705879981
2799,0.209072299437079,0.143497437709922,0.356832521844614,0.0194085536869845,0.116511277316082,0.15467791000532
2800,0.00777396472446347,0.0147189854900337,0.0500691858618031,0.0199507422703655,0.154401731635556,0.753085390017778
2801,0.00498005180748275,0.0218327595267813,0.0166801912149229,0.0134179135919832,0.412488131468681,0.530600952390149
2802,0.0119734691291659,0.05501230651876,0.0569932238590803,0.0395076639909291,0.404725337127143,0.431787999374922
2803,0.0579570806852506,0.599032581754479,0.0988795373990501,0.0135969833270893,0.147446771719194,0.0830870451149375
2804,0.0160162559753854,0.0657600853342059,0.116880086863841,0.0306126634705733,0.381693474303534,0.38903743405246
2805,0.283623717037284,0.158477014028431,0.278991294838594,0.0920338661842956,0.0937084223763602,0.0931656855350353
2806,0.0699199065064272,0.0577952505913778,0.0578954535199165,0.385210224476307,0.263267707343445,0.165911457562526
2807,0.113989768074424,0.157373527477127,0.21359836270102,0.0908844729228646,0.176733973000921,0.247419895823643
2808,0.00764451223554439,0.0345480627284927,0.0533846451527228,0.0231983656206082,0.207282039144896,0.673942375117735
2809,0.048181476850241,0.0865379444201815,0.452484993934715,0.0345952654157263,0.0503303736834263,0.32786994569571
2810,0.00936797125041472,0.042915992949941,0.0534419750845579,0.112395583741579,0.415479397203871,0.366399079769637
2811,0.0044011941723387,0.125952628504618,0.119301618928333,0.0137696563196511,0.430767310722234,0.305807591352826
2812,0.381663956468254,0.297849105732875,0.126185978707685,0.0730083688513701,0.0883377502198196,0.0329548400199957
2813,0.191396478086575,0.114635834085339,0.116509602362221,0.172139117682682,0.264898202488871,0.140420765294311
2814,0.0152513501484699,0.275356686131819,0.224764512034782,0.0249156707302657,0.172569613346478,0.287142167608185
2815,0.0110439908216392,0.052991059690612,0.10545029848433,0.0310489190173904,0.145964677960671,0.653501054025358
2816,0.310539928344362,0.150097343016866,0.274149660974561,0.0923659807573818,0.140651053168918,0.0321960337379102
2817,0.065327005560076,0.455888295489443,0.0978484335217591,0.0659019706823357,0.209623161854916,0.10541113289147
2818,0.22114583847671,0.407708767678846,0.180071311540673,0.0311146510123969,0.0808895447540369,0.0790698865373374
2819,0.334633825070554,0.396163977437432,0.055692949350554,0.0442814559140273,0.143750373148249,0.0254774190791833
2820,0.429854231420638,0.239972738721722,0.239263194681871,0.037648307813336,0.0368759440394881,0.0163855833229447
2821,0.00343575287807966,0.0445168268283209,0.0135243768271705,0.00722934101220352,0.401894912726094,0.529398789728131
2822,0.150403570096537,0.219273144511682,0.240718831869329,0.0563330740212023,0.207499405290557,0.125771974210692
2823,0.0270377258875366,0.0976108382673233,0.0920994047715631,0.0732147484284389,0.266526656247745,0.443510626397393
2824,0.0212333734304373,0.0773164521612041,0.187063881508245,0.0405082460725062,0.332763441398133,0.341114605429474
2825,0.00331585704701392,0.0218324255479174,0.142766676129883,0.0108417561479985,0.0288391254352344,0.792404159691952
2826,0.0326558602762217,0.172129778310096,0.0469033504860288,0.0522419914721862,0.543102256206455,0.152966763249012
2827,0.0996903100069958,0.55448577269787,0.144889887183235,0.0120259688974223,0.10956598988542,0.0793420713290565
2828,0.00908058487840702,0.10767400023164,0.075415946956556,0.014942701161905,0.477207980194834,0.315678786576658
2829,0.0378947597770224,0.0341516394296619,0.0384836602926883,0.201111339597224,0.593726095244998,0.0946325056584053
2830,0.00419289064716148,0.0270923075910861,0.132422197701973,0.0382848602720547,0.167953729711665,0.63005401407606
2831,0.332512374067095,0.384003932557705,0.111016912694233,0.0688787456150963,0.0670071585109614,0.036580876554909
2832,0.0282391638523217,0.277268448074872,0.231680942787498,0.0174631682333221,0.299518368770593,0.145829908281392
2833,0.183440946131149,0.105576605411578,0.154075401602876,0.164513708415678,0.211073835163898,0.181319503274821
2834,0.00602665679352482,0.0482574614536983,0.12232384948611,0.0173783415431697,0.195083092147424,0.610930598576072
2835,0.185809222886003,0.289296610967056,0.0637124323215847,0.0734083784457636,0.282155060436142,0.105618294943451
2836,0.0206001702296924,0.0731267405145117,0.0580144934148818,0.0730627690102901,0.371511576205009,0.403684250625615
2837,0.0270332397644538,0.244408833233322,0.304910262829769,0.0451870333093127,0.187291002917394,0.191169627945748
2838,0.268758766886305,0.237156333533032,0.181235871652765,0.106377250132723,0.0665752907235339,0.139896487071642
2839,0.082541841889888,0.183409663265966,0.180191850608693,0.141287379638589,0.220035144704818,0.192534119892045
2840,0.137911634223523,0.060023008320109,0.099609550273339,0.372041942143134,0.123298613555198,0.207115251484696
2841,0.334697676881597,0.167859998539519,0.103726325988157,0.0726684975325368,0.192699988614392,0.128347512443798
2842,0.00585735898260294,0.0342575838010367,0.0227181304401661,0.0211172842054244,0.494844956429292,0.421204686141478
2843,0.0714854244532379,0.116460493928642,0.0745330136492784,0.00846313219240762,0.496003497439614,0.233054438336821
2844,0.0292087435638279,0.0955302714243404,0.512489419331803,0.0110276971767802,0.0562846192449281,0.29545924925832
2845,0.228855653958787,0.438734700204658,0.0948452780292391,0.175069678277938,0.050360443011551,0.0121342465178265
