"CUS_ID","F20-","F30","F30+","M20-","M30","M30+"
2501,0.0972446854945241,0.465728289154852,0.0980362744659609,0.0422285720434149,0.152007304138547,0.144754874702701
2502,0.0373590147989534,0.142720297833576,0.201238329226377,0.0773958802354315,0.340358366146651,0.20092811175901
2503,0.0718106678632615,0.34598458129214,0.0653029013059065,0.0658109475262576,0.325004584806195,0.12608631720624
2504,0.348985797408173,0.147502765575944,0.142633213182053,0.162314699305641,0.103017382545264,0.0955461419829257
2505,0.0379372336117338,0.138831527968041,0.177861127210069,0.0589117990820024,0.166664889325559,0.419793422802596
2506,0.0267450715726044,0.311622618904211,0.102308364680827,0.0271666260534191,0.257552201929597,0.274605116859341
2507,0.0158064570940944,0.03552528517696,0.0928071823492685,0.03433235679933,0.205303570895468,0.616225147684879
2508,0.00985184549033614,0.0356470441648573,0.0469319094549495,0.0340371994289848,0.423972169081986,0.449559832378886
2509,0.0274290096988985,0.0544054342749468,0.171965463525202,0.0462003414548796,0.176942995396688,0.523056755649385
2510,0.0180733327155608,0.0839301906011943,0.0598046580673524,0.0411607345584755,0.348272427603185,0.448758656454232
2511,0.655395756361391,0.10252564039048,0.0746731793047495,0.102603319457595,0.0437673183877615,0.021034786098023
2512,0.0583006004037059,0.165715694881359,0.0838049529261476,0.139745871120476,0.435202245904852,0.117230634763459
2513,0.00762252456711516,0.0298206620420982,0.0914329323385982,0.033258619680454,0.256222773896437,0.581642487475298
2514,0.117427916959066,0.559614057816549,0.0621914368172734,0.0359874829849733,0.165632577777513,0.0591465276446259
2515,0.0176562030503321,0.0493234060224016,0.121238767743127,0.0428436946800806,0.173907427254961,0.595030501249098
2516,0.076512473977652,0.112682614910388,0.0786095248636946,0.140758289710988,0.347864444265515,0.243572652271763
2517,0.0355136151752159,0.363955670399636,0.122708725637554,0.015098913455751,0.180472415162821,0.282250660169022
2518,0.448891124454785,0.232682993521783,0.100038744251962,0.0619982057774663,0.086801524651636,0.0695874073423673
2519,0.0494191874768777,0.828560175742081,0.0228992979165505,0.00967933511732043,0.0579950530605769,0.0314469506865932
2520,0.027500032650585,0.050352377860432,0.0224829513153838,0.0949754475856009,0.62857091020254,0.176118280385458
2521,0.028469465636448,0.0721069612898599,0.302213259102705,0.0505480715671186,0.121961370505556,0.424700871898312
2522,0.324376051057473,0.236715756375522,0.176267353377433,0.0740771803490366,0.125007206128085,0.0635564527124493
2523,0.0616868823303856,0.367984594750426,0.0887924910715447,0.0194496853526533,0.29781357568446,0.16427277081053
2524,0.0584290110174004,0.132434735958443,0.281665268128702,0.0569197251808471,0.119073319392367,0.35147794032224
2525,0.112297738151189,0.0726965464715513,0.0805958377687687,0.401379886340411,0.272441217262308,0.0605887740057713
2526,0.106681960053327,0.223211112532781,0.0802889370606898,0.101328853030912,0.31018852810796,0.17830060921433
2527,0.542959482577862,0.168079783333751,0.0903553724676119,0.0551706852431201,0.0846438288271917,0.0587908475504628
2528,0.00820646858926587,0.0235134388088072,0.0676220437599219,0.0547868333582386,0.205689438969159,0.640181776514607
2529,0.069991497618976,0.0975779019389918,0.287818201236356,0.064572746688335,0.116297490142063,0.363742162375278
2530,0.00473477826551451,0.0224925399624644,0.144993054974404,0.0268336779391967,0.112660433893981,0.688285514964439
2531,0.0433061608060078,0.141721756937803,0.14571470927073,0.0838821774889483,0.309983526187762,0.275391669308749
2532,0.036789021906286,0.165129780951625,0.158191038680407,0.0710516117213082,0.254650527733362,0.314188019007011
2533,0.00473701863300547,0.0118967171067694,0.0674904318246705,0.0118566298271012,0.0296120925983287,0.874407110010125
2534,0.246955660624611,0.0703788963094285,0.0528317918896878,0.473197569183544,0.093088730672124,0.0635473513206055
2535,0.0623838984678445,0.122808068709382,0.143035214196956,0.0615709895947165,0.182686055615045,0.427515773416055
2536,0.140965415036824,0.240483600648035,0.11399587475818,0.0674405392450592,0.186293187902059,0.250821382409843
2537,0.0391862394929853,0.734558383203917,0.0901955001169297,0.00831909587547207,0.0709014239146099,0.0568393573960856
2538,0.238403324456096,0.108497385216732,0.0682310444789825,0.110938388982121,0.310149737041114,0.163780119824955
2539,0.16695305520284,0.271912644218734,0.212478913355838,0.047934061326972,0.146436568935157,0.154284756960459
2540,0.36685391699728,0.17258615419649,0.044729634964365,0.152997692350642,0.219700011196586,0.0431325902946363
2541,0.158631739135705,0.0733986264501233,0.0239233072300148,0.317414246809526,0.352956879542403,0.0736752008322272
2542,0.109350779527156,0.42901047445056,0.0824794217230145,0.0360962078817268,0.281372480913603,0.0616906355039393
2543,0.0143777458222361,0.0281314294803811,0.0787713734966143,0.0133241879172782,0.2522513176399,0.613143945643591
2544,0.106469458480116,0.145623684718811,0.109643957717998,0.227749642676981,0.159293752968538,0.251219503437556
2545,0.0338282751792688,0.321828725378747,0.0546225057672789,0.017349859822322,0.363238997805708,0.209131636046675
2546,0.0372680193025951,0.0360625256065155,0.014009804941103,0.259941763716805,0.571151052331053,0.0815668341019283
2547,0.0967476676934989,0.189064199794981,0.268311544953635,0.058767716441358,0.183565903167507,0.20354296794902
2548,0.0729774924347182,0.0909219080355894,0.113570447473223,0.213220841757268,0.41003144083558,0.0992778694636219
2549,0.00984692521485557,0.0401586598340272,0.0416612958123536,0.052527444334984,0.313715273884076,0.542090400919703
2550,0.0181791786803784,0.0279143302205354,0.0182985225988902,0.185886728554437,0.574938964864769,0.17478227508099
2551,0.119193451040498,0.226990815345782,0.0628943352470305,0.171628193939708,0.254500508299868,0.164792696127113
2552,0.156808783195181,0.365286286152513,0.1482628178945,0.0690965215489336,0.123910033690629,0.136635557518243
2553,0.485162274924683,0.210013139036728,0.0432750821080513,0.112331632082092,0.125616993681942,0.0236008781665043
2554,0.0961580192523603,0.196563625582228,0.102151189915262,0.144506846339249,0.363009060342574,0.0976112585683268
2555,0.0185602422253431,0.0833532532559696,0.0700243185523575,0.0517465067625664,0.566254332716208,0.210061346487555
2556,0.077233768640104,0.292647304786135,0.283661221814124,0.0614553801455228,0.151074243780319,0.133928080833795
2557,0.30729852266904,0.240066875183436,0.308958251237038,0.051155468814377,0.0641600727196515,0.0283608093764578
2558,0.0454153914697672,0.107551382856013,0.592782230189188,0.0450993113358749,0.102517731723603,0.106633952425555
2559,0.0725942569467306,0.451887549573118,0.151485754313352,0.0339505123346638,0.103963022726992,0.186118904105144
2560,0.00986435907869036,0.0944516281859638,0.0997856317031063,0.0282612827694858,0.169574491992703,0.598062606270051
2561,0.0259532108396341,0.0742398042386617,0.155887997597895,0.0221426407314984,0.117520270245001,0.60425607634731
2562,0.333575666079305,0.381965818569174,0.044962232824426,0.0418033871245218,0.170625806069245,0.0270670893333292
2563,0.238980165574721,0.185681971310976,0.266613293757818,0.0931881024168788,0.10296609412135,0.112570372818256
2564,0.157258467794152,0.0805639646648735,0.0856643701412721,0.286859413165459,0.233897336081509,0.155756448152734
2565,0.0228369831400842,0.0699501931532263,0.0744640683036916,0.0416833466525425,0.183156135421738,0.607909273328717
2566,0.016043908494601,0.0366725228160987,0.0943180788923543,0.105876193008422,0.303708067274124,0.4433812295144
2567,0.0437257430310819,0.134863285769633,0.119848604520463,0.0611340163996195,0.145723748978661,0.494704601300541
2568,0.0107530566483975,0.0520181985801006,0.0820449079849614,0.032436656955557,0.220905750932452,0.601841428898532
2569,0.0264826065283701,0.0861115969034093,0.223256919191929,0.0231691158873873,0.167247849742664,0.47373191174624
2570,0.0305629196031506,0.526817537125848,0.110288462984291,0.0185649513085025,0.159275512483929,0.154490616494279
2571,0.113222279991461,0.0821850287596052,0.0357738655780926,0.318702393799196,0.324821710633152,0.125294721238493
2572,0.0844096311191309,0.085495827737625,0.361361994757141,0.143982831223575,0.121039354392238,0.203710360770291
2573,0.0925961730475787,0.317687320649636,0.0908821581321845,0.0441312011830055,0.255163365928352,0.199539781059242
2574,0.0334889532666224,0.0568304978427974,0.0348779148243347,0.411048915919934,0.381675233677711,0.0820784844685999
2575,0.0219510507975989,0.0302546841691384,0.0177620649884233,0.138283780121632,0.686249970256352,0.105498449666855
2576,0.298119726649662,0.327368922813935,0.118414506977339,0.0752778799304744,0.09142434539231,0.089394618236279
2577,0.0447904229936177,0.227265974279532,0.280981689070799,0.0322597247747664,0.170536148621007,0.244166040260278
2578,0.00283622033749869,0.00906256139576222,0.0411146916386926,0.0124891185065807,0.0618289721885382,0.872668435932928
2579,0.263150538524278,0.217060864396057,0.29585717239718,0.043275515157122,0.0895758364817312,0.0910800730436318
2580,0.0718019977170006,0.271795100378137,0.164902121750799,0.0329791058579525,0.202326563538287,0.256195110757824
2581,0.0150237539636962,0.0516620765996654,0.085883106987096,0.130071394568394,0.431361575741077,0.285998092140071
2582,0.11960254802491,0.553475680925186,0.0673598302469542,0.0318454410447576,0.172062844788302,0.0556536549698905
2583,0.0490995813994746,0.566746330048128,0.174084344740712,0.0187562550196327,0.0997493598356546,0.0915641289563977
2584,0.292360372043238,0.591674735509752,0.0306147393733979,0.0125444133543728,0.0553932894693847,0.0174124502498548
2585,0.0251901399862455,0.0644137401799498,0.0739503173629515,0.0731439053265538,0.454559188833068,0.308742708311232
2586,0.0478404895794196,0.281804097632417,0.125448575674163,0.0404455276334843,0.193899858590973,0.310561450889543
2587,0.204965470466848,0.0779987474601173,0.0591988588831894,0.250263087330041,0.29936351622413,0.108210319635674
2588,0.0476507691327459,0.0350558849538139,0.0285770775201023,0.147373459973802,0.617179924896649,0.124162883522887
2589,0.0431680141966927,0.0880855105964532,0.052107195901903,0.131164703873382,0.575399612547953,0.110074962883617
2590,0.0150106254715964,0.0607190897023374,0.143512573700571,0.0661376652274484,0.180205855448731,0.534414190449316
2591,0.100409584132319,0.125907572250955,0.24720569259867,0.0551127323563316,0.0871275269212176,0.384236891740507
2592,0.0213099982301821,0.0504020845219064,0.0336616030546641,0.126327028720518,0.617719280235117,0.150580005237612
2593,0.193764029002979,0.216637567686519,0.0790286077761722,0.207951081656559,0.206408838065809,0.0962098758119622
2594,0.0325732455872682,0.0590974770003967,0.0599439608726484,0.0334413363998732,0.410855527401776,0.404088452738038
2595,0.104042760375693,0.121796248087955,0.217049338842849,0.160316743820084,0.169068729112102,0.227726179761317
2596,0.775724644371362,0.0684325090016206,0.0153224186100669,0.0976626752349902,0.0360515370562586,0.00680621572570208
2597,0.0121597184233907,0.0463846409532329,0.195014352858799,0.0373487452728131,0.178512462541666,0.530580079950099
2598,0.0180800147405974,0.0973449616840513,0.125592821254583,0.0189552537188552,0.131279950300243,0.60874699830167
2599,0.213223837163443,0.21933875242049,0.111427763789596,0.183955790476383,0.169594936221389,0.1024589199287
2600,0.0264970680257463,0.0675542060412096,0.100999391764179,0.0675279130280225,0.645576141435456,0.0918452797053862
2601,0.0429352177475161,0.0911754734090616,0.23269188567823,0.0537439389038038,0.135706503019798,0.443746981241591
2602,0.0247740800345344,0.0821719368201922,0.102424124868227,0.0473647250192775,0.191297046133855,0.551968087123914
2603,0.0427873182440454,0.565583966671236,0.0438590496929023,0.0311754130026349,0.244329421985892,0.0722648304032897
2604,0.048223382307715,0.185957592546033,0.290896427804327,0.124385506180665,0.105729292697506,0.244807798463754
2605,0.00975559644485271,0.114914763757289,0.305983409811886,0.0404462640527997,0.207782640041556,0.321117325891616
2606,0.0467516481982456,0.092526326369079,0.118859394206426,0.0485421343305457,0.222018871703505,0.471301625192198
2607,0.00812518974067682,0.0230416138362594,0.0675550242357574,0.0230744260427754,0.0996264214287458,0.778577324715785
2608,0.212002046721408,0.164561046776349,0.0762928029031801,0.139339298142165,0.244517570909477,0.163287234547422
2609,0.0220217127665538,0.0467861420346945,0.0587589573999622,0.0965407788142682,0.428229961669067,0.347662447315454
2610,0.102582101659165,0.200946395717712,0.0577351125706372,0.159020456429641,0.277246405683627,0.202469527939217
2611,0.0244116322038346,0.076819003184457,0.20574522965301,0.0414719075215461,0.0812457151981451,0.570306512239008
2612,0.071108970634401,0.256879019034494,0.127160752088543,0.0439411628052735,0.137981150809289,0.362928944628
2613,0.423772766876859,0.376717860884327,0.0571847989221484,0.0536521068038727,0.0696839097402186,0.0189885567725743
2614,0.141588470275128,0.102404958227574,0.0751231454708041,0.16827031130261,0.243688181102932,0.268924933620951
2615,0.405010215561516,0.266463761060356,0.164194082435111,0.050469659425224,0.0694290070091952,0.0444332745085982
2616,0.0116664464263093,0.0588607823926848,0.0736320075885694,0.0506752382725197,0.46663465207196,0.338530873247957
2617,0.161254499994607,0.309443409221407,0.268196963837632,0.0401394605920811,0.125137522701249,0.0958281436530237
2618,0.0584514234588616,0.072141096304529,0.0996004103605681,0.0635040659829772,0.438260835086935,0.268042168806129
2619,0.0284638434061914,0.0325199470699912,0.0183759951204191,0.0743170303598258,0.719606176782438,0.126717007261135
2620,0.0129019783871244,0.115194957091464,0.247462679130655,0.0294956082643557,0.265151014682449,0.329793762443952
2621,0.0334974296964557,0.0885182779883376,0.0514191886486143,0.124495408503675,0.582603731112932,0.119465964049985
2622,0.00618578492828244,0.0185876870561467,0.0384825205990741,0.0192974253690254,0.146505504076304,0.770941077971167
2623,0.211186390439113,0.228552669591639,0.0434990356579068,0.077171370611853,0.359247843991826,0.0803426897076609
2624,0.035500984298137,0.0552906212783615,0.111968713184843,0.0743451929742313,0.170659972808121,0.552234515456306
2625,0.0834641151836085,0.202794306530092,0.50102546617288,0.0359913569318283,0.0793892120205063,0.0973355431610852
2626,0.0115747951192195,0.0304388135331394,0.0665058294257715,0.0313719688303933,0.161451783019949,0.698656810071527
2627,0.0686927479722479,0.148996795708872,0.315337258296921,0.0354586389739442,0.170748864713845,0.260765694334169
2628,0.104128258444064,0.126327752878872,0.0849230684437879,0.325556425271634,0.278960130011017,0.0801043649506245
2629,0.0415573160632945,0.220308961168724,0.0647089032447918,0.0511017399567606,0.35104053870204,0.271282540864389
2630,0.14284718522642,0.133647869829373,0.143590234386443,0.0903103420770201,0.221059068285434,0.26854530019531
2631,0.0202339768271755,0.227906726979295,0.209487708815847,0.0309932059511173,0.277231769319917,0.234146612106648
2632,0.00788546814315942,0.0233813360943113,0.0762945197738669,0.0255484322408317,0.135765291715284,0.731124952032547
2633,0.134874723133165,0.401083812333246,0.0611870521697413,0.0988381079367399,0.213434174958658,0.0905821294684504
2634,0.0456609016621279,0.0764475288520759,0.266078088281434,0.0854562651280161,0.158082704625148,0.368274511451198
2635,0.0243104954881184,0.0798748045226891,0.061598297224475,0.0391015286544623,0.594115140813268,0.200999733296987
2636,0.0252327095703108,0.0689880015744136,0.131970702373808,0.0445344726457563,0.347116238850629,0.382157874985082
2637,0.0193480372392437,0.0774447327426219,0.0340698977330702,0.0254588016364781,0.663759805929538,0.179918724719048
2638,0.0752225112108775,0.0495031752729876,0.0766374470565573,0.316616518606014,0.188273203377785,0.293747144475778
2639,0.102667817298037,0.0742721695163622,0.0534075249934852,0.311870743236264,0.364859273117876,0.0929224718379755
2640,0.0214406708060786,0.0419402545799721,0.0717087400260549,0.0344413297745158,0.133396867837988,0.697072136975391
2641,0.164811485840312,0.192853383368867,0.145383179225084,0.13453533780841,0.196966889440091,0.165449724317236
2642,0.0218319460975405,0.0948378118990471,0.139878404954409,0.0446739345961775,0.221582074154104,0.477195828298722
2643,0.365995332135881,0.363341900756022,0.0289424028499942,0.118264831003632,0.0949892984529779,0.0284662348014928
2644,0.00995964942554862,0.115286659033625,0.0473211873186646,0.0194040581952065,0.217213654901374,0.590814791125581
2645,0.0212877352451534,0.0725381449771835,0.0446311789493751,0.0563392993460514,0.308811627986329,0.496392013495907
2646,0.0064738507839806,0.0246807622674176,0.100136293005644,0.0251101070175211,0.0601247970985591,0.783474189826878
2647,0.0777841649151048,0.106796275384337,0.116753222282188,0.132863460752472,0.240944715223314,0.324858161442585
2648,0.166439967700827,0.284462148083111,0.362431637464646,0.0273188608364482,0.0560294683542011,0.103317917560766
2649,0.0432489383107111,0.0585713880816711,0.101933949766482,0.058682588049014,0.235562223798357,0.502000911993765
2650,0.0646568156649742,0.0524018246092903,0.229177332617697,0.0607764003867954,0.110444705575559,0.482542921145684
2651,0.0284413061637102,0.0786074857192205,0.0445982250954909,0.0546344044350826,0.552681580804688,0.241036997781808
2652,0.0227196384329192,0.181501464812817,0.0638049218527394,0.0501042005632994,0.411976534836681,0.269893239501544
2653,0.256737725272289,0.245083931419629,0.137389175464701,0.0582670336293965,0.174500093919001,0.128022040294983
2654,0.00786018384582169,0.047892853038008,0.0937219375476235,0.0595891211109646,0.150414695510141,0.640521208947442
2655,0.400068463264108,0.245898943495256,0.067061547010121,0.0992193948487211,0.144019986635448,0.0437316647463456
2656,0.0133482254864901,0.0679358574434334,0.0661533443235547,0.0396512553610829,0.392718551685105,0.420192765700334
2657,0.0224958306118267,0.0453832185435624,0.198384498034748,0.0361918107092471,0.108343739615069,0.589200902485547
2658,0.19255841526853,0.180612607801311,0.16354865193435,0.226622719925858,0.131468883771819,0.105188721298132
2659,0.147917050278715,0.0907856395393334,0.128059821266073,0.421167353909757,0.106247000963345,0.105823134042776
2660,0.012621362921047,0.0390232812551713,0.0465722755734694,0.0424115791742843,0.254637703034983,0.604733798041045
2661,0.00642399193405985,0.030527217495715,0.110436196333709,0.0297393859637856,0.101523985651024,0.721349222621706
2662,0.00795156494879294,0.0532249443760347,0.114076398600837,0.014907715693725,0.122393478899064,0.687445897481546
2663,0.00844177758693518,0.0332609982462041,0.0543973527738387,0.0415832360969092,0.400475498500005,0.461841136796107
2664,0.0431393784152465,0.104721202864038,0.0377810983067308,0.111804603036062,0.525645782187273,0.176907935190649
2665,0.247837044191747,0.28386709939819,0.102859992846995,0.0688842337556419,0.180082015371714,0.116469614435711
2666,0.00980946575511978,0.0220948973429895,0.137439711560812,0.0253101233064853,0.0345900928771145,0.770755709157479
2667,0.0758665966749987,0.136335942022022,0.423569551348629,0.0861934264041744,0.168990679706048,0.109043803844128
2668,0.0203818138511947,0.0850327389064094,0.437148619651317,0.0302330919712443,0.123203176727705,0.30400055889213
2669,0.0544724253378048,0.187924750120583,0.111210477906968,0.0304457366369249,0.206523726164485,0.409422883833235
2670,0.0130257798281485,0.0602775485235199,0.156143008869166,0.0279153554882934,0.188966781034908,0.553671526255964
2671,0.040136457861118,0.0801651816231555,0.0416002336008244,0.0997536131573686,0.32959258830208,0.408751925455453
2672,0.00884846505599393,0.0693369178518983,0.151084819148252,0.0253495376768298,0.192067786538995,0.553312473728031
2673,0.338389924418687,0.312186561108979,0.0526271487346743,0.110813049992932,0.1432663274162,0.042716988328527
2674,0.0363473255096378,0.0470597379924368,0.0718473606019885,0.268298011991069,0.358360361122349,0.218087202782519
2675,0.545453987587158,0.192595609924312,0.0217228744512022,0.148961917479485,0.0745424829070823,0.01672312765076
2676,0.0265228694083281,0.0386828283780204,0.0618990616925049,0.14338718020487,0.425878637809377,0.3036294225069
2677,0.0882964330802928,0.255766630806618,0.295276997777604,0.0412741014512328,0.213960080074706,0.105425756809547
2678,0.0508029039798866,0.174413743828695,0.202164743703427,0.0590918329689269,0.280912828406434,0.232613947112631
2679,0.00407558918737728,0.0207788966387259,0.0479645551629641,0.0287989749380044,0.309053628301342,0.589328355771586
2680,0.0722262149724766,0.124354596485087,0.345848352979506,0.149822321629229,0.143903657936685,0.163844855997016
2681,0.0467337730433545,0.162519745991405,0.11812799046597,0.0815258741635657,0.298373935255032,0.292718681080673
2682,0.0183529689534952,0.042885169804669,0.133795509085707,0.14264776118936,0.214709335917407,0.447609255049362
2683,0.427412535899938,0.299780988657164,0.0403111058853027,0.109337681014725,0.104803263915396,0.0183544246274749
2684,0.0134726981788054,0.0450204697528682,0.0530026300421838,0.0942418645465252,0.435730417226894,0.358531920252723
2685,0.155468084306471,0.100329650282037,0.148935295563038,0.0464940589718794,0.0851346596150627,0.463638251261512
2686,0.0208555881579304,0.149513061330476,0.161529830713235,0.0489135580593466,0.19056498315789,0.428622978581123
2687,0.307939840672393,0.214284847526349,0.0945698539711047,0.170241185968594,0.172565317760698,0.0403989541008606
2688,0.0482127466516752,0.154256980735417,0.0783389469629119,0.262383781275957,0.329639550027522,0.127167994346517
2689,0.176605770403706,0.594385761095142,0.0310201976691096,0.0477822236681107,0.120179055817573,0.030026991346359
2690,0.0138017771512228,0.0265959118619062,0.0382095086987962,0.206056673980076,0.464974903445236,0.250361224862763
2691,0.0468551903209969,0.229209366885594,0.0810570032488235,0.0588175362581431,0.321837702620189,0.262223200666253
2692,0.0624813040282805,0.112009578810312,0.234972675594963,0.0796244738171957,0.215152017091528,0.295759950657721
2693,0.0446281490619074,0.0739315318050562,0.239804799576748,0.0601910971020633,0.142777340452498,0.438667082001727
2694,0.0121123536919346,0.0310403849299547,0.0804504462457475,0.054127978688082,0.209574711250655,0.612694125193626
2695,0.601550232955574,0.174285776871747,0.0464813977158235,0.095086553288711,0.0622538539934014,0.0203421851747435
2696,0.0255580275967302,0.0956328492399337,0.295223070654425,0.0405821092866687,0.125197358583353,0.41780658463889
2697,0.0474497838773081,0.151053883900958,0.266443901972408,0.0435999895797978,0.163831363705414,0.327621076964114
2698,0.0181914455991299,0.05790789367026,0.223102466274584,0.0565272984012988,0.205632101158129,0.438638794896598
2699,0.0210265191453704,0.126666856071691,0.308775965666631,0.0220352357878073,0.090452310920107,0.431043112408393
2700,0.00328878852404288,0.0375813357961491,0.0311295896619169,0.0108167220566572,0.317693788358582,0.599489775602651
2701,0.0253079785127914,0.0519888828047269,0.0898724333626112,0.119869560893973,0.264225744679618,0.448735399746279
2702,0.422320435726422,0.191581493714381,0.180735602831746,0.0674988455879675,0.0752954723654497,0.0625681497740334
2703,0.0907067752111369,0.0832859418637172,0.152331016370653,0.110276383657172,0.257401997696554,0.305997885200767
2704,0.0388844496140336,0.213441421573899,0.457289532381212,0.0545958917331022,0.111126875256661,0.124661829441092
2705,0.0206962709193897,0.172234424796637,0.421927035405523,0.0256556245838842,0.121850046155549,0.237636598139018
2706,0.0191741626475496,0.102809686121116,0.17000974234464,0.155391756310567,0.169902665897149,0.382711986678977
2707,0.0167328938171478,0.0354663319986172,0.0336454320780819,0.0652521201539015,0.614911158787287,0.233992063164965
2708,0.370401782770503,0.370904078465403,0.0597285088295401,0.0554725057758525,0.108309388919824,0.035183735238878
2709,0.0782132359730456,0.170640176833738,0.291703405945925,0.0599586279966588,0.10977363009281,0.289710923157822
2710,0.0785824622882274,0.0889161721024194,0.229770822116878,0.0812875806542553,0.134113263206697,0.387329699631523
2711,0.0319007466509625,0.0744261896831925,0.171165751386325,0.0490588829723487,0.273013112082181,0.400435317224991
2712,0.126440102774122,0.0970547460066538,0.100745868558243,0.168304808104297,0.346116697472935,0.16133777708375
2713,0.159751982567008,0.241913174359805,0.244142859776846,0.0569952746675514,0.105051139162934,0.192145569465855
2714,0.0060618460452545,0.0648915084873859,0.127907960386402,0.0247893213580205,0.158020288576749,0.618329075146189
2715,0.0426925578333634,0.120881093163026,0.380298460473561,0.0472604652977602,0.213132926420573,0.195734496811716
2716,0.0320417137101582,0.0670107118936603,0.103348380007787,0.0777344135029352,0.391419977558533,0.328444803326926
2717,0.0136600626221514,0.04494121007382,0.039121862013022,0.0422500610274078,0.276041109054361,0.583985695209238
2718,0.0222257543901197,0.0611437887918366,0.279528092192066,0.0752994621296056,0.170020601311452,0.391782301184921
2719,0.0382506701321444,0.112161401152986,0.218189285708351,0.0679491310223916,0.305575195134024,0.257874316850104
2720,0.0997375062316962,0.107035680410443,0.253755333674375,0.0971784856586059,0.228139875150262,0.214153118874619
2721,0.0211521312517982,0.0567368255390459,0.10007362714113,0.0522301671008998,0.315528151459463,0.454279097507664
2722,0.286071449965781,0.501345578981618,0.117542234833778,0.0151292526448674,0.0564044951829132,0.0235069883910418
2723,0.0556746940188539,0.142120875697395,0.1126576055567,0.0725309105090552,0.199126384475196,0.4178895297428
2724,0.684406252029281,0.0916315922966503,0.0588375079858985,0.0872534734502513,0.0549267342054236,0.0229444400324955
2725,0.234447800723291,0.280533423260673,0.0770024126210406,0.205106938273141,0.126588371778848,0.0763210533430054
2726,0.0667622320258147,0.104847927082861,0.0565392595318385,0.177511835686752,0.526241438829598,0.068097306843136
2727,0.00735195667892739,0.0424076890747142,0.0783144051190966,0.0367686928118413,0.2973186963505,0.53783855996492
2728,0.0245028290942213,0.0449342091033095,0.137222269444808,0.0626228743161009,0.136841527555979,0.593876290485581
2729,0.156390551663914,0.228570846075613,0.0938655854659945,0.111007457598461,0.259976395747486,0.150189163448531
2730,0.0211701607445358,0.0359785299665889,0.0828194659995876,0.070336604685218,0.413494050873592,0.376201187730478
2731,0.163935064570363,0.169138386736514,0.0703811367164631,0.163951520236195,0.321118140926562,0.111475750813903
2732,0.0317315553347714,0.0861029906442998,0.280750291968043,0.038903332198429,0.109341297080588,0.45317053277387
2733,0.0565254413801666,0.141475124262529,0.149564427708296,0.183958984361502,0.368050973983907,0.1004250483036
2734,0.0356412704835621,0.68110317060941,0.0475540782848104,0.0138685001472104,0.12394503219028,0.0978879482847268
2735,0.0477618913921494,0.448386302463361,0.132562518451851,0.03104697505244,0.135886439537666,0.204355873102533
2736,0.0393889015308684,0.0866548674044558,0.0593878608965992,0.340673340584675,0.366903388907734,0.106991640675668
2737,0.176382682414068,0.112953831682868,0.248976203934421,0.115042939398605,0.17125990326805,0.175384439301989
2738,0.0308327345929898,0.114036029974746,0.12597971622009,0.05904236575771,0.1438912014269,0.526217952027565
2739,0.12667408395087,0.260611129182814,0.250457273824631,0.0434381828082364,0.215773528295442,0.103045801938006
2740,0.2405707501218,0.348300322354516,0.0562493025515107,0.0919642410160188,0.111820390596701,0.151094993359454
2741,0.0638735264249646,0.323281479549729,0.118505210532431,0.0375039931343593,0.307955992884818,0.148879797473698
2742,0.0635462293602562,0.0652966409898913,0.0459067552204588,0.222933078495238,0.449427968484093,0.152889327450062
2743,0.194934525790281,0.217883629720384,0.105043635096538,0.112579345335698,0.223287953328313,0.146270910728786
2744,0.0341202861964537,0.081384927068408,0.0578341195166432,0.120525563136954,0.606015599855372,0.100119504226169
2745,0.0141495537339081,0.105833640775694,0.309800957752289,0.0706940944109599,0.267768381597015,0.231753371730134
2746,0.0217730528851096,0.0865299344519355,0.12009121507891,0.0415209434044751,0.286504158168728,0.443580696010841
2747,0.021468497831552,0.0291568064710219,0.0143121468292355,0.0912793870707695,0.658000563944519,0.185782597852902
2748,0.011262037075931,0.0509143645014518,0.069575249565552,0.0428615148256296,0.598532099831187,0.226854734200248
2749,0.230707326730589,0.108909433283647,0.0598271846968901,0.283086074063196,0.228713765699995,0.0887562155256837
2750,0.0147301209457857,0.0628736628706112,0.406416479060634,0.0366722178660232,0.114643415141837,0.364664104115109
2751,0.215549634035815,0.176055290818365,0.0659576803618587,0.111584739336375,0.372203922971279,0.0586487324763082
2752,0.0458955597095178,0.164893145056911,0.196361819762624,0.093872795242775,0.172163148934718,0.326813531293453
2753,0.0638393079323293,0.0692357502359959,0.0217545997427114,0.355892591291693,0.434908261647308,0.0543694891499623
2754,0.0149850067725546,0.224814776914709,0.096198805765487,0.0230319801729474,0.373948611312841,0.267020819061461
2755,0.00431994095923027,0.0105559848637929,0.0479608047221185,0.0148787000616223,0.197037240207122,0.725247329186114
2756,0.0137025997018758,0.0257901351147577,0.0847697903550409,0.0232564133453732,0.0458698073211222,0.80661125416183
2757,0.0109875080313688,0.137828925198018,0.0281493755230733,0.0430405559357243,0.486738462060559,0.293255173251256
2758,0.0960220454723683,0.256150980876785,0.188753984797115,0.0348349976046008,0.250865715462013,0.173372275787118
2759,0.0237313696649994,0.19804223826122,0.0907566059466333,0.0197028193785882,0.24253567135244,0.425231295396119
2760,0.401943676814099,0.0767082769914505,0.0282536684853003,0.435633513331912,0.0470154971925297,0.0104453671847088
2761,0.179540410315339,0.142420480249642,0.0892438242356347,0.229913316940454,0.24281524969399,0.116066718564941
2762,0.0108017100695637,0.144785716880233,0.131399153308122,0.025687631371194,0.353893412423567,0.333432375947321
2763,0.0507018105509909,0.177661052755102,0.310742270386894,0.0672844537264183,0.194628358127942,0.198982054452652
2764,0.0161481223650381,0.0323677115332006,0.163626092824166,0.0249786684537383,0.109799925686903,0.653079479136954
2765,0.0280427784352484,0.163757037788215,0.21050276856868,0.0333398459679308,0.172471684546319,0.391885884693607
2766,0.0379752772466657,0.123636894047476,0.10119297441824,0.0642155122321041,0.336920205738267,0.336059136317247
2767,0.0332805927171476,0.0867654265893831,0.117106122457128,0.245164839968031,0.242586896127433,0.275096122140877
2768,0.0586627389076296,0.278691848104055,0.365479951565711,0.0275502885818956,0.0969526260013317,0.172662546839377
2769,0.0493729551993234,0.325546961682169,0.106735264949314,0.0779004179244355,0.28463599993048,0.155808400314278
2770,0.0040249659902899,0.0435552468477119,0.166849427698018,0.0266863478476807,0.144417328588369,0.614466683027931
2771,0.0325285396932802,0.154539604428325,0.485514790689308,0.0470831398370421,0.117056106006872,0.163277819345173
2772,0.0747414544786471,0.0850124145620553,0.101507967800894,0.159274998855931,0.424466382778832,0.15499678152364
2773,0.0653059464150568,0.318412586410365,0.130451846012369,0.0450466868205461,0.281702564217896,0.159080370123767
2774,0.123819361257718,0.379680343954004,0.0940680148921624,0.0512957451310817,0.228549256493245,0.122587278271788
2775,0.00438906081403625,0.0186438477001614,0.10026226507051,0.0120930326812647,0.0898851281580137,0.774726665576014
2776,0.0135444108387757,0.0326581753528678,0.0534506739910489,0.0503910225929132,0.255387714211244,0.59456800301315
2777,0.00315095402981224,0.0156526029262097,0.082445858671581,0.0154375628196618,0.0576068533322266,0.825706168220509
2778,0.0777374694761432,0.152632325946153,0.136701087198287,0.0883580403376169,0.176435272928884,0.368135804112916
2779,0.0378337541168044,0.0804186895890992,0.313847544675177,0.11845934319357,0.151597030604831,0.297843637820518
2780,0.0555271566074375,0.23968208484709,0.292274476109035,0.0528595480357633,0.125725971897101,0.233930762503573
2781,0.0158878750762255,0.034974057210326,0.0484318362209167,0.100424995597181,0.539218869242886,0.261062366652465
2782,0.0102785169331359,0.0433271196497252,0.197167224262631,0.0274545654395029,0.108671166633178,0.613101407081827
2783,0.300356997739988,0.4048137689683,0.111175274534162,0.0532280460613743,0.0916799465316386,0.038745966164537
2784,0.0645710999134974,0.301122126566044,0.056205783928275,0.127922105843897,0.367062843426445,0.0831160403218414
2785,0.00365504665919231,0.0190404088999353,0.0562937243449938,0.0360079391407209,0.243264338323188,0.641738542631969
2786,0.0187427609229689,0.0722224694830745,0.066852180104522,0.0698100054880879,0.391083151684267,0.38128943231708
2787,0.0083765978823627,0.0407120471776505,0.0960105188622508,0.0265876102318277,0.226190059325663,0.602123166520246
2788,0.0195219785559137,0.0669909213610521,0.12614558895277,0.0387110738093585,0.143362100029795,0.605268337291112
2789,0.0707764364475178,0.0755177352071347,0.269252351790113,0.0935183259698579,0.203120839020695,0.287814311564681
2790,0.0674172699823295,0.143067150796948,0.0531478384982569,0.0995705642174017,0.399150397078505,0.237646779426559
2791,0.205709690116754,0.0696970501533321,0.037237625235151,0.488028213172096,0.139750340333082,0.0595770809895846
2792,0.569404676887766,0.25084099220661,0.0272601614894587,0.052890225710578,0.0766741152347989,0.0229298284707882
2793,0.0105714908607588,0.0718640676713392,0.0474790820500083,0.0318254844429903,0.437770793610876,0.400489081364027
2794,0.505647611034849,0.223665712920871,0.0572551878966833,0.0790718841453099,0.103073338420079,0.0312862655822082
2795,0.3513083584182,0.118599003117,0.046960030515687,0.345413107737693,0.113170470166599,0.0245490300448211
2796,0.00648798073240738,0.0300762701810847,0.133212305127973,0.0284333790915317,0.0990876666926327,0.702702398174371
2797,0.0381138933766887,0.0525585400177301,0.0775557245576745,0.117820314116266,0.176845662594131,0.53710586533751
2798,0.0106142824869394,0.150533086308942,0.193558642776888,0.0145562167555884,0.243114528200134,0.387623243471509
2799,0.110750602492063,0.185995431024288,0.310039973223888,0.0395405750941416,0.148106052594452,0.205567365571167
2800,0.00933915799650096,0.0302199001349261,0.0420624003712091,0.0509806699012778,0.213920617872942,0.653477253723144
2801,0.0164039910545895,0.0439552752396297,0.0300961098569857,0.0412639973914974,0.476593192859667,0.391687433597631
2802,0.0307321839019747,0.0907145127952881,0.0627338646600596,0.102652927924285,0.316623969043051,0.396542541675342
2803,0.0858163816734967,0.511866795168421,0.0908468427300698,0.0250109302717875,0.175605183262818,0.110853866893407
2804,0.0192218253829837,0.0835306251747532,0.124217855543205,0.0620432922903375,0.378639414773699,0.332346986835022
2805,0.258320260978921,0.167924469749717,0.270174073398969,0.0881484998406274,0.13894700832765,0.0764856877041153
2806,0.143158919320729,0.0891162965999208,0.0681399656694343,0.219581766629598,0.260647985224158,0.219355066556159
2807,0.0752108450672076,0.175954738958323,0.169272989020697,0.0804728700023617,0.186774039067575,0.312314517883836
2808,0.0106770140981038,0.0474669353017058,0.0606743315336467,0.0309546078024892,0.283407456685141,0.566819654578913
2809,0.041575772823794,0.0886638163542222,0.287155512660339,0.0623710083106644,0.104751592334384,0.415482297516596
2810,0.0111129394057885,0.0395013562599969,0.0694098634580889,0.0892141740490395,0.452097696273837,0.33866397055325
2811,0.0138636098100855,0.145180730507159,0.239456268883024,0.0556820180562305,0.234013433135023,0.311803939608478
2812,0.392459808530515,0.294099323623751,0.123300304670448,0.0798141007129095,0.0699674232974987,0.0403590391648777
2813,0.0711696619706286,0.123735325852953,0.158832848862085,0.11276817106479,0.288633756771332,0.244860235478211
2814,0.0238935120799001,0.212485597846853,0.219555467492763,0.0451402738059339,0.204339894887319,0.294585253887232
2815,0.0590123775851147,0.100292812826165,0.162790271835035,0.086560803209834,0.158826841416238,0.432516893127614
2816,0.17990080567112,0.178526085968136,0.329140289405627,0.0764455298213793,0.154438714742883,0.0815485743908543
2817,0.0822413364660256,0.318497068404053,0.114125886911221,0.059688559949322,0.27295490331595,0.152492244953429
2818,0.277083454245792,0.27696628180815,0.183398544656852,0.0570335661973214,0.117138459578361,0.0883796935135231
2819,0.503187461171514,0.318576761393838,0.0529132457501776,0.0457553646938371,0.0590650854461475,0.0205020815444859
2820,0.311085787486019,0.207328242789898,0.345478459290186,0.0390927961985264,0.0612187025289178,0.0357960117064528
2821,0.00461646916636156,0.0322978667293274,0.0230932339947764,0.0122571843892393,0.430626275534536,0.49710897018576
2822,0.194574013993075,0.196498048130566,0.17257089758057,0.0654655072586022,0.248837285535848,0.122054247501339
2823,0.076734129981519,0.109151673042431,0.116630564454457,0.101298328546713,0.224744916128099,0.371440387846781
2824,0.0440084088068717,0.158617532679862,0.192893290390213,0.0488564411069962,0.24484567541679,0.310778651599268
2825,0.00600107694595511,0.044455694176785,0.206991763599067,0.0202762338386987,0.0365547129542105,0.685720518485284
2826,0.027316747046269,0.188904353683929,0.0562474556666724,0.0397408293741488,0.454386680285355,0.233403933943627
2827,0.112830008174301,0.381014694349668,0.12818408854471,0.0386733355450559,0.176063591985932,0.163234281400334
2828,0.0248647618294071,0.146004570865025,0.16477410414817,0.0570807867150482,0.378395720167763,0.228880056274587
2829,0.0279997357878141,0.0367868507867718,0.0371443884671087,0.16195059313679,0.589514925727666,0.146603506093849
2830,0.0049146474804302,0.0305356606411425,0.112344160336903,0.0248522717603047,0.159556297100938,0.667796962680282
2831,0.343366222822251,0.446307024806142,0.0778574428645838,0.0431852280557606,0.0549465173317457,0.0343375641195168
2832,0.0312220516824285,0.254155853998692,0.227379104727049,0.0275947763644439,0.233503515023532,0.226144698203854
2833,0.148636636447685,0.125924352987853,0.0875404309718169,0.181389273710068,0.265299368786553,0.191209937096023
2834,0.02453970181097,0.0765817898432074,0.0892465223202831,0.0384047577067116,0.250132488190293,0.521094740128535
2835,0.26345337425618,0.217052805196575,0.0350288660398732,0.192930905847781,0.213028467418953,0.0785055812406379
2836,0.0132001064818012,0.0294330481291248,0.0454670859713179,0.0497626096261262,0.229490566403273,0.632646583388357
2837,0.0570010095774056,0.233065832992188,0.33461893824576,0.0598375835140532,0.154556611270308,0.160920024400286
2838,0.14957961769605,0.203772712993263,0.23661307414112,0.0845155653620798,0.11830912158099,0.207209908226497
2839,0.152651550371033,0.177943675080365,0.131263285989039,0.0956160293880046,0.257472219325897,0.185053239845661
2840,0.133293068798296,0.100726192086976,0.160139202733901,0.160979153960323,0.208444849293516,0.236417533126987
2841,0.441566818400434,0.109237058674084,0.0563877124667413,0.182675553151822,0.151594567326939,0.0585382899799794
2842,0.00821272587627803,0.0295009447036398,0.0254229660332928,0.047268497172668,0.537934430367216,0.351660435846905
2843,0.153829705121019,0.121928148151886,0.135268842127424,0.088066989264634,0.290277780605418,0.210628534729618
2844,0.0290908635329147,0.0947750458020308,0.600222845919888,0.0235529627181073,0.0692953992705225,0.183062882756536
2845,0.179197208869978,0.360614511386086,0.163995472661879,0.15823696797732,0.109535860387668,0.0284199787170685
2846,0.0158054573339009,0.0466550832288176,0.0510016243679075,0.0549824940202283,0.373163919316362,0.458391421732783
