"CUS_ID","F20-","F30","F30+","M20-","M30","M30+"
2501,0.0502496620353389,0.52055856322248,0.115279981588828,0.0115330518248286,0.155788877969911,0.146589863358613
2502,0.0620005071688832,0.21720064000948,0.14031600514624,0.101290499122137,0.329434111208328,0.149758237344932
2503,0.01811748198123,0.655097058663903,0.0170584600824669,0.0189149404704516,0.257261785226982,0.0335502735749662
2504,0.539422698568324,0.105831320800094,0.0850428628236821,0.168898549801862,0.0432713174940435,0.0575332505119938
2505,0.0701603107087934,0.197805355196316,0.124132265182043,0.0523959349803297,0.119694650340462,0.435811483592056
2506,0.00599460751387144,0.379477968346249,0.0849871782257466,0.0181842949094203,0.258627395776305,0.252728555228408
2507,0.00677307018858289,0.0210820830231228,0.107306056813828,0.0225994798518152,0.186847773404703,0.655391536717948
2508,0.00352853187033983,0.0344192467527698,0.0143283908806363,0.0245126438634722,0.573977476780619,0.349233709852163
2509,0.0477183002488376,0.0330457381692331,0.197778913459347,0.0431483952530392,0.0985148481286073,0.579793804740936
2510,0.00923057480269382,0.0820664194267886,0.0548983109711625,0.0196788936839469,0.370307012142954,0.463818788972454
2511,0.730033430301231,0.0937827201169931,0.0549412736804013,0.0867773119420996,0.0216371692576155,0.0128280947016593
2512,0.028103063025425,0.136454128597752,0.0316871021170026,0.142915018351295,0.565666759800465,0.0951739281080606
2513,0.0071695623617843,0.0200072379703586,0.0413248809477453,0.0193737256194477,0.378850399967385,0.533274193133279
2514,0.0838186483211194,0.579536191272541,0.042786380103264,0.0216898375818634,0.231219633892107,0.0409493088291048
2515,0.00845489232125461,0.0433102649246579,0.0564359752206359,0.0209100299104114,0.238787759338481,0.63210107828456
2516,0.0757367961728474,0.083298382499773,0.0470627295529066,0.251544629101517,0.36921515419751,0.173142308475446
2517,0.0129970886798056,0.530017539427232,0.0966079330725259,0.0107334759295088,0.185854385120825,0.163789577770103
2518,0.484099346654042,0.21804765851935,0.125537743515349,0.0630715476487231,0.0532780571333916,0.0559656465291447
2519,0.0446863928268921,0.897708624002409,0.0101917430198688,0.00471724347230633,0.0312741303096159,0.0114218663689084
2520,0.0274892002939682,0.047399848911675,0.0179854995753864,0.131860610971043,0.571498821260079,0.203766018987848
2521,0.00531535962491546,0.0404133883535723,0.217397944943514,0.0175597775108267,0.103919141343619,0.615394388223553
2522,0.309253291425603,0.19796946123141,0.18598336301632,0.0825499888766542,0.121780223449454,0.102463672000558
2523,0.0422842478961896,0.441795235048321,0.0566060781999251,0.0105721550713972,0.307120407547744,0.141621876236423
2524,0.0135720018571472,0.101217197965127,0.308459373979596,0.040731890612244,0.0710168814948327,0.465002654091052
2525,0.0817544319378336,0.0734903017224531,0.0658559129759003,0.364258525918495,0.290524668030954,0.124116159414364
2526,0.131617940170253,0.288595478793796,0.058141330359035,0.0807426373459632,0.317208556584576,0.123694056746377
2527,0.588791927433439,0.132419706850992,0.0845272119082627,0.0468566868334684,0.0785235387813418,0.0688809281924962
2528,0.00278598391156961,0.00925065435877026,0.0324086122833044,0.0251378838113207,0.131061336327476,0.799355529307559
2529,0.0909381150651118,0.160350413721515,0.245293919207196,0.064692723091917,0.141207303746246,0.297517525168014
2530,0.00352103870956356,0.00815777307647136,0.131424378703192,0.0123655463868832,0.0880586297494889,0.756472633374401
2531,0.0214422489653511,0.186420877966344,0.0803855279102063,0.0791613018376128,0.430271982024846,0.202318061295639
2532,0.0262330216337831,0.238926887097375,0.141381442796803,0.0408217568426571,0.232332800209245,0.320304091420137
2533,0.000525861803923474,0.00249580499517193,0.0305075294024972,0.00315795078238423,0.0229530437622788,0.940359809253744
2534,0.192049500041496,0.084760472486172,0.100069683380071,0.443571362948282,0.078508869918007,0.101040111225972
2535,0.0459838186275651,0.105263682911988,0.212182657629381,0.0280651454278872,0.152261073819907,0.456243621583272
2536,0.139918725121226,0.276747297283522,0.0916540041125928,0.0609248517218674,0.208126763272381,0.222628358488411
2537,0.0225193099317657,0.859871990209735,0.0517447998398138,0.00364641411462782,0.0433772207617502,0.0188402651423079
2538,0.236317966386108,0.095065923133508,0.0618129632907046,0.123594841008626,0.303753872508587,0.179454433672466
2539,0.189899339133907,0.276195606304968,0.260967060789172,0.0381137988468037,0.127178109242344,0.107646085682807
2540,0.307487241599234,0.0946841299658455,0.0321052703939393,0.231474177331367,0.278423663983567,0.0558255167260478
2541,0.087007910329477,0.0394956695427125,0.00964478894948104,0.595230164562713,0.246867603090826,0.0217538635247906
2542,0.0493814532418734,0.556984703393156,0.021933552147685,0.0242642511449087,0.325044235340802,0.0223918047315748
2543,0.00679832737249599,0.019383964812116,0.0863154958372759,0.00447167168391905,0.19561478614362,0.687415754150573
2544,0.0878206481321458,0.132444789142971,0.149477125254452,0.1989502327213,0.162441555235477,0.268865649513655
2545,0.0450630412225205,0.324374575027404,0.0694622480411909,0.0203464586756318,0.368318106654425,0.172435570378828
2546,0.0297985905301256,0.0487365490811678,0.0242341338225686,0.216694685831719,0.59692163287566,0.0836144078587584
2547,0.023546893433414,0.0754714531701232,0.546310389789557,0.0210221428264255,0.0889071668740426,0.244741953906437
2548,0.0536879292830111,0.0541980238400671,0.0619169927519958,0.202748081175929,0.547977392677658,0.0794715802713393
2549,0.00867297193688804,0.0661968409198098,0.0257344975948824,0.0295890702886559,0.357293098947643,0.512513520312121
2550,0.0103938446892443,0.0166746290546742,0.0200164921237369,0.188239428912785,0.540858608124907,0.223816997094652
2551,0.359630941993288,0.20696228660007,0.0245217446523971,0.172942885984377,0.148305766671072,0.087636374098797
2552,0.109944794594017,0.35381425940408,0.229490040110203,0.0222065574854106,0.147269026895666,0.137275321510624
2553,0.523006264628772,0.194346396124312,0.0379123940770004,0.0822179143261363,0.13651691959932,0.0260001112444592
2554,0.129322298813408,0.233584747471812,0.113481703501808,0.106114177614148,0.346989921855917,0.0705071507429062
2555,0.00967216647191276,0.0894068487535217,0.0661083696751524,0.0314368935493929,0.654763028063852,0.148612693486168
2556,0.073732500686731,0.300124795473326,0.337983842426645,0.0280318203893722,0.129347373977967,0.130779667045959
2557,0.404399035717817,0.143997866061321,0.371388525020347,0.0284255652902496,0.0364720813415641,0.015316926568701
2558,0.0208553131523729,0.0463652625498622,0.813230381096775,0.018248857916569,0.037269750255972,0.0640304350284492
2559,0.0809787570251286,0.511339659329564,0.134075926991216,0.0179730299520313,0.0991390132729148,0.156493613429145
2560,0.0074274499192626,0.129999520626527,0.106384278756574,0.0178162355579883,0.230998376053516,0.507374139086132
2561,0.00983143834835739,0.0580409961545628,0.228044099519859,0.00392452636685525,0.152157591069036,0.54800134854133
2562,0.262271577804738,0.340432003174694,0.0338204496319779,0.0480564419884845,0.289245259580618,0.0261742678194883
2563,0.508926683104978,0.100338066350874,0.198401192080412,0.061199510477922,0.0720322266080812,0.0591023213777322
2564,0.111224217825598,0.0534964395707045,0.0702044595169908,0.520459759465997,0.0985264244382351,0.146088699182474
2565,0.0367046955680088,0.138049703465603,0.105716350369018,0.0465775102177352,0.225941987790808,0.447009752588827
2566,0.010116747012501,0.0365564010455444,0.133471312973831,0.0632470200415962,0.347402747372397,0.40920577155413
2567,0.0235639149355339,0.150039283220789,0.127564228376158,0.0274307170160281,0.17644029288347,0.494961563568021
2568,0.00926393266073486,0.0515035928944107,0.0572484657947974,0.0165492922459513,0.356547374128379,0.508887342275727
2569,0.0405801928951411,0.0900582735966259,0.151566514369601,0.0106691679155546,0.120418519139188,0.586707332083889
2570,0.0150708223856936,0.724837480175541,0.0652429268101979,0.00380527406069876,0.077882293790809,0.113161202777059
2571,0.0720993163423666,0.093159830493919,0.0156077396667247,0.262258846749744,0.387689291450912,0.169184975296334
2572,0.0599434476670019,0.0426589066855395,0.354972762081208,0.0696093059197441,0.108655433780574,0.364160143865932
2573,0.0503655870789886,0.259422429153651,0.0592494816003107,0.0178672339382061,0.312988060111385,0.300107208117459
2574,0.0212201364268794,0.0515153363293382,0.016720197258125,0.383002192695625,0.442331218652782,0.0852109186372507
2575,0.0156322293248196,0.0235662936695979,0.0138738803364358,0.117773831227566,0.691768548680952,0.137385216760629
2576,0.336643174567709,0.356870827640682,0.125981596056305,0.0760235756537208,0.0423207481160755,0.0621600779655079
2577,0.0374581263881813,0.235399992975822,0.374554274288397,0.0212616308634808,0.145598763050348,0.18572721243377
2578,0.000742930552010564,0.00429713327671103,0.018562062292859,0.00414260275205875,0.0893639816383717,0.882891289487989
2579,0.349336836962569,0.185988012459503,0.210938478449482,0.0618971175944592,0.117704471207935,0.074135083326051
2580,0.0379602914643494,0.356267708951922,0.140506110063091,0.0116493894780921,0.215401257847435,0.23821524219511
2581,0.00151672223583528,0.0213463650876609,0.0701009179702844,0.032068322565228,0.365409277080767,0.509558395060224
2582,0.232310798755804,0.40190255167822,0.102839291234923,0.0329956672669627,0.15583026230079,0.0741214287633009
2583,0.0957295081540211,0.53489522651844,0.174026628584147,0.0190360810471623,0.0781386630000803,0.0981738926961486
2584,0.294470944968884,0.503720248945733,0.0626189079458268,0.0316114030857082,0.0794538633473057,0.0281246317065419
2585,0.0103994982151697,0.0611101559699272,0.0318125565009171,0.0501682168626277,0.582875111321702,0.263634461129656
2586,0.0308505173635776,0.299705964851932,0.0832399715048749,0.0236033134609577,0.235948402718573,0.326651830100085
2587,0.203114037675278,0.0503696660517573,0.0268112528958075,0.408670810586172,0.223970956479412,0.0870632763115734
2588,0.0390086482736819,0.0203860231335247,0.00932037349965902,0.340293585352918,0.493289366385917,0.0977020033542997
2589,0.0809518737072531,0.097937169114991,0.0334178541108125,0.183528961668513,0.534353779799504,0.0698103615989261
2590,0.0208299297762782,0.0905493076866636,0.149697304904364,0.099738824708028,0.258167571845041,0.381017061079625
2591,0.0731695493531191,0.112267878263632,0.445458017704221,0.0115680891079319,0.051991814955559,0.305544650615537
2592,0.00825196938566489,0.0220862904878737,0.00568717610967491,0.17023696972259,0.680289102772055,0.113448491522141
2593,0.18660107396562,0.15765411542327,0.0573576977030664,0.10048233056226,0.40771980485275,0.0901849774930338
2594,0.0290583852166104,0.077595777375979,0.0494498225070526,0.0322277595655382,0.408385834370404,0.403282420964416
2595,0.117813899250415,0.0724261686325285,0.256110549452848,0.320609057077142,0.114655642943585,0.118384682643482
2596,0.81595613360191,0.0423856250718652,0.00717455575127629,0.111557941450267,0.0200018960873052,0.0029238480373767
2597,0.00529727219515497,0.0273586586600787,0.19458251759725,0.0115673544769769,0.105693445288027,0.655500751782512
2598,0.0118781087689346,0.0987711480135359,0.079282042314511,0.0106879309284956,0.19568233770513,0.603698432269392
2599,0.274908768952614,0.290685656040623,0.0458222424597878,0.162890220342733,0.169246315721922,0.0564467964823202
2600,0.0022236832950716,0.0223377892397899,0.0414610653928753,0.0124528989230246,0.840323478420948,0.0812010847282905
2601,0.0131937492342945,0.04153817357571,0.178552617458156,0.00845020394024716,0.0887116609306446,0.669553594860948
2602,0.0280350926618102,0.116966420041572,0.099905882170426,0.0283573153330653,0.237457508649179,0.489277781143948
2603,0.0310396206283527,0.586585284032114,0.0323794501539131,0.0173514392001138,0.280051336202983,0.0525928697825245
2604,0.0588491673913602,0.0701680712187812,0.3778597991616,0.20362587947262,0.0882592849798627,0.201237797775776
2605,0.000124858197648458,0.0184193949113247,0.13284849925417,0.0104194881465433,0.303281949924872,0.534905809565441
2606,0.0226561162230353,0.0761997169877369,0.131847618248,0.0214574797196303,0.15462783398752,0.593211234834078
2607,0.0122302516345527,0.0316731959091974,0.0699856328871786,0.037043050982186,0.17302262309097,0.676045245495915
2608,0.228653135907993,0.220623839894385,0.0609796927493717,0.168995570544797,0.182685744102784,0.138062016800669
2609,0.0158316994621295,0.0449102702694817,0.0365018246863311,0.129643014632969,0.49226119673701,0.280851994212079
2610,0.0945867027022093,0.227246215494564,0.053988730182532,0.169709964851576,0.325238262340306,0.129230124428813
2611,0.0306452924512003,0.13084220390778,0.22845436502041,0.0389739968915336,0.0873441694360721,0.483739972293004
2612,0.0487712096382244,0.26050646121659,0.126817843256228,0.0356882429683642,0.204770892381456,0.323445350539138
2613,0.566129179584378,0.265872526511217,0.0340350711993596,0.0595165930667028,0.0638985083771608,0.0105481212611817
2614,0.101215538402788,0.124662051202912,0.0804975885525159,0.105258409006098,0.354400554384195,0.23396585845149
2615,0.590350354782407,0.175499275584168,0.102940683729148,0.0438174437508735,0.0505118494530091,0.036880392700394
2616,0.00758975845578653,0.0514578186350864,0.0729240870461603,0.0567591955833165,0.457828697439891,0.353440442839759
2617,0.309453556201172,0.346191989262658,0.171920911546647,0.0304483368671989,0.104263102190107,0.0377221039322167
2618,0.0848114420490906,0.0791729827700053,0.0770265801911285,0.0863647113009683,0.416844576241581,0.255779707447226
2619,0.0259364005733185,0.0260795502444217,0.013281962809742,0.100484294682698,0.660848628989521,0.173369162700299
2620,0.0175244483682645,0.122098021649752,0.295342506073823,0.0251713365602671,0.284977102256849,0.254886585091045
2621,0.0252343858981224,0.0774682892072792,0.0153698165980319,0.0897488532233772,0.731407999249493,0.0607706558236966
2622,0.000823600340695849,0.00306686407682365,0.00966129011674792,0.00491712347129914,0.098220705389238,0.883310416605195
2623,0.410855528057374,0.205305541762986,0.0342842715820725,0.101248504691015,0.212646801027571,0.0356593528789824
2624,0.00473338244730453,0.0260879559727794,0.112350997909412,0.012350991070239,0.101913881099182,0.742562791501083
2625,0.150556316085791,0.239672601686583,0.482982203056736,0.0272263910295349,0.0482195031575688,0.0513429849837863
2626,0.00277113730111108,0.0131521435306526,0.0325586714530347,0.0103887417121469,0.184722076118782,0.756407229884272
2627,0.0904723630853101,0.172458467918834,0.447804847435347,0.0169432236142368,0.102772196954908,0.169548900991364
2628,0.135511823248715,0.223096807165309,0.0386167583288237,0.293028651319272,0.258443410981463,0.051302548956418
2629,0.0188563251023932,0.221631411797009,0.0598072328881394,0.0224680406098233,0.364727309767152,0.312509679835484
2630,0.184037593874807,0.0777676598320627,0.117184351894319,0.0753034218891375,0.24234898733631,0.303357985173364
2631,0.0182039675375448,0.257479256597141,0.17428857049417,0.0177346967872194,0.304676865155865,0.22761664342806
2632,0.00361851794515534,0.0146224900327125,0.0516687285737405,0.0151559945737742,0.183955685671982,0.730978583202636
2633,0.100868752783073,0.39731517750358,0.096231948579521,0.0569812763704096,0.240891960754289,0.107710884009127
2634,0.0305178198959466,0.119472530179092,0.220216915367889,0.066276885110326,0.170161984596748,0.393353864849999
2635,0.0383750046018776,0.128670694949569,0.0772612123114621,0.045395585104651,0.525388808803084,0.184908694229356
2636,0.0592214218105737,0.066639236537002,0.151865017573087,0.105994038547999,0.274626916060112,0.341653369471225
2637,0.013063277907257,0.0680224331780488,0.0151579061056019,0.0474634455219069,0.711382334357806,0.14491060292938
2638,0.0530837698360779,0.0405641526471508,0.0879089374575858,0.247446220673821,0.142969809421499,0.428027109963866
2639,0.151628324855445,0.056920719755287,0.0539343127457532,0.407580374233414,0.245368912787022,0.0845673556230793
2640,0.0120806618829664,0.0304126677476343,0.0399461567159907,0.0167380747110846,0.131895070810288,0.768927368132036
2641,0.33814876396903,0.1627732770124,0.155693637739971,0.0999025112171023,0.132670708159799,0.110811101901698
2642,0.00511923637157732,0.0616209072816543,0.0794580007786899,0.0133782817409875,0.248955655577054,0.591467918250037
2643,0.439107277329227,0.338592444330749,0.0193623338968624,0.103865337688857,0.0805987097709688,0.0184738969833363
2644,0.00418202088518752,0.155213331176241,0.0399540512796953,0.0111375712531202,0.330956763828342,0.458556261577414
2645,0.0471602925778388,0.0605738002198067,0.0308384383401191,0.0871324319735941,0.367637021077259,0.406658015811382
2646,0.00186584209689887,0.0150624253531947,0.0834973871621664,0.0107819171016009,0.0560913548637158,0.832701073422423
2647,0.0567115270995176,0.0799148963334559,0.09388880068328,0.0845637705311043,0.312260985843725,0.372660019508917
2648,0.0850472517668398,0.173362397989156,0.693568091447,0.00417814418537169,0.0118377466495903,0.0320063679620429
2649,0.0267917274216476,0.0414632868096099,0.0628970209370682,0.0439298401608601,0.197697585906546,0.627220538764268
2650,0.0505233942767791,0.0229926353353982,0.198404067280916,0.0563764629313848,0.105216254366548,0.566487185808974
2651,0.0121078282471938,0.0698456283204073,0.0446832168944642,0.0528185834037206,0.499135481734061,0.321409261400153
2652,0.0124926881312204,0.111421380100608,0.0516958001687857,0.0246596851389312,0.523638519171907,0.276091927288548
2653,0.274914595157681,0.22378618816929,0.0887331476539767,0.0761464834183246,0.192960325998881,0.143459259601847
2654,0.00242630002522553,0.0362936856204467,0.0561701013384936,0.0241835475585673,0.159351791663043,0.721574573794224
2655,0.603045088291365,0.171216650130159,0.0383297824443938,0.071678524701406,0.098297468994462,0.0174324854382141
2656,0.0115788229532905,0.0708029477349735,0.0410432713596373,0.0246584780572078,0.523960374313449,0.327956105581442
2657,0.0079260591101833,0.0333185038339473,0.169756122768616,0.00950312898581306,0.101676790466102,0.677819394835339
2658,0.119879921392666,0.105136558380636,0.110638936857881,0.438629016437071,0.134854662499516,0.0908609044322285
2659,0.247088049312004,0.0654507074817589,0.0380003258536253,0.574496446306735,0.0414998351422179,0.0334646359036593
2660,0.00735013063357592,0.0365934187357716,0.0514184702477748,0.019794908781582,0.268093500378256,0.61674957122304
2661,0.00455257050712735,0.0216134977880937,0.102965140989044,0.00941258761812343,0.0687652073371255,0.792690995760486
2662,0.00466651858722034,0.0498488558804256,0.107506531079039,0.0122642884367362,0.131364678300869,0.694349127715709
2663,0.00757020608583349,0.0350100211200294,0.0493198409345108,0.0309111494537437,0.306296307090072,0.570892475315811
2664,0.0315718250930406,0.143794002139308,0.0253908781128488,0.0579995639459481,0.593738570996147,0.147505159712707
2665,0.255205728463032,0.266416330751487,0.181197629221474,0.0538184699739968,0.150570573190878,0.0927912683991328
2666,0.000547817060598759,0.002303567705849,0.0339085806727115,0.00114495740370565,0.00708774408458392,0.955007333072551
2667,0.0626404406289879,0.148151771968457,0.41236942322729,0.0412955863688095,0.191029159513519,0.144513618292937
2668,0.00488633425720797,0.0489728045557475,0.357584095648067,0.00617833137354791,0.0887722015410752,0.493606232624354
2669,0.0765376135496959,0.251434674961396,0.144127477564178,0.0316146293641327,0.171775518916623,0.324510085643974
2670,0.00887559384897173,0.0494479927852965,0.161975769232044,0.0180417056101116,0.167074897606761,0.594584040916815
2671,0.0234193800964771,0.0888624827692924,0.0812192356051978,0.095373729256744,0.330303638699793,0.380821533572496
2672,0.00393859082485629,0.0278014233040039,0.115899954534055,0.00940055418183749,0.151947553895924,0.691011923259324
2673,0.296301026098089,0.242393998249588,0.074784415014611,0.134674630587564,0.193289053555234,0.0585568764949143
2674,0.0119830256903601,0.0423059904088837,0.0686802069805638,0.0934957649177476,0.40200597646607,0.381529035536375
2675,0.707828272141217,0.136746214832393,0.0107859474735933,0.100239291457364,0.0385426886328879,0.00585758546254442
2676,0.0270564903080206,0.051531646446244,0.0660631643541757,0.122830530657368,0.440855806407491,0.2916623618267
2677,0.0482586431010653,0.127263578303945,0.336774884115635,0.052749055846342,0.336839032996881,0.0981148056361314
2678,0.0350953968624706,0.135799571001468,0.260495389764066,0.0426597808572896,0.313086871751606,0.2128629897631
2679,0.00308849506476365,0.0177316440848903,0.0220675512971357,0.0199330461940886,0.341492385305115,0.595686878054007
2680,0.0737809004303698,0.0715753230142465,0.314500411937104,0.371556872533799,0.0859154603418725,0.0826710317426074
2681,0.0143808922272796,0.185540212113889,0.125249860747835,0.0149922770950925,0.388046316549952,0.271790441265952
2682,0.00857617923576724,0.0199629510663553,0.0903899248950247,0.137097951725726,0.222008488021782,0.521964505055345
2683,0.569963700135874,0.153188952720924,0.0126641229485485,0.189135619121862,0.0687563587314284,0.0062912463413633
2684,0.00776210172517924,0.0394094316659576,0.0296760502113915,0.0675109739002131,0.48654677394197,0.369094668555289
2685,0.0847443799358339,0.0408260283318647,0.240821639988228,0.0277948849272163,0.0574535553918456,0.548359511425011
2686,0.0129181366701594,0.102583797657867,0.0820647334968796,0.0247853395270133,0.153696805825557,0.623951186822524
2687,0.381048971686437,0.229790636509108,0.0918519411452911,0.145333578380717,0.118672271553104,0.0333026007253419
2688,0.012377146980341,0.124269343393454,0.0521903450522512,0.156656196078431,0.506443409214881,0.148063559280641
2689,0.141241522845164,0.569930254212288,0.0617142632182065,0.0529661905047685,0.140684182754598,0.0334635864649749
2690,0.0157895288797318,0.0249564397972667,0.0407271498829275,0.256751271987387,0.398850614955402,0.262924994497284
2691,0.0393348082288742,0.185622293116278,0.116031278850993,0.0420773597636222,0.407953673620398,0.208980586419835
2692,0.152914032875749,0.122283014376287,0.232676364775902,0.0371073457639863,0.222120697487446,0.23289854472063
2693,0.0315869617420251,0.0561500256788333,0.110475283232195,0.0270859059427563,0.148297008764345,0.626404814639846
2694,0.00305789292437289,0.0114144595503568,0.0210333301179075,0.0323658193229251,0.3041942481392,0.627934249945238
2695,0.56837197010252,0.147271559019548,0.0530871236335358,0.125727331468591,0.0796834291062344,0.0258585866695704
2696,0.0183100203225052,0.0705198700271717,0.296553835976812,0.0149685140139299,0.0790844120890603,0.52056334757052
2697,0.0905983308180491,0.211570072185498,0.250510326302953,0.030613765271403,0.214922116891423,0.201785388530674
2698,0.00546850988991439,0.0232772836909451,0.27040635905067,0.0131980031024556,0.323013837003506,0.364636007262508
2699,0.00628698621059544,0.144453893701198,0.602276873768593,0.00119015127922422,0.0252425692893268,0.220549525751063
2700,0.0017289094871389,0.0436042107203755,0.0245134136176225,0.00403555081543088,0.359660526624274,0.566457388735158
2701,0.00730522512177135,0.0426721347562284,0.104037018866533,0.0550371341718976,0.259858874724494,0.531089612359076
2702,0.440567979270155,0.159235786718543,0.190019576682452,0.0637826004277991,0.0740514832550321,0.07234257364602
2703,0.194037228622828,0.0774156873635628,0.146799807815017,0.126266853653639,0.223566674613898,0.231913747931055
2704,0.0454289980081592,0.186645936099958,0.599979606825113,0.0161258826968945,0.0589862591359632,0.0928333172339123
2705,0.0106255034202538,0.10026486720082,0.419874163288044,0.0126988862611818,0.100474943109381,0.35606163672032
2706,0.0097634780177534,0.0493234653228043,0.269787641867372,0.123336821038812,0.231116084713089,0.31667250904017
2707,0.00924510684318006,0.03372255160903,0.0135866816576684,0.0659029881218373,0.688777403998728,0.188765267769556
2708,0.394252966222834,0.278111113634062,0.0835760626817686,0.0947805743135168,0.121498558475546,0.0277807246722733
2709,0.0449462348140153,0.222591624273668,0.420556800319743,0.0137155192501079,0.0873604113519979,0.210829409990469
2710,0.05702297444015,0.0235470015288694,0.272488787128177,0.0260244350932423,0.0331637138590535,0.587753087950508
2711,0.131637421024856,0.088754419449623,0.0919481308259978,0.092698273504636,0.301552343268277,0.29340941192661
2712,0.154967648609293,0.0601549182560942,0.0582992163431934,0.506384986128418,0.148548511437115,0.0716447192258866
2713,0.0685185295143383,0.177384374019331,0.3090801276819,0.0464202325570297,0.115007468931959,0.283589267295442
2714,0.00469520318428062,0.0794628787084893,0.252974537515163,0.00743386385242553,0.147147251587822,0.508286265151819
2715,0.0125131788339204,0.0758259042534282,0.407779297218753,0.0185576113500356,0.247725443672729,0.237598564671135
2716,0.0356219029527569,0.0663456923805453,0.0424998329007791,0.0557735003837628,0.402830528271874,0.396928543110282
2717,0.00781576450901805,0.0298511310253466,0.0470425627356896,0.0296369947900721,0.289832561211289,0.595820985728585
2718,0.0247681552620466,0.0368309125153471,0.226642909433904,0.049005129561948,0.133598725154033,0.529154168072721
2719,0.0186023077096831,0.080883580943688,0.14857042135066,0.0365015295131075,0.347731106675859,0.367711053807002
2720,0.160014894333222,0.08922256602692,0.18032082696083,0.0990567535530831,0.262991155865539,0.208393803260405
2721,0.0149108337435722,0.0524964918972653,0.108972497656746,0.0339466669945256,0.346849148487277,0.442824361220613
2722,0.287463826409387,0.454404495963031,0.15304354563979,0.0102105821296824,0.0706585515299044,0.0242189983282055
2723,0.0449691922220282,0.254225488306136,0.187480820960183,0.0273575641496183,0.149764759687429,0.336202174674606
2724,0.645770504951656,0.121004636089606,0.0473887376125329,0.125118021377711,0.0455199538581176,0.0151981461103773
2725,0.425800924455033,0.330492188859524,0.0309515389249585,0.149306446147913,0.0440031856519114,0.0194457159606611
2726,0.0213089113700004,0.0577269459742962,0.0281766443780984,0.0695906025362398,0.782022802597577,0.041174093143788
2727,0.00272104194291356,0.0371071279597185,0.0368681374570912,0.0281434081556677,0.3280665425467,0.567093741937909
2728,0.0211602715170704,0.0305764150766075,0.173350409786242,0.031863454153639,0.088818767975003,0.654230681491438
2729,0.177793167161741,0.239938964846924,0.0606019337836549,0.11211452015103,0.29462782893891,0.11492358511774
2730,0.00320928217589579,0.0230111534646884,0.0450589279568675,0.0321684587676581,0.411796012936561,0.484756164698329
2731,0.149497158276745,0.175133010348203,0.0717656955705856,0.158785725229546,0.355965795322887,0.0888526152520337
2732,0.00898547649532525,0.0484124965560326,0.289259306686341,0.00742967008497352,0.0694324680790429,0.576480582098285
2733,0.0257109863581541,0.12156408071927,0.0928881854490263,0.165600080229221,0.500645006456127,0.093591660788202
2734,0.0158201126092701,0.869324428298958,0.0232458449075895,0.00380306606274257,0.0547073099475177,0.0330992381739221
2735,0.0302783246173311,0.436201276456926,0.160478017356631,0.0126513715379204,0.149774005536368,0.210617004494824
2736,0.0388257146787922,0.0765695032028071,0.0442402556539062,0.445332598577079,0.319359359185008,0.0756725687024075
2737,0.155845189444104,0.102699988485961,0.339199133541437,0.00999877641561073,0.233867942344538,0.15838896976835
2738,0.0154833414973796,0.0945482096531259,0.101572448923313,0.0370799870985303,0.183958897974476,0.567357114853175
2739,0.28987231715707,0.293127330106878,0.143634523231307,0.0445835658050871,0.178281472929673,0.0505007907699846
2740,0.264942795460523,0.273821313643112,0.106333348685855,0.0802324914616491,0.13369502079951,0.140975029949351
2741,0.0999044199663528,0.262345205093418,0.166322919347422,0.033216007629067,0.286878022011273,0.151333425952469
2742,0.0389873630874496,0.0828511324829396,0.0411871345106386,0.114137268335232,0.525009951397527,0.197827150186213
2743,0.279187927201179,0.217680815840271,0.123415993346014,0.122671949617199,0.146850815244994,0.110192498750343
2744,0.0106680309170378,0.0758569787504468,0.0187155226696022,0.127239493801847,0.665993643583023,0.101526330278044
2745,0.000325900973992013,0.0063395048581806,0.339583304733126,0.0338375076470686,0.441206769988655,0.178707011798978
2746,0.0122658021264974,0.070492073562852,0.130301946810935,0.0247923685925397,0.21255197959116,0.549595829316017
2747,0.0152273021178391,0.0352413856232674,0.0126994100380256,0.0703776525999676,0.646812485136723,0.219641764484177
2748,0.00364824811250673,0.0337195723801171,0.0338434101644478,0.028365894553395,0.737608876377273,0.162813998412261
2749,0.202422338784752,0.174438580399534,0.0484987740076007,0.318968864050587,0.170983109693102,0.0846883330644252
2750,0.00958450308762438,0.0691289312679152,0.261244477878062,0.0399329323630262,0.1608268322101,0.459282323193273
2751,0.168886546391406,0.106569949404215,0.0348299235341319,0.153883852257567,0.504990308988758,0.0308394194239221
2752,0.0626905083855594,0.141088875390075,0.174869855832971,0.0618654113066524,0.139834125076964,0.419651224007778
2753,0.0342646427970616,0.0839269293482574,0.0291605248846763,0.234330846391521,0.532127457490116,0.086189599088368
2754,0.00611265617454006,0.220564728884434,0.0239682218858847,0.00655497874299552,0.650085512193273,0.0927139021188724
2755,0.000812940901792203,0.00423430750631137,0.0302189044901863,0.00697310705314098,0.263661111875943,0.694099628172626
2756,0.00161435117183771,0.00524886439473759,0.060890870512399,0.00500692131726833,0.0300022218139977,0.89723677078976
2757,0.0127699329522427,0.187562838934631,0.0283502489664454,0.0256248393526419,0.472744131425165,0.272948008368874
2758,0.0509610433072776,0.307376903271058,0.187792417957524,0.0155501423776292,0.294516838131638,0.143802654954873
2759,0.0198588057715527,0.231517248433465,0.0762194225487525,0.0142886442766505,0.243704507940324,0.414411371029255
2760,0.364699315676689,0.113446818815621,0.0584561738585327,0.397170510440174,0.0541583637428244,0.0120688174661592
2761,0.149489705230222,0.0922011660253013,0.0558502401190168,0.401763682817786,0.21868883384128,0.0820063719663943
2762,0.00242715448496966,0.0455334793360403,0.0440711650392801,0.00694447512113724,0.464900001933017,0.436123724085556
2763,0.0615286830582171,0.16577546359023,0.267300468616585,0.041236673093999,0.241755999363762,0.222402712277207
2764,0.00699111358509116,0.0132774811414988,0.10876949891167,0.0119944060846824,0.0776343473903187,0.781333152886739
2765,0.0167759616525249,0.167826921371494,0.280085057218444,0.0124230751066486,0.159878929460366,0.363010055190523
2766,0.0383028293735638,0.14350077764795,0.114510759726338,0.0253942031354144,0.416929022498963,0.261362407617771
2767,0.00157945703116034,0.00208823850220591,0.00597138780578733,0.810930862767429,0.0951587620624343,0.0842712918309827
2768,0.0266118250686673,0.165305155070469,0.484672156228869,0.00764553005627228,0.0597306156326616,0.256034717943061
2769,0.0557239504188033,0.386530622601609,0.05191392531241,0.0864844948839739,0.335306691052801,0.0840403157304023
2770,0.00132372461086319,0.0210629820404853,0.114109821378359,0.00904720460275343,0.204951838243221,0.649504429124317
2771,0.0183563208781432,0.0966500157139689,0.460490592478333,0.00988419430663361,0.0770212246291293,0.337597651993792
2772,0.0175961408119186,0.0245879292422731,0.0688557955499667,0.208774573186074,0.492323739048938,0.18786182216083
2773,0.0445376379010627,0.318027591066982,0.114252751476729,0.0105730295783807,0.388997268941613,0.123611721035233
2774,0.07724425680715,0.500323853372035,0.0797720850063546,0.0217194096171099,0.259865202907216,0.0610751922901344
2775,0.000572793751460526,0.00521837986402668,0.0628919625185928,0.00299330452297935,0.0576485643305442,0.870674995012397
2776,0.0062028175599533,0.033693769938002,0.0714172044648251,0.0363269500090712,0.247580321989828,0.604778936038321
2777,0.00061562538109563,0.0114129207369259,0.0654757283408451,0.00649596198138982,0.0959857097083595,0.820014053851384
2778,0.1329485257325,0.123094700126757,0.156860001237001,0.0867056297121839,0.13628854635737,0.364102596834188
2779,0.0235668011382581,0.0171455450812245,0.273558088215379,0.152814403054424,0.159442761098175,0.37347240141254
2780,0.0456193044463537,0.186578349091883,0.331102704356145,0.0495817179816166,0.0992309356021095,0.287886988521893
2781,0.00896107070661393,0.0145669232195333,0.0452068708101161,0.109217780491636,0.5277945641561,0.294252790616001
2782,0.00397464942091081,0.0145849586155516,0.198897986283798,0.0102010031317665,0.0886448593310624,0.683696543216911
2783,0.450105081382224,0.272656652702866,0.113499192153248,0.0686482776739921,0.0611771378464029,0.0339136582412677
2784,0.0583536473809948,0.228916614858106,0.0528337079186275,0.0982711678029591,0.462416431529929,0.0992084305093834
2785,0.000837932769211615,0.00384447201101479,0.0172687628106489,0.0138759584961907,0.357231563971124,0.60694130994181
2786,0.0132343881024891,0.133086350199036,0.0553628532070302,0.0507959515384201,0.497002708191715,0.25051774876131
2787,0.00307725642570007,0.0230426295473672,0.0730752175679394,0.0138199218358972,0.19162450137467,0.695360473248426
2788,0.0153441264362,0.0574753522596246,0.122545476693657,0.0249179780587977,0.131207824802488,0.648509241749233
2789,0.0453340986898638,0.0720651390149854,0.346101259809888,0.0505032634861089,0.193275116673883,0.292721122325271
2790,0.145929754514296,0.158493134657572,0.0428757616000112,0.0795688563393165,0.395671333653317,0.177461159235487
2791,0.189126953521811,0.0499781499574426,0.0180019706695008,0.620705474324741,0.0968963699587836,0.0252910815677215
2792,0.533806250138102,0.245729897012899,0.0270132722783446,0.0663104026541218,0.105539629420862,0.02160054849567
2793,0.00435893695220553,0.0516566834792846,0.0363163426415003,0.0116624880425408,0.486192653950099,0.409812894934369
2794,0.455545455380951,0.188999200818877,0.0440717938179067,0.146273476680838,0.134751502003088,0.0303585712983403
2795,0.420187986991046,0.107014106296867,0.0260633401461923,0.371101010908473,0.0657546682119296,0.00987888744549147
2796,0.00089919446704345,0.0101892388328002,0.0698586657140235,0.0133963084170708,0.121951865659192,0.78370472690987
2797,0.0557787287526341,0.0727642870391663,0.0751120767543722,0.092764071553458,0.176453457235238,0.527127378665132
2798,0.00728114175657534,0.223974956069529,0.28320241484694,0.005032516891405,0.27082260761859,0.20968636281696
2799,0.175844869847888,0.141249734925266,0.41222166686087,0.0125090913912914,0.0930937401286464,0.165080896846038
2800,0.00500238438698724,0.012798985852983,0.0352692599865754,0.0163055020119033,0.161335418894306,0.769288448867245
2801,0.00646153335219449,0.0330113491367198,0.0140663978118586,0.0181569441478159,0.479999553917458,0.448304221633953
2802,0.0109777928773132,0.0698977930628669,0.0501290468132299,0.0378659684688557,0.461354500300068,0.369774898477667
2803,0.0784097262566165,0.575215971225141,0.10975685988318,0.0200605857528543,0.134134256167085,0.0824226007151239
2804,0.0147172383250999,0.0587301906049843,0.121563553710968,0.0215087494952751,0.410531813040734,0.372948454822939
2805,0.363529216978148,0.140797355379544,0.258717287687035,0.0728541785013515,0.0931317753193502,0.0709701861345719
2806,0.0690296026291513,0.0505667730904484,0.0520078222414151,0.335410936105432,0.302313401661837,0.190671464271717
2807,0.109189592354136,0.189845506822005,0.209980035577689,0.0889617804320883,0.169194797870043,0.232828286944039
2808,0.00817941581440836,0.036867307717619,0.047543288269779,0.0206680072478661,0.256948689939002,0.629793291011326
2809,0.0363500619652373,0.0951184232790653,0.459009880430384,0.033637741444796,0.0604873936118114,0.315396499268706
2810,0.00762316298480496,0.0428989061550169,0.0612478770301878,0.0756240745329304,0.432670477955953,0.379935501341107
2811,0.0041021985372935,0.106732839702861,0.127507111036465,0.0131682599924366,0.464463418124983,0.284026172605961
2812,0.433671382307766,0.336374542185109,0.0874396692746721,0.0530138481636311,0.0596302871819999,0.0298702708868222
2813,0.19552713019601,0.112625762208345,0.129141149194729,0.159868870766245,0.294372672040677,0.108464415593994
2814,0.0170291543212098,0.323756562112592,0.168978591462224,0.0247393255712549,0.175588060876282,0.289908305656437
2815,0.0160902885038256,0.0636912025127506,0.107401708912717,0.0424855126399327,0.17139922519351,0.598932062237264
2816,0.21629888838143,0.162408892340449,0.331227056545932,0.0928948017276485,0.152467122689242,0.0447032383152977
2817,0.0888800180943737,0.395768684718411,0.0992574609020191,0.0598548521343156,0.246410007594647,0.109828976556234
2818,0.254459339834841,0.333217027244348,0.211237564971488,0.0357206831224211,0.0916296471656644,0.0737357376612377
2819,0.389538196851066,0.381588271162667,0.062788302606534,0.043833894020179,0.101301319424546,0.0209500159350081
2820,0.469479901757853,0.217236857474398,0.237833083653008,0.0233268560895425,0.0361096860128254,0.016013615012373
2821,0.00173402842431215,0.0288275276040468,0.00842619119390217,0.00515379643717049,0.415424397263792,0.540434059076777
2822,0.154133427174307,0.183098549126293,0.258803863583101,0.0536572155310485,0.218608393608487,0.131698550976764
2823,0.0262118090957219,0.0972833160285962,0.115246731337731,0.0658553040194673,0.255887095295704,0.439515744222779
2824,0.026455297848037,0.0840197438725864,0.202075439768525,0.0368661215050261,0.319613016844472,0.330970380161354
2825,0.00237902816001498,0.0118492506886029,0.160785170478938,0.00494014304654362,0.0128990562314781,0.807147351394422
2826,0.0280052200884862,0.163566503458718,0.0428396600016932,0.0414799454585791,0.551512146829705,0.172596524162818
2827,0.0787272270711235,0.533210194382612,0.157656800708843,0.0151520294318011,0.116127949301359,0.0991257991042613
2828,0.0125322876625301,0.11558229912139,0.136122004180448,0.0165694853321102,0.45441939532271,0.264774528380812
2829,0.0307636765985511,0.0298040462758639,0.038582002150336,0.170657807464205,0.624527869412627,0.105664598098418
2830,0.00266624482835151,0.0190947890053909,0.116199519550061,0.0297587155294727,0.158503497499155,0.673777233587569
2831,0.353162520819075,0.409182612752938,0.094254147071546,0.0576135602470636,0.0566004897980799,0.029186669311297
2832,0.0255468171179211,0.305934867391097,0.210475949978473,0.0167161081653868,0.286021123303706,0.155305134043416
2833,0.242315530112318,0.113136755103045,0.104778829619793,0.201182350123597,0.194678678229713,0.143907856811534
2834,0.00624802351435679,0.0542136630363881,0.0966733360962221,0.0115484841436925,0.214863665416435,0.616452827792906
2835,0.181661592600404,0.264839868364403,0.0463493367479397,0.0981274280967014,0.314108999361402,0.0949127748291501
2836,0.0167185377357466,0.0475842267362462,0.0481350506994947,0.0714083844198821,0.315793892932107,0.500359907476524
2837,0.0283608428324893,0.224936026496866,0.337681683407491,0.0397440390934085,0.17802881985664,0.191248588313104
2838,0.242577230141882,0.258653949698749,0.239174138723603,0.0693704680229341,0.0699422392566966,0.120281974156135
2839,0.0858687549129061,0.165195695855977,0.151794749257823,0.11840326948856,0.26919213130814,0.209545399176594
2840,0.143045654541474,0.0622924476452602,0.111522571115047,0.35269365024973,0.131133603173588,0.199312073274901
2841,0.391684068797072,0.152967981741844,0.0806151453509281,0.0885642982237952,0.184130952383959,0.102037553502402
2842,0.00571555069734304,0.0354412136450083,0.019341643493065,0.0171290163130355,0.545933754161456,0.376438821690092
2843,0.0497341218553673,0.0865997071373027,0.05871044595648,0.00302730384361952,0.661147867752434,0.140780553454796
2844,0.0258469713436852,0.146737860807933,0.497998243677234,0.0110474571246697,0.0607013853148136,0.257668081731665
2845,0.258284949986419,0.474023060163264,0.0850689244236982,0.137227238355115,0.037861850124722,0.00753397694678139
