"CUS_ID","F20-","F30","F30+","M20-","M30","M30+"
2501,0.104121609265782,0.28240363875318,0.131639316447038,0.0383453144641524,0.221615964921533,0.221874156148314
2502,0.0259101239852845,0.112897141701125,0.190285748262228,0.095752196851803,0.417240102109346,0.157914687090213
2503,0.05396797862802,0.530694293077595,0.0563741901473786,0.032325644262728,0.276467945561654,0.0501699483226243
2504,0.411241535990262,0.158961350023904,0.177713309855381,0.110778094974241,0.0592432337450802,0.0820624754111312
2505,0.0385490497190876,0.125410338882799,0.20938335604033,0.0451771102739979,0.122864902462723,0.458615242621063
2506,0.0205091584150062,0.240058938965711,0.130662235597253,0.0416519241390375,0.272235649649723,0.29488209323327
2507,0.00897473730281814,0.0333808817894818,0.117761882299416,0.0219767665505632,0.164839477552258,0.653066254505463
2508,0.00700934539424656,0.0422732309963094,0.0379516209764244,0.0330875197421266,0.431346833559285,0.448331449331608
2509,0.0214668982645216,0.0351222675689915,0.172114508444153,0.0365016099932322,0.132686379486076,0.602108336243025
2510,0.0192782683736298,0.144744233541913,0.0718206730339121,0.0277401164249201,0.268138285402687,0.468278423222938
2511,0.76589773935914,0.0924439584070798,0.0515268944721511,0.053886547591072,0.0261646362920216,0.0100802238785352
2512,0.0404148518076962,0.134526075023574,0.0892993771725355,0.119012863116597,0.50457586581871,0.112170967060888
2513,0.00450364713251079,0.0222121202932248,0.0781151307756624,0.0199750631142225,0.266567101305753,0.608626937378626
2514,0.176897356434343,0.56058808775417,0.0433788196765708,0.0201423299250654,0.169800389800983,0.0291930164088682
2515,0.0103736705052403,0.0340833236189841,0.0618411475394044,0.0266033386875618,0.192426423612478,0.674672096036331
2516,0.0525983634241818,0.123096711011303,0.0744611067731721,0.197248509007277,0.266543146790569,0.286052162993497
2517,0.032323666068132,0.427554008133034,0.114317926395978,0.0166641002393675,0.212161263499885,0.196979035663604
2518,0.48142297970479,0.174815204937551,0.116606799863074,0.073979220969464,0.0824277691055989,0.0707480254195224
2519,0.0614750271640119,0.810102731769705,0.0286605356675155,0.0149276575893789,0.0549607226253758,0.0298733251840124
2520,0.0292162384326336,0.0336894006101645,0.0273013061053183,0.16820395527323,0.521761073862924,0.21982802571573
2521,0.0250171885087575,0.108878616626343,0.283963752024629,0.0489303900075095,0.18631074920503,0.346899303627731
2522,0.496979980476679,0.193685328212984,0.104299359632454,0.056841835341583,0.095193257684845,0.0530002386514539
2523,0.050109747128489,0.279910426686705,0.0807817352919207,0.0239405280872307,0.406984162201241,0.158273400604414
2524,0.0363649504427823,0.12409829385908,0.319302676388971,0.0477664581188681,0.108833393978111,0.363634227212187
2525,0.155216770621679,0.068990450624334,0.0555549374366874,0.46508558894717,0.204961485570765,0.0501907667993638
2526,0.117880623492028,0.237065525764039,0.062900312562758,0.120015741187752,0.350311596303773,0.111826200689651
2527,0.421052069722563,0.19546776124815,0.141622917356519,0.0593571265557762,0.110689578737898,0.0718105463790943
2528,0.00375168239338337,0.0176051373523409,0.0928367362264292,0.0370846082318531,0.202284716253399,0.646437119542595
2529,0.0757055743417597,0.112584223715008,0.255162378892282,0.0522856224589519,0.124573858472579,0.379688342119419
2530,0.00368634462259602,0.0180595724226607,0.1539465106393,0.0231898744522631,0.111643634035854,0.689474063827326
2531,0.0194824338813447,0.141276984275372,0.0954814327596398,0.109950113786023,0.393731746103666,0.240077289193955
2532,0.0337472857697638,0.187150201211029,0.125394207896988,0.0485529401847737,0.299256491886982,0.305898873050464
2533,0.00176187185478703,0.00742234689573706,0.0690210374938078,0.00793909007980294,0.0273269245536578,0.886528729122207
2534,0.143780548566135,0.0355074184643262,0.043814268530361,0.649290310514034,0.0594466597707064,0.0681607941544376
2535,0.0441444119020234,0.103501145891009,0.24649280166604,0.0356105155890156,0.203484730564194,0.366766394387718
2536,0.222196205068465,0.258991926466591,0.111801516454379,0.0574370527844307,0.194750475304362,0.154822823921771
2537,0.0328268215140119,0.779019045853039,0.0819624868898116,0.00709327002185825,0.0602412783143586,0.0388570974069209
2538,0.135913491611609,0.087559597570548,0.0901352637193247,0.11715948637447,0.306542405464515,0.262689755259533
2539,0.214833476627989,0.197192950328477,0.279851497236032,0.0411447029482503,0.119822037279661,0.147155335579591
2540,0.298874264515957,0.133715469331096,0.0379119834145155,0.27305877656781,0.219438027936439,0.0370014782341834
2541,0.150646995476114,0.0521919775113008,0.0155942032635875,0.484634563015309,0.25453280291509,0.0423994578185985
2542,0.0550136417950582,0.548482376561187,0.0491009776697839,0.0330292685926001,0.281710537739928,0.0326631976414431
2543,0.00710966464967659,0.0231175976495958,0.0643575927668883,0.00606282867638278,0.196519328304811,0.702832987952646
2544,0.0785412927361436,0.18437969169283,0.133764870655409,0.164389424601015,0.191094106812254,0.247830613502349
2545,0.0437563906482365,0.272258155195761,0.0739436713986903,0.0198020994885156,0.441432003348669,0.148807679920128
2546,0.0256610434260569,0.0294457234207633,0.00982789434553787,0.199835071213176,0.645520897726009,0.0897093698684566
2547,0.0474204323359185,0.0994508416571545,0.478863599971579,0.039054687947313,0.11208774115759,0.223122696930445
2548,0.046087069207979,0.0833927097434809,0.127770711903452,0.149291496955179,0.469968719078368,0.123489293111541
2549,0.005327580694627,0.047541717965009,0.0316140740784762,0.0357932172926145,0.329851148443456,0.549872261525817
2550,0.0226898091111926,0.0290874882807146,0.0186652139713339,0.162011739058255,0.557918327034956,0.209627422543548
2551,0.208562126228791,0.227410749916167,0.0413853260520206,0.190488168990537,0.213669121772512,0.118484507039972
2552,0.20110299964327,0.328291158329908,0.176002052617824,0.0541967206839089,0.130573579233563,0.109833489491525
2553,0.389267002828899,0.264985417215968,0.0435667146871842,0.116026596929922,0.152911260185159,0.0332430081528679
2554,0.138066450938163,0.222863273847297,0.160823546964081,0.11291327196864,0.306202099396653,0.0591313568851665
2555,0.0153564854562904,0.0941281015120401,0.0868993496761051,0.0562869637648028,0.57512957819098,0.172199521399782
2556,0.133450997299283,0.355137022184785,0.234523723495196,0.0497580400967736,0.115089028882671,0.112041188041291
2557,0.296493285895133,0.185634229739921,0.350704392607974,0.0621960350944701,0.0782866944033842,0.0266853622591181
2558,0.0412643456718897,0.0947793817066769,0.670763874008479,0.0223901181726625,0.0678370104867476,0.102965269953544
2559,0.0757566957103833,0.451919481728815,0.141694877173168,0.0262877783257356,0.121796065977694,0.182545101084204
2560,0.00661614545898295,0.1447533486478,0.122876307521822,0.0292419207311123,0.229356537875594,0.467155739764689
2561,0.025043253017407,0.0554244442385427,0.20129745175979,0.011441861369262,0.169227575760442,0.537565413854556
2562,0.28767083446272,0.401728557871707,0.0504598262705934,0.0507207923695132,0.187295444610426,0.0221245444150411
2563,0.321883583190223,0.131817864561328,0.220845269597711,0.0910731887970006,0.121665458165602,0.112714635688134
2564,0.0836979403626504,0.0757906739431426,0.0900794310926533,0.250933873002148,0.212422194457107,0.287075887142298
2565,0.0276714516976397,0.0765497617499728,0.10114196572582,0.0347290251012919,0.178223052858966,0.58168474286631
2566,0.0128648422415189,0.0352885758739959,0.075242322979532,0.0911409571079772,0.44761380466407,0.337849497132906
2567,0.0263396358508856,0.127536088350594,0.105925415319908,0.0601273918372206,0.175991350965474,0.504080117675918
2568,0.00352399407250691,0.0343306315587825,0.0747768585970863,0.0250543689810814,0.301015693848098,0.561298452942445
2569,0.0298002115921968,0.101736085070914,0.242828512468384,0.013172069507009,0.159966245257912,0.452496876103585
2570,0.0306706153719382,0.457239702820908,0.134545531365086,0.0145498243575755,0.161480901681763,0.20151342440273
2571,0.07107890317362,0.0591314133536619,0.0186994175248521,0.412043201879694,0.308311024901849,0.130736039166323
2572,0.0806285275899489,0.0904274571001509,0.223598662495517,0.176404484135845,0.15409354142773,0.274847327250808
2573,0.103299306150865,0.287895519434951,0.110480240546653,0.0304089270768097,0.255319481268961,0.212596525521759
2574,0.0127254074991214,0.0396617157733381,0.0229064007842368,0.417343506469818,0.422915068532075,0.0844479009414115
2575,0.0158571826163839,0.0270606626101832,0.0116511959309013,0.137750199778648,0.677918867823984,0.1297618912399
2576,0.238074422461324,0.338468786555536,0.1746677432957,0.0836122541991639,0.0700173680952121,0.0951594253930641
2577,0.0483905924276154,0.194483819485871,0.277353556546056,0.0314964118242676,0.165593773760676,0.282681845955514
2578,0.00192644892068867,0.00951863670749201,0.050344945588584,0.0107850189817203,0.0687441370032866,0.858680812798228
2579,0.239956910967673,0.277571821045816,0.247563634187129,0.0493267367909132,0.12457768854226,0.0610032084662094
2580,0.0643405440455803,0.305012192119188,0.121831678108385,0.0269083272222916,0.257587674783864,0.224319583720691
2581,0.00733560659727403,0.0393572095823095,0.0853246253192279,0.0607149659341917,0.323409910654688,0.483857681912309
2582,0.174803645918118,0.506270507605155,0.0770969643310059,0.0240211385729474,0.139096421018742,0.0787113225540317
2583,0.051751089179548,0.608632111096916,0.164850799953109,0.0148949734043726,0.0770792355140553,0.0827917908519996
2584,0.281503652171921,0.625576911984693,0.0277314290400038,0.00792678567247961,0.0418375038600595,0.0154237172708428
2585,0.0310112333342288,0.0903818877491679,0.0684979143875404,0.0747000083177701,0.476644351017184,0.258764605194109
2586,0.0281077596829058,0.333733115955959,0.102304208699869,0.0326177718081701,0.231354352586418,0.271882791266679
2587,0.210210487105933,0.0654148276614679,0.0475848691987844,0.388477312176313,0.207683087662488,0.0806294161950148
2588,0.0471261466622256,0.0249456260003251,0.0195207296148557,0.315636420995239,0.489403664531733,0.103367412195622
2589,0.0399630507813415,0.0620515513824404,0.0484222592237695,0.215309326217065,0.572515224820673,0.0617385875747114
2590,0.0197549555834415,0.0785565075638044,0.15262464502443,0.0848587187935314,0.262377516621028,0.401827656413765
2591,0.0969196369571823,0.12912520428861,0.369510482639902,0.0253510711526976,0.0665967710205698,0.312496833941038
2592,0.0128238626305811,0.0502461433710198,0.0158510118295004,0.151754490103068,0.667891361086001,0.10143313097983
2593,0.117472301832499,0.180056850183266,0.0772602382604674,0.0779700067660154,0.375441656498874,0.171798946458879
2594,0.0411760763848205,0.0521074029115753,0.056251857581431,0.0223664510963653,0.393514516570149,0.434583695455659
2595,0.104795114812865,0.130394981962742,0.18964633096497,0.211389992607237,0.1737504578804,0.190023121771787
2596,0.767339301533667,0.0545460652130833,0.0122648995361111,0.135331663072221,0.0246771633896194,0.00584090725529824
2597,0.00696277285160932,0.0247978767909247,0.126677642940563,0.0219242029222645,0.201743071478563,0.617894433016076
2598,0.0186127068013521,0.0951529261164224,0.0632291190837649,0.0142795114604244,0.151095041098991,0.657630695439045
2599,0.325154907366377,0.225805628574373,0.0689814360205694,0.113669208961125,0.182423575003664,0.083965244073891
2600,0.00662255851033936,0.049848070709702,0.0619027219605602,0.0408973683198484,0.751265787785506,0.0894634927140443
2601,0.024631617583347,0.0662084074409774,0.24910784732932,0.0300568648888418,0.138056484685455,0.49193877807206
2602,0.0209682800676677,0.0763876696304465,0.0766797022212874,0.0318038085465714,0.192503530168167,0.60165700936586
2603,0.0547943181804385,0.569614754881869,0.0533132176252173,0.0383108563272512,0.210365604949387,0.0736012480358373
2604,0.090375166885879,0.109735988402312,0.339605869103233,0.152045384476616,0.120190054483782,0.188047536648178
2605,0.00324497956757677,0.0774214728898302,0.168030469945695,0.0356922316646847,0.369080432581119,0.346530413351094
2606,0.0232778056866493,0.0589986994656886,0.145878181977499,0.0229448141102355,0.15613633861764,0.592764160142288
2607,0.00943367046283591,0.0213673455141774,0.0724815989900388,0.0255700149345388,0.123757545482339,0.74738982461607
2608,0.164907319178436,0.179760117422887,0.0724938513150972,0.203886106588378,0.209339953212358,0.169612652282845
2609,0.0133851107631927,0.0464567946080452,0.0371611993805754,0.130734847276232,0.487342904966641,0.284919143005314
2610,0.0625163358987514,0.150802336249781,0.0443291266804683,0.215471620137625,0.355789180584284,0.171091400449089
2611,0.0170191216609876,0.0803161884896651,0.175585086862437,0.0454215018495626,0.0778689676135582,0.603789133523789
2612,0.0592697880330587,0.207014806241769,0.164222685318338,0.0631074926547902,0.173324715171448,0.333060512580596
2613,0.450522262590603,0.331475820381025,0.0513517143770471,0.0577316863169984,0.0882793847900618,0.0206391315442652
2614,0.0992160709821787,0.108406165911838,0.0738248781017577,0.115376997056945,0.293885633532018,0.309290254415263
2615,0.433317029307763,0.195047498642123,0.170854255798796,0.0685080995387233,0.0727730178242848,0.0595000988883093
2616,0.00763834434214987,0.0511658479946077,0.0328972249452703,0.047159333431564,0.549219404603045,0.311919844683363
2617,0.173899860162762,0.33634281397114,0.255831873735975,0.0418990636719371,0.118462102396878,0.0735642860613084
2618,0.042587333290536,0.0719511402941639,0.100729958551448,0.0748632244221971,0.411695128208528,0.298173215233127
2619,0.0319206484368989,0.0304398283927372,0.0152126960973071,0.153602259478779,0.616254797075957,0.15256977051832
2620,0.0111360353397313,0.108530981981129,0.273010626638571,0.0336553164684529,0.291472120824745,0.282194918747372
2621,0.0319044399218684,0.0776146227735382,0.0395945329036334,0.138746922632281,0.625134996938187,0.0870044848304918
2622,0.00249715314580331,0.00901728285252721,0.0161032262640774,0.0106083346926272,0.163674995373453,0.798099007671512
2623,0.386976658687716,0.195515092603587,0.0399185277732151,0.0937720624530564,0.238516183947498,0.0453014745349277
2624,0.0104586940540962,0.0537373810325291,0.118070516664275,0.0263075766819595,0.226577553390345,0.564848278176794
2625,0.175177632404744,0.344479195626762,0.299728366181996,0.0337912871059066,0.0809470592793024,0.0658764594012878
2626,0.00435624267580322,0.0187251098096521,0.0416238906135622,0.0164121459758179,0.12216645818445,0.796716152740714
2627,0.105755891695905,0.186164230213144,0.339151633230966,0.028314035263431,0.152600818486256,0.188013391110298
2628,0.104028807207629,0.191055843758137,0.103522818738796,0.278746824948682,0.27564425325238,0.0470014520943765
2629,0.0352921886939646,0.15594650667097,0.0815751069786611,0.0359626659370023,0.396714290536096,0.294509241183306
2630,0.263613769902605,0.133665786614539,0.189168452402563,0.069520342096085,0.168414104590831,0.175617544393377
2631,0.0227037336329124,0.221964923481728,0.166699825771918,0.0290264017019992,0.281036794404537,0.278568321006905
2632,0.00402141352021818,0.0165242499027155,0.0700254609939565,0.0183599701810249,0.107456769837114,0.783612135564971
2633,0.126604447708228,0.435439834724806,0.07111141703714,0.0736719814750354,0.21284602865375,0.0803262904010406
2634,0.0450653629949457,0.0786442668721906,0.218082810529068,0.0596608122143094,0.150577739720236,0.44796900766925
2635,0.0183349689941647,0.085696473767839,0.0965595472081414,0.0292343931874466,0.588198760224964,0.181975856617444
2636,0.0296419026325901,0.0487577121738232,0.133256729677635,0.0697693545496505,0.272828356710661,0.44574594425564
2637,0.0160885979671807,0.0827228583519142,0.0237968694813762,0.0339967401540288,0.722151610261993,0.121243323783507
2638,0.0429618820964919,0.0359069849050659,0.0664306793315413,0.346605483723823,0.164897199488513,0.343197770454565
2639,0.117285553495094,0.0708655864240583,0.0368334817782613,0.488017241887013,0.220090055229,0.0669080811865741
2640,0.018237307973097,0.0353533208800932,0.033078205504834,0.0190839914552897,0.136168885680708,0.758078288505978
2641,0.0954544770012863,0.14702002249163,0.164755598126531,0.130182967403093,0.259581506452855,0.203005428524604
2642,0.00891653082156,0.0974098875381616,0.114387842396932,0.0265319531755977,0.192434092324263,0.560319693743486
2643,0.263074977812019,0.485078415414511,0.0191336783698977,0.0987469948344632,0.104806320330865,0.0291596132382448
2644,0.00440058995289073,0.121166349168669,0.0375735207356872,0.00921681235923752,0.277111262387355,0.550531465396161
2645,0.03070010757625,0.0691021239108424,0.035094169254224,0.0895516067213395,0.29972214304899,0.475829849488354
2646,0.00250328263098133,0.0122244712312599,0.0982719226624101,0.00753477090954156,0.0374012486145819,0.842064303951225
2647,0.047730141366783,0.100742268572704,0.102368329605634,0.106380564303514,0.23889939033211,0.403879305819255
2648,0.114290272704293,0.240584496620194,0.561195548145438,0.0154645960155834,0.0243689752946994,0.0440961112197912
2649,0.0351598651308737,0.0362353643199914,0.0962910915973292,0.059668652613952,0.193239977972915,0.579405048364939
2650,0.0655575084190465,0.0466706728664041,0.233031996916122,0.0638679753610146,0.120738971159967,0.470132875277446
2651,0.0185074156726953,0.076412231002187,0.0370446570499773,0.0560260884959403,0.526544453142628,0.285465154636572
2652,0.0178189509071551,0.0973752193821766,0.0491599723498412,0.0388902461603876,0.580335446024749,0.216420165175691
2653,0.302394097723488,0.219460371467368,0.103865413861696,0.0637532421792179,0.209821928625354,0.100704946142875
2654,0.0024586289570196,0.0307069979821218,0.0790348707093065,0.0262374293664369,0.0882915684388762,0.773270504546239
2655,0.403992922019092,0.253125792995429,0.077710421637625,0.0698200166705663,0.153511511196326,0.0418393354809614
2656,0.00676187177543704,0.0615609824500487,0.0537653515044483,0.0231191258616376,0.417873057860291,0.436919610548138
2657,0.0160788272415867,0.027886231347332,0.143500547332109,0.0219751283945758,0.100018580591449,0.690540685092947
2658,0.122898275605022,0.112160698068255,0.068880073507203,0.518070669864427,0.0981842787001275,0.0798060042549663
2659,0.177026159430311,0.0788478830951445,0.0994493968268226,0.511631904507055,0.0691862127534484,0.0638584433872185
2660,0.0127807951060489,0.038424838205158,0.0420686929228613,0.0475961375142831,0.226562831792474,0.632566704459174
2661,0.00627256537142342,0.0283501966303884,0.127146153357212,0.0265685954702631,0.0901319306334462,0.721530558537267
2662,0.00615783759764753,0.0528418725868856,0.0910620064705059,0.0135771771499206,0.166472410923648,0.669888695271393
2663,0.0046055291644187,0.0213996390316751,0.0417779043582279,0.035416598718181,0.460502016730183,0.436298311997314
2664,0.0462957657517809,0.133249999895462,0.0342579443814135,0.0940237917594136,0.563350703669286,0.128821794542645
2665,0.230911601959726,0.260301213339587,0.150874299830297,0.0593049175243105,0.18181487898138,0.116793088364699
2666,0.00165721538859564,0.00469261676925764,0.0503060928874776,0.00329651390355522,0.0103876619542106,0.929659899096903
2667,0.08430773434399,0.111346492161111,0.385536201474923,0.0774052463780617,0.181036190875201,0.160368134766712
2668,0.00758711446162141,0.0666636586572672,0.343894531804494,0.010295390437035,0.108115365724657,0.463443938914925
2669,0.0292702603763274,0.190432841011043,0.116998292240376,0.0228678901125902,0.231449405021661,0.408981311238001
2670,0.00664739318929099,0.0413707323695297,0.136820555224408,0.017486344953666,0.157874546612404,0.639800427650701
2671,0.0327802818505718,0.0747834248557582,0.0511481467862276,0.113923098556837,0.293717164756102,0.433647883194504
2672,0.00654287404659619,0.030556267926331,0.15857187191371,0.01599228429432,0.139546751591964,0.648789950227078
2673,0.280838474793248,0.334146968599206,0.0573789388311022,0.127752477811734,0.161510519468556,0.0383726204961543
2674,0.0312696819355158,0.0579404435747954,0.0849415730759413,0.192439627388363,0.346635049548787,0.286773624476597
2675,0.542290474781664,0.216332028055825,0.0191967622900361,0.135177296786679,0.0712451899756145,0.0157582481101808
2676,0.0357950774771105,0.0402681255241981,0.0622933998945769,0.175178753472715,0.397843281889944,0.288621361741455
2677,0.0712483283756997,0.181375837052936,0.274347900488763,0.0875990434253888,0.238107324611658,0.147321566045554
2678,0.0370995745738665,0.146547467528097,0.276305975361717,0.0471042213809987,0.276641665380137,0.216301095775183
2679,0.00163511412141564,0.0136626700379559,0.0321765554213931,0.0204214704504298,0.287976968595425,0.64412722137338
2680,0.0764264829311101,0.116362337896794,0.314889340805444,0.292842947193209,0.120660606732376,0.0788182844410662
2681,0.0497068659636114,0.216414542166881,0.149075674974039,0.0358489542739575,0.33062161667097,0.218332345950541
2682,0.00880733103158879,0.0252086433290979,0.12472511187822,0.184235824501829,0.19141709284806,0.465605996411204
2683,0.487405149765377,0.304986408982285,0.0278601838420628,0.10531133548624,0.0643534450454933,0.0100834768785416
2684,0.00976039728047443,0.0407313915907732,0.0496557365685198,0.104353793626396,0.409013376435407,0.38648530449843
2685,0.0680621854095044,0.043598197084388,0.211874824465871,0.0444599621841254,0.0567334453236729,0.575271385532438
2686,0.00768900643528987,0.0954685096178051,0.114197099836809,0.0194637246836885,0.152505037489857,0.610676621936551
2687,0.556039934255505,0.163502559150496,0.0424811139158467,0.127466004138985,0.0921107106402017,0.0183996778989655
2688,0.0239410842134467,0.165409345852785,0.0608362770955957,0.199207101217486,0.372471747788966,0.178134443831721
2689,0.112841695418592,0.593982313970783,0.0446415221081605,0.0612650564359399,0.157682052563038,0.0295873595034868
2690,0.0100243604798689,0.0254705074665853,0.0516295923187161,0.186688952317873,0.396134752535747,0.330051834881209
2691,0.0376064955240027,0.156274566856056,0.0664782157883698,0.0510853379994466,0.445861707375985,0.242693676456141
2692,0.143520393128947,0.10335806881291,0.217807676095699,0.0782851805587992,0.220237571135375,0.236791110268269
2693,0.0205306795459826,0.0621184091339617,0.193333094795518,0.0282715569498323,0.107877105710413,0.587869153864293
2694,0.00426886188742027,0.0217021646446727,0.041529409633936,0.036034803340612,0.223813900472195,0.672650860021164
2695,0.568817209459785,0.165780140502465,0.0434084090935918,0.119759895570017,0.0784541856566127,0.0237801597175276
2696,0.0152048613547572,0.0669375674469391,0.203605925467727,0.0242876688644706,0.0770122517384147,0.612951725127692
2697,0.0677979715134438,0.191504846810398,0.253828539156853,0.039127776698107,0.163687234788063,0.284053631033135
2698,0.00842094397823006,0.0373055258382631,0.232172426985164,0.0179450043808125,0.27394721919907,0.43020887961846
2699,0.0161533553827773,0.154183141062491,0.388193518191801,0.00830297587824555,0.0734497500134448,0.35971725947124
2700,0.00144331634134427,0.0407275450904207,0.0206844201639239,0.00705866930167047,0.40888770963512,0.52119833946752
2701,0.0136953705309823,0.0257041039721189,0.048863054026886,0.13894707985274,0.29271897049203,0.480071421125243
2702,0.460964270936189,0.161024765913612,0.184003575798664,0.0747561251238721,0.0614773202360379,0.0577739419916242
2703,0.121516945041124,0.0817002188962492,0.201977586889072,0.108877951672315,0.22094315850634,0.264984138994901
2704,0.0426453676965587,0.181273708900284,0.519026721384311,0.0292006084972034,0.10303568269415,0.124817910827492
2705,0.0165919115939613,0.131492321257951,0.415880939297011,0.0179034404237823,0.117739104757475,0.300392282669819
2706,0.0241850926519725,0.0712709698719203,0.210026794781812,0.143296867543962,0.20081616015174,0.350404114998593
2707,0.0113902037146136,0.0246985542397942,0.0261421914055808,0.0463632308057725,0.540758415475005,0.350647404359234
2708,0.268322716526695,0.350025921464704,0.0918459080389629,0.0920203159776234,0.159021762778223,0.0387633752137922
2709,0.056676821530838,0.178081547673426,0.465606299596776,0.0294204187980428,0.0768938380028691,0.193321074398048
2710,0.0951071814635466,0.0699565637350596,0.291971667554038,0.0522629160571357,0.0832889945559732,0.407412676634247
2711,0.0331587911196078,0.0679486874820859,0.110642625828205,0.0674417929455174,0.309912389838478,0.410895712786106
2712,0.121379203138547,0.0901254554455117,0.0919396194189533,0.377168101313257,0.215355573135175,0.104032047548556
2713,0.0780578933535117,0.217864800311713,0.280544325325616,0.0371469865208178,0.126896430945922,0.259489563542419
2714,0.00586421359411294,0.0711179786133155,0.15061174176752,0.0137794444673383,0.266723257068349,0.491903364489364
2715,0.0357824093217421,0.0904554951135785,0.470972569886116,0.0288042882244653,0.191682771528671,0.182302465925427
2716,0.0458541330691786,0.069052779085983,0.101107396981394,0.0706604278427438,0.304625703925583,0.408699559095118
2717,0.00787119323016739,0.022221649209486,0.0268158452389206,0.0278883144189764,0.217015322973979,0.69818767492847
2718,0.0136973627920189,0.0261258635081816,0.255515647484693,0.0406407002766137,0.147577769138654,0.516442656799839
2719,0.0246357202964318,0.0848803554428235,0.159902005310866,0.0486430005279049,0.336994869053912,0.344944049368062
2720,0.200754933590199,0.128793984637772,0.223146835317894,0.10483700837246,0.204290198782808,0.138177039298868
2721,0.0289340362755673,0.0771236651872041,0.116303463534832,0.0588816817448194,0.337941080521384,0.380816072736194
2722,0.303124255807329,0.476426244683304,0.1285444545916,0.0104459504602659,0.0560792985097564,0.0253797959477453
2723,0.0516625430933608,0.174008275905611,0.193742875500786,0.0605909090334362,0.168493291139202,0.351502105327605
2724,0.662099720024031,0.103286067820877,0.0806253788797291,0.0788944808023758,0.0514854474654447,0.0236089050075424
2725,0.290697636532705,0.362142035189738,0.0561242383980464,0.139981603006346,0.100607204531135,0.0504472823420291
2726,0.0491257781893435,0.0760468943906676,0.0486552037689821,0.134468411617357,0.645892475787884,0.0458112362457663
2727,0.00168577935662027,0.0215409736526025,0.0508732041373699,0.0148503280083686,0.217142466085107,0.693907248759932
2728,0.0192882153374635,0.0297916052960835,0.14864713806605,0.0266902329218338,0.0877444194746295,0.687838388903939
2729,0.117883790374485,0.237189452905513,0.122411457507229,0.0957202213359377,0.247103533339208,0.179691544537627
2730,0.00891879768077784,0.0292518703866759,0.0454491548062266,0.0537121649528426,0.584133904641132,0.278534107532345
2731,0.116355245986282,0.145576248167329,0.0846480364831132,0.198545838007188,0.374471880229654,0.0804027511264349
2732,0.0167255370844264,0.0706685088388966,0.257320549934185,0.0143022911120232,0.0834180815242571,0.557565031506212
2733,0.0266781513773439,0.132520417275881,0.169216316122344,0.132464863243973,0.433540054615761,0.105580197364697
2734,0.0594429013996363,0.604411398023725,0.0624783213835577,0.0200737641206313,0.15071048044021,0.102883134632239
2735,0.106790373125315,0.517871875990861,0.0967798886340071,0.0194467368473259,0.11341687894348,0.145694246459011
2736,0.0332593693356919,0.0370817545167742,0.0195203450366082,0.631492103987162,0.236675919532546,0.0419705075912168
2737,0.145170213797128,0.160185074181487,0.259799807161585,0.0326219225775148,0.225854713294159,0.176368268988126
2738,0.0264503851988542,0.117642434414105,0.112657402530277,0.0580857450220386,0.235807280017898,0.449356752816827
2739,0.216955968513574,0.287251775780375,0.199261685387014,0.0320357029794268,0.200923942017952,0.0635709253216593
2740,0.247193245723725,0.3670800687381,0.07094049833985,0.0794257411818315,0.131432583633333,0.103927862383161
2741,0.106439260410781,0.353557645104798,0.109433590146181,0.0268107823150677,0.241852307910531,0.161906414112642
2742,0.0629698774907082,0.0670375941237617,0.039785656272595,0.2015860451962,0.455568996400254,0.173051830516481
2743,0.230282906053401,0.190535828652436,0.0941210154677371,0.151579016419441,0.186562828807844,0.146918404599141
2744,0.00944590442847862,0.0765387022705433,0.041354652051518,0.117069255801975,0.567094186829751,0.188497298617734
2745,0.00395305781277684,0.0358648911174828,0.329161025541402,0.050609945936404,0.396868412705252,0.183542666886683
2746,0.0102693917875138,0.0464385721092376,0.0934868785655501,0.0379666520607996,0.282061709438665,0.529776796038233
2747,0.0235329577169979,0.0236356636736809,0.01030332850585,0.228515301172699,0.531407568037775,0.182605180892997
2748,0.00538090559654227,0.0476780081225685,0.0553014771496516,0.0374348313269355,0.586342833020755,0.267861944783547
2749,0.172999315217659,0.067915702008741,0.0357355840290955,0.367314613160362,0.236728617608674,0.119306167975469
2750,0.0139563407143745,0.0689471845685744,0.308022493221827,0.0445931467227723,0.123633434600691,0.440847400171761
2751,0.134697692707953,0.13949188941498,0.0530105131901439,0.240901473317012,0.373807337405036,0.0580910939648752
2752,0.0488114091501987,0.145925904735772,0.200867597024319,0.0727092039249203,0.170447275529194,0.361238609635596
2753,0.0349830138389614,0.0541314287440446,0.0199516768371068,0.445352737137883,0.371920370105726,0.0736607733362783
2754,0.00950268552407902,0.213118059431613,0.069746979464234,0.0161626020231923,0.51634806118293,0.175121612373951
2755,0.00200588447710704,0.00686420672900464,0.0389955188849362,0.0148273997283779,0.355769742667265,0.581537247513309
2756,0.00707618909894591,0.0139775954897501,0.100110600766986,0.00930444888201657,0.0279971803042247,0.841533985458076
2757,0.0145877461452728,0.134242752676553,0.0267598670031343,0.0275451834653761,0.593841246057927,0.203023204651737
2758,0.0612657055361711,0.22125733163818,0.195265396888799,0.0319908823476556,0.321368322350962,0.168852361238233
2759,0.0191707768726115,0.216065758291435,0.116502848164426,0.0153694930161916,0.224393061672227,0.408498061983109
2760,0.313942937969583,0.083778318070734,0.0321845319960053,0.513042764139677,0.0466407350785108,0.0104107127454901
2761,0.206664619032627,0.10290502181103,0.0989562357233558,0.327045598348308,0.180794457208714,0.0836340678759641
2762,0.00567800247702292,0.125389432241604,0.0905936724788737,0.0221397535831795,0.452955749932231,0.303243389287089
2763,0.0490518021586783,0.173467541413976,0.215984547589856,0.0585648727249278,0.260318065028053,0.242613171084509
2764,0.00439279505298345,0.0139985412135616,0.101105510102463,0.0116924685376952,0.0694359047071326,0.799374780386164
2765,0.0534349252397633,0.138501056312086,0.206329255573034,0.0338346172115343,0.191372843392409,0.376527302271173
2766,0.032973305667828,0.110202361961808,0.120994214133666,0.0574139220724677,0.400668447236947,0.277747748927284
2767,0.00966526469393519,0.0295001551393322,0.0424264661278642,0.505760503336203,0.270808115474496,0.141839495228169
2768,0.0335727839389596,0.169593077241121,0.313097299067529,0.0209082144117299,0.136813373482454,0.326015251858207
2769,0.0479952923269336,0.347191955873677,0.0645538700695916,0.0961873427083977,0.314473721890885,0.129597817130515
2770,0.00142312653238904,0.0258143044363209,0.144593115022935,0.0122108155485679,0.175285323976093,0.640673314483694
2771,0.0227667326867847,0.129877276967756,0.425983144785044,0.0255588699638404,0.122527100310399,0.273286875286177
2772,0.0486949016403634,0.0528875054975713,0.12315542583253,0.204703160439063,0.387304099778392,0.183254906812081
2773,0.0325696118825442,0.291282611516225,0.155849089624182,0.0147586290470788,0.36017796676644,0.145362091163529
2774,0.167204218900838,0.459188946950293,0.0796315946430452,0.0304138550840886,0.207238711310557,0.0563226731111778
2775,0.00163049877013229,0.00934902286323562,0.114430565382614,0.00562716578538741,0.0735668564016046,0.795395890797026
2776,0.00797601077213081,0.0269285379398433,0.0472440921136104,0.0307836035174448,0.222456404070245,0.664611351586726
2777,0.000933065885205099,0.0108087735291527,0.0892382151418056,0.00964210486047729,0.0732970636878934,0.816080776895466
2778,0.116433829626477,0.152442240861887,0.157272736370198,0.107196118441977,0.180869097118842,0.285785977580619
2779,0.0409563519161999,0.0700216128789321,0.318228301897171,0.103811961275526,0.169608802764987,0.297372969267184
2780,0.066936563441251,0.23661768432067,0.300674922413831,0.0623567341443826,0.131550635324421,0.201863460355445
2781,0.0131217023707249,0.0240883321183433,0.0507954947748748,0.136799852262214,0.526542006998683,0.24865261147516
2782,0.00591232397623931,0.0252029672977183,0.23038290750332,0.0156260022411687,0.121793332381063,0.601082466600491
2783,0.677102218904893,0.186712825503486,0.0596094595548161,0.0376306631898963,0.0275691973905745,0.0113756354563344
2784,0.0438573851560323,0.312219225167938,0.0747318750534398,0.0834447899441527,0.359619652734484,0.126127071943953
2785,0.00191818327739039,0.0115389380087155,0.0379468303584689,0.0201781904979743,0.353224541221048,0.575193316636403
2786,0.0155818260009333,0.0971421875600338,0.0639278063159016,0.059316417696206,0.422915057715598,0.341116704711327
2787,0.00477132241311998,0.0340956910978636,0.0825251321374235,0.0264736984486808,0.301146402117325,0.550987753785587
2788,0.0100805868736276,0.0402880184492277,0.0976122445357784,0.022753182328053,0.119642381929473,0.70962358588384
2789,0.0628777066266751,0.0755997680723305,0.290165903405936,0.0680114890434711,0.195924292245673,0.307420840605914
2790,0.0729606876774106,0.178996093256152,0.0562998261917486,0.0685607894788755,0.443538789505611,0.179643813890202
2791,0.0897966405699051,0.0374965319698551,0.0313730389248151,0.701063298686872,0.104224189874166,0.0360462999743874
2792,0.550524317411937,0.250336774349487,0.0327213220119002,0.0670124178751328,0.0770154790355232,0.0223896893160204
2793,0.00560316587626967,0.0480978566456187,0.0372888853595441,0.0171866118217618,0.469174187559624,0.422649292737182
2794,0.431102221828264,0.115586600244731,0.0668950881683214,0.243978564668123,0.105769984281813,0.0366675408087477
2795,0.325653884899162,0.156570012522655,0.0629446670428117,0.334078948474844,0.102137295080724,0.0186151919798037
2796,0.00151915522724651,0.0163627207397633,0.107788754664393,0.0181882598466056,0.0797705574946395,0.776370552027352
2797,0.0304743317139987,0.0434558407801274,0.0622858478269923,0.0840086756808725,0.113650711456948,0.666124592541061
2798,0.00632270265707213,0.155980215786944,0.222912090426524,0.0112870037770979,0.225831105914867,0.377666881437495
2799,0.110478478828415,0.149602434776081,0.392845126573957,0.0174080644407115,0.107918605412166,0.221747289968669
2800,0.00464253760142638,0.0281600918520004,0.0511611505353202,0.0305030799498562,0.261458958533118,0.624074181528279
2801,0.0114949996406647,0.0489313838982944,0.0130487434401892,0.0327068208639847,0.555969104509887,0.33784894764698
2802,0.0136981082900447,0.0762759398763227,0.0417945104157184,0.0454382996097058,0.543392708040248,0.27940043376796
2803,0.102487774278251,0.481449909105547,0.143996018420031,0.0318356576177184,0.148248382881355,0.0919822576970972
2804,0.00935856685599107,0.0585143472717364,0.105022828094016,0.0249029335948608,0.438549805299589,0.363651518883807
2805,0.31508456226275,0.18187346167029,0.227024917283377,0.0924462139501899,0.126477000502899,0.0570938443304933
2806,0.11747416902336,0.056869171305243,0.0525124282255825,0.305994184627647,0.290194254086002,0.176955792732165
2807,0.0639910907344128,0.19602764706264,0.171573049038627,0.108935940142212,0.21068967520594,0.248782597816168
2808,0.0104340015677121,0.0473810932825387,0.0445116562415914,0.0201037112598986,0.33392795943763,0.543641578210629
2809,0.032252165759696,0.103751335554601,0.342698569373222,0.0334936071071359,0.0995231659507973,0.388281156254548
2810,0.00747958093227327,0.0482055737368004,0.0791551781605433,0.0550926287149691,0.444222782971402,0.365844255484012
2811,0.00778320614289298,0.120335788403122,0.151706591427509,0.0259091521771486,0.424018296297145,0.270246965552183
2812,0.5411009050363,0.241475716382189,0.0899267796203258,0.054802706866248,0.0473133940726354,0.0253804980223019
2813,0.148854430137107,0.0957167071301421,0.156776236935101,0.133662822081493,0.321401617717193,0.143588185998964
2814,0.0286514780177215,0.250729904834554,0.224240367285458,0.0348553160705995,0.180400210822453,0.281122722969214
2815,0.0330140017043774,0.0744306369574563,0.116428439132921,0.115537348221558,0.174991580312625,0.485597993671062
2816,0.167506007122739,0.147657643113907,0.27966168643257,0.0851412409876223,0.205885562654602,0.11414785968856
2817,0.0942158602470697,0.382385530445706,0.124229181307233,0.0641046818537001,0.253673839938246,0.0813909062080454
2818,0.354400082312553,0.287026058812223,0.155612200730986,0.0538206872653827,0.0956162165106314,0.0535247543682231
2819,0.43465662993724,0.344686543967554,0.110992825457212,0.0296549822781821,0.062268023944634,0.0177409944151782
2820,0.334408784194597,0.201112919111988,0.322077094589924,0.0446277733483229,0.0609466345882184,0.0368267941669494
2821,0.0018957262547367,0.0243045037191627,0.0131816483076325,0.00611180195600764,0.423034267175993,0.531472052586468
2822,0.182655577152683,0.215825500975028,0.231918688341991,0.0570891041830311,0.18949693272833,0.123014196618936
2823,0.0448068490702399,0.0812277105506802,0.128082461792744,0.0898700911549095,0.177840880050187,0.478172007381239
2824,0.0594523409993095,0.11290386056424,0.217959871823012,0.0602126981883207,0.291637854788265,0.257833373636853
2825,0.00269740412473479,0.0141250929875621,0.175368010957648,0.00871497527078719,0.0159246380722022,0.783169878587065
2826,0.0234676831478084,0.191600546355759,0.0418927714397363,0.0357376304027839,0.467773639405836,0.239527729248077
2827,0.0531953072994609,0.49403507396921,0.148904120346858,0.0255382379385571,0.137841104277313,0.140486156168601
2828,0.0193374678713751,0.135499683815864,0.211074608273199,0.0381184808742966,0.362986991229877,0.232982767935389
2829,0.0538954648353401,0.0343850248385641,0.0363766539665031,0.159920109388148,0.561950316544105,0.15347243042734
2830,0.00241034650139644,0.0286233030275799,0.110412125267981,0.0232485500331318,0.154437118784189,0.680868556385722
2831,0.330706584251202,0.449439806914838,0.0756402539043449,0.0537427160998949,0.0586664600003035,0.0318041788294168
2832,0.0421141350422693,0.212691120820679,0.202928351790642,0.0327531308100583,0.333934323035336,0.175578938501015
2833,0.156884448823971,0.128672819922873,0.0879837381934275,0.283621737168708,0.208548494160954,0.134288761730065
2834,0.0148149242688946,0.0599676424690421,0.0851138610057314,0.0181802284031153,0.255862993356718,0.566060350496498
2835,0.219452699746837,0.19201036830009,0.0427929128970793,0.209113647572774,0.269054587915849,0.0675757835673704
2836,0.0114960701102074,0.025077520194802,0.0476130780427761,0.0594105861574476,0.274137398429451,0.582265347065315
2837,0.0747010430097836,0.22372015254422,0.332222920351007,0.0508100647978963,0.141703612344657,0.176842206952436
2838,0.185689080712437,0.270738384234352,0.208797093060296,0.0596637280190614,0.123422073348003,0.151689640625851
2839,0.0715722754617246,0.132330113460071,0.14669341855117,0.097536000123955,0.315417104470417,0.236451087932662
2840,0.0982634150650401,0.0828238393857548,0.151791645857558,0.202754027741826,0.160638122234396,0.303728949715426
2841,0.463465530681701,0.10707180582977,0.0401107409962133,0.187771565751412,0.152139202741014,0.049441153999891
2842,0.00648564916782713,0.0289818214104522,0.0173596325404634,0.0363969658487937,0.63559932219518,0.275176608837284
2843,0.0606261019943413,0.102441577463142,0.094624517198659,0.0132652181348463,0.50212918578205,0.226913399426962
2844,0.0352636040327359,0.20110785797766,0.40456646934303,0.0150931109282065,0.104868012744183,0.239100944974185
2845,0.225439505517888,0.449807528951879,0.133928235466212,0.0999753908391241,0.0682255816409044,0.0226237575839926
2846,0.00408111066828076,0.0207786874344909,0.0240569880953684,0.0435573262869514,0.34593711507301,0.561588772441899
