"CUS_ID","F20-","F30","F30+","M20-","M30","M30+"
2501,0.0965243582363359,0.444660801703956,0.103670413653096,0.0409830671903365,0.180323819319948,0.133837539896327
2502,0.0328139282007793,0.132405772825051,0.185710167378481,0.0754783105141923,0.384862516682166,0.18872930439933
2503,0.0617466129222742,0.337584263412836,0.0606476084696907,0.062307339567451,0.375546538349594,0.102167637278154
2504,0.319559248795369,0.159154698038649,0.141527813667558,0.165621578195931,0.0970937946756262,0.117042866626868
2505,0.0327589799816843,0.129078337517453,0.166426048232702,0.0523668351331601,0.174156545855526,0.445213253279475
2506,0.0216786419439628,0.316475358371897,0.100731769527825,0.0268189591985246,0.290564252843916,0.243731018113875
2507,0.011687625200806,0.0332531153969122,0.0902331184605274,0.0249020937143824,0.19856680530397,0.641357241923402
2508,0.00764769609058161,0.0338222878435664,0.0388804743995533,0.0277219559083503,0.450788135379221,0.441139450378727
2509,0.0194181560153972,0.0406593189505807,0.143894939223583,0.03210244710992,0.151103653277352,0.612821485423167
2510,0.0133187337412845,0.073716438730536,0.0501557660291665,0.0307747715083195,0.373869159303666,0.458165130687027
2511,0.595645848429847,0.103916784190115,0.0880857823465227,0.133630076135468,0.0530062928048063,0.0257152160932407
2512,0.05498658951646,0.181459678329591,0.0749571475155084,0.134035979328434,0.447342459203694,0.107218146106313
2513,0.00688104066511583,0.0316867615661089,0.0955441143133895,0.0295214619889771,0.272970080277403,0.563396541189006
2514,0.10627227812774,0.540797496099957,0.0646508795936135,0.0361908884743674,0.198611568288464,0.0534768894158579
2515,0.0144143438244108,0.0537038895188614,0.12151508343821,0.0397722290998677,0.208044234493093,0.562550219625558
2516,0.0757519288913044,0.120023691012931,0.0735869127805443,0.152904448664001,0.316280448399966,0.261452570251253
2517,0.0329663856070632,0.3383913435924,0.128678132992513,0.0189185393527811,0.233373186544593,0.247672411910649
2518,0.440374841180514,0.21558927676953,0.105372087642489,0.065172547022856,0.100720330359025,0.0727709170255851
2519,0.0453219488037916,0.823940923423836,0.0215426306775154,0.01028027945775,0.0701792360820264,0.0287349815550801
2520,0.0259711112377396,0.0535131328345756,0.021135892921716,0.106663683450051,0.604585583421501,0.188130596134417
2521,0.0300480516522295,0.0753229174309256,0.299060362854532,0.0492032049443348,0.136848124651738,0.40951733846624
2522,0.319092421395843,0.231484396130923,0.170142690380523,0.0764422705863434,0.137887298454226,0.0649509230521418
2523,0.0588560490767455,0.37038737706449,0.0821663212012924,0.0186495054067264,0.335005299473225,0.134935447777521
2524,0.0561045700172332,0.138071067169477,0.250412004456895,0.0581124732631857,0.143057700265393,0.354242184827816
2525,0.122728936015505,0.0765075130880358,0.0769535278115654,0.381564345440589,0.275099184844134,0.0671464928001708
2526,0.089857274340953,0.195110254397315,0.0804053985293172,0.106224337195489,0.364712069715875,0.163690665821051
2527,0.492415221664801,0.185839932002562,0.101744601042903,0.055801962267042,0.102620954546849,0.0615773284758438
2528,0.00590860155641052,0.0210094946094103,0.0572971553350453,0.044890221093106,0.218393606394944,0.652500921011084
2529,0.0662488790152212,0.0874905368361732,0.282507953679107,0.0614739558803568,0.125396578397021,0.37688209619212
2530,0.00378120245447804,0.0192185948828546,0.128988294757485,0.0197795510270985,0.109239953176452,0.718992403701632
2531,0.0369510250585796,0.145940348713212,0.136151277683833,0.0821697718029687,0.335690165631674,0.263097411109733
2532,0.0372274886062748,0.163156659983479,0.137786879599802,0.0657530739217129,0.283779545327266,0.312296352561465
2533,0.00227299526064778,0.00891772887327229,0.0526588486397251,0.00704530529010038,0.0266349591206741,0.90247016281558
2534,0.229685748569102,0.0677886771749796,0.0563153454203835,0.483035230455511,0.092229643520484,0.0709453548595396
2535,0.0446247563832286,0.104543631865016,0.141497280649214,0.0496014931186391,0.198079681787582,0.46165315619632
2536,0.144554066684395,0.24439433175062,0.122964168522679,0.0653629400284714,0.199092887992176,0.223631605021659
2537,0.0391082581810479,0.719443072048953,0.0938493596060203,0.00916810847122791,0.0853915635979366,0.0530396380948139
2538,0.231416327695522,0.119055293959555,0.0742790106353744,0.110251228551327,0.303152695180202,0.16184544397802
2539,0.159276668337688,0.251064356255375,0.215153222306225,0.0478430004700564,0.176594163595453,0.150068589035201
2540,0.380299100924221,0.163073474354315,0.0430910944313533,0.172349900501891,0.198867296135815,0.0423191336524038
2541,0.138313274633878,0.0639981571587729,0.0207066929378389,0.428223244803183,0.28475631293276,0.0640023175335669
2542,0.10861593448492,0.412695997015915,0.0731534076159149,0.032313235665208,0.322823030961436,0.050398394256606
2543,0.00927642470961012,0.022133300957411,0.0714567203846859,0.00877421326664287,0.252921038570206,0.635438302111444
2544,0.0917450420379361,0.137279011744223,0.107156793308895,0.230736816331894,0.161991032670156,0.271091303906896
2545,0.0294279607898314,0.266313550459053,0.0526851730226545,0.0147820068961083,0.452432925283524,0.184358383548828
2546,0.0349204908030292,0.0360449074354812,0.0127384172209121,0.275878175828997,0.558485135735453,0.0819328729761273
2547,0.0956450812489145,0.166774437851097,0.262518552434551,0.0520148543111001,0.199935295479733,0.223111778674604
2548,0.0658639102125221,0.0874804856112469,0.109175484730872,0.242488582463429,0.387100014360117,0.107891522621812
2549,0.00694506224793307,0.0384105462677539,0.0398121390466534,0.0481174577714822,0.335675244431809,0.531039550234369
2550,0.0199670703147611,0.0306884126514447,0.0185190946545836,0.186679950501651,0.571513083819061,0.172632388058499
2551,0.129717169217909,0.227481038443111,0.0614775834337912,0.182535296849894,0.234170660818918,0.164618251236376
2552,0.148236853721773,0.36099020758156,0.146823077397009,0.0581856105136598,0.143647955900502,0.142116294885497
2553,0.469214287133068,0.20313788630149,0.0468963129405299,0.126826572887642,0.130960649895291,0.0229642908419796
2554,0.0913729822526694,0.17878859296874,0.104118058594806,0.135536131483241,0.400384369511425,0.0897998651891177
2555,0.0157132235102352,0.0734471678977298,0.0577885262353975,0.0416115333361736,0.626306236372703,0.185133312647761
2556,0.0862763086490341,0.270983386428079,0.273647216737459,0.0541827091139759,0.173253436380095,0.141656942691357
2557,0.28170021904462,0.248236588712482,0.316981441370167,0.053543847233193,0.0709982678501613,0.0285396357893768
2558,0.0394738362138319,0.0935478000465125,0.630005185379952,0.0349276101054775,0.0962113144900454,0.10583425376418
2559,0.0745656416031086,0.442193456445537,0.141593228865077,0.0307853748202855,0.119426287457305,0.191436010808686
2560,0.00849648636535068,0.0923734073051453,0.0952291649903386,0.026440556458832,0.197543268185248,0.579917116695085
2561,0.0202878875254669,0.0637407290035485,0.160615625753097,0.0165911381873828,0.133377092200936,0.605387527329568
2562,0.325712925065328,0.377395330287693,0.0431432699410839,0.0394641896523862,0.190797100875577,0.0234871841779316
2563,0.239819217586656,0.19107943756163,0.24888135772045,0.101514257213361,0.112379906754158,0.106325823163745
2564,0.14828282230774,0.0824614686821884,0.0821872981013534,0.31526068653126,0.211834626704627,0.159973097672831
2565,0.0197332832248867,0.0683057192978761,0.083013904697639,0.0380408229490772,0.207819043817695,0.583087226012826
2566,0.0121823255344849,0.0345555116648998,0.0921197574972601,0.0905411051058027,0.281678370219812,0.48892292997774
2567,0.0364770407678866,0.130651415721574,0.119350414384554,0.0599883794880622,0.169213345762704,0.484319403875219
2568,0.00795044843484472,0.0455744642925439,0.0796046431126271,0.0260568903498878,0.259567977927716,0.581245575882381
2569,0.0229298563741832,0.0794028676576446,0.216195939812812,0.0191537575545754,0.19161298349216,0.470704595108625
2570,0.0297891847098978,0.533093178666172,0.0915326102487618,0.0173718976801459,0.181576058348885,0.146637070346138
2571,0.11722161992974,0.0819076971292635,0.0317712547250759,0.342799297277132,0.294123202560821,0.132176928377967
2572,0.0807583059142959,0.0867071080851725,0.350209593461578,0.134631264837195,0.123392215888397,0.224301511813362
2573,0.0866865778825357,0.321310744748161,0.0912182492701232,0.0401621433697445,0.27255983929106,0.188062445438375
2574,0.0296553163288374,0.0561242273467356,0.0330330564808904,0.405321706172783,0.392821382824648,0.0830443108461063
2575,0.0245249056118682,0.0363680613442429,0.0173017600029108,0.159852782083645,0.649834038472395,0.112118452484939
2576,0.279666053033881,0.308787544216885,0.130932783980547,0.0801417592647708,0.107135420935544,0.0933364385683729
2577,0.0494528969269053,0.216995356628414,0.257240407449473,0.0319152533095435,0.196023367986554,0.24837271769911
2578,0.00194543943748744,0.00877194829670539,0.0399505945017241,0.00957160935040435,0.0688567337514012,0.870903674662278
2579,0.248273424277206,0.206365521615393,0.322815017685306,0.0431557314952504,0.0943553575242628,0.0850349474025822
2580,0.0703271202625982,0.267687611806196,0.167794880862846,0.0314521525091614,0.234709159778489,0.228029074780709
2581,0.0101414711107496,0.0454024578483216,0.0834727165324489,0.101820115717621,0.477802299441342,0.281360939349517
2582,0.10987543095754,0.540568647004441,0.0631341443054449,0.0332349104100337,0.197669308631984,0.0555175586905561
2583,0.0493783261491456,0.571599148640991,0.168040377248545,0.0178676400749067,0.11136266069098,0.0817518471954322
2584,0.261527998458846,0.611125929076889,0.0311204162647544,0.0125352831714271,0.0652769334671365,0.0184134395609464
2585,0.0198400682415873,0.0640793090100353,0.0682347918008512,0.0662890399040049,0.476887305539706,0.304669485503816
2586,0.0456213719877843,0.294642339030548,0.136616761149737,0.04106257019663,0.212334206986395,0.269722750648906
2587,0.196020370302035,0.0763737750836413,0.0595748620322225,0.305379461586777,0.250711583766757,0.111939947228567
2588,0.0532347155331616,0.0397966159324244,0.0264912531580976,0.213982082095264,0.535061986381346,0.131433346899707
2589,0.0425856099919733,0.0821202892187868,0.0451007186065843,0.146085355513254,0.577805506740839,0.106302519928563
2590,0.0118097030356166,0.0599609832927757,0.134527022016344,0.0610655865501576,0.176929811187629,0.555706893917478
2591,0.0895035228652704,0.108057636401791,0.261716044858454,0.0445428190237114,0.0888446157544965,0.407335361096276
2592,0.0208285587034466,0.0568724329956772,0.0286611649761936,0.160896440449483,0.555928239856269,0.17681316301893
2593,0.191715008034805,0.216290352135661,0.0765573255271864,0.186120233085616,0.235211630816817,0.0941054503999148
2594,0.0283463069168119,0.0539161010584364,0.0577562560558442,0.027603813339813,0.434114215517119,0.398263307111976
2595,0.0914748555732689,0.111765483202704,0.209774758477806,0.177947568028271,0.161621228653494,0.247416106064456
2596,0.764979162183941,0.071951526302966,0.013918036245668,0.110162049238686,0.0326190608188645,0.00637016520987459
2597,0.00765509319579979,0.0366138271218672,0.155512058640781,0.0223859355865213,0.171442982377751,0.606390103077279
2598,0.0160371216972014,0.102397323171286,0.12957474778156,0.0168115720985665,0.158895520111104,0.576283715140281
2599,0.216525325194041,0.225154154927054,0.110168257564874,0.169386403095092,0.17793091117202,0.10083494804692
2600,0.017567741695003,0.0610435609889824,0.0880968388506603,0.0523588970400122,0.69701508530882,0.0839178761165217
2601,0.0359784012768757,0.0811040993385706,0.20660065556291,0.0409495806328504,0.137756327844162,0.497610935344632
2602,0.0189960214857194,0.0777670762366081,0.102776545430498,0.0388246953025944,0.213744182685832,0.547891478858748
2603,0.0443807430883227,0.529757815471195,0.0428665784722998,0.0284751019853689,0.288174381395662,0.0663453795871508
2604,0.0456102897448386,0.174188722152695,0.28864294051813,0.114590920084696,0.114176418478187,0.262790709021453
2605,0.00633125348690242,0.0974062478853392,0.279037942551031,0.031310075747246,0.225724868582873,0.360189611746609
2606,0.0377635001165897,0.0853892633424411,0.112813006877063,0.0381991159104624,0.236570183595587,0.489264930157857
2607,0.00634316916447189,0.0208248355606911,0.0647744738698471,0.0210921046974426,0.110818599397303,0.776146817310244
2608,0.185103213942614,0.174352770566721,0.0794030850466478,0.155303548724678,0.248209401549886,0.157627980169453
2609,0.0207226533785176,0.0556804086480808,0.0552948824322168,0.0995982643685758,0.409998503597495,0.358705287575114
2610,0.0973855541767061,0.188472024983573,0.0572386538007592,0.158767171226439,0.314954549460823,0.183182046351701
2611,0.0209958205185128,0.0709331590944039,0.198937198025072,0.039140595872306,0.088471955462708,0.581521271026997
2612,0.061558331791017,0.250048466281268,0.131109749696217,0.0407533023704811,0.168453651258889,0.348076498602127
2613,0.413746486997392,0.361839108499766,0.0647947660251038,0.0627693306783701,0.0754565678180329,0.0213937399813357
2614,0.140126273395319,0.0963010104929983,0.0720724418139088,0.158298066428197,0.269475024232978,0.263727183636598
2615,0.400690525833404,0.251443423047276,0.17647257735163,0.0507494375562102,0.0730371653082032,0.0476068709032764
2616,0.0106698556025618,0.056360296416302,0.070330177195379,0.0403274652380003,0.479288378816979,0.343023826730778
2617,0.147049349919773,0.301100176154876,0.279426328965192,0.0434486261394708,0.130768469221078,0.0982070495996101
2618,0.0592024399175407,0.078111524143785,0.0964525155079673,0.0617009845384365,0.445400014106443,0.259132521785827
2619,0.0338945269881013,0.0422467012915513,0.0189992433923495,0.0869803221904335,0.682257324266806,0.135621881870758
2620,0.0114690960355042,0.0974275009636689,0.20939736026156,0.0262404385993843,0.332168459729324,0.323297144410559
2621,0.0266729410198497,0.0780402801059211,0.0420177201183755,0.116939782672905,0.623388695266176,0.112940580816773
2622,0.00328994297874641,0.0140912480462529,0.0290668001132896,0.0147189428562463,0.150613235938575,0.78821983006689
2623,0.210361262146496,0.209884264489061,0.0475746407516223,0.0797086381492623,0.375495909316297,0.076975285147261
2624,0.0283246268970136,0.0486194720694383,0.104390224471237,0.0615581050230696,0.192676671246923,0.564430900292319
2625,0.0782873657110205,0.195239675787535,0.50923430821911,0.0338541202118731,0.0890449734616903,0.0943395566087701
2626,0.00854511532734628,0.0317476787785031,0.0684979028102233,0.0275579238362691,0.189870103800635,0.673781275447024
2627,0.0627957042693915,0.144806448272014,0.338184388835312,0.0299001656579137,0.176881958677962,0.247431334287406
2628,0.0993881405787919,0.117343870175352,0.0855960195577392,0.32027712341469,0.297065031570031,0.0803298147033967
2629,0.0367294129648271,0.207968552179025,0.0631883899784808,0.0429637536722048,0.412586084773008,0.236563806432454
2630,0.129661187884488,0.130486063770519,0.142489953607512,0.0878171352106626,0.228998733950011,0.280546925576807
2631,0.018312488949819,0.1869553802626,0.202430318203092,0.0280183890529226,0.31682664408536,0.247456779446206
2632,0.00565597971042705,0.0218572407992047,0.0648024092219955,0.0200362192016307,0.144962591507797,0.742685559558945
2633,0.131645480049229,0.365095850384108,0.0636055053930152,0.0941724104097188,0.260338529985184,0.0851422237787444
2634,0.043305562298024,0.0750816146001021,0.26201356669459,0.0718803977674297,0.160790863466932,0.386927995172922
2635,0.0215665761531534,0.0655395142909834,0.0527896728227337,0.0309183770388904,0.656164189342729,0.17302167035151
2636,0.0253029455621404,0.0694401277908514,0.14208519001411,0.0425902335120744,0.316627687901214,0.40395381521961
2637,0.0184521558381969,0.0857069307041825,0.0284267160376128,0.0251060923382882,0.671984972927499,0.170323132154221
2638,0.0674075889044171,0.0469814216371995,0.0811021458972039,0.281980119139289,0.190161492664592,0.332367231757299
2639,0.0942992209710634,0.0789241034488195,0.0507101202328167,0.385099431086295,0.298581519797145,0.0923856044638606
2640,0.015826423850635,0.0332664564733236,0.0573660518109669,0.026214293315134,0.129022364029291,0.73830441052065
2641,0.151588881726102,0.197091261700975,0.151501977151824,0.126883926173476,0.20383686065549,0.169097092592132
2642,0.0176279336394537,0.0879846520828505,0.119290626954776,0.0322196972699356,0.23894202845055,0.503935061602434
2643,0.345691724163959,0.37856156678926,0.0296229698742079,0.125384004706798,0.0928094757377949,0.0279302587279799
2644,0.00762004114837229,0.116013461758151,0.0437237418840604,0.0167849184236985,0.258961545599839,0.556896291185879
2645,0.0192775162120814,0.0712902501380552,0.0406639566996656,0.0490441192747097,0.290122581997128,0.52960157567836
2646,0.00355327886189506,0.0184967425331345,0.0905221377394514,0.0168242775514422,0.0538467806028042,0.816756782711273
2647,0.071705186344031,0.107570429037715,0.129632827143679,0.123562834155207,0.248967200806633,0.318561522512735
2648,0.166164738152549,0.26096668765854,0.400379247889543,0.0245268227843287,0.0542642192787721,0.0936982842362667
2649,0.0418344225705404,0.0597992441627189,0.102099032794559,0.0541161380406172,0.267665454853841,0.474485707577723
2650,0.0517569937969905,0.0473144823603672,0.205756969982902,0.0461668381162221,0.110213434624908,0.538791281118611
2651,0.0230759329166558,0.0839394728499651,0.0423969134541726,0.0509496965683365,0.573067387071457,0.226570597139413
2652,0.017307045048627,0.168409930502057,0.0516407481169363,0.0388014628522861,0.469326831681144,0.25451398179895
2653,0.278238570368929,0.228767962891622,0.135148067377034,0.0561823584983029,0.189653549316327,0.112009491547785
2654,0.00545672518511737,0.0422464554836475,0.0748476942389916,0.0454777892127258,0.155158368349827,0.676812967529691
2655,0.365296859036078,0.234451683332618,0.0785084775256723,0.116146500065988,0.157818831061189,0.0477776489784542
2656,0.0115591373583604,0.0653492627466641,0.0572468701923548,0.0301338031392207,0.453061767090829,0.382649159472571
2657,0.0152352994048887,0.0359525763703588,0.179361473378026,0.0285046582829336,0.11527415899212,0.625671833571673
2658,0.169978365542056,0.183385850453204,0.157445262496418,0.256066516749964,0.121204562679708,0.111919442078651
2659,0.142048748243194,0.0834944360613743,0.109317827406264,0.491850372810006,0.0856680175467572,0.0876205979324043
2660,0.00971463230555256,0.0333369895074902,0.044117910084749,0.0357248638329864,0.270793324703291,0.606312279565931
2661,0.00437249320730453,0.0223426184667872,0.0849414767328906,0.0215251798291528,0.0935396159748657,0.773278615788999
2662,0.00597079060522671,0.0474043109798102,0.0983772899901405,0.012048638938739,0.135718998596711,0.700479970889373
2663,0.00641371861663272,0.0312111675287206,0.04879684169797,0.0354122294322524,0.418784217015803,0.459381825708621
2664,0.037184464620609,0.0924719143471784,0.0319915011501357,0.0955400743995494,0.589568309625621,0.153243735856906
2665,0.22947918280517,0.278028918207512,0.10772894220218,0.0667042483492582,0.196066922095422,0.121991786340457
2666,0.00607439448199899,0.0160051939964373,0.109770672182744,0.0146469584290106,0.0290916411642864,0.824411139745522
2667,0.06611399935123,0.135192397261476,0.418673612969928,0.0758711916919234,0.193218191170952,0.110930607554491
2668,0.0138779864760193,0.0681959417478882,0.418001981669435,0.0217068208036521,0.124758784874979,0.353458484428027
2669,0.0461432058979542,0.184378194397759,0.119470406101265,0.0307073157194705,0.240594538546997,0.378706339336554
2670,0.00898834337208064,0.049205914101713,0.147325113032289,0.0216943924928378,0.19468389542849,0.578102341572589
2671,0.0365189307853088,0.0792076516934171,0.0397540353667766,0.095918054019896,0.3515543496263,0.397046978508302
2672,0.00615533724971859,0.060148086318546,0.132130818246706,0.016886550307897,0.179744570768632,0.604934637108501
2673,0.312563306334714,0.321485125901707,0.0559513315591271,0.11185782075785,0.157073977252645,0.041068438193956
2674,0.0282093316422315,0.0484192298537619,0.0675745072298262,0.263963695848058,0.382742512367402,0.209090723058721
2675,0.497264744604127,0.188307002176934,0.0247273579234451,0.19083409660938,0.0798559834785814,0.0190108152075324
2676,0.0262117946289356,0.0406536366423189,0.0613491543221302,0.137882792558344,0.435521597536315,0.298381024311956
2677,0.0863227655221027,0.213405509480133,0.306203777774356,0.0504663414657806,0.226665432455597,0.116936173302031
2678,0.0444741170086989,0.162321450286369,0.183006715444766,0.0516483848108263,0.327547471319996,0.231001861129344
2679,0.00347316182128906,0.0200625528789498,0.0469498632865333,0.0253803884128371,0.327257280921039,0.576876752679352
2680,0.0678292930853515,0.109429121107249,0.327075951752608,0.16614085548605,0.141788683118079,0.187736095450662
2681,0.0422673793642257,0.160338184130829,0.107989827748915,0.0659143799283799,0.355972655061924,0.267517573765726
2682,0.0137623415455825,0.0381158780014147,0.123640878616889,0.124911061361332,0.203483373295115,0.496086467179667
2683,0.441923791789122,0.276787837162124,0.042640066522437,0.121548636402162,0.0982091059182169,0.0188905622059374
2684,0.0105947086991533,0.0416814045480622,0.0459261268958503,0.0762237087601339,0.464146266910778,0.361427784186022
2685,0.125600210208691,0.0881947675679265,0.141656469961346,0.0374674625161756,0.0840278224491955,0.523053267296665
2686,0.014513718312645,0.140293563059468,0.160113206714522,0.0351122327610041,0.208836698045412,0.441130581106949
2687,0.330305058565182,0.197897187365883,0.0924934938171151,0.169534104831267,0.172572358282682,0.0371977971378721
2688,0.0418161162617133,0.169110384704258,0.0722906293094676,0.230848568199144,0.353580420775939,0.132353880749478
2689,0.16442818277869,0.591234058692778,0.0326098975659891,0.0458159970414571,0.137980468841878,0.0279313950792088
2690,0.0122398103434646,0.0279674418669315,0.0394064894418675,0.209986478415027,0.434087083274338,0.276312696658372
2691,0.0431112237536754,0.21578846462321,0.0780950689551679,0.0511168780356998,0.364049481366831,0.247838883265415
2692,0.054972679521309,0.0999963151539607,0.22439681451244,0.0709980348156421,0.214615581859161,0.335020574137487
2693,0.0355184274170175,0.0705063733684354,0.215674101783643,0.0481576498589006,0.141879535535613,0.48826391203639
2694,0.0106100770099423,0.0319460638795334,0.0731975150232696,0.0459007063180264,0.199877093933916,0.638468543835312
2695,0.571255388833504,0.180904371013942,0.0529101312814819,0.103795331963235,0.0673179864767019,0.0238167904311349
2696,0.0219500040798396,0.0857765243363785,0.281400300643966,0.0303594370268457,0.128584711020491,0.451929022892478
2697,0.0435325788749567,0.15182977212227,0.26227139275388,0.0386599240066773,0.171943793775009,0.331762538467207
2698,0.0148866094375478,0.0510358714677728,0.207512348120061,0.0440291112742826,0.243732380687518,0.438803679012818
2699,0.0166928346609175,0.125865509160034,0.339196587544156,0.0165238485331048,0.0889910010196825,0.412730219082105
2700,0.00248333246852716,0.0328572776181023,0.0253978883329962,0.00714638491857,0.356754118919918,0.575360997741886
2701,0.0194546821524868,0.044947795321231,0.0898392297259911,0.107563633451562,0.294791449861156,0.443403209487573
2702,0.428601001063297,0.175701298656305,0.181511755643886,0.0730648770839852,0.0796470271244862,0.0614740404280412
2703,0.0930455174360617,0.0855297172293228,0.151383486210562,0.0994327348288626,0.260486220596357,0.310122323698834
2704,0.0325847811341875,0.187862296480168,0.501183046581526,0.046264886847633,0.113049309044869,0.119055679911616
2705,0.0178793650903885,0.159173903890405,0.383014937958265,0.0215717103633382,0.148798863778749,0.269561218918854
2706,0.0176389845999493,0.0922467266112913,0.177133199169366,0.148941252332399,0.16877790843588,0.395261928851114
2707,0.0136433333788483,0.0348159685579887,0.0289608292752741,0.0642093390766933,0.614561685367694,0.243808844343502
2708,0.362769549272947,0.367933240614855,0.0638766121658157,0.0617890746084384,0.110204759758024,0.0334267635799194
2709,0.0644814692298961,0.147696490145876,0.292050035906184,0.0517744191937751,0.115333763674144,0.328663821850125
2710,0.0715311850558989,0.077790458255296,0.22172909510455,0.0652920326081989,0.132501669191913,0.431155559784142
2711,0.0271689317995186,0.0749496584217774,0.16613001394616,0.0444101531326121,0.281863965936172,0.40547727676376
2712,0.129311335117905,0.093821692258719,0.0942963932760041,0.213227606487121,0.308320570526217,0.161022402334034
2713,0.150847997759528,0.214695202320525,0.236873267233713,0.051339455195234,0.118902009221634,0.227342068269367
2714,0.00435519924379932,0.0555974797243267,0.111366988406229,0.0175905721418971,0.176610437953748,0.63447932253
2715,0.0338464813830048,0.108778120437898,0.372653496561627,0.0436900851502668,0.253265864155177,0.187765952312026
2716,0.0309596607113356,0.0687970323862156,0.0982577383035795,0.0704408453783411,0.398686286457437,0.332858436763092
2717,0.0110019724339609,0.0422557806665352,0.0364533003750645,0.0324675689097916,0.27700099913903,0.600820378475618
2718,0.0191862780267768,0.052930637372196,0.254239403639091,0.0638440382599989,0.178620160958645,0.431179481743293
2719,0.0383003790284,0.12290402017888,0.199273753868394,0.0578291473017532,0.344652944891839,0.237039754730734
2720,0.0985326998946631,0.103228722459243,0.272075471221733,0.0927169736519669,0.225242067655883,0.208204065116511
2721,0.0185905796947002,0.0567316944812548,0.092549405371012,0.0449881107182496,0.332077844372548,0.455062365362236
2722,0.273196543499149,0.496929972822098,0.121784352132153,0.0155094210003622,0.0661229387835587,0.0264567717626786
2723,0.0520404038470514,0.128413366826141,0.119184310098857,0.0632403641767774,0.208071087925648,0.429050467125525
2724,0.659870060416572,0.0911333602828935,0.0643660148288189,0.103252643953133,0.0545289223776979,0.0268489981408848
2725,0.220308155869077,0.286870871895212,0.0784778402254464,0.204367799622916,0.138152824400105,0.0718225079872439
2726,0.052936740624748,0.0846567270808613,0.0476056510570505,0.148687111384573,0.608313764195504,0.0578000056572626
2727,0.0062180031047406,0.040339534030762,0.080905675989203,0.0340200684677462,0.314431310557405,0.524085407850143
2728,0.0172939128169856,0.0379238403503141,0.118921337520222,0.0447742450102391,0.118275469116159,0.66281119518608
2729,0.156027011345415,0.228098680998523,0.0892292796076895,0.105003209478401,0.276672856766673,0.144968961803298
2730,0.0150362685131193,0.0341592916436437,0.0837137122451293,0.0595639184467772,0.431919937341204,0.375606871810126
2731,0.159096270688636,0.147025006872888,0.0665400236428634,0.177774666262638,0.341773849512559,0.107790183020415
2732,0.0246339203480747,0.0774996485626086,0.267967312808101,0.0295557426241643,0.109918214881114,0.490425160775938
2733,0.0536745673738013,0.136971067302062,0.129244806112266,0.176752824862318,0.403964863018916,0.0993918713306376
2734,0.0351464372259336,0.655612678273747,0.0447477889395883,0.0156990696556363,0.159848720961891,0.0889453049432034
2735,0.0473883773946325,0.434098076695837,0.138195867592233,0.0287444802877198,0.151082177953967,0.200491020075611
2736,0.0341466658109941,0.0821789580374036,0.0492992830026513,0.369991576725925,0.356415956077672,0.107967560345354
2737,0.163908247218088,0.117017606510312,0.261472296534829,0.0931084122896542,0.187966826865824,0.176526610581294
2738,0.02987111469523,0.112255734042216,0.128702987250279,0.0598071417202335,0.182035653164105,0.487327369127937
2739,0.12059649839094,0.246779239308924,0.252049335882166,0.0389666650430057,0.241856210733179,0.0997520506417848
2740,0.230128547997331,0.367123286840644,0.0596485817066198,0.0910060217050656,0.117321861779867,0.134771699970472
2741,0.0576866165148804,0.299464598471875,0.11006025016162,0.0349684226287153,0.346176454930485,0.151643657292423
2742,0.0564480090381131,0.0594616888265278,0.0388935172567817,0.194489394482355,0.504994031858639,0.145713358537584
2743,0.173496627347365,0.222955861164474,0.10855361855648,0.115029951905816,0.223673899515722,0.156290041510143
2744,0.0275595671445071,0.0796710453907795,0.0520680164568134,0.12382922351408,0.605908866207117,0.110963281286703
2745,0.00916540507473604,0.0934499983732495,0.312913427196783,0.064927661869821,0.288736184533096,0.230807322952315
2746,0.0158670126630532,0.0699432875261382,0.102733768779592,0.0333398788896062,0.306396460184093,0.471719591957517
2747,0.0190483603014518,0.0331525360125309,0.0139306530002999,0.0898548311593522,0.638987274245111,0.205026345281254
2748,0.00778033800910275,0.0472253943807647,0.0632179596977069,0.0358286871219837,0.609669308661626,0.236278312128816
2749,0.219723005953544,0.0971149934092259,0.0602123784738256,0.318390119189818,0.218521026498344,0.0860384764752426
2750,0.0120011851791157,0.0656812539960238,0.374389635585146,0.0326254884770484,0.123556945501804,0.391745491260862
2751,0.225236580072909,0.180645895736801,0.0643462997085593,0.113442840293698,0.355585504165883,0.06074288002215
2752,0.0382106933266174,0.16003229187003,0.179992725008851,0.0786755024920186,0.183440088781194,0.359648698521289
2753,0.0578145582723225,0.0675332962007358,0.0194563501236759,0.3571411220446,0.445082161534575,0.0529725118240905
2754,0.0131048299667296,0.222547837623406,0.0848136358253243,0.0180020342409924,0.444198675758008,0.21733298658554
2755,0.00272287965676037,0.00965402902651175,0.0490111221969234,0.0117844765725069,0.214174855073379,0.712652637473919
2756,0.00760422745246061,0.0186173729295416,0.0686032366465661,0.0141996601239066,0.0372058703911254,0.8537696324564
2757,0.0105767442214938,0.121602594955983,0.0255261216951645,0.0348449654645219,0.55263700705557,0.254812566607267
2758,0.0868934609846292,0.252692739661531,0.187873351943709,0.029590395392446,0.292760343521854,0.150189708495831
2759,0.0233117006678857,0.208695251443971,0.0963435245797245,0.0189619446223974,0.295905988165339,0.356781590520682
2760,0.37154424834258,0.0751604035860394,0.0312977528323792,0.460014496503873,0.0505876095096335,0.0113954892254952
2761,0.171844751110782,0.140346250611792,0.0774808308322765,0.278868753631435,0.21246250494495,0.118996908868764
2762,0.00791765107639924,0.131384184081785,0.116407669397652,0.0205887502690558,0.420053556963922,0.303648188211186
2763,0.0498734473557394,0.173055268415916,0.297397273277201,0.0576557886558686,0.227283090741885,0.19473513155339
2764,0.0114709986745078,0.025628355009395,0.149395878231322,0.0191144923006241,0.0998976425626927,0.694492633221458
2765,0.0259342350114947,0.152322547406528,0.210749625558673,0.0313016833835713,0.190388569192093,0.389303339447641
2766,0.0321059371949769,0.127786085406157,0.095492722937639,0.0555602757593235,0.395362090399117,0.293692888302787
2767,0.0264578175666906,0.0692548180573612,0.0917786509359528,0.294690665242693,0.257826346912931,0.259991701284372
2768,0.0496492530544973,0.267834944330401,0.361660339168868,0.0222830742385227,0.10830543392511,0.190266955282601
2769,0.0470828449584681,0.268759616936035,0.11041157210661,0.0808795019162048,0.333623260275165,0.159243203807516
2770,0.00266008345733655,0.0391235282112734,0.16876549433329,0.0235682970517502,0.159918913680218,0.605963683266132
2771,0.0298461959912537,0.138901958503294,0.45990484885738,0.0406784710176002,0.13960997107747,0.191058554553003
2772,0.0620486253368045,0.0781603128492279,0.0936559312338698,0.16872275046835,0.435266095404196,0.162146284707552
2773,0.0620910084256576,0.280675837525136,0.117960446438919,0.0343135118398182,0.362424150038427,0.142535045732042
2774,0.114780575477733,0.367766145354489,0.0913983699142976,0.0511303992370794,0.262781711796602,0.112142798219799
2775,0.00243762161767939,0.0146066598032548,0.0822684218990159,0.00719576843558488,0.0924258495137459,0.801065678730719
2776,0.00949382238825845,0.0312331333615866,0.053753676878486,0.0475646370056934,0.279390465165339,0.578564265200637
2777,0.00172251993783466,0.013164848256169,0.0715536797640338,0.0117707472794214,0.0597457868068302,0.842042417955711
2778,0.0735951484509807,0.145759522508487,0.131999774375963,0.0852296815860189,0.176176363729132,0.387239509349419
2779,0.0388620105914084,0.0694007163731653,0.329236702610527,0.112020286720496,0.154941006644469,0.295539277059934
2780,0.0522357852760304,0.233798489816846,0.257823773227027,0.0490470726409143,0.141245231497912,0.26584964754127
2781,0.015501258444548,0.0371672445000059,0.0531238141692191,0.114733311406115,0.516069392391749,0.263404979088362
2782,0.00761597114103615,0.0375854459695985,0.198205417068024,0.020427195967273,0.11380444199948,0.622361527854588
2783,0.299217196058065,0.387950547562034,0.119689982945429,0.0606391184577563,0.0923876117544815,0.0401155432222343
2784,0.0621954617721552,0.288173590939774,0.0539000525809057,0.107198494022549,0.41594821892367,0.0725841817609462
2785,0.00240905620301771,0.0165115321693122,0.0477632652007486,0.0285689599574283,0.246989827876984,0.65775735859251
2786,0.0141755376704979,0.0645228687689452,0.0565064052180924,0.056834405047545,0.415919456255402,0.392041327039517
2787,0.00542004437502706,0.0375909965632747,0.0804314769767347,0.0211548555678976,0.240591271052582,0.614811355464484
2788,0.0155132233749983,0.0571516158128716,0.118493949406414,0.0329194695260128,0.148337785755153,0.62758395612455
2789,0.0645229275061629,0.066853242572304,0.276417816215349,0.0772765559438444,0.221952984046834,0.292976473715506
2790,0.0574296805592368,0.130353407126086,0.0542432329129386,0.0957787731182299,0.447329776704363,0.214865129579146
2791,0.166254871659607,0.0623896777497011,0.0363921719533329,0.548865788194942,0.128291372216352,0.057806118226065
2792,0.562219309290788,0.251915905736787,0.0296210741612655,0.0535267965192682,0.079031918560324,0.0236849957315669
2793,0.00772634101388671,0.0607840728138486,0.0422432585106278,0.0229462636468162,0.494143413083595,0.372156650931226
2794,0.470873155799886,0.222906041092578,0.0645757906618534,0.0989940850580181,0.108717473900272,0.0339334534873925
2795,0.338843366270416,0.111899482090526,0.0468506322185339,0.379112034309363,0.100631802846481,0.0226626822646806
2796,0.00359029284502515,0.026197110148392,0.109186863210941,0.020517286225456,0.101916160112371,0.738592287457814
2797,0.0332965368374343,0.0515886367171257,0.0750056844100935,0.10679472644074,0.177289113804328,0.556025301790279
2798,0.00951603127490246,0.123830101575627,0.193837310876934,0.0156372685557526,0.297916249408731,0.359263038308052
2799,0.101300423275985,0.173539865687941,0.328054817687563,0.0329694248111343,0.160315043964582,0.203820424572795
2800,0.00705923863373929,0.0290730559709303,0.048126018202139,0.0455119094657301,0.249773048603276,0.620456729124185
2801,0.0117162097900735,0.0394490845313266,0.0268553359568571,0.030579509383241,0.486161246407499,0.405238613931003
2802,0.0227583016645361,0.0800737005742968,0.058953976936802,0.0917722240216133,0.377320235745361,0.369121561057391
2803,0.074609041628222,0.499758426581736,0.0907889444266654,0.0234529547621328,0.205630411073357,0.105760221527887
2804,0.0140836979234427,0.0714762862546116,0.117312198419009,0.0480758945092122,0.424063913708247,0.324988009185478
2805,0.22898134989286,0.180970272901813,0.275014970207621,0.090041321177324,0.142893043078085,0.0820990427422966
2806,0.144660041451923,0.0949643401887066,0.0668285433457745,0.243631642503824,0.232892360295229,0.217023072214543
2807,0.0693345385421511,0.169725160173096,0.169492358709442,0.0776624285825552,0.20821515081949,0.305570363173266
2808,0.00924740521583217,0.0436022571491478,0.0592642989735224,0.0269370636909839,0.305666185819885,0.555282789150629
2809,0.0362688701678669,0.0759065352253022,0.272866669470706,0.0473916443789804,0.105451977093976,0.462114303663168
2810,0.0102674254645284,0.0460022414781167,0.0692266655034485,0.0844165767151069,0.476549517580691,0.313537573258108
2811,0.0107854115162164,0.143027474064691,0.220505989709013,0.0425342967917575,0.287256574147892,0.295890253770431
2812,0.366850478804013,0.265908102640921,0.144465790349744,0.0893396134260657,0.0885268191590869,0.0449091956201702
2813,0.0605122819861573,0.112904920043531,0.162208707634823,0.120941077670386,0.28238352135966,0.261049491305443
2814,0.0222996536737392,0.207993246653462,0.224508694491093,0.0428387187994794,0.233326774950941,0.269032911431286
2815,0.0394329389143339,0.0923096008238213,0.148746636328358,0.0717647100922572,0.168802349113897,0.478943764727334
2816,0.198501882365926,0.166803073423377,0.3145005141843,0.074535838356658,0.165443332144964,0.0802153595247746
2817,0.0821656260756905,0.312008888347355,0.120480676191675,0.0583332255809623,0.293471953853603,0.133539629950714
2818,0.276690146289139,0.278500678795166,0.17149676084893,0.0559510974944279,0.133604533734391,0.0837567828379465
2819,0.474034141903429,0.329078804476654,0.0551333746790798,0.0465926995130952,0.0746874813752985,0.0204734980524435
2820,0.301826367571559,0.20119763543569,0.354077917029059,0.0401333045887087,0.0632055207277349,0.0395592546472478
2821,0.00353541634457723,0.0317654598091988,0.0208010972973,0.00885900887209857,0.468007194392121,0.467031823284704
2822,0.176753183455398,0.180644333154732,0.183353959294701,0.0622287750230375,0.283178119608598,0.113841629463533
2823,0.058944825658225,0.102495186940417,0.112687065062404,0.0930660774192313,0.241593259332538,0.391213585587185
2824,0.0383101605235582,0.140584504624088,0.191752262580543,0.0445516950363264,0.273075083183602,0.311726294051883
2825,0.00390399738409722,0.033172641028365,0.166322641838974,0.0128832063381736,0.03254642229426,0.75117109111613
2826,0.0249966399523024,0.190224832982404,0.0478980444725148,0.0338533366742563,0.484696395187894,0.218330750730629
2827,0.102487263719075,0.380501768564997,0.119618534197861,0.037424592604151,0.206813677900875,0.15315416301304
2828,0.0192928356244748,0.13421513701111,0.146305034363505,0.0445299075836552,0.432931228408115,0.22272585700914
2829,0.0309143628695459,0.0410690500472919,0.0347420137765338,0.155738512084731,0.581824916629317,0.15571114459258
2830,0.00350229996437277,0.0279885239704378,0.106549296063853,0.0210300788221809,0.154850766950113,0.686079034229042
2831,0.322452291941395,0.423284919717679,0.0913857681247752,0.0476737729589766,0.0730338015834469,0.0421694456737278
2832,0.0303003630289187,0.210013220172785,0.233218099527427,0.0261070505661295,0.28673787777788,0.21362338892686
2833,0.121164103347014,0.121666703351638,0.0945514516291034,0.190159303188704,0.25983987491188,0.212618563571661
2834,0.0156677310425661,0.0657859913431355,0.0858674073848128,0.0296352933865992,0.268391095208744,0.534652481634143
2835,0.260177348825713,0.206018914976385,0.0367555478804928,0.181635133508655,0.244455375988117,0.0709576788206381
2836,0.0121136987234316,0.0292734910835935,0.0435675293563925,0.045526292682078,0.26129005717271,0.608228930981795
2837,0.0586000517676573,0.221023948196053,0.324113471364238,0.0542199535946914,0.177390468988124,0.164652106089236
2838,0.143470222904106,0.220584439575704,0.229476764174213,0.0820234393396558,0.119390855647117,0.205054278359204
2839,0.146309142242419,0.173531192703072,0.136511126900048,0.0916834907690147,0.265937988043306,0.186027059342142
2840,0.11952189859205,0.0898104953696439,0.165784901417046,0.178392475225727,0.185035975475889,0.261454253919645
2841,0.444598745852786,0.110519966462835,0.0573325467595716,0.177572370599507,0.156035507027395,0.0539408632979048
2842,0.0057399270754608,0.0259657094076258,0.0220684748028159,0.0357544862065608,0.577979432170764,0.332491970336773
2843,0.127811186752019,0.117485579153551,0.141873120925147,0.068385461196786,0.317820533212275,0.226624118760222
2844,0.0256582641631956,0.0820784053649811,0.615746779624654,0.0177417515105045,0.0727484422984877,0.186026357038178
2845,0.179600232359968,0.330092865946386,0.171875073993275,0.173727925705307,0.111484782808059,0.0332191191870039
2846,0.0122688420377075,0.0481203727416418,0.0445908049275474,0.0512272105292046,0.422260350971492,0.421532418792407
