"CUS_ID","F20-","F30","F30+","M20-","M30","M30+"
2501,0.117452305337718,0.294234686331953,0.133833474614674,0.0162802583926102,0.169984243343763,0.268215031979281
2502,0.0948787309404474,0.182631908847437,0.167823712644871,0.115805574378147,0.297689757270663,0.141170315918433
2503,0.0238707039441363,0.496098177033096,0.0296218729551413,0.0357373630466694,0.35759894772368,0.057072935297277
2504,0.291829478192635,0.109090223886893,0.0816674612528307,0.331297876418472,0.0607204785395015,0.125394481709668
2505,0.0732169584618608,0.328179991968837,0.0997151534598463,0.054633118493855,0.0945819059679299,0.349672871647671
2506,0.0132273068449685,0.500665414861461,0.0884503250386395,0.022513293523316,0.176746177956756,0.198397481774859
2507,0.0117916256280306,0.0348083433287211,0.269600124518012,0.0276237894636413,0.153864542821136,0.502311574240458
2508,0.00915372574476939,0.16527312863877,0.0214047280241813,0.0311292788682801,0.490225542612895,0.282813596111105
2509,0.0502528759884439,0.0432809599334057,0.154079761528267,0.116195900545477,0.101478975160119,0.534711526844289
2510,0.00992462555343138,0.0553980748107606,0.0431099897381269,0.0336665370350439,0.506596073667448,0.35130469919519
2511,0.857161403782925,0.0457670300805027,0.0244081593820371,0.0442618248373163,0.0177492853364782,0.0106522965807407
2512,0.0178533595893391,0.0639995918202372,0.0196811120035951,0.0537788584272943,0.78400039913031,0.0606866790292242
2513,0.0102845738033748,0.0183882003509039,0.024335428417407,0.0224075429373848,0.262108847206273,0.662475407284656
2514,0.0833896710585434,0.468116041815933,0.0497876192816466,0.0274825846710005,0.263824330554671,0.107399752618206
2515,0.0109962229259189,0.036942890228039,0.0313538814855289,0.0212585965067444,0.495097708702132,0.404350700151637
2516,0.0669109396059514,0.12944448233207,0.115380836069542,0.200417931553902,0.319096124352411,0.168749686086125
2517,0.060727359106828,0.42851165362119,0.0910226975584347,0.0223119734070086,0.202066747313846,0.195359568992693
2518,0.557127648794655,0.193663966965899,0.107322988405561,0.0447079587359474,0.0381417971234703,0.0590356399744671
2519,0.0307380140906914,0.9100733910773,0.0121807911775799,0.00496210428054765,0.0268647066458263,0.015180992728055
2520,0.031139114045681,0.0427966927965311,0.0287291313235962,0.113234171391492,0.594793393232276,0.189307497210424
2521,0.0142019868970913,0.055174717523147,0.49439824944228,0.0247973824378509,0.099178469249413,0.312249194450218
2522,0.3049119370329,0.113601030427195,0.218217148174049,0.0756825591487368,0.12484148187259,0.162745843344529
2523,0.0265452737610435,0.696898665205257,0.0280247044678771,0.0136884373200247,0.138724170087571,0.0961187491582266
2524,0.0269710989236221,0.140786725830693,0.2048830348212,0.1103891457834,0.0991235071223555,0.417846487518729
2525,0.0787923033625746,0.0789992164125478,0.197050954324844,0.179548059294466,0.283883647663745,0.181725818941823
2526,0.114302914418006,0.293455290928245,0.169727260412024,0.0760978864550251,0.249959139774671,0.0964575080120291
2527,0.348842542073933,0.283142123087958,0.102557740083087,0.0492756757526455,0.0998409967189922,0.116340922283385
2528,0.0041192787612194,0.00945322561917432,0.0216666758082426,0.0180836871912139,0.0745966871117091,0.872080445508441
2529,0.0867440559358453,0.153142007863141,0.160906948455463,0.12494428171389,0.281139743916826,0.193122962114835
2530,0.00666418499295523,0.0188427971351675,0.0812672159392881,0.0146494238901235,0.0551480161108708,0.823428361931595
2531,0.0249400002996437,0.166025966501337,0.149115305076839,0.0654967529408675,0.334951709580549,0.259470265600764
2532,0.0617424909392412,0.400843749296803,0.0802580968809714,0.0273610607697459,0.158378285333136,0.271416316780102
2533,0.00194041172771158,0.0225492183419041,0.0478950449792621,0.016383806053268,0.0618487595638566,0.849382759333998
2534,0.143434260238258,0.230900160616798,0.14527338570404,0.197706499724986,0.0800289306043229,0.202656763111595
2535,0.0184047938279,0.0447219362526233,0.161900265996205,0.0130242288178928,0.0761673269812765,0.685781448124103
2536,0.0666764671725022,0.247093725681542,0.0889660739937062,0.0405795378099747,0.165221620928693,0.391462574413582
2537,0.0686095909489704,0.612665619109754,0.0776669996989496,0.0133858582354984,0.18364261527983,0.0440293167269976
2538,0.186969237336487,0.113070372386715,0.16119771101286,0.110313960745626,0.22228062314343,0.206168095374882
2539,0.188306903491344,0.188873412232711,0.188222594989927,0.126564119705656,0.206548579973483,0.101484389606879
2540,0.157800932290965,0.0695405906991399,0.0604703816761256,0.21009400969002,0.299559236357433,0.202534849286316
2541,0.0711555435833849,0.0387094658433415,0.0207924859547663,0.274916981104591,0.567829845245877,0.0265956782680396
2542,0.130337141924373,0.406878794328798,0.0321184817778497,0.0381505789800065,0.33016518214214,0.0623498208468327
2543,0.00505634298923235,0.023370867826023,0.0552068485578006,0.00320650603686234,0.0789964507067322,0.83416298388335
2544,0.0674978443835219,0.122093342006116,0.137790278600871,0.143517622270675,0.314319330665314,0.214781582073503
2545,0.0489057017552222,0.187840441885636,0.273804340904789,0.0285593766212204,0.268046681621336,0.192843457211796
2546,0.0244093931714306,0.045331744095482,0.0340367630441338,0.0857105437256137,0.739029602352802,0.0714819536105378
2547,0.0250033601357744,0.190147081364298,0.440371642650202,0.0280362826804692,0.0696995685654934,0.246742064603764
2548,0.0333071219952076,0.0406652230603584,0.042203865866059,0.4545838286248,0.364962514966509,0.0642774454870659
2549,0.00652542325616469,0.0381238434774358,0.0274217498044323,0.0168877337135788,0.144227102133274,0.766814147615114
2550,0.013903823508785,0.0144327678879336,0.0238837749699691,0.108098409227889,0.680206154572091,0.159475069833332
2551,0.289346080761119,0.363484389524135,0.0598945765610327,0.119583889275512,0.0932865040346381,0.0744045598435628
2552,0.0833079815265863,0.227837171497028,0.217259746134749,0.0253725153786746,0.166046983005013,0.280175602457948
2553,0.659707560714699,0.118071986109171,0.0357521040590037,0.0595396372359948,0.0935870569808096,0.0333416549003212
2554,0.0961855560250897,0.494732101612648,0.0885080128373455,0.0661090783979173,0.191413797503452,0.0630514536235483
2555,0.0274728228305955,0.141208702717703,0.165477763332627,0.0700949760649551,0.441637140901077,0.154108594153042
2556,0.0800492801701715,0.282344284928784,0.26606335029449,0.0996607711620522,0.116811483428286,0.155070830016216
2557,0.32124095068345,0.218136406125322,0.283295030311354,0.0889252471316323,0.0583930911440923,0.03000927460415
2558,0.0314272365327925,0.0682205777311956,0.68210996821976,0.0311432998344816,0.0983480420372397,0.0887508756445303
2559,0.16425272263864,0.292850463085728,0.251358897681319,0.0222145356127261,0.104397827221731,0.164925553759856
2560,0.0191349408540167,0.164889009052891,0.112486608758058,0.0689082981630973,0.240057005860743,0.394524137311194
2561,0.0104535483948471,0.0498010574375848,0.158490722519745,0.00727667060533708,0.38152719649079,0.392450804551695
2562,0.108178043612058,0.510023594422269,0.0325584964697658,0.061338101321591,0.248281748313939,0.0396200158603769
2563,0.329189941097964,0.150138257169553,0.138932767043416,0.0996414758446444,0.23088053691156,0.0512170219328626
2564,0.123274778688875,0.0723632312798969,0.232417438298843,0.283576965764476,0.101334662478326,0.187032923489583
2565,0.0255384291503016,0.126379780752178,0.083896006655853,0.0375156945604695,0.128562230343463,0.598107858537736
2566,0.0203343412768465,0.133966884778747,0.139529092992857,0.0852202481683336,0.227852704126361,0.393096728656855
2567,0.0205254793885069,0.0833734583510114,0.0823724819228461,0.0241273734637633,0.124846559929318,0.664754646944555
2568,0.00731215239996393,0.0365953122771858,0.0668932149361232,0.0124996491780405,0.194772930171709,0.681926741036978
2569,0.0524765999685385,0.0923218969617369,0.0979004011577472,0.0359097164044761,0.0918872810284319,0.629504104479069
2570,0.0356714945855504,0.520716009095967,0.0615730979509267,0.00896425997346744,0.222845880575521,0.150229257818567
2571,0.0343861752803547,0.0656341915627515,0.0197642129085236,0.114723896600824,0.48693654486827,0.278554978779276
2572,0.171871236824051,0.0862263850328591,0.207463501115305,0.0676605023597384,0.104736391916236,0.362041982751811
2573,0.075388636686679,0.162043322246691,0.0642025784494983,0.0186227459347689,0.20996457317702,0.469778143505343
2574,0.0190583823280373,0.0370812554276512,0.0202475048729736,0.104791840395192,0.731644681252769,0.0871763357233761
2575,0.013668003145195,0.0176236822741949,0.0124988573629472,0.052974030684132,0.813359325692029,0.0898761008415019
2576,0.163272222258569,0.564765186082074,0.12979122202553,0.0666505587647694,0.0278468693985785,0.0476739414704788
2577,0.0323694867961122,0.332402309555559,0.428973499474788,0.0197143493941764,0.0823896199862334,0.104150734793131
2578,0.00203977618358626,0.00869059183371036,0.020418557297651,0.006565859267091,0.0846825114677375,0.877602703950224
2579,0.227464254770305,0.155051478198233,0.129799042014905,0.115268361927981,0.16858915705256,0.203827706036017
2580,0.0416869144879055,0.252347687336455,0.10029064320861,0.0135673210367003,0.391642001542328,0.200465432388001
2581,0.00189574939613833,0.0206220504708196,0.0504079340700324,0.0200248403545653,0.497043294358849,0.410006131349595
2582,0.238435637630721,0.23646620193169,0.226976550943388,0.0527125974402255,0.130407550768816,0.11500146128516
2583,0.284223258506841,0.291008989957826,0.2471543268398,0.0305334620185689,0.0672995484387278,0.0797804142382373
2584,0.167978940423812,0.386066076476731,0.117208241447955,0.125309145022121,0.126025087059709,0.0774125095696721
2585,0.00892892710072814,0.07971612087365,0.0341686288604141,0.0338946232470171,0.338305164914449,0.504986535003742
2586,0.0922554856340576,0.229945636099306,0.0857353613490567,0.0319084399620894,0.223896406043219,0.336258670912272
2587,0.157790610167009,0.0590010818774944,0.0362557003559769,0.264088141525276,0.377585364585185,0.105279101489059
2588,0.0319169473011848,0.0232759036821426,0.012029754543642,0.235476711658602,0.617797645085186,0.0795030377292427
2589,0.0897856251082378,0.263975427590929,0.043221626792293,0.15845651028205,0.36323233818561,0.081328472040881
2590,0.0291834120724891,0.0870179098025938,0.226544673876291,0.100894860549044,0.266574162750256,0.289784980949327
2591,0.0366991958641926,0.0553136018141136,0.62396596882964,0.0129960078392494,0.0428558241926211,0.228169401460183
2592,0.00695716125146739,0.0115356925703241,0.00364492816813394,0.127810053551233,0.791338633660801,0.0587135307980411
2593,0.400082530672932,0.0998361156603907,0.0543610289144605,0.0478300206641083,0.299013333237806,0.0988769708503016
2594,0.0250418391214325,0.0525415326592775,0.0563563195803195,0.0252133114365053,0.132797613923609,0.708049383278856
2595,0.100364984730292,0.0534136848341539,0.434416954896936,0.232749188439166,0.0788394798641793,0.100215707235272
2596,0.837926517352052,0.0353410777538899,0.00984280226451389,0.0877056834371979,0.0223014583760336,0.00688246081631312
2597,0.0112569370288082,0.0367582481633667,0.146510800992337,0.0170145044186835,0.223964552908118,0.564494956488687
2598,0.0201764866463614,0.0985064579656664,0.135241566361122,0.021344200415696,0.245210053272011,0.479521235339143
2599,0.249619378002717,0.304128640577699,0.042546709806312,0.0886252131044549,0.196701529706344,0.118378528802473
2600,0.00288345963544227,0.0200546824936848,0.0318920742700562,0.0137921838337799,0.839715229872568,0.0916623698944692
2601,0.0155063639781472,0.0361425289331786,0.120419518820834,0.00832686923264916,0.0787602602849963,0.740844458750194
2602,0.026717745574075,0.12555685810959,0.0955193483890812,0.0327084549432356,0.452003352782993,0.267494240201025
2603,0.0335535816151646,0.334848552254011,0.034066540654789,0.0230325805886752,0.506756659113719,0.0677420857736411
2604,0.067545006696982,0.0973325443360452,0.260487676656039,0.225718436621827,0.196636251591863,0.152280084097244
2605,0.00103027224638889,0.0365411482333233,0.252507451240186,0.0183197418245161,0.245855266411228,0.445746120044358
2606,0.0208037111372678,0.0627532925274073,0.286472707000819,0.0212582860407,0.0996282993972385,0.509083703896567
2607,0.0148414410794657,0.0249673999627887,0.0350466099637491,0.0337228759609794,0.137286218150056,0.754135454882961
2608,0.114324462052706,0.180485724440604,0.0595422449261173,0.129048399501303,0.273011300618779,0.243587868460491
2609,0.0202086164566333,0.0445398401253646,0.0347037790100151,0.0992709962719178,0.617899336686074,0.183377431449995
2610,0.0474338347594752,0.119667956766285,0.0480904172597735,0.0933472731113039,0.609314878853958,0.0821456392492042
2611,0.0315978976432968,0.255925461017261,0.398321912114348,0.0530713294829385,0.0632081097238926,0.197875290018262
2612,0.0398910117309488,0.114173319123289,0.0845465083468024,0.0345139617714355,0.177895463580708,0.548979735446816
2613,0.38320336279229,0.396894026350404,0.0366266530893824,0.072457116667825,0.0920912601465964,0.0187275809535029
2614,0.06155032953498,0.0784159421213729,0.0566841509696165,0.0599673906519493,0.586477941455765,0.156904245266316
2615,0.335635080641501,0.204561555212847,0.258930290877913,0.0566953652664119,0.0781157278898463,0.0660619801114812
2616,0.0119807453026286,0.0370841693300843,0.0492083703954833,0.0373202077024463,0.175594092527755,0.688812414741602
2617,0.398076184653747,0.240849311094097,0.154088109373904,0.0739936469632769,0.099458148722265,0.03353459919271
2618,0.0915574677093171,0.295092570973551,0.0606415824428596,0.0941929949629519,0.279524691314161,0.178990692597159
2619,0.019578309255592,0.0216684484022047,0.0156540421679104,0.0834841159967781,0.700201199961823,0.159413884215692
2620,0.0356452688314571,0.101826440093884,0.356553349207053,0.0400874505076101,0.275826929379982,0.190060561980014
2621,0.0201745745349465,0.0487146102358997,0.0194033243686417,0.0443670900173123,0.812011971503498,0.0553284293397021
2622,0.0010092810641186,0.0024587083350799,0.00738163368328692,0.00781392918417223,0.0450485576161986,0.936287890117144
2623,0.273472360137668,0.197491657409643,0.0399755991393271,0.284856457033877,0.148422765951405,0.0557811603280791
2624,0.0171323660986392,0.0386363266031162,0.224900610181174,0.0146888805375804,0.118683368155171,0.58595844842432
2625,0.147974057251055,0.452460780892432,0.253897761229638,0.0304401069151645,0.0579327977240385,0.0572944959876723
2626,0.00525015661359062,0.0477590989523435,0.0470511250407274,0.0167414153262989,0.30652740695045,0.57667079711659
2627,0.103483113265453,0.256344733962113,0.287443486049323,0.0271574927629158,0.0720364621353809,0.253534711824814
2628,0.342844574491025,0.238637622196464,0.0366050931888164,0.125047087595732,0.187596888375617,0.0692687341523454
2629,0.0167873761847461,0.119321281485566,0.0749776345940716,0.019978669198851,0.239841080514557,0.529093958022208
2630,0.120573422371297,0.0531494342201418,0.0812757068393657,0.062046475512997,0.44845282469697,0.234502136359229
2631,0.026534686741026,0.180047353624204,0.134785387682675,0.029363269583126,0.421572209042797,0.207697093326171
2632,0.00814860581026463,0.0281784711094972,0.0459214716126533,0.0411008372148835,0.407298986570024,0.469351627682678
2633,0.193237682336356,0.267411034723078,0.115726583836665,0.0565521710586403,0.222157675164541,0.144914852880719
2634,0.0192522873238622,0.133646361500289,0.135291946943558,0.0302287589012395,0.104512551657158,0.577068093673894
2635,0.0533336674357354,0.242148021500575,0.129329656603451,0.0580964461055844,0.284346089930868,0.232746118423786
2636,0.0704551846636184,0.0743502216852506,0.140470246609124,0.166041372142505,0.335084307736617,0.213598667162885
2637,0.0781994759187186,0.0810548824293133,0.0259781884214462,0.100177199724885,0.540733013626812,0.173857239878824
2638,0.0471136266583336,0.0375778439133558,0.106116907915189,0.117300188496163,0.101717153376925,0.590174279640035
2639,0.276732767396487,0.0564069465789711,0.0527251973692631,0.353129230650475,0.158707989099673,0.10229786890513
2640,0.00781886764529512,0.0169304831971751,0.0213767873799013,0.0116120910078575,0.0606778824862967,0.881583888283474
2641,0.670805712713472,0.0690279997757304,0.0851310986820185,0.0389109263085542,0.0780582219147357,0.058066040605489
2642,0.00868149172718464,0.0706894833047491,0.167136517167847,0.0218373593049483,0.215103391934686,0.516551756560585
2643,0.144229751310369,0.693415976466208,0.014621362918202,0.0478464099450258,0.0795103940905434,0.0203761052696521
2644,0.00893419040527305,0.179548322495455,0.135327543140332,0.0184528903161337,0.317895876355529,0.339841177287278
2645,0.0409271883424321,0.0449557820146061,0.0267688085502684,0.0616687512535036,0.234628695445285,0.591050774393904
2646,0.00302045467466602,0.0147784064403959,0.06473241630074,0.0194871469560479,0.0429118525989809,0.855069723029169
2647,0.101552876290851,0.06892267427794,0.16373168658199,0.0650681265618638,0.274480394026685,0.32624424226067
2648,0.118205096919863,0.180145005798032,0.5808561453627,0.0494087249354623,0.027971299585143,0.0434137273987994
2649,0.0304916306370194,0.0443820204421618,0.0598863667868891,0.0610587789430391,0.370971435764489,0.433209767426402
2650,0.0575409208232849,0.0337177214170851,0.141418370856703,0.180736206589935,0.147452588319659,0.439134191993333
2651,0.0237281832585968,0.13384171450347,0.0636742238767473,0.0630305695207797,0.366724284065079,0.349001024775327
2652,0.014654022805005,0.0690967925014491,0.045503886288416,0.0397706986390371,0.635633396540945,0.195341203225148
2653,0.240058846501891,0.14444340492993,0.172653782851076,0.0808177533007958,0.166059744489068,0.195966467927239
2654,0.00487252666659541,0.0199172241310152,0.0219608137273711,0.0122259739074544,0.0802078659568044,0.860815595610759
2655,0.361992120309192,0.12106718855157,0.0332692033396048,0.0948950893120208,0.365447487458538,0.0233289110290743
2656,0.0284401973525698,0.0955337518925092,0.0963109943518713,0.0386785591824163,0.487078267464206,0.253958229756428
2657,0.00600066688648752,0.0234786568776812,0.0612826825957857,0.00786285989506087,0.0718001197241713,0.829575014020813
2658,0.0945242926301925,0.128391589586307,0.0808357328870628,0.27440640024399,0.149421637826647,0.2724203468258
2659,0.20736164797846,0.0725971820895342,0.0348667271558862,0.620586109807737,0.0348851785326123,0.02970315443577
2660,0.00770037868137068,0.0237663070806995,0.0388985302183544,0.0144187173261002,0.124894602098053,0.790321464595423
2661,0.00790983009685484,0.0213981104736872,0.0668795386011995,0.00893827104978152,0.0462850344641612,0.848589215314316
2662,0.00732653564840453,0.0504963541609317,0.0724566565494058,0.0174240890362445,0.34448367938819,0.507812685216824
2663,0.0147833240509858,0.0540503875421151,0.1593257976129,0.0483219795060274,0.220735246936915,0.502783264351057
2664,0.0392085872222452,0.296197557644027,0.0360382245309999,0.054652547126884,0.428741071214716,0.145162012261128
2665,0.134567475319156,0.145224281113266,0.176130508496195,0.0572551338180742,0.409828687872138,0.0769939133811718
2666,0.00193864329383449,0.0057386265248214,0.129248012411942,0.00284819351683275,0.0148714122173933,0.845355112035176
2667,0.0386488050769121,0.122200648295582,0.231340882765739,0.0345377894199195,0.405478715061895,0.167793159379953
2668,0.0069108159995768,0.0453550172368381,0.166425565779853,0.00829741675699301,0.143051111629913,0.629960072596827
2669,0.076698413797348,0.260077457587298,0.160150391278267,0.0377423324616932,0.223617054838335,0.241714350037059
2670,0.0162697249234956,0.0899494517473284,0.293178620946618,0.0289483116500658,0.146011428504307,0.425642462228184
2671,0.0261943494745285,0.0618282642866784,0.0735200063930898,0.0659360336016605,0.177506879575805,0.595014466668238
2672,0.0112340250628901,0.0376841012250211,0.130543809995137,0.0431408437539392,0.142795446489389,0.634601773473624
2673,0.292754224974713,0.159245256371819,0.0795005295815997,0.110213867238222,0.208267510386541,0.150018611447105
2674,0.00837277216358852,0.0316161697625897,0.0480350646948322,0.0396159689426651,0.551420074444016,0.320939949992309
2675,0.428932744320029,0.368152351824776,0.0206296512237833,0.120253240663013,0.0443690575728341,0.0176629543955641
2676,0.0613228830428484,0.185539565834457,0.0992350009892869,0.11361579053592,0.327699724709969,0.212587034887519
2677,0.0463392140780779,0.0727746207470942,0.535259249438124,0.0613634053616559,0.222975529771565,0.0612879806034828
2678,0.0321610248227441,0.148872155856557,0.161116983124311,0.0466120866368588,0.418531306157657,0.192706443401871
2679,0.00682031029004366,0.0125228179441874,0.0142288418798958,0.0231797765044532,0.545072924656249,0.398175328725171
2680,0.112719815314395,0.165614232960537,0.244187779047651,0.305607710709955,0.0797302745212146,0.0921401874462473
2681,0.0141417197629082,0.119400887756516,0.0687651543161794,0.00971704822713669,0.618935228086375,0.169039961850885
2682,0.0102882959818808,0.0189430496721344,0.0730406890934815,0.0688912854327663,0.134937556403374,0.693899123416363
2683,0.685789964930529,0.0731185045213189,0.0169993672144197,0.121524026228059,0.0916852445192358,0.0108828925864377
2684,0.011439999263463,0.0346572670992269,0.0272063037277392,0.0341486396173625,0.26274413958229,0.629803650709918
2685,0.177348166792265,0.043568985447239,0.258421029593612,0.0650510331428829,0.0641014203410245,0.391509364682977
2686,0.0148702870035974,0.120285982062051,0.170722452811609,0.021489876301217,0.138069640975296,0.534561760846229
2687,0.26208704350476,0.194755672183535,0.160505605047795,0.132095542147423,0.136130936176415,0.114425200940073
2688,0.0412017806719357,0.119607583047234,0.0600182276442769,0.0802076139185968,0.395558510305629,0.303406284412328
2689,0.0907675651209422,0.382232330669141,0.113178930033642,0.0662205170039137,0.281588474014688,0.0660121831576729
2690,0.0228519066990326,0.032607982194048,0.0529416231285051,0.140564494688314,0.489976903712023,0.261057089578078
2691,0.0263765703599364,0.143250046531167,0.111619550045346,0.0166420815023895,0.267336416377925,0.434775335183236
2692,0.107025915824792,0.102901392134948,0.179659390897977,0.0426065854308438,0.167649587825835,0.400157127885604
2693,0.0842675573454804,0.0549946286695568,0.0663904392852947,0.0341370294390834,0.13105361601048,0.629156729250105
2694,0.00315562779446861,0.010124880458042,0.0205928377304197,0.0207276711123658,0.528814104031792,0.416584878872912
2695,0.777450895323555,0.0617385250792981,0.0314597766295266,0.0534145939117629,0.0507372635154242,0.0251989455404332
2696,0.027626127894967,0.207245891518155,0.219921403762249,0.02400726996671,0.0756515243648246,0.445547782493094
2697,0.0805866119116174,0.451413644366482,0.156691855755322,0.0353965056034879,0.147352708594116,0.128558673768974
2698,0.00449001939266265,0.0176379002904529,0.118822638835632,0.00892845036840209,0.58609879355997,0.264022197552881
2699,0.0124669855520639,0.195875368776398,0.473045887802758,0.00413055800324034,0.0320811108222994,0.28240008904324
2700,0.00364447486224256,0.0412750130422271,0.0232988491098356,0.00692548904884855,0.239994637024925,0.684861536911921
2701,0.011423384232853,0.0412359174212857,0.111053569163126,0.0466232762980784,0.314407196048495,0.475256656836162
2702,0.710669770194538,0.0673294963123195,0.0762168642890611,0.0434483234675662,0.0534016460062738,0.0489338997302416
2703,0.21800611257099,0.0681676722677998,0.238685112476417,0.114026626163422,0.212033584407649,0.149080892113722
2704,0.175597395427701,0.167253014704435,0.478235505284826,0.0207162003569494,0.0609777178321307,0.0972201663939587
2705,0.00672740264820972,0.0445116583748819,0.195133118609265,0.00954320226970093,0.0420214453518367,0.702063172746106
2706,0.0204704636185421,0.0471748655206179,0.195675507334992,0.120032396946705,0.367097887983993,0.249548878595151
2707,0.00725070159179749,0.0170905367535603,0.00797037869244585,0.0367221259424287,0.825219421597789,0.105746835421978
2708,0.213550544508829,0.153968647721523,0.0769489167527576,0.358717646864726,0.155220812886345,0.0415934312658197
2709,0.0222200425278311,0.11095823041004,0.324804551476878,0.0161308295057584,0.0548022296140909,0.471084116465401
2710,0.0371152674129678,0.0289660324914803,0.56831916503395,0.0201344670345064,0.0339119442837464,0.311553123743349
2711,0.201809021907243,0.0828310422376033,0.040889967140568,0.0776963001613576,0.166996095438265,0.429777573114963
2712,0.136067644127096,0.0709381745712304,0.0479261698308896,0.320289401180398,0.36614802335013,0.0586305869402559
2713,0.0472556208155015,0.0654726060854643,0.136834894464627,0.0308814992625754,0.0741159756777092,0.645439403694123
2714,0.00538520615324438,0.0529724777426881,0.21327951338816,0.00612563104932049,0.0754228998946232,0.646814271771964
2715,0.0152587316126784,0.0810467387317057,0.290444981694468,0.0813800790069057,0.280810349926371,0.251059119027871
2716,0.0342648381772444,0.0517903784428088,0.0589253661625729,0.0521024682163534,0.516298189419262,0.286618759581759
2717,0.00942063672110158,0.024605246809428,0.0406147501179033,0.0263616760115845,0.339332142637043,0.55966554770294
2718,0.0187075389193597,0.0345577278091558,0.0716122313692504,0.0280359899981996,0.0770952156952254,0.769991296208809
2719,0.0259382976844196,0.166761703887228,0.110348741974294,0.0491634477730313,0.286805900215699,0.360981908465328
2720,0.180342089994445,0.0829579262021635,0.220509332962466,0.088624957100567,0.281901856051241,0.145663837689117
2721,0.0187471907024283,0.0506026775065564,0.081325952321658,0.0314467191020851,0.165583311234847,0.652294149132425
2722,0.185744168496484,0.30275981806393,0.316946284323623,0.0202341089570926,0.121331489590114,0.0529841305687568
2723,0.0355024513248387,0.296400932474333,0.200990400252487,0.0235365894811696,0.0769968003439886,0.366572826123182
2724,0.392904982858895,0.178523506923871,0.0780706842341895,0.161497686650905,0.109718148388661,0.0792849909434785
2725,0.133085398179816,0.760750323982194,0.0151033871151304,0.0392428036590555,0.0391362515028704,0.0126818355609339
2726,0.0172301669992317,0.0419050675679466,0.0271888121475859,0.0433969133120859,0.829273336829212,0.0410057031439379
2727,0.00518419825543392,0.038507995764461,0.0381002540638107,0.0358068320810559,0.542691615291592,0.339709104543647
2728,0.0324825360236442,0.0875932162720201,0.175874105497915,0.0709270131116316,0.0814940566504035,0.551629072444385
2729,0.171134850143335,0.214886459630691,0.0636167239319181,0.088348245747268,0.285970452686759,0.176043267860028
2730,0.00574358465505414,0.0367256687743696,0.0950535760277602,0.0369295406783167,0.50035798413852,0.325189645725979
2731,0.0552744553112237,0.0910011581083664,0.0546923962945015,0.0998033214928105,0.598735558247897,0.100493110545201
2732,0.012957755019249,0.0519620602186909,0.51054380008112,0.00873435203831203,0.0560291556531882,0.35977287698944
2733,0.0275569382867436,0.0972137258013816,0.073355906791075,0.386068743372277,0.333158458533938,0.0826462272145837
2734,0.00957946197064241,0.91583031502837,0.0149596776639018,0.00277656481037013,0.0341098900991487,0.0227440904275667
2735,0.0608109461937738,0.473840042513921,0.118296818380223,0.0123097108674927,0.131499916983438,0.203242565061152
2736,0.0538097522711622,0.187375433026353,0.09864464681611,0.251227961978372,0.277346418027334,0.131595787880669
2737,0.219952352929221,0.241595652950416,0.207058664727708,0.0106383395542476,0.200155614592679,0.120599375245729
2738,0.0132128549948839,0.0473452674725567,0.0513567032698518,0.0163838987406334,0.120344960978026,0.751356314544048
2739,0.531884570387802,0.205228313294932,0.0577679019138816,0.038635616341623,0.125027155384503,0.0414564426772587
2740,0.12458614335037,0.302624362970766,0.127629041352733,0.0652722392366032,0.276137112730023,0.103751100359506
2741,0.0952266137038084,0.171570940896013,0.140942853345248,0.0591174575164675,0.35358799726656,0.179554137271903
2742,0.0247295606348165,0.0580718967566041,0.0358157382107572,0.0381477038114997,0.669983938528501,0.173251162057821
2743,0.399634541929751,0.124733121187181,0.0941950902526066,0.182492779134362,0.10439938211111,0.0945450853849889
2744,0.0117031282051623,0.056107804186079,0.0200511749896934,0.318447878304235,0.4746261806305,0.11906383368433
2745,0.0014057192525642,0.0116912005304278,0.279680779519619,0.0313889943798104,0.48444096078156,0.191392345536018
2746,0.00613519080290657,0.0422973657413291,0.0734118191142869,0.0118571579063315,0.092050472880015,0.774247993555131
2747,0.0225053210368884,0.0450161074974138,0.0253156210196419,0.0522363457190713,0.381585697286861,0.473340907440124
2748,0.00377732016488743,0.0233368649083408,0.0192730157190346,0.0218476960840104,0.793457373219867,0.13830772990386
2749,0.547842018600422,0.104181900228384,0.0342991145345469,0.133222276115191,0.0978654491710375,0.0825892413504186
2750,0.00971845532720066,0.0579988687553557,0.0987693177010493,0.0331662079416228,0.0976526049836721,0.702694545291099
2751,0.112779939350175,0.109819784522675,0.0718284872713609,0.316391352341595,0.327476991212788,0.0617034453014064
2752,0.0536229862262807,0.059310588231197,0.0888315637849441,0.0448366909937779,0.0736535593153423,0.679744611448458
2753,0.0283811180337096,0.0719293913557517,0.0509180503999328,0.233137940263961,0.491712109982838,0.123921389963807
2754,0.00773092221568261,0.0915848162081323,0.017100651518281,0.00624682758266598,0.835160664230918,0.0421761182443202
2755,0.00110955787709138,0.00510988227151219,0.0193636039174412,0.00718013660054262,0.130119304877022,0.83711751445639
2756,0.0048180796449422,0.0277898080744014,0.0949998229626796,0.0173204447431988,0.0571356116006611,0.797936232974117
2757,0.0355972503696919,0.190053918901115,0.0638217211231096,0.0865590311877017,0.344406363980171,0.279561714438211
2758,0.0296859219139938,0.164296786321872,0.101864606551329,0.015248584752297,0.518064397663729,0.170839702796779
2759,0.0235309544604304,0.148023628417104,0.0567373666275736,0.018140997905614,0.519235538737543,0.234331513851736
2760,0.66400764695619,0.101398701035797,0.0629427234133749,0.087215395713651,0.0627298422912573,0.0217056905897299
2761,0.0798053913732326,0.0626947488878444,0.0515342757451639,0.232279311879232,0.476347536909152,0.0973387352053743
2762,0.00307600394211972,0.0242364057316288,0.0282920247979414,0.0103489096148284,0.717570647633517,0.216476008279965
2763,0.0536433162646302,0.294326047461602,0.150686552553497,0.042075928208231,0.211760087836555,0.247508067675485
2764,0.0122871755645774,0.0191026437100332,0.24079277977689,0.0227423810550984,0.0818410222230377,0.623233997670363
2765,0.0739070023231668,0.137345724112391,0.199583931367555,0.0182004478040236,0.154465925954132,0.416496968438731
2766,0.0271467272909378,0.087813547855502,0.0612362714794524,0.0167197206131677,0.688240529675757,0.118843203085183
2767,0.00510960573649588,0.0144864577364241,0.0484261376150414,0.665901746889759,0.148018122498525,0.118057929523754
2768,0.0117161173107271,0.119713496060528,0.252916411803288,0.00716500610754151,0.051211686139443,0.557277282578472
2769,0.0556107429200647,0.246046708103236,0.0557990514460607,0.0868494951265248,0.483681026966632,0.0720129754374819
2770,0.00297256018617402,0.0539427724660302,0.0731988667464058,0.0186561594993916,0.377714346540579,0.473515294561419
2771,0.0152453122071886,0.0688990786130318,0.199018133663459,0.0134810996066208,0.0743153481288485,0.629041027780852
2772,0.0374065871086544,0.0860413314436165,0.100742036589174,0.181813365430516,0.365135748639821,0.228860930788219
2773,0.111605021532992,0.229561895993556,0.113926905426369,0.0142715895650425,0.403818246491704,0.126816340990337
2774,0.0395693768878568,0.734669957497978,0.0403674515760049,0.014093182225013,0.128184056657588,0.0431159751555586
2775,0.00181504957280653,0.00966264837401584,0.0516659074414955,0.00662799872290929,0.0766408371269174,0.853587558761855
2776,0.010641738809234,0.0292520367545911,0.0516809696478586,0.0283814746955988,0.130009674558448,0.750034105534269
2777,0.00124634832903373,0.0110384891185929,0.0320816882158055,0.00759527371892282,0.0835793421479401,0.864458858469705
2778,0.440834996262312,0.08352385194012,0.113899007269194,0.0706637952053254,0.0969344646403333,0.194143884682714
2779,0.0304379228947592,0.0243125163922634,0.160317665334834,0.11050596128622,0.117557485225386,0.556868448866537
2780,0.0417533107689919,0.256945398508594,0.188315421285597,0.0539042477390187,0.0962205870086367,0.362861034689162
2781,0.010586494576658,0.0164809879616177,0.0487374906192994,0.115241926968685,0.604102433176936,0.204850666696803
2782,0.00488031145549398,0.0128297080548769,0.145708074196678,0.00791748871147266,0.0646995892907902,0.763964828290688
2783,0.736905489008027,0.0847107439003566,0.0549199936020193,0.0586731756764529,0.0380299350134465,0.0267606627996976
2784,0.0438014578147311,0.0868350380433486,0.0397330438912108,0.0405973081592427,0.717009085211127,0.07202406688034
2785,0.00193697032245415,0.00534024673255661,0.0142712156486118,0.0124521334008949,0.666153515729708,0.299845918165774
2786,0.0114710121076668,0.0813363340409011,0.0343591090480353,0.0280245474670321,0.651450583334971,0.193358414001394
2787,0.00513594517378861,0.0134472990160173,0.0237654648270148,0.00984037885476158,0.0698949570005796,0.877915955127838
2788,0.0521831046329199,0.0668544520666897,0.26537045192045,0.0341778874346678,0.118099244614049,0.463314859331223
2789,0.0353647833861233,0.0884410142256607,0.142968444283329,0.0403981628726137,0.12688563463466,0.565941960597614
2790,0.125760969287114,0.256157395028131,0.0970527639615752,0.0685166954863503,0.269611966857423,0.182900209379406
2791,0.343163529135893,0.0912816894592775,0.0491722521891249,0.271808549608869,0.192966528138359,0.0516074514684773
2792,0.705360768151161,0.137064615673172,0.0231511953770772,0.0399950454685277,0.0746657414686307,0.0197626338614315
2793,0.00519132954208921,0.0308092991752445,0.0256470510005522,0.0102073826353376,0.646275104295329,0.281869833351448
2794,0.236753541514266,0.0882558800165108,0.0577868607262917,0.148501449255618,0.407508836349068,0.0611934321382455
2795,0.225056022003097,0.106929942675675,0.0441817511736487,0.4916825901523,0.112380383769438,0.0197693102258419
2796,0.00206322600217882,0.0137634890954671,0.142678205595799,0.0204652303324564,0.245783407506427,0.575246441467671
2797,0.148668634866902,0.105390461634658,0.0950575551010748,0.0851270024080837,0.16224164239894,0.403514703590342
2798,0.0333260566002303,0.416905330881709,0.161979173851884,0.00841663034276417,0.221084047876794,0.158288760446619
2799,0.163858299544878,0.102638595438118,0.485170386439592,0.0162317481361487,0.0882254684251545,0.14387550201611
2800,0.00474417486865582,0.0163593692639953,0.0426391722137714,0.007937605312245,0.0881039913886565,0.840215686952676
2801,0.00576570858794889,0.0216893500360545,0.0125843459581238,0.0131105799393816,0.645629095800155,0.301220919678336
2802,0.00910014397144518,0.0406785478818323,0.0404221851347235,0.0199781516935806,0.281588294110197,0.608232677208221
2803,0.0712752898313035,0.424223383153405,0.137797900288987,0.0235226373761651,0.237969834481856,0.105210954868283
2804,0.0165832872175586,0.0542537692006518,0.0876113579363408,0.0213457554016819,0.260344934576912,0.559860895666855
2805,0.199996892199753,0.191253566183259,0.368450554554837,0.07389477382569,0.0811754570214111,0.0852287562150494
2806,0.030249902887178,0.0273076027567728,0.0332951199138333,0.594580238702154,0.228768802956828,0.0857983327832339
2807,0.256357285667018,0.136504433411689,0.165810970163681,0.0950065668221871,0.15862399809378,0.187696745841646
2808,0.00719351751390627,0.0219304417414606,0.0269680133706492,0.0131124821583744,0.0960932756994408,0.834702269516169
2809,0.0581128880352669,0.116466413230967,0.399409447038616,0.0928823468112509,0.0639891039148772,0.269139800969023
2810,0.00879370402434776,0.0325338876599306,0.0371321781107894,0.0513855344006858,0.661336475795462,0.208818220008784
2811,0.00572547209121241,0.0884832062414179,0.18272851628902,0.0115349143283157,0.378783987003374,0.332743904046659
2812,0.329784415877861,0.239842715766694,0.101875052100879,0.195289699081953,0.0887458427744887,0.0444622743981235
2813,0.222076930909174,0.138315704549295,0.082566982556152,0.123700109808508,0.349551747521603,0.0837885246552668
2814,0.0645703007882701,0.263772826738111,0.192127651535394,0.02908564890267,0.158770968893384,0.291672603142172
2815,0.010203068886708,0.0226776494089352,0.0399031848265544,0.0184866442645278,0.0709586548167103,0.837770797796564
2816,0.20991812164078,0.292108666958342,0.18918888703432,0.0959120299093737,0.159667247160468,0.0532050472967164
2817,0.0315265418712193,0.739800782046947,0.0407686883919719,0.0321101089312313,0.113675682925578,0.0421181958330523
2818,0.0905318545497488,0.722365798777016,0.0721245481924401,0.0168585090937977,0.056762194276959,0.0413570951100387
2819,0.137089298928159,0.600316985957285,0.0639624188933484,0.0514790440481478,0.11508132248094,0.0320709296921202
2820,0.291155911004864,0.194170115536605,0.352056427708984,0.0860315462786711,0.050298799518833,0.0262871999520429
2821,0.00565938699227428,0.0275048674299905,0.00908632523202256,0.00564892460321387,0.153670298019169,0.79843019772333
2822,0.0733838336810081,0.539142179561795,0.129424334412094,0.0339580932161973,0.136708437328162,0.0873831218007434
2823,0.0200467040596276,0.0685316146740705,0.076869307410223,0.0522769510950855,0.170409188036442,0.611866234724551
2824,0.0327574705603045,0.0677806322836409,0.16986937512897,0.133934102762944,0.303969944901351,0.291688474362789
2825,0.00800256963246292,0.0260385888668789,0.157172316584085,0.0557944340001702,0.0419594973219921,0.711032593594411
2826,0.0274835503702859,0.418421152574978,0.0337419119486468,0.0411572874200107,0.378516032235012,0.100680065451067
2827,0.0605442510055284,0.409826188820948,0.357529013025128,0.0112782199100116,0.0834600154695848,0.0773623117687992
2828,0.00631507467145154,0.0925458091388791,0.0686240366168584,0.00796055016692257,0.246732342007067,0.577822187398821
2829,0.05199567796198,0.0612141994454267,0.0455897926433181,0.136086810491485,0.61586148253133,0.0892520369264599
2830,0.00339622699836057,0.0161308610800225,0.0934061684839785,0.0220458919397457,0.0721643841498761,0.792856467348017
2831,0.39002242676385,0.256421829792718,0.0968147995138616,0.0763312244335401,0.131397594379407,0.0490121251166224
2832,0.0360114365597779,0.19536863686063,0.38793559936292,0.0228224178179103,0.242240828801289,0.115621080597473
2833,0.116582934165249,0.0705872164529372,0.17374664333854,0.104839049415217,0.120524791566046,0.413719365062011
2834,0.00780723485032648,0.0252701999945506,0.058984677431799,0.00872471963103235,0.0835998202416231,0.815613347850669
2835,0.101782914695946,0.424072673423398,0.0731840705801614,0.0536550335065332,0.230884223823992,0.116421083969971
2836,0.0250358545737126,0.0717807030129677,0.0995919102507473,0.0717395058183554,0.501195675602781,0.230656350741436
2837,0.0234986938243868,0.230566361789044,0.455882768292875,0.032985604813322,0.116017288589252,0.14104928269112
2838,0.256513175506705,0.215627670405248,0.141400140213722,0.0915438993526945,0.117175333732382,0.177739780789248
2839,0.043927713916459,0.124151491752142,0.153005886590611,0.117577561791837,0.363096909130051,0.1982404368189
2840,0.0650288046127258,0.0378542130389146,0.0530271268110227,0.335636658022049,0.073465384949227,0.434987812566061
2841,0.428353517400234,0.12144319746017,0.074680809800409,0.0458265088045659,0.143937809737387,0.185758156797234
2842,0.0107424393065421,0.0449943483806362,0.0275483124798368,0.0230990586248918,0.593626436101362,0.299989405106731
2843,0.0933642484452223,0.102078859788445,0.0594714369984874,0.00864586048206431,0.505146480968869,0.231293113316911
2844,0.0362269521395169,0.122673535092721,0.490922110795025,0.0121472960214681,0.0707255205388711,0.267304585412398
2845,0.199144544583965,0.360809433772286,0.0742990094326691,0.289830855532001,0.0488906454919374,0.0270255111871418
