"CUS_ID","F20-","F30","F30+","M20-","M30","M30+"
2501,0.0852230488384234,0.483187187029466,0.102234123523642,0.0303713094915751,0.166711150776713,0.13227318034018
2502,0.0342813701800534,0.146682057799904,0.198575263516431,0.0762075651405855,0.360460128669207,0.183793614693818
2503,0.0506402424896969,0.405176173540544,0.0440596989605496,0.0478784872489818,0.371729542388224,0.0805158553720037
2504,0.380686710567387,0.145874883702205,0.129250510695698,0.173951582743941,0.0776463015310993,0.0925900107596693
2505,0.0385209595947188,0.147577164758288,0.15567763088212,0.0509755952410492,0.159328313723613,0.447920335800212
2506,0.0161630826683573,0.327384820702994,0.091991253383832,0.0222632993481789,0.292324543753212,0.249873000143426
2507,0.0102087805384033,0.0286073328040257,0.0903819692062377,0.0255467754625138,0.207790336933719,0.637464805055101
2508,0.00564736777993016,0.030260852551131,0.0286902324189512,0.0255996464896531,0.487639047883889,0.422162852876445
2509,0.026314190241411,0.0412191885959058,0.165102510572397,0.0363449326324766,0.147169750494177,0.583849427463633
2510,0.0131100591274283,0.0869520382805763,0.0553216361602637,0.0291219443383969,0.37162522144787,0.443869100645465
2511,0.630668082835468,0.107222095225626,0.0838489356718135,0.1168737315364,0.040036293670474,0.0213508610602187
2512,0.0462774850216719,0.166270008954089,0.0627194507972566,0.145796008833612,0.476578273388022,0.102358773005349
2513,0.00627340169464365,0.0285477147697137,0.0835311283751625,0.0246463703096837,0.270842816962765,0.586158567888031
2514,0.110278151130194,0.524311183548297,0.0633048453240067,0.0339721550999425,0.214855904517621,0.0532777603799387
2515,0.0131212751046307,0.0523320887424104,0.113641319619488,0.0354081770395972,0.204739194087598,0.580757945406276
2516,0.0784153666559351,0.114995830452905,0.0677976207834955,0.175786634756623,0.326239928921227,0.236764618429815
2517,0.0265160214855581,0.381275193648041,0.127320537138794,0.0145499746513945,0.220397865344941,0.229940407731271
2518,0.473241699976328,0.211052939984816,0.104864330049616,0.0620189857454955,0.0828616274054308,0.0659604168383131
2519,0.0479694486078308,0.844603839290385,0.0188064993627981,0.00862586412110217,0.0576197680610818,0.0223745805568023
2520,0.0275430928279215,0.0564458535980983,0.0189692588900161,0.110467847404124,0.600567761209862,0.186006186069978
2521,0.0155450392825883,0.0563260740939436,0.268714608931617,0.032512071256833,0.118094363282218,0.508807843152801
2522,0.323254520563164,0.237025906042775,0.173331107368076,0.0743400252194552,0.128770522977848,0.0632779178286816
2523,0.0568854033257394,0.354768551057473,0.0829076073666727,0.0147301199799401,0.349326737063681,0.141381581206494
2524,0.038063177139865,0.120196529912445,0.280774286168986,0.0480485298173628,0.106591484914021,0.40632599204732
2525,0.110923539343351,0.0731125373584689,0.069954554001075,0.41632725109077,0.260826714140724,0.0688554040656106
2526,0.0983190299188777,0.225049540631996,0.0755616610194795,0.0952511314528592,0.344918197462751,0.160900439514037
2527,0.535745690263341,0.168365610848644,0.094523491481369,0.0545497024323169,0.0884473541711547,0.058368150803174
2528,0.00448708217676866,0.0164872693598074,0.0502592792411408,0.0396311501576941,0.189307840850654,0.699827378213935
2529,0.0686379653522038,0.0990325380383566,0.276496640897757,0.0584566737670237,0.1246209264425,0.372755255502159
2530,0.00278519994054264,0.012618406864642,0.118138484715708,0.0155105194124418,0.0958619801325001,0.755085408934165
2531,0.0340351590840755,0.14937107194008,0.125619270797096,0.0803885005338355,0.366593006368208,0.243992991276705
2532,0.0314413746182653,0.172479812378387,0.147011157051432,0.0619236409613753,0.280308724061645,0.306835290928895
2533,0.00167124945690695,0.00591988478288517,0.0466501389711688,0.0058321190213937,0.022938802986055,0.91698780478159
2534,0.220616297855855,0.0651105237334545,0.0531285768843997,0.516473871574396,0.0816791731519949,0.0629915567998995
2535,0.0522843187775717,0.112306880841369,0.15172607892812,0.045207381601552,0.182645187215184,0.455830152636204
2536,0.144269371284482,0.247288941810435,0.106786800172702,0.0644855589725148,0.205323170262771,0.231846157497096
2537,0.0313419459879626,0.764981057572651,0.0876133659173727,0.00657158642633617,0.0678266316875822,0.0416654124080953
2538,0.229539519348786,0.106738508443248,0.0676722262021803,0.117821820637644,0.316166164378853,0.162061760989289
2539,0.153226199004331,0.262966903749292,0.235059203074454,0.043467990970631,0.158297715027093,0.146981988174198
2540,0.386791530813975,0.155428622763486,0.0357268104854718,0.176075189731379,0.204911685877304,0.0410661603283834
2541,0.13354824413508,0.0567341029415194,0.0148894304626016,0.450171623386643,0.294776225798558,0.0498803732755979
2542,0.0924432307135173,0.452386178405531,0.0560715679684836,0.0278572974874382,0.332373572805032,0.038868152619997
2543,0.00866955553004134,0.0211338036229824,0.0750082188423919,0.0072046603230193,0.263950053607167,0.624033708074398
2544,0.0974957499501982,0.137885629787228,0.10757890139379,0.219318701242488,0.162605650761866,0.275115366864429
2545,0.0320869122093775,0.28466356937269,0.0511813611228683,0.0150276524285538,0.428376176367863,0.188664328498647
2546,0.0321040833334077,0.0348036993410826,0.0122998637394881,0.267846986098698,0.575793965297577,0.0771514021897464
2547,0.0736624205229462,0.150780902101838,0.320084579928035,0.0423645254960171,0.17855911437933,0.234548457571833
2548,0.0659884363237261,0.0784691381120985,0.0942470039872731,0.218182213648325,0.448934062667465,0.0941791452611127
2549,0.00781963149664971,0.0453712230455823,0.0353042071553613,0.0432726356505235,0.348237912303641,0.519994390348243
2550,0.0167243397765653,0.0277550941332863,0.0170728975056399,0.196888833216491,0.561356597532181,0.180202237835837
2551,0.162355712505109,0.241520224093407,0.0452087440498271,0.176145631575595,0.228206072816569,0.146563614959493
2552,0.148291839833509,0.372062315540266,0.156772764030571,0.0495168370359033,0.137669667341114,0.135686576218637
2553,0.503148046046298,0.193017943709671,0.0419270158407442,0.110025604972284,0.130045871485934,0.0218355179450678
2554,0.0927599370014783,0.178643072121527,0.103849451341785,0.134083375498691,0.407362687601293,0.0833014764352262
2555,0.0123283211624938,0.0689900146749917,0.0530299084702548,0.0363636607191772,0.658053911728958,0.171234183244125
2556,0.0806961402402373,0.284412966150207,0.289112938381019,0.0464366434456297,0.165475071814935,0.133866239967972
2557,0.304558619582055,0.2256849887592,0.346484371401015,0.0416015312922013,0.0588215997082741,0.0228488892572546
2558,0.0345735467047059,0.0781840112432367,0.684178673492717,0.0297038387367575,0.0791087477170414,0.0942511821055412
2559,0.0747045210752866,0.465395962694255,0.136462427177987,0.027802779258536,0.110481163056436,0.185153146737499
2560,0.00728002685628322,0.0979186378703979,0.0973292405833619,0.0222701989026584,0.200722291240102,0.574479604547196
2561,0.0170836052197266,0.0612944377448657,0.163515802125306,0.0107759226751159,0.126307720812233,0.621022511422753
2562,0.326740596306229,0.372601141802286,0.0403313476654433,0.0378589757659249,0.20084736038684,0.0216205780732769
2563,0.28338217542752,0.16824838738021,0.266105554250801,0.0832482551686295,0.0956654077126893,0.10335022006015
2564,0.142084828162103,0.0727353944055463,0.0781182164127713,0.366167781497064,0.179069357816976,0.161824421705539
2565,0.0231205254844983,0.0828397817367136,0.0799423980917692,0.0386011767845876,0.202228328572917,0.573267789329515
2566,0.0111895310159723,0.0328792043513199,0.0955584997835344,0.0876704911403609,0.33764583593886,0.435056437769952
2567,0.0333652993363822,0.13349305225731,0.119794211199745,0.0473790113469628,0.163181143505414,0.502787282354186
2568,0.00806600370074736,0.0467611860711708,0.0708260504890362,0.023571487321097,0.26829995600018,0.582475316417769
2569,0.0239063362225023,0.0770319521293821,0.201487276998657,0.0146287056996091,0.163076410914536,0.519869318035314
2570,0.0221757612609369,0.589958093830102,0.0914077327819413,0.0107191418379759,0.147292130962581,0.138447139326463
2571,0.110923114173235,0.0840149865233875,0.024247725126269,0.337628770471694,0.315830384423029,0.127355019282385
2572,0.0731636328433757,0.0690908184523472,0.379256436852972,0.119330797219683,0.116875156561336,0.242283158070287
2573,0.0791300975858392,0.315766225398498,0.0767425563947582,0.032465933400359,0.301503171332018,0.194392015888528
2574,0.0268482507774724,0.0524311305316284,0.0235147679114648,0.467883488309927,0.35814513240585,0.0711772300636576
2575,0.0203061236518964,0.0310287917194238,0.0150700774487988,0.149132329727261,0.676368507922601,0.108094169530019
2576,0.294536561748559,0.328245400206616,0.11853598940929,0.0785260256094949,0.0905770842997536,0.0895789387262868
2577,0.0444677890307185,0.213648912770096,0.286939723439925,0.0278796216474577,0.184843841355532,0.242220111756271
2578,0.00128718963330046,0.00610870574001234,0.0305893062845315,0.00753308606985779,0.0674776989583644,0.887004013313933
2579,0.269205449816087,0.20975126069496,0.307550710766466,0.0415515042743914,0.0912000095379238,0.080741064910172
2580,0.0607707605948698,0.28215931552306,0.165971311824371,0.0239475174522302,0.228393843895657,0.238757250709812
2581,0.00690995708815833,0.0395504998059484,0.0845643347823966,0.0926273734637733,0.468122601222948,0.308225233636776
2582,0.120713212204169,0.521793114382339,0.0741479358457679,0.0308169147826273,0.194168716328712,0.0583601064563854
2583,0.0486783801770282,0.571625858055381,0.165941309345947,0.0169647313526013,0.1047999272303,0.0919897938387429
2584,0.296311537621908,0.573047592313043,0.0331609461936855,0.014086401902484,0.065793694363439,0.0175998276054407
2585,0.0176988043086102,0.0638321714406092,0.056178440827588,0.0600606656666296,0.510843359180325,0.291386558576238
2586,0.0407328279615283,0.303123825452421,0.122507481922168,0.0360433211402751,0.224515506486471,0.273077037037136
2587,0.204089000103589,0.0700493246904374,0.046329242739596,0.327054049974503,0.250892088966857,0.101586293525018
2588,0.0523595892287111,0.0327647489907471,0.0192099467115469,0.230297567908174,0.538081539009475,0.127286608151346
2589,0.0440695067570588,0.0831639730878457,0.041107585097469,0.145567359668505,0.591596505919718,0.0944950694694035
2590,0.0139277364961541,0.0669830736233804,0.146866985306122,0.0659971850285417,0.190045436686619,0.516179582859183
2591,0.0938386267924344,0.113099130244363,0.282439434312583,0.0319689055754781,0.0762771164213229,0.402376786653819
2592,0.0169244493711586,0.0492964331512602,0.0194038137669111,0.164601524878204,0.589355259068084,0.160418519764383
2593,0.199511862847641,0.201664696034401,0.0699300016928347,0.180527116360359,0.261499235866514,0.0868670871982492
2594,0.0268110597657885,0.0570437800679028,0.0530790149483185,0.0274758686901839,0.448603173409344,0.386987103118462
2595,0.0941084196301844,0.10591584314498,0.233617540409317,0.198710849010818,0.152439193161256,0.215208154643445
2596,0.799859381615624,0.057201662519421,0.0109470157012917,0.100637092821445,0.0270076759186973,0.0043471714235207
2597,0.00731718213297142,0.0344652482873266,0.180362429046435,0.0215136812447912,0.15981461724744,0.596526842041036
2598,0.0138354753587922,0.0997824217418207,0.118128458698205,0.0139220653295137,0.153780760986545,0.600550817885123
2599,0.226471486468672,0.222730229215006,0.0952919643103448,0.19568971831537,0.171911332717352,0.0879052689732547
2600,0.0107774861274831,0.0451930934801069,0.0715279802867256,0.0344273231884644,0.765991098021382,0.0720830188958384
2601,0.0287128119586421,0.0693996403936886,0.211363608982659,0.0283279082524975,0.125276532361948,0.536919498050565
2602,0.0221676937560072,0.0844053712073946,0.0963224654522738,0.0364607399356142,0.213730875205611,0.5469128544431
2603,0.0389470023540104,0.538874920570955,0.0415120094063166,0.0246830842133064,0.295729164947246,0.0602538185081654
2604,0.0475995734634927,0.151603255073936,0.311052962009933,0.128602559998023,0.0987572093420853,0.26238444011253
2605,0.00197674873870894,0.0641026679573608,0.249859128217962,0.0228823544579116,0.251837405928205,0.409341694699852
2606,0.0342475029376334,0.0829238733741652,0.111684315001179,0.033006276676396,0.218723282135052,0.519414749875575
2607,0.00682920597109356,0.0229450772504862,0.0658134948443114,0.0214880022500256,0.110214613261718,0.772709606422365
2608,0.206163508043389,0.179111577746178,0.0723018256400107,0.156031623970006,0.238303834031766,0.148087630568651
2609,0.0192392294377401,0.0518755458149887,0.0518800474299979,0.102537331113187,0.414888729325161,0.359579116878926
2610,0.101693818948177,0.200952409353176,0.0521890406124848,0.163271287071614,0.305996185824934,0.175897258189615
2611,0.0213633759426724,0.0703505023228781,0.185901171666346,0.0335211524899033,0.0811871293094762,0.607676668268724
2612,0.0664449738949296,0.273940694284793,0.123511521572478,0.0363599342538834,0.156833372565235,0.342909503428681
2613,0.431990675789766,0.362116787318983,0.0585803474113907,0.0574284298577221,0.0721886747702182,0.0176950848519195
2614,0.134841037265715,0.102373238589902,0.0731413487807469,0.151574231523885,0.283685151754643,0.254384992085109
2615,0.443488358964719,0.247923616003698,0.157718893689691,0.0467325253230258,0.0616744781788096,0.0424621278400567
2616,0.00835117134965943,0.0559378533306562,0.0675184195216368,0.0445382720599533,0.499834080454714,0.323820203283381
2617,0.163231629361651,0.309210939615844,0.282287498192087,0.0377274963820792,0.12574046380984,0.0818019726385001
2618,0.0599693998917623,0.0705139969342414,0.0947237987967009,0.0623201345822596,0.446193641936684,0.266279027858352
2619,0.0330115214240684,0.0380191395614541,0.0162487811092521,0.0855201657278643,0.694078938436503,0.133121453740858
2620,0.0109531751521037,0.103874938812701,0.244512522606095,0.022928023792906,0.293036485642171,0.324694853994023
2621,0.0253943340878291,0.0766614027352045,0.0326181104922314,0.108724922657499,0.663036026866591,0.0935652031606449
2622,0.00255059666240937,0.0103459448610682,0.0223655785108392,0.0109609775207088,0.143270921276975,0.810505981168
2623,0.23498221105064,0.208488942096181,0.0425394011794747,0.0833702382895948,0.361518226487978,0.0691009808961312
2624,0.0180311075550499,0.040123755520413,0.103599862549337,0.0423192651797294,0.16013641526538,0.63578959393009
2625,0.083426780256968,0.190563325410767,0.540543715843589,0.0302381626542689,0.0733884806192326,0.0818395352151742
2626,0.0065072197674045,0.0236384275484466,0.0546441418168123,0.0217731957228424,0.187376873431345,0.706060141713149
2627,0.0649349554172066,0.144823871158173,0.35468571178691,0.0247166924589855,0.165006658455792,0.245832110722932
2628,0.0989948111516627,0.121223353671155,0.0704567351776451,0.355991339760907,0.287388096758115,0.0659456634805156
2629,0.0323547917959259,0.222802212316444,0.0577796779117203,0.0381767502645441,0.399176661691313,0.249709906020053
2630,0.14871066236328,0.123517347183017,0.138508202553906,0.0827974829407536,0.231258942256781,0.275207362702262
2631,0.0171551356226337,0.21080287466026,0.187650508880273,0.0230006944700526,0.328088200143356,0.233302586223424
2632,0.00452021600947212,0.0174538939413768,0.0628933506859984,0.0179820746178602,0.144851765818042,0.75229869892725
2633,0.126017955112588,0.387542011071223,0.0653145558907774,0.0850543005158463,0.249125269049831,0.0869459083597344
2634,0.0391510097961721,0.080494899474792,0.252378307024374,0.0709958893298446,0.16374161962487,0.393238274749947
2635,0.0216959138843511,0.0729929196110224,0.0566162014785258,0.0311924156343091,0.63991968530973,0.177582864082062
2636,0.0269844635228298,0.0654188882498862,0.133029104829836,0.0425697197299323,0.327395319067181,0.404602504600335
2637,0.0146412053747142,0.0777407166186564,0.0242419551305281,0.0253109874539621,0.69144925169066,0.16661588373148
2638,0.0642623536918499,0.0454726132483806,0.0753438513643962,0.286657232181029,0.171359759318395,0.35690419019595
2639,0.104128253455715,0.0682671952809357,0.0491530127525929,0.40222219610657,0.293153148768352,0.0830761936358344
2640,0.0153646737872833,0.0351834145350253,0.0551416051515708,0.0241130557714981,0.135816045437851,0.734381205316771
2641,0.178450700451834,0.201209446612673,0.150495389474304,0.128039737735041,0.182749717394278,0.15905500833187
2642,0.0123520894224456,0.078713057640038,0.111238683328854,0.026900013948126,0.247441230893296,0.52335492476724
2643,0.372213023904159,0.356687354974368,0.0280710373412999,0.126961597361083,0.091816168754959,0.0242508176641313
2644,0.00613711948846269,0.108818473127383,0.0384903510024004,0.0139162885192995,0.264022929390161,0.568614838472293
2645,0.0231487686188648,0.0732272757787406,0.0380195873533795,0.0569584572278614,0.297014934386057,0.511630976635096
2646,0.00306679714767362,0.0161986577163457,0.0782633222322961,0.0146495925265685,0.0499294878978487,0.837892142479267
2647,0.0740886531431426,0.10717476729232,0.115210627672853,0.11814051884523,0.257464795587173,0.327920637459281
2648,0.139765992759452,0.259710572895756,0.476157199893027,0.0135072298225865,0.0352688414839283,0.0755901631452496
2649,0.037041478315888,0.0525640994142501,0.0877930599656643,0.0493071254436542,0.23438629766401,0.538907939196534
2650,0.0554205883338306,0.0376137522895485,0.218126115175675,0.0489549426890582,0.100808323100611,0.539076278411277
2651,0.0221137756768389,0.0856808620395468,0.0421811882649398,0.0490415926967508,0.563222599993735,0.237759981328189
2652,0.0161523855770444,0.159882404839557,0.0508125208383358,0.0349898305483789,0.481373065552996,0.256789792643687
2653,0.262782389443683,0.230721287508387,0.133721149124511,0.0597091102824019,0.190340877365074,0.122725186275943
2654,0.00437349832075606,0.0447550625900639,0.0821848216678413,0.0451526627770179,0.161842709946584,0.661691244697737
2655,0.411150875942251,0.231080861707184,0.0728144713339045,0.10097106631766,0.145282757408801,0.0386999672902001
2656,0.00996821515813637,0.0616974737334011,0.0534737032628187,0.0285495420073913,0.446893410253482,0.39941765558477
2657,0.0138411447884157,0.0353170738194557,0.1839410639082,0.0206138767489306,0.104216089177436,0.642070751557562
2658,0.167607719164933,0.170972771112466,0.1522268478578,0.290634368441998,0.117592075276902,0.100966218145902
2659,0.141484676787324,0.0719930300783867,0.0894240636937805,0.545776597431775,0.0743796866896759,0.0769419453190578
2660,0.00873373717296239,0.0365360419010511,0.0443262840113093,0.0310950684397536,0.268083811734433,0.611225056740491
2661,0.00378278595297879,0.0211011267622953,0.0877863350333977,0.015882184921565,0.0826236588526293,0.788823908477134
2662,0.00509305573856703,0.0462447910498368,0.101118900612259,0.0106747016722271,0.121681710183533,0.715186840743577
2663,0.00608127963864663,0.0299206437428863,0.0455472215008429,0.0327862182102999,0.414892838790861,0.470771798116463
2664,0.0353855028377304,0.104937304894247,0.0296099879581599,0.0875271725026505,0.585607801426549,0.156932230380664
2665,0.241697589925059,0.277654530279085,0.113353905489076,0.0615838549752859,0.188925021958743,0.116785097372751
2666,0.00295705950707648,0.00839050820078177,0.0788285591583588,0.00745297246141833,0.0176380322254336,0.884732868446931
2667,0.0709821231248787,0.131559237145096,0.436422561426265,0.0679715295337822,0.183749480860469,0.109315067909509
2668,0.0113281040417429,0.0652931202800471,0.439279976659198,0.0157292232860535,0.115861534177838,0.352508041555121
2669,0.0519584198519994,0.180791582545351,0.118062523600592,0.0300356420920653,0.230834509969712,0.388317321940281
2670,0.0090342278071046,0.0528696083338402,0.150623902918387,0.0195784459484147,0.187385765943666,0.580508049048587
2671,0.0316928288252206,0.082256197842703,0.0430755787175251,0.0944660128832903,0.35729274843716,0.391216633294101
2672,0.00515756714210163,0.0484157870810408,0.130129324307201,0.0149817461138136,0.19241481988633,0.608900755469513
2673,0.329781764499696,0.301245369517723,0.0582897690218157,0.118417578117082,0.152029394352289,0.0402361244913941
2674,0.0258987490224737,0.0466601522095027,0.0679998270793013,0.225313618413807,0.396250801874778,0.237876851400138
2675,0.54764872054566,0.180086911695079,0.0208678605757197,0.164283205193643,0.0738335569598438,0.0132797450300541
2676,0.0247210588889958,0.0377109815956463,0.055373666560157,0.131945928220239,0.446527772467725,0.303720592267237
2677,0.0731872441271483,0.218655545490239,0.316233065414197,0.0381106594840816,0.255598858267122,0.0982146272172121
2678,0.0446594564923871,0.175296846303634,0.206561093805509,0.047800877795131,0.305414162424624,0.220267563178716
2679,0.00297306950876383,0.0213081861427074,0.0416071988862839,0.0230191075429421,0.322578045693449,0.588514392225854
2680,0.0687812839707117,0.104298835887728,0.344870066401458,0.196121319911087,0.131804529470161,0.154123964358855
2681,0.032640932180749,0.161420711878579,0.115706323554631,0.0505136537984825,0.365559932709111,0.274158445878448
2682,0.0126505174500344,0.0343149325486756,0.1203482516696,0.144556541607366,0.221480384183955,0.466649372540369
2683,0.459561585614396,0.272043993133205,0.0294433746943506,0.133252440848212,0.0930637410238495,0.0126348646859875
2684,0.00956600251024058,0.0413684534437036,0.0407104452658409,0.0825069409092878,0.470536641073378,0.35531151679755
2685,0.127738816787988,0.074068483964973,0.151308708243623,0.0340456968204597,0.072794250384116,0.540044043798841
2686,0.0153861611506642,0.142489383442295,0.135668219707743,0.0371631745049115,0.19665411486081,0.472638946333576
2687,0.345030721349371,0.208094972091052,0.0931395922994484,0.163724347947891,0.156636606874058,0.03337375943818
2688,0.032003130168155,0.152730139322879,0.0669480387287399,0.248908258748367,0.376758205130736,0.122652227901124
2689,0.162120207263898,0.598650168552629,0.0337798764980051,0.0454091379382303,0.133378535655284,0.0266620740919541
2690,0.0125477306521232,0.0248140045035897,0.0356166425304316,0.223833854974676,0.430187678819317,0.273000088519863
2691,0.0410720100089915,0.213776319462121,0.0800292002658241,0.051454147242907,0.38689698064268,0.226771342377477
2692,0.0731980551311238,0.107691470208628,0.234209350598087,0.0617067794450956,0.231806648663584,0.291387695953482
2693,0.0373120670491736,0.0682595068019454,0.205029483964139,0.0429415528652993,0.148462623677723,0.49799476564172
2694,0.00749388247790688,0.0245266750368096,0.0573719900130105,0.0417948723846604,0.212435627487492,0.65637695260012
2695,0.569177733467211,0.170121479611726,0.0536995309845972,0.114151007005604,0.070704170034274,0.0221460788965878
2696,0.0198935408208427,0.0770187106028612,0.287290371488854,0.0256554786376065,0.11589193778585,0.474249960663986
2697,0.0474887863477007,0.153267152491217,0.264697173133492,0.0344226541496994,0.1869664193897,0.313157814488191
2698,0.0109635852440706,0.0410347446910565,0.233121581177452,0.033697135454299,0.24355210586123,0.437630847571892
2699,0.0127387732773434,0.12081555169071,0.381251313894589,0.00814182792989777,0.0673709832358153,0.409681549971644
2700,0.00194397805062625,0.0349959870319497,0.0250035725693679,0.00614186179898987,0.359377769317638,0.572536831231429
2701,0.0155854621295779,0.0470905121749594,0.0904483497040063,0.100428438704835,0.294453718187181,0.45199351909944
2702,0.414356176374793,0.181977959127262,0.194751930405306,0.0686374544647319,0.0770610579459516,0.0632154216819559
2703,0.114221638355125,0.083448971360636,0.154707541616585,0.104152136352842,0.2345206118341,0.308949100480712
2704,0.0342937726094732,0.193857451941106,0.52281339856399,0.0358954168848419,0.0990030813715568,0.114136878629032
2705,0.0161714447940486,0.144843811372632,0.413130458341861,0.018183490756903,0.131370329549748,0.276300465184807
2706,0.0135974191711319,0.085567870381736,0.194364018801687,0.140090096430428,0.184825690647494,0.381554904567523
2707,0.0130743326537114,0.0390109380990926,0.0258689745929054,0.0652685933255993,0.606988616605014,0.249788544723677
2708,0.378649754431349,0.361095699407388,0.0662986206201201,0.0585268432771723,0.105359432956128,0.030069649307843
2709,0.0682175407001815,0.175056128914558,0.320357255878096,0.0365194178922348,0.110822393970087,0.289027262644843
2710,0.0717892470024647,0.0578097930233046,0.233480664543754,0.0546213957814697,0.0928593108498067,0.4894395887992
2711,0.0366493423622308,0.0716431034528783,0.153998280319356,0.0511300574527142,0.285851582643159,0.400727633769662
2712,0.13419391651617,0.0842246457704965,0.0892774645038167,0.262966209077135,0.284333389192584,0.145004374939797
2713,0.143484601388519,0.233830096984207,0.249009211655507,0.0470826850621954,0.110851726073057,0.215741678836513
2714,0.00411338916400926,0.0582592119962668,0.129225470778418,0.0144653544876369,0.15981735273271,0.634119220840959
2715,0.0288347171312992,0.101371832234533,0.39851527528792,0.0328294591493391,0.237804373593248,0.20064434260366
2716,0.0318414154668774,0.0721061334233662,0.0862949637401025,0.066857208677548,0.389502755227268,0.353397523464838
2717,0.00985997638441035,0.0405062104988991,0.0378232177614619,0.0329365044819353,0.290523716190597,0.588350374682696
2718,0.0192368652490637,0.0486580086921807,0.26356066668082,0.0592814227627772,0.159773534324996,0.449489502290163
2719,0.0291363349169153,0.10252420918429,0.201424988523578,0.0514594870481587,0.345919782016789,0.26953519831027
2720,0.0951322042005104,0.0984684191808799,0.250491259347028,0.0938439145467315,0.244185844274844,0.217878358450007
2721,0.015976844846911,0.0503382825589068,0.0922422048904301,0.0395062044653916,0.345040204587514,0.456896258650846
2722,0.284260244573285,0.488429328761075,0.128540375436481,0.0129012730528617,0.0636395183489283,0.0222292598273688
2723,0.0507950342593729,0.149154652948252,0.110174166665493,0.0519683913830588,0.206802252456966,0.431105502286858
2724,0.678688202344002,0.0937873920123938,0.0582288680025025,0.101060990483586,0.0471275846098265,0.0211069625476891
2725,0.259513857868762,0.275663156302507,0.0734387462349071,0.225734375985173,0.107443781916854,0.0582060816917969
2726,0.0451805669999668,0.0791744354738939,0.0390904136260648,0.129699916601555,0.655846001809778,0.0510086654887415
2727,0.00438365974916951,0.0387212087603833,0.0618862874452953,0.0291325722996533,0.308927931585695,0.556948340159803
2728,0.018661856442262,0.033818664527865,0.126220260408123,0.042966925524083,0.115974626491262,0.662357666606404
2729,0.147217615326734,0.218562344704061,0.0874330121266745,0.113325283486065,0.287070120529253,0.146391623827213
2730,0.0104737587899387,0.0287259043275369,0.0649921237619773,0.0516567092079248,0.461656778528863,0.382494725383759
2731,0.171307462432974,0.165591686468811,0.0645956897877148,0.161846497309901,0.336816402119283,0.0998422618813162
2732,0.0187753936199909,0.0679277608774332,0.279543122995953,0.0199078649200661,0.0949437352294741,0.518902122357082
2733,0.0452817346261409,0.137523331328342,0.123098708783381,0.16975012197854,0.427630338727337,0.0967157645562591
2734,0.0333616913976482,0.697928071665834,0.042172602959309,0.0121707637308876,0.13437022959204,0.0799966406542806
2735,0.0406335278213393,0.459925915246944,0.135584679349817,0.0229501516992458,0.148400235129477,0.192505490753177
2736,0.0346757294863736,0.0793229161097981,0.049283170092078,0.410365612396745,0.33016779724829,0.0961847746667152
2737,0.18440940698056,0.105135229239671,0.283507765883486,0.0565482050270333,0.199317590059155,0.171081802810094
2738,0.0238583242322917,0.110406190235682,0.122010845359507,0.052503218694235,0.163650117086021,0.527571304392263
2739,0.131478288440826,0.237069580069927,0.265291994306471,0.0415074934762913,0.234917039698593,0.0897356040078914
2740,0.243573248864252,0.339472921792608,0.0628848186521857,0.0871765261277634,0.116118724800463,0.150773759762728
2741,0.0633270603982848,0.302173684965667,0.119803070932193,0.0302107615063954,0.341999432171794,0.142485990025666
2742,0.0546222861250598,0.0649777031251594,0.0385501610057167,0.192494569319292,0.493671342406779,0.155683938017994
2743,0.201455319667489,0.237636374231928,0.108005657592928,0.11033134917993,0.20577430943343,0.136796989894295
2744,0.0230301997917223,0.0816582272648978,0.0379350065262735,0.11726970609121,0.643474875464125,0.0966319848617709
2745,0.00357714645813935,0.0445140118742216,0.331241308000166,0.052925304217669,0.346926586038379,0.220815643411425
2746,0.0156057219767743,0.0775865337183099,0.11320028798346,0.0313545588015121,0.298092335917768,0.464160561602176
2747,0.0182133711737242,0.0326466182671663,0.0121260747910001,0.0887028124282523,0.659182824109103,0.189128299230754
2748,0.00651143136321037,0.0440830026538725,0.0545998001618122,0.0324788345661393,0.658641111292296,0.20368581996267
2749,0.209039402317575,0.109389354798433,0.0569792234945627,0.327134301428539,0.216024276424141,0.0814334415367491
2750,0.0108129917750664,0.0587635990131368,0.376684851257244,0.0323219947007505,0.12312401300638,0.398292550247422
2751,0.211534210664253,0.150106772610872,0.0492184683216957,0.11451257727152,0.430635555798484,0.043992415333175
2752,0.0471812584141951,0.165269483883616,0.180679358271663,0.0746939856641105,0.168090654779018,0.364085258987399
2753,0.0520574140422772,0.0689995008243445,0.0185239468134379,0.364759545922338,0.442732319355821,0.0529272730417815
2754,0.00933663668821192,0.218370726107679,0.0594495308944092,0.0127622217020991,0.509180798725713,0.190900085881888
2755,0.00216593348278632,0.00778701296329974,0.0446253266146395,0.0105708836834071,0.226610801384971,0.708240041870897
2756,0.00530544751278908,0.0126833781054539,0.0635690900672343,0.0110031263152668,0.0333250056152056,0.87411395238405
2757,0.00885988898940286,0.124944724740112,0.0218184533482604,0.0310841252319374,0.549684265355949,0.263608542334339
2758,0.0820464095387299,0.267076417047929,0.191001747018326,0.0242837183783633,0.286802210180749,0.148789497835903
2759,0.0202075302919969,0.198405061917253,0.0888737866129434,0.0167873240697101,0.27945374847913,0.396272548628967
2760,0.338593654427081,0.0694478369138185,0.0301386068890124,0.50932347703898,0.0433137782212632,0.00918264650984448
2761,0.182734475735841,0.132622873319695,0.0737816725080229,0.303026253583141,0.204152086711492,0.103682638141808
2762,0.00553312918863281,0.107778254404216,0.0928076870858319,0.0142161872052142,0.426927242786589,0.352737499329516
2763,0.0516276979892053,0.16558834951828,0.314899496443491,0.0560074939713566,0.222267842771543,0.189609119306124
2764,0.0100005419148851,0.0222980822027782,0.148264517746937,0.0158540438577953,0.0956157195827643,0.70796709469484
2765,0.0201646066851032,0.158667318792273,0.225740897120222,0.0220735125325357,0.180379273774995,0.392974391094871
2766,0.0333284480583645,0.121927582120103,0.100686767817318,0.0457648257722207,0.396091077011584,0.302201299220409
2767,0.0138763308226452,0.0310931753068595,0.0504862125026324,0.43699053614829,0.22995511476981,0.237598630449763
2768,0.0467415575223399,0.25107602925302,0.404508074885629,0.0159926203250304,0.0885217282683415,0.193159989745639
2769,0.0461560181906417,0.30709419667217,0.0890982602013624,0.0785352253309167,0.342356259879425,0.136760039725485
2770,0.00206586488727084,0.0328117369861734,0.159655614290297,0.0163539041178527,0.160321478196993,0.628791401521413
2771,0.0273516405369851,0.133052976810975,0.486863927894818,0.0268398753956901,0.118398039364133,0.207493539997398
2772,0.0483627813614833,0.0555747853038857,0.079149321662479,0.167170506012449,0.496021969241396,0.153720636418307
2773,0.0562986255143503,0.307731953850739,0.118093856383538,0.0262276513774068,0.352102840156008,0.139545072717958
2774,0.109860740871902,0.371374625515984,0.0951372274541764,0.0434151534935061,0.280825771289062,0.0993864813753694
2775,0.00156517857648208,0.0104902307419652,0.0784364158172307,0.00564807926578657,0.0738582050932362,0.830001890505299
2776,0.00872924627097309,0.0290753968529262,0.0521806628760815,0.0417949587272119,0.267235432499406,0.600984302773401
2777,0.00124326249799578,0.0117707903403164,0.0712921011130614,0.00929481428562964,0.0584441852365161,0.847954846526481
2778,0.0717124689291246,0.146059873029909,0.132085182315778,0.0795198928615778,0.166797454868295,0.403825127995316
2779,0.0299746746560182,0.0465600076189113,0.310465485872189,0.122522442200057,0.156249258618542,0.334228131034283
2780,0.0512309164816973,0.237661575036646,0.280313955090956,0.045099675269213,0.121306064149897,0.264387813971591
2781,0.0127476129140166,0.0286397669904246,0.0464935211876466,0.0961388008634848,0.546363512445753,0.269616785598675
2782,0.00570922429951744,0.0274217107024173,0.1914001258325,0.0160711104604792,0.0956351115802434,0.663762717124843
2783,0.311091474168949,0.391737910915933,0.121167096597579,0.0538212901328518,0.0840886192290441,0.0380936089556436
2784,0.0562643400548765,0.285827072687213,0.052360579677708,0.115606721538056,0.415309936319789,0.0746313497223584
2785,0.00182686206215308,0.0117513377887689,0.0399335519473766,0.025082717058156,0.27533674914867,0.646068781994875
2786,0.0142879341485424,0.0780266978897371,0.0568601370323786,0.0567891978265838,0.442846420665185,0.351189612437573
2787,0.00477631109703052,0.0349741112331873,0.092097056368963,0.0193599688935723,0.242545760211171,0.606246792196076
2788,0.0149580428683612,0.0560717183971867,0.110606169241038,0.0286850720250098,0.142124685735984,0.647554311732421
2789,0.0613923116042291,0.067094572963838,0.288692950574889,0.0716973607843765,0.212350748228386,0.298772055844281
2790,0.0713389889239899,0.139757445029852,0.0467242949782075,0.0895199943736101,0.432134421884308,0.220524854810033
2791,0.173617540755386,0.0522272816741991,0.0247741716065253,0.607935484247688,0.100110930014054,0.0413345917021476
2792,0.563177828382285,0.24598667728907,0.0284607760161565,0.0559171271701019,0.0837661268199646,0.0226914643224219
2793,0.00641532569228988,0.0619715065112445,0.0383829680035849,0.0193258780422125,0.490650026489417,0.383254295261251
2794,0.490373065205968,0.226340559767862,0.0544088648019626,0.0951714276437995,0.104875218835394,0.0288308637450142
2795,0.346868797800622,0.105776394309484,0.0366910390501255,0.402834155365295,0.0911177893573373,0.0167118241171366
2796,0.00269049364994421,0.0213362006438934,0.111507602859144,0.0192802972205016,0.100618537436863,0.744566868189654
2797,0.0356820108610081,0.0518512801166535,0.0683315689469097,0.106209423413527,0.177555578778415,0.560370137883487
2798,0.00758362488463793,0.135810638178767,0.225392744549141,0.010219284123927,0.28932116589446,0.331672542369067
2799,0.111699707722722,0.171265383916352,0.35168327573006,0.0262028255518895,0.141458338168919,0.197690468910058
2800,0.00612763996969037,0.0237026414442958,0.0390843939717674,0.0364605105149933,0.224906488302806,0.669718325796447
2801,0.0115744403839891,0.0442508291022076,0.0232202309133056,0.0294510387942866,0.497134178922475,0.394369281883736
2802,0.0214171655193785,0.0850968519676577,0.0548849243358189,0.0789270746283786,0.382162103400378,0.377511880148389
2803,0.0849367449015763,0.502479170860287,0.0921228157853073,0.0241819109204765,0.194082027027554,0.102197330504799
2804,0.0148915128428254,0.0705496255193919,0.118823073815639,0.0410589138786921,0.425601336869237,0.329075537074215
2805,0.263825812702573,0.167892095452373,0.285606385793863,0.0816926319838869,0.127249460506075,0.0737336135612296
2806,0.134162971246089,0.0833614807281595,0.061557122099216,0.246880466424497,0.249518308028864,0.224519651473175
2807,0.0761808881701279,0.177580223205955,0.175271984929312,0.0769057606290301,0.193034008969494,0.301027134096082
2808,0.00838513473336908,0.0456480882542473,0.0566930805094886,0.0253473406662774,0.308390639394358,0.555535716442259
2809,0.0360097251265517,0.0796213120057886,0.303403327849282,0.0455789540982265,0.093821341161391,0.441565339758761
2810,0.00873845987779887,0.0441502337764039,0.0699845096053672,0.0821979249275818,0.459274078245992,0.335654793566856
2811,0.0083442044835408,0.137220919573275,0.21595822265341,0.034702869342719,0.311150535128401,0.292623248818654
2812,0.375643549754928,0.302563097403174,0.124502904787064,0.0806627548649013,0.0771706624368292,0.0394570307531031
2813,0.0765618359334886,0.12182415197205,0.161478783393343,0.125581684959159,0.292571371815379,0.22198217192658
2814,0.0195000841384207,0.229915401401305,0.208391167988062,0.0372190357986294,0.220577101623854,0.284397209049728
2815,0.0409887457308345,0.096351872766252,0.146302901017464,0.0692507862810192,0.171309342769433,0.475796351434997
2816,0.188914658798736,0.167964205536133,0.340829116391069,0.0735126281630564,0.158651814235324,0.0701275768756814
2817,0.082786285008063,0.296901066470463,0.119380318086614,0.0562345561757811,0.30835622236412,0.136341551894959
2818,0.267910570236065,0.262035875133495,0.196370784455882,0.0547040257659947,0.134530785811288,0.0844479585972748
2819,0.493855047499108,0.317159230876207,0.0534021866132903,0.0484906148535739,0.0693963866649776,0.0176965334928432
2820,0.341574569497505,0.203935453196716,0.342788598830436,0.0307530496009913,0.0517538904935545,0.029194438380797
2821,0.00254076427770932,0.0280242859746495,0.0145313521539637,0.00728964106236678,0.474385426232873,0.473228530298437
2822,0.169331062589766,0.166527572421177,0.200649542700174,0.0600657568039565,0.281578566016653,0.121847499468274
2823,0.0573693049386231,0.110380766463233,0.114187387418258,0.0909196145065641,0.25002292425724,0.377120002416081
2824,0.036098536948853,0.136560160252785,0.192128659140649,0.039217423015645,0.284766305967113,0.311228914674954
2825,0.00302829189209512,0.0233252767693395,0.166513833845041,0.00917194355191833,0.0216820306664637,0.776278623275143
2826,0.0226161292598964,0.176864773517651,0.0458453045149208,0.0320698580232637,0.514038729758169,0.208565204926099
2827,0.102798297676412,0.379693712729138,0.138314891548348,0.0349424052451071,0.193111690257088,0.151139002543907
2828,0.0181041130084883,0.134157593056193,0.156214314591878,0.0369174797718423,0.445174195627352,0.209432303944247
2829,0.0272512744818746,0.0338087366495107,0.0324039820037002,0.159140799803839,0.605134368285314,0.142260838775761
2830,0.0028545367737667,0.0240334980208801,0.105358266504434,0.0208242006499562,0.157593961236994,0.68933553681397
2831,0.336522105174243,0.435161897183004,0.0858495939213795,0.0466810895397224,0.0619591077928066,0.0338262063888445
2832,0.0272470138334775,0.229535616805896,0.236978536546135,0.0217577224571536,0.280822201361897,0.203658908995441
2833,0.157180975214118,0.12600751577617,0.0885626138351108,0.196804268443367,0.241393354008067,0.190051272723167
2834,0.0143825913952823,0.0673631071215766,0.0856751520275998,0.0238584026956262,0.268720719086093,0.540000027673822
2835,0.261765359278834,0.211413242727719,0.0335997848264861,0.169334118151175,0.253320225827719,0.0705672691880675
2836,0.0113664646209004,0.0279633022479152,0.039475008160407,0.0462154176279959,0.247278839778505,0.627700967564277
2837,0.0484894775646127,0.221226003744573,0.334800528885502,0.0497550829533882,0.173826306255928,0.171902600595995
2838,0.149319642686186,0.224580639361352,0.249572305781735,0.0738101128961152,0.106073415801068,0.196643883473545
2839,0.145024530831947,0.175051096929173,0.125849737647639,0.0915450072539161,0.276253476487464,0.186276150849862
2840,0.133660780474948,0.0888592776272599,0.158732139205457,0.202185869456308,0.172950032395398,0.243611900840629
2841,0.445349824612256,0.11393190171374,0.0584672243788954,0.16428684230206,0.16136016053352,0.0566040464595289
2842,0.00554521166077282,0.0269034552602493,0.019485813257555,0.0305057964175541,0.579436122321659,0.33812360108221
2843,0.122243096676036,0.115314531597273,0.111566786350061,0.0330103319404786,0.426990720514287,0.190874532921864
2844,0.0236700719139601,0.0915518947564283,0.615918054326244,0.0152891065482683,0.0632015311023691,0.19036934135273
2845,0.188675791347105,0.379409300744367,0.151143309796886,0.170144341965523,0.0897384780616863,0.0208887780844331
