"CUS_ID","F20-","F30","F30+","M20-","M30","M30+"
2501,0.148299886048606,0.344597133849895,0.10625544992852,0.0776307141788705,0.201890026252319,0.121326789741789
2502,0.037300809926616,0.1220593605648,0.225390789293127,0.0675421528566643,0.351525102503887,0.196181784854906
2503,0.092834261455999,0.20020831066776,0.0969271193859034,0.101396879824307,0.355251023208858,0.153382405457172
2504,0.213612472766513,0.166959962730216,0.156655299694449,0.138707242784362,0.156191912491189,0.16787310953327
2505,0.0325294924170276,0.118529543397604,0.162888508708882,0.0574251133863491,0.226395255977744,0.402232086112393
2506,0.0411868729586006,0.235075429232836,0.10195157259283,0.0405780808155992,0.299185555812696,0.282022488587438
2507,0.0201024627990821,0.0489696508333511,0.0829722443831754,0.0363112358203771,0.215864225532345,0.595780180631669
2508,0.0151209303329343,0.0458000957909972,0.0692048417573498,0.0392368049850135,0.338271147482718,0.492366179650987
2509,0.0197068653057015,0.0566109641264416,0.119651583230853,0.037186768889826,0.190851912357708,0.57599190608947
2510,0.0259470317810075,0.100188388092796,0.0704827647872489,0.0504615618400589,0.318926987635324,0.433993265863565
2511,0.409719712905243,0.137300505897527,0.13452905232511,0.142013950460971,0.117178902959912,0.0592578754512377
2512,0.0890360324108032,0.190916676969239,0.118296287066146,0.12840521011961,0.352839492903359,0.120506300530843
2513,0.0118934990941745,0.0558002761008847,0.14237516644682,0.0394143435695089,0.205312439060897,0.545204275727715
2514,0.153254486470287,0.379908283264587,0.10570881434283,0.0647459581134306,0.22079757127903,0.0755848865298357
2515,0.029019616664341,0.0808373076583714,0.180076084247296,0.0615743273696901,0.194132801082651,0.454359862977651
2516,0.0824871699993172,0.148832280525176,0.0980097329188934,0.110570797945686,0.267030990941857,0.293069027669071
2517,0.0607375483182648,0.237811530223999,0.152693179273684,0.0340397636771611,0.260457468869978,0.254260509636913
2518,0.358443882795792,0.203240193407325,0.102111289134126,0.0745931666043544,0.174399616198754,0.0872118518596495
2519,0.0892965927492491,0.610303884425748,0.0546107541958941,0.0321054388857935,0.156336922306503,0.0573464074368116
2520,0.0419857190142161,0.0916824405558042,0.0381246955967547,0.0995418926543007,0.506511096335675,0.222154155843249
2521,0.0472987673636979,0.0901363935288529,0.236511855602981,0.0685196243474491,0.167331222394595,0.390202136762424
2522,0.267385648187984,0.243683675401477,0.160437491711,0.0801449771384993,0.17408177429852,0.0742664332625198
2523,0.095366911584907,0.262208709440973,0.126187705942523,0.0323707549158872,0.343203565454055,0.140662352661655
2524,0.0867132132344593,0.139254551863832,0.207866381270686,0.0714573525891132,0.19706749737582,0.297641003666089
2525,0.160033564666919,0.103488164104829,0.0944352854286423,0.30395845480654,0.270297839693005,0.0677866913000646
2526,0.0844067699676567,0.172994764564683,0.105408639743555,0.103854407168662,0.330825467095259,0.202509951460185
2527,0.411945164926062,0.204372829138423,0.111268416378358,0.070110410262668,0.143344685091398,0.0589584942030912
2528,0.0120199929929394,0.0414178464867515,0.0811139784637607,0.0601107081302992,0.245137511348816,0.560199962577433
2529,0.0636288607429581,0.0827213301564174,0.236739907188268,0.0648062720464705,0.148621245329023,0.403482384536863
2530,0.00585466959347011,0.0318247704724568,0.108227052036275,0.0276702112654437,0.13164598380248,0.694777312829874
2531,0.0581555615308538,0.129960048951611,0.168065624649596,0.0879645810521393,0.283702137210302,0.272152046605497
2532,0.0522081414800961,0.134819475231524,0.147555279660117,0.0931875222026996,0.308417485975254,0.263812095450309
2533,0.00679496803377658,0.0201358262411663,0.066540399875809,0.0155446828533388,0.040793613580529,0.85019050941538
2534,0.215939805837335,0.0824408771129017,0.0579263373210034,0.401353679178108,0.155277373780341,0.0870619267703105
2535,0.046749022033703,0.106082166777641,0.105670994197397,0.0686672577982699,0.203027939969991,0.469802619222998
2536,0.139300938267606,0.20218418117244,0.127944673627706,0.074087643971054,0.218105574708258,0.238376988252937
2537,0.0668067059279136,0.514649167762028,0.151334489526938,0.0245324068704012,0.144582714593359,0.0980945153193607
2538,0.187341885526365,0.130389960856991,0.0890886611576781,0.104762568349657,0.313442377545025,0.174974546564284
2539,0.131411476412711,0.224167598191024,0.188352970446833,0.057861448770161,0.217887805793738,0.180318700385533
2540,0.347980289457648,0.220233572224771,0.0584927351786999,0.126877438840742,0.189828864496413,0.0565870998017254
2541,0.166733113926857,0.0979610245487175,0.0406145947968517,0.261393305082843,0.309906708462918,0.123391253181812
2542,0.165022919441324,0.296321172745582,0.124209977073197,0.0465434807769767,0.294707688657003,0.0731947613059171
2543,0.0167420800609526,0.0368853860835168,0.0787055819608363,0.0204542976899356,0.298862499661783,0.548350154542976
2544,0.0970741709503168,0.136838142849923,0.0970208891495355,0.183899501476536,0.19311329923884,0.292053996334848
2545,0.0431455024251211,0.23998059499625,0.057767480771647,0.0233901606864178,0.429286716388082,0.206429544732482
2546,0.0593210574161585,0.0512318808878987,0.0196238519503166,0.25771676159322,0.503398984566442,0.108707463585965
2547,0.129674499637573,0.184532343829009,0.142743326578662,0.0687440855915022,0.27211789084554,0.202187853517714
2548,0.0754386222246645,0.113164053221168,0.139578715915618,0.175521727311848,0.330069166696958,0.166227714629744
2549,0.0129596913628923,0.0472906636661295,0.0632338737552736,0.0661558788648599,0.297450477683402,0.512909414667443
2550,0.0333642839861522,0.0656945551406561,0.0319764623533394,0.155148448080326,0.490549306241658,0.223266944197868
2551,0.0800518622513095,0.19720998525244,0.0830914505441828,0.1372976224468,0.287107316137624,0.215241763367644
2552,0.168202226383419,0.299048068457533,0.12158052788029,0.0931682412344604,0.16168352012796,0.156317415916337
2553,0.393505458884407,0.195634008519085,0.0693894435343771,0.131666516293121,0.170428157174537,0.0393764155944729
2554,0.0918815825965433,0.146670336767685,0.110422476537692,0.139551851637984,0.406403729306862,0.105070023153234
2555,0.0326799945864084,0.0802091525262304,0.0698490648026456,0.0607720324178892,0.53690887782541,0.219580877841416
2556,0.100693144119167,0.217482799393619,0.21070487467599,0.0774008344708883,0.230414192199661,0.163304155140675
2557,0.226972337697915,0.269872272671714,0.250079639388015,0.0686006601852255,0.129803503245098,0.0546715868120319
2558,0.065032853427073,0.126950934156666,0.377029280719087,0.0573904613003199,0.185600051401908,0.187996418994947
2559,0.086371355626657,0.341825960817316,0.13400789268639,0.0547756474193125,0.165213878594316,0.217805264856008
2560,0.0125535776002789,0.0860646977379546,0.0940941333585623,0.0383975127856376,0.188450316153648,0.580439762363918
2561,0.0362976582107921,0.0803345676765606,0.124913516958255,0.0359715392554699,0.135141121975885,0.587341595923037
2562,0.357332471309847,0.323418449965577,0.0684596980991001,0.0426887048943762,0.17789887223944,0.0302018034916599
2563,0.174507865969004,0.212321422318876,0.227974187500111,0.0896765615098619,0.144115334138098,0.151404628564049
2564,0.114206428733097,0.101664081454174,0.0885132547964274,0.193755346681857,0.28119838450975,0.220662503824695
2565,0.0254370305924247,0.0717062650735096,0.0797546798014358,0.0434912819738703,0.208666635278707,0.570944107280053
2566,0.0170930412728966,0.0433626497166712,0.0808523355239352,0.102706158968776,0.275040984182666,0.480944830335055
2567,0.0581284466702529,0.136886316714649,0.12377145993017,0.0841297531955745,0.187566294076874,0.409517729412479
2568,0.0145335815992867,0.0604692803320419,0.0925718709529472,0.0437726446137933,0.215523790337608,0.573128832164323
2569,0.0282177010227207,0.0863599267999764,0.213456339257423,0.0305149641217148,0.248241470233575,0.393209598564589
2570,0.0465462274740022,0.348171763724046,0.120645609773163,0.0408862481223076,0.250565407274286,0.193184743632195
2571,0.155475788291625,0.097669916340231,0.0558097030422619,0.280886680716015,0.269626149527589,0.140531762082278
2572,0.0852244275917446,0.115552638943468,0.278692925144132,0.141496064721908,0.160774346700718,0.218259596898028
2573,0.110090477055102,0.277951843443823,0.1060328375174,0.0658846780912693,0.274324745562583,0.165715418329823
2574,0.0495224332101875,0.0859269861226489,0.0572498905815087,0.367005127682468,0.324943194830345,0.115352367572842
2575,0.0490160096927665,0.0707967720284893,0.0363545637153361,0.169209447670742,0.552229564542682,0.122393642349984
2576,0.23653693261704,0.24125044707265,0.114830436820944,0.0783896351205237,0.209021304211713,0.11997124415713
2577,0.0751055008673756,0.189116819284164,0.187296981188018,0.0493116035138768,0.250609048573901,0.248560046572664
2578,0.00485778082108282,0.0177638832831958,0.0604381321882143,0.0210075636309769,0.0789033380747277,0.817029302001803
2579,0.21505068492359,0.20918117748246,0.318818987202824,0.039788683447718,0.113328959277341,0.103831507666067
2580,0.0986367458526415,0.207043669825958,0.174536921881758,0.0593081753202336,0.24580712777635,0.214667359343059
2581,0.0300522722889869,0.0715526594007056,0.0988809988852076,0.15048477988507,0.403003700574229,0.246025588965801
2582,0.101040706380053,0.456139979384424,0.0744796090696538,0.0433002833645364,0.262038094771549,0.0630013270297837
2583,0.0559171583269171,0.45609176201073,0.162998027506715,0.0290499322489508,0.193596080242518,0.102347039664169
2584,0.302605890185822,0.504836498422274,0.0399313613561622,0.0183658084556905,0.106251028820353,0.0280094127596977
2585,0.0377881831398681,0.0852520201819234,0.105459461691208,0.0757648706150953,0.382615719482787,0.313119744889118
2586,0.0687009998493299,0.253344815690671,0.163932324378896,0.065226437493419,0.228058091032212,0.220737331555471
2587,0.16522042846438,0.107337284636305,0.0939532635983277,0.201926184872829,0.278211776335565,0.153351062092595
2588,0.0810445967206058,0.074415933718941,0.0591954614343515,0.139750369605616,0.458622973338513,0.186970665181973
2589,0.0491663298603025,0.100076839860296,0.0729273214206243,0.119337216287392,0.510459691609569,0.148032600961816
2590,0.0175108458017158,0.067827289155897,0.135750574269212,0.0567452583168008,0.163767095617166,0.558398936839209
2591,0.095002190564977,0.114101275892807,0.15234328362382,0.0714358238354319,0.129355120982908,0.437762305100056
2592,0.0395268546892961,0.111490105740937,0.0778056821974941,0.133249143579761,0.395783396277497,0.242144817515014
2593,0.185131874830243,0.217260985648691,0.0938327621729926,0.207504847402812,0.191456631935189,0.104812898010074
2594,0.0348727436784363,0.0625093837899835,0.0741027909467973,0.0350583363741078,0.404322048711402,0.389134696499273
2595,0.0762032235204378,0.137346787994885,0.170772199806483,0.10863083058856,0.212434051673784,0.294612906415851
2596,0.693256195986118,0.103046403310849,0.0313307994000995,0.0918741846899733,0.068174945919376,0.0123174706935842
2597,0.0159701570282102,0.0559870780555223,0.145805445779001,0.0453339226934033,0.233091907748134,0.503811488695728
2598,0.0275377220694722,0.118877476171076,0.162444101484822,0.0290946414981123,0.157350549443559,0.504695509332959
2599,0.173227863704861,0.166506838014832,0.163860804183241,0.168049450229004,0.19403267028486,0.134322373583202
2600,0.0504698758339064,0.107489675826273,0.125977227874097,0.0887789953946083,0.520182370289668,0.107101854781448
2601,0.0406296475786011,0.09134510337774,0.15701858912456,0.0713716009944335,0.158684360834701,0.480950698089964
2602,0.0281005935325589,0.0784278498164272,0.106078535510906,0.0537210269531627,0.210956595416938,0.522715398770007
2603,0.0820363954304296,0.401686920826678,0.0739079635705351,0.047998930022574,0.314676342713999,0.0796934474357846
2604,0.0517928830911766,0.219943155301929,0.215465833372619,0.0797292516479376,0.145332860431519,0.287736016154819
2605,0.0125543828748271,0.0972034075191978,0.198472361951336,0.0400659154765925,0.159713144635092,0.491990787542954
2606,0.0567406688513572,0.100816931802387,0.103876081984057,0.0564657842606383,0.28925137634476,0.3928491567568
2607,0.00960976210044939,0.0324326072470732,0.0827456834784367,0.0243233095133214,0.111261280984097,0.739627356676622
2608,0.177704971274089,0.151128923647462,0.095278338768187,0.12856176106725,0.288552314261675,0.158773690981337
2609,0.0356743117312716,0.0823712497656905,0.0870642381341719,0.0892657314340974,0.32464008347504,0.380984385459728
2610,0.113061302466122,0.173630671517389,0.0695641587360973,0.139706485526305,0.283273397112217,0.220763984641869
2611,0.0296359086104686,0.0654764311804945,0.164700072246111,0.0444458410053643,0.13180701355478,0.563934733402781
2612,0.0824180198577377,0.222462508072639,0.122007974307077,0.047606052880753,0.152781563917018,0.372723880964775
2613,0.332584943743451,0.33936441052579,0.107191926944908,0.0678239417997201,0.117075998752836,0.035958778233295
2614,0.149536768678003,0.104958762745142,0.0849774417303472,0.159257519945297,0.241752370608204,0.259517136293007
2615,0.293376084026673,0.265139312241549,0.200388939839091,0.0616852002438137,0.11163942683265,0.0677710368162237
2616,0.0131570840151692,0.0692304544785836,0.0746967256729604,0.0457792847757947,0.403970144916173,0.393166306141319
2617,0.125518851139875,0.233017715130037,0.290737163733729,0.0535224823774752,0.169497779733723,0.127706007885161
2618,0.0643179359035676,0.0861324620319532,0.12635145839597,0.0591520739045536,0.404908237504508,0.259137832259448
2619,0.0622703255222678,0.0876624813065198,0.0404916269034949,0.0862931584592587,0.569704911079613,0.153577496728845
2620,0.0171807236501886,0.10981771693303,0.188377859574161,0.0355729667614846,0.306909875000632,0.342140858080504
2621,0.0468690510147046,0.101828613248229,0.0881106994472923,0.127696211250824,0.483805755176082,0.151689669862867
2622,0.00761556045468451,0.0345623562995171,0.0458186851046474,0.0248417782605295,0.158810605703943,0.728351014176678
2623,0.15457106987726,0.17885937306627,0.0684019934062347,0.0700459627155694,0.423663443785682,0.104458157148984
2624,0.0449599482094878,0.0628615830988982,0.0893853675397368,0.0986813026724495,0.211185177121597,0.49292662135783
2625,0.0714475687671686,0.16524754243971,0.404096381663898,0.0509157846282373,0.1556883513312,0.152604371169786
2626,0.0172262314697591,0.0485728290338926,0.0847587625093235,0.0462744500797546,0.179333526369502,0.623834200537768
2627,0.0570607755142976,0.128324618719014,0.212967832743337,0.0442343727774011,0.255599376394744,0.301813023851205
2628,0.101604572444273,0.0952049345124595,0.127046187037952,0.27339787343839,0.311993709016214,0.0907527235507122
2629,0.0649743968796214,0.20157393316143,0.0739173482476676,0.0713275677194963,0.378026724468664,0.210180029523121
2630,0.105287647543425,0.16258426652188,0.146377192122252,0.0870267964785305,0.226792571718936,0.271931525614976
2631,0.025161354896934,0.157306376704942,0.181039567821493,0.0405254386709795,0.316119418191637,0.279847843714015
2632,0.0111843913859748,0.0361544524483113,0.0857977485089155,0.0319187366628899,0.151751213467242,0.683193457526666
2633,0.149800691514313,0.300928724751109,0.0687398399169022,0.111032338749548,0.273873603497504,0.095624801570625
2634,0.0580329453195929,0.0766693588830753,0.229519592011616,0.081885632862249,0.194447100716103,0.359445370207364
2635,0.0282028010860192,0.0735539046903167,0.0689815844698611,0.0368350834634806,0.601924091315963,0.19050253497436
2636,0.0223588529780362,0.074633618905139,0.11644721116914,0.0292043818710805,0.324895545145984,0.43246038993062
2637,0.0331194806102831,0.119092150318207,0.0614705454519787,0.0285463129909902,0.550999195656122,0.206772314972418
2638,0.0684020614053954,0.0669970720036868,0.076585813208331,0.213910251630083,0.231207128115723,0.342897673636781
2639,0.0906976272062933,0.105465443307418,0.0677349315274111,0.282918399535411,0.338587065497923,0.114596532925544
2640,0.0273177926854832,0.0557962528444118,0.082748309054742,0.0430434397332791,0.162182520466464,0.62891168521562
2641,0.100246562711882,0.191079016580451,0.132477715368039,0.126854649500883,0.232719392590253,0.216622663248492
2642,0.0303364842213758,0.0979422848854998,0.132820575770605,0.0485042798587953,0.231324939871584,0.45907143539214
2643,0.334348654540699,0.301579507083909,0.0568520565774892,0.130334402032082,0.140541914633095,0.0363434651327271
2644,0.0184623766018379,0.109314739655792,0.0560183703895677,0.0321788090461268,0.239027627944029,0.544998076362647
2645,0.0178304631245757,0.0838443540905439,0.0552578561997773,0.0444454167788892,0.214813250424529,0.583808659381685
2646,0.00767668779953156,0.0269555033002744,0.0747454835048294,0.0269837141269028,0.0678953503882043,0.795743260880257
2647,0.0825977723452707,0.130796628203366,0.133010462973445,0.12895786060056,0.21565255576117,0.308984720116188
2648,0.19173602453309,0.252651960045463,0.243894098042926,0.0436551423350613,0.121954419825132,0.146108355218327
2649,0.0629769693356308,0.0873865951131833,0.125714328072283,0.0619278268308401,0.275517452809189,0.386476827838874
2650,0.0459661429614708,0.0653670934778064,0.168679710162864,0.0452501161394348,0.117245025737215,0.557491911521208
2651,0.0554304718581948,0.12334518685922,0.0586588336498064,0.0607461804505411,0.489732525021231,0.212086802161007
2652,0.0329047392622325,0.203516044461036,0.0697219199391666,0.0619981270759814,0.375137741192186,0.256721428069397
2653,0.231992192896566,0.221704813766689,0.168691465431996,0.0585047119333571,0.21231843155326,0.106788384418132
2654,0.0103759252859454,0.0568017378540516,0.100097394190797,0.0639323250409415,0.155310688070714,0.613481929557551
2655,0.271099842011152,0.234905873894149,0.120858124306435,0.105313034002953,0.199304881916968,0.068518243868343
2656,0.0215161095928473,0.0839906444180686,0.0926590875603669,0.0460364677846654,0.366257229527304,0.389540461116748
2657,0.0321755830186742,0.0554901132486522,0.180847039206137,0.0539886468429287,0.139813006861222,0.537685610822386
2658,0.150344573217946,0.212044965724885,0.174048280607108,0.161804451923256,0.140174738822237,0.161582989704569
2659,0.11666078378741,0.102183151067186,0.165350672063698,0.313297525531342,0.165839607963911,0.136668259586453
2660,0.0199500077932566,0.0555462120174313,0.0567272227585254,0.0583992239763722,0.27383090657378,0.535546426880635
2661,0.00743937092233389,0.0347112538043386,0.0853700061437239,0.0372321620678845,0.130775162626038,0.704472044435681
2662,0.0109352141958383,0.0606791423231249,0.103634403813601,0.0191701219777765,0.143203676176191,0.662377441513468
2663,0.0124734598821702,0.0452158519766185,0.0598409250418016,0.0453682898949805,0.445723799734317,0.391377673470112
2664,0.0581427952124459,0.104109012807919,0.0560274821848781,0.118352828591197,0.474745877151363,0.188622004052197
2665,0.201826777970429,0.242101530821373,0.0884201715381898,0.0727582510336937,0.239762668682805,0.155130599953509
2666,0.0157613447236147,0.0373809076572047,0.131824425372763,0.0423540687552899,0.0658089442192874,0.70687030927184
2667,0.09223492361287,0.13859148615056,0.326628140596169,0.103211732653191,0.216100664652,0.123233052335211
2668,0.029292141171724,0.0914642210697676,0.336779460902414,0.0477621255561314,0.174585082944298,0.320116968355665
2669,0.0565274227952679,0.14609073430602,0.11131595484775,0.042775562621678,0.304485111007081,0.338805214422202
2670,0.016150289268176,0.0710447004385923,0.141308488242293,0.0333010865261772,0.224796188199103,0.513399247325658
2671,0.0492561725244705,0.0974349697871613,0.0437741232958422,0.0967189779007714,0.350738590852762,0.362077165638993
2672,0.0095892089179151,0.0749272841409058,0.111982342395324,0.0286913077487135,0.202595903008404,0.572213953788737
2673,0.313450408234581,0.304267660978835,0.0687760403244947,0.104757333543043,0.164905166418068,0.0438433905009787
2674,0.0569807324791991,0.0689173455582511,0.0786428847211056,0.274832415060617,0.328903982858122,0.191722639322706
2675,0.421532269076687,0.19483174871643,0.0475039348490195,0.163044595636623,0.147727910843778,0.0253595408774624
2676,0.0398395277496568,0.0497018441078653,0.0667159122175659,0.126660213342163,0.395184123757111,0.321898378825638
2677,0.0680434924473672,0.205074276421864,0.221474491095636,0.0485007104528318,0.202352087671421,0.254554941910881
2678,0.0611583436424703,0.194210494293588,0.156423533167532,0.0614015729119152,0.276593476527207,0.250212579457287
2679,0.00748972381636861,0.0432311604903753,0.0913327397188994,0.0359009463965796,0.289709420024442,0.532336009553335
2680,0.0589172154695732,0.130301364737705,0.24558459572003,0.104633261192518,0.204983653305945,0.255579909574228
2681,0.0715171087135264,0.141356328480145,0.113707588301645,0.123051950735382,0.300319299080314,0.250047724688987
2682,0.0184101935327872,0.0587673667148702,0.118727333321253,0.115383214977199,0.195910583322746,0.492801308131144
2683,0.362386070728816,0.30740626888402,0.0743099951653898,0.0876787818065909,0.141138450524579,0.0270804328906051
2684,0.0212768074988099,0.0640143445804468,0.0734782683248739,0.0999015168734341,0.384328068282069,0.357000994440366
2685,0.130978830164901,0.119980296325678,0.0992687809937407,0.0463770988108485,0.123368778378852,0.480026215325979
2686,0.025310189498668,0.166042562685053,0.173639529666533,0.0575156656084099,0.231594027129334,0.345898025412002
2687,0.306523424747759,0.185083697492395,0.107898630316152,0.14453884500369,0.216905904283482,0.0390494981565232
2688,0.078303307169371,0.178271847519277,0.0960175290893543,0.239951486271457,0.279628133518744,0.127827696431796
2689,0.234365627544575,0.466997081061144,0.0386038569203438,0.0538213490684024,0.175846364154188,0.0303657212513466
2690,0.0176137789737719,0.0431155387096065,0.0502258624761583,0.16277936953355,0.391547679801376,0.334717770505537
2691,0.0578329063422246,0.218049097884123,0.0767422087918215,0.0767571734837412,0.332545164262907,0.238073449235183
2692,0.0443482684189699,0.0948719036965399,0.176163680098109,0.0867723818500286,0.223415688406364,0.374428077529988
2693,0.0477175416141212,0.0936911993988995,0.246150317325663,0.0649197346356775,0.166450770327688,0.381070436697951
2694,0.0228163781751915,0.0615623568653123,0.126111884825829,0.0574264778579607,0.157945380378499,0.574137521897208
2695,0.453404679120405,0.206722822092011,0.0791878029205442,0.110880690726578,0.111828829686084,0.0379751754543778
2696,0.0316212469867739,0.0941744967892427,0.219518096979235,0.049824546363832,0.190533227689422,0.414328385191495
2697,0.0397010632944941,0.126517460865736,0.215273853501467,0.048430518883878,0.185619863124403,0.384457240330022
2698,0.0249064500314087,0.072985183132468,0.152106638202818,0.072675351193192,0.17811641045101,0.499209966989103
2699,0.0297752175587259,0.097710424219389,0.180287551652016,0.0541140226830557,0.162501987593975,0.475610796292839
2700,0.00592844356563164,0.0467484167463739,0.0421671016582728,0.0178886444990983,0.307080739193337,0.580186654337286
2701,0.0401978330918777,0.0682793126203823,0.0939064257081309,0.135507635353982,0.308309232593338,0.35379956063229
2702,0.330109861542839,0.200466855404785,0.184533330557087,0.0826430889840484,0.123698454916104,0.0785484085951376
2703,0.079457083918709,0.100579802064874,0.149884068827202,0.0805822114172611,0.242597106902554,0.3468997268694
2704,0.0401449674542625,0.178338951906069,0.317435656897352,0.0838061488494193,0.194530340269249,0.185743934623648
2705,0.0353668534731259,0.181370712265883,0.294366512861679,0.0375204422840727,0.209728837450416,0.241646641664823
2706,0.0206631785632811,0.114489594529691,0.130989829530314,0.112870706861424,0.165340721671896,0.455645968843394
2707,0.031126191520823,0.0671700391640202,0.0698693847645709,0.0731806856196241,0.444021759389023,0.314631939541939
2708,0.33832916376361,0.354997686175244,0.0800854016609385,0.0515777143768786,0.132172031206277,0.042838002817052
2709,0.0710902506175817,0.118327103083888,0.178618821461239,0.0711769489425515,0.148243769121785,0.412543106772955
2710,0.0614264282932608,0.0917599683675016,0.1331095236515,0.0806059949101054,0.194713583818573,0.43838450095906
2711,0.0205235043416775,0.0696461785895757,0.18989944245871,0.0381741071663416,0.248944994700866,0.43281177274283
2712,0.0962030921697138,0.0973346360384425,0.110203660190153,0.111997388662324,0.347152359421677,0.23710886351769
2713,0.175999185686754,0.230467069650979,0.176518756003701,0.0594198217907561,0.143731527187185,0.213863639680625
2714,0.00928031831149534,0.0611406774613402,0.0838357190261223,0.0373858394659146,0.196971526354273,0.611385919380854
2715,0.0691742976166062,0.135776084055062,0.29307609026068,0.0655471335380684,0.240465567737101,0.195960826792482
2716,0.0428817495811196,0.0949290036688355,0.147572002518396,0.0796953190772724,0.332345658587996,0.30257626656638
2717,0.0222627815743593,0.0728132147879264,0.0506101551353424,0.0473255484441966,0.28593915236263,0.521049147695546
2718,0.026501060817642,0.0800085137042421,0.231135634653788,0.0747013701695967,0.208930289307024,0.378723131347708
2719,0.0571717284104782,0.14181449965576,0.206755656492957,0.0702333568078042,0.315337451109823,0.208687307523177
2720,0.0713871260679084,0.112756219254242,0.247569061385799,0.0857907339857719,0.232990411209833,0.249506448096446
2721,0.0298284171150999,0.0727739143160584,0.09479931286478,0.0577826579606617,0.327357329767948,0.417458367975452
2722,0.286719061563842,0.408155694412426,0.131283904898427,0.0305442385044151,0.102644871587185,0.0406522290337048
2723,0.0497372569789805,0.0881699291094838,0.074475223328186,0.0787469261523425,0.24192572722565,0.466944937205357
2724,0.521193230586094,0.110119723136015,0.100790699955197,0.108996134772266,0.0973968929436574,0.0615033186067705
2725,0.186302942998897,0.191710262227835,0.121518055994623,0.193593018386857,0.217912446193015,0.0889632741987726
2726,0.097712378160994,0.122649078271081,0.0776283581379965,0.175448464104509,0.434629123147452,0.0919325981779676
2727,0.0144885820124177,0.0596184677086293,0.112172400822955,0.043154323120166,0.27948972215622,0.491076504179611
2728,0.0235096773710928,0.0515591121405935,0.099292961582463,0.0588481993512543,0.168078241139349,0.598711808415247
2729,0.143131670503007,0.192878528703211,0.121428975349033,0.110514939248624,0.270260613785897,0.161785272410228
2730,0.0272234013443982,0.0437094437890728,0.0904224625320721,0.0707164470088751,0.353148375238063,0.414779870087519
2731,0.184800714347541,0.154611619926309,0.0788466075032263,0.143995106733984,0.30479842564585,0.13294752584309
2732,0.0312707916729526,0.0815360483608562,0.177686230283377,0.0508144221653203,0.143646728188759,0.515045779328736
2733,0.0825892400328095,0.147750463077766,0.150520001535989,0.137929054451885,0.340356165692733,0.140855075208817
2734,0.0779122241562459,0.380043432810369,0.0819743021061169,0.0463097945322574,0.265261890962916,0.148498355432095
2735,0.0685503583981342,0.360809869882134,0.131284701427445,0.0571224449151851,0.180068720764973,0.202163904612128
2736,0.0508731171805018,0.108293747870334,0.075920102154737,0.268958848554818,0.3445030980228,0.151451086216808
2737,0.123750726302626,0.0967815559722722,0.186208915740529,0.161537170713334,0.172352153327602,0.259369477943635
2738,0.0439922545594758,0.127508352013496,0.143465596474507,0.0826109698314851,0.17446984803714,0.427952979083896
2739,0.0835035059014927,0.179220347176921,0.296849508304098,0.0466926984605159,0.266123806434097,0.127610133722876
2740,0.226638696626439,0.317270430740927,0.0597817893370211,0.0980951344596986,0.146885414189865,0.151328534646049
2741,0.0620734757907633,0.27622643974898,0.104131758454018,0.0404749032916684,0.36298207389782,0.15411134881675
2742,0.0850745149346591,0.0755790419651666,0.0557780193894978,0.221046252880685,0.403638114465223,0.158884056364768
2743,0.126969188263584,0.208175071008529,0.102868591017336,0.09348388241139,0.266858400584099,0.201644866715061
2744,0.0521923884667598,0.101840334288439,0.0920496621206457,0.111038993202835,0.492353574463253,0.150525047458067
2745,0.0243547247151454,0.162725769842636,0.188492322458963,0.0746378646520341,0.224543018744209,0.325246299587013
2746,0.0294679340018836,0.0951861995465612,0.103247639738805,0.04792194831745,0.339996881433818,0.384179396961482
2747,0.0337534343223165,0.0539457703811614,0.0272385664068313,0.11396030728863,0.539831468614481,0.23127045298658
2748,0.0187330193537825,0.0748344660757949,0.100660925768564,0.0490472388594251,0.447028671631018,0.309695678311416
2749,0.1938418012407,0.0958436145538676,0.0872456902479326,0.241691739106014,0.282622053256092,0.0987551015953943
2750,0.02237923425804,0.0758008305213457,0.346621501588554,0.0403766882528177,0.143577142057252,0.371244603321991
2751,0.259115388553536,0.197372191627333,0.0770039057561168,0.0884647501358293,0.314199043819052,0.063844720108133
2752,0.0421363119030553,0.165930402008783,0.156479777932729,0.0803569274111549,0.210306176865642,0.344790403878636
2753,0.10391039854384,0.0884820909153543,0.0276254118581293,0.346856609292803,0.375416164314304,0.0577093250755697
2754,0.025055639375833,0.195593851315485,0.129270167329504,0.0348315069514698,0.308972640068858,0.30627619495885
2755,0.00876960822946641,0.023564358068655,0.0703491902716397,0.0233884026916402,0.189081368247108,0.684847072491491
2756,0.0146169307092481,0.035120346426131,0.0633676998536711,0.0280260735388505,0.0548483830178127,0.804020566454286
2757,0.0152730507115507,0.11428091493093,0.0346017218876713,0.0509273756572917,0.509023997979388,0.275892938833169
2758,0.126945923900155,0.21002251217237,0.178190739446688,0.0498519249476245,0.273258210511466,0.161730689021697
2759,0.0383845502684263,0.180267868110308,0.119324495035009,0.0326079890331445,0.317031933172352,0.31238316438076
2760,0.341311679832306,0.0812716853889899,0.0385204605127111,0.43865166322388,0.0805163291925368,0.0197281818495759
2761,0.181629307831455,0.176370230986339,0.105725285306926,0.181528537407758,0.210826339189898,0.143920299277624
2762,0.0179380014465765,0.18299697040344,0.150289124960039,0.0358583436626548,0.304833985982604,0.308083573544686
2763,0.0601492575885961,0.165121854728045,0.271090862851163,0.0776876813780272,0.227692081653218,0.198258261800951
2764,0.0179720719526765,0.0454005960722275,0.153216330605896,0.0273188054602908,0.131154941256334,0.624937254652575
2765,0.0341385356523443,0.144878380922136,0.165636814224919,0.0509597309855437,0.213335442044416,0.391051096170641
2766,0.0469756112566439,0.125043384716311,0.106625437318687,0.0843844682664363,0.348066214356567,0.288904884085355
2767,0.0650678654037813,0.15476517712509,0.147852369495303,0.123309858320363,0.262059325543462,0.246945404112
2768,0.0809067094278387,0.272613924443087,0.254575357936583,0.0436980874246102,0.167368271129018,0.180837649638863
2769,0.0545811597376591,0.209050151390086,0.13826585456629,0.0778512993138443,0.31009835073871,0.210153184253411
2770,0.00548573390743013,0.0522741416085129,0.161562304264065,0.0317553595507827,0.126039198800006,0.622883261869204
2771,0.046357344789039,0.151615022844744,0.328626430325032,0.067381894820225,0.208260830250246,0.197758476970714
2772,0.0821480312558813,0.1092075179226,0.0952315273616687,0.125918086678995,0.37278035328846,0.214714483492396
2773,0.0885301008418651,0.245846567744733,0.129919306664056,0.0679334225287232,0.305937689369967,0.161832912850656
2774,0.142999022279665,0.249223822568567,0.113878852196145,0.0818187628389909,0.27210913202516,0.139970408091472
2775,0.00839882597364203,0.034544186506424,0.103335998370297,0.0183266529001351,0.124047594128015,0.711346742121486
2776,0.0207253039565942,0.0440939684535717,0.0603227269825535,0.0589832830748832,0.2783368476038,0.537537869928598
2777,0.00530160474007748,0.0240247167256622,0.0855231297806984,0.0218485101283767,0.0647368057796299,0.798565232845555
2778,0.0557556985056511,0.155047095508972,0.119408644683027,0.0811611331838779,0.223720016981165,0.364907411137307
2779,0.0445954377362565,0.104584880715998,0.252520353161075,0.0916271270764317,0.176208376407069,0.33046382490317
2780,0.0692821739411304,0.236063478255259,0.206533629913129,0.0530771334906862,0.181013643223751,0.254029941176044
2781,0.0252429355292883,0.0685564196931307,0.0661022154128117,0.0854010510992773,0.425712999740619,0.328984378524873
2782,0.00929444856485789,0.0479447423624024,0.131782588358994,0.0287952688231335,0.10710080059662,0.675082151293992
2783,0.247682425933646,0.379759180198386,0.128865658792197,0.0526009965660811,0.145724332823925,0.0453674056857656
2784,0.0772969765907848,0.28830517328999,0.0720437875630029,0.123392643292466,0.354549226631224,0.084412192632533
2785,0.00497178155112297,0.0340161993032665,0.0698273284474523,0.0403634822928536,0.157195472089457,0.693625736315847
2786,0.0248373843910411,0.0681779123884543,0.0730557575833316,0.070965140277217,0.336980937553634,0.425982867806322
2787,0.0126098832555681,0.0614060421244916,0.10997663335442,0.0350769510799895,0.268683708611685,0.512246781573846
2788,0.0255616342758636,0.0748553878332797,0.108491471361796,0.0464181045172858,0.190150119507995,0.55452328250378
2789,0.0824153282226144,0.0785380623014182,0.219765088831087,0.0877087928551914,0.240279472944003,0.291293254845685
2790,0.0515467592854532,0.1346964700459,0.0700927485884243,0.098043300790885,0.39245284642489,0.253167874864448
2791,0.165345903540372,0.0846998975860575,0.0584881546751667,0.412949610586485,0.159056901034015,0.119459532577904
2792,0.502122338938527,0.233406068044615,0.0500330056600123,0.0632105591802152,0.112706407774643,0.0385216204019878
2793,0.0163041195780756,0.0891425622222993,0.061745045897741,0.0419274430255945,0.400636823426704,0.390244005849586
2794,0.3875753442409,0.260944129602701,0.0880624274352239,0.0845928491834914,0.131282195464546,0.0475430540731385
2795,0.347493364836775,0.128165012657608,0.0693427341067552,0.267438036702611,0.15531472671264,0.0322461249836104
2796,0.011115596365427,0.0531140058586911,0.129888345610481,0.0323088494904473,0.103697185151496,0.669876017523457
2797,0.0398521154150091,0.0629693026844986,0.0842613855262816,0.115359885052036,0.216738112070429,0.480819199251745
2798,0.0172870055445293,0.102699734816584,0.171844813223423,0.0345902179369515,0.287899913360494,0.385678315118019
2799,0.0850390187920701,0.178804754823722,0.236836954215838,0.0572346729962927,0.219654670471212,0.222429928700866
2800,0.0129860070714821,0.0557081649001441,0.0587011446083179,0.0715815074904199,0.277298399384276,0.52372477654536
2801,0.0303523557148231,0.0776056114488655,0.0568482879541895,0.0564604378381413,0.408742915409745,0.369990391634236
2802,0.0444463949164666,0.107719595259388,0.0738921497906293,0.129824409527941,0.289362107192665,0.35475534331291
2803,0.10165699819504,0.350620097858903,0.0933730708377935,0.0434420208366474,0.269272958109114,0.141634854162501
2804,0.0230098232531425,0.0925398933635243,0.122161002259193,0.0746979780955156,0.362166019501941,0.325425283526684
2805,0.197155410309145,0.192843762234428,0.242173459064535,0.087655867068327,0.197928558598398,0.0822429427251673
2806,0.160167736157892,0.126752329421211,0.0801578984164196,0.147614742474557,0.207017906672404,0.278289386857517
2807,0.0678697130371552,0.163693310974458,0.147623335901862,0.0726823302772222,0.232727499977796,0.315403809831507
2808,0.0169124599970572,0.0705999020571522,0.079420323279917,0.0429096319939238,0.317378037204222,0.472779645467728
2809,0.0401962957892231,0.0752980871315107,0.164449964713311,0.0629277311270982,0.16366396917891,0.493463952059947
2810,0.0215485909425248,0.072214655411112,0.0989418155143105,0.090938588497484,0.418064162588204,0.298292187046365
2811,0.0224580762095743,0.143689325146393,0.234847553389092,0.0769155450134845,0.208147072915991,0.313942427325466
2812,0.281597531831462,0.234062315170486,0.163733215829348,0.110758449288469,0.138662643191338,0.071185844688897
2813,0.0406587777431918,0.117651133287527,0.159469128643079,0.0909993290513408,0.259421180061472,0.331800451213389
2814,0.0358616607229173,0.170026747525849,0.194318437868766,0.0663938338988593,0.271310456459562,0.262088863524047
2815,0.0763307622273442,0.128624184842026,0.153771292508007,0.0910590786181937,0.182976324430784,0.367238357373645
2816,0.148342178574181,0.166292393281233,0.269058041626467,0.0739034939417623,0.199261212902472,0.143142679673884
2817,0.0970549055680678,0.204609543995271,0.139077235657731,0.0624864259391752,0.336942671996621,0.159829216843135
2818,0.25211724376964,0.191031849552957,0.165502607168112,0.0804723746747083,0.212549686891785,0.0983262379427974
2819,0.466997685025808,0.267923084550639,0.0682033089646822,0.0708606711390384,0.0945750578178352,0.0314401925019969
2820,0.248297792821554,0.184311524626102,0.329957366481152,0.0515885008367256,0.113509787295754,0.0723350279387122
2821,0.0080776078589947,0.0445234556100521,0.0423648471792721,0.0198328278563178,0.42220344675176,0.462997814743604
2822,0.176949378155617,0.151686333663018,0.150691686377079,0.0712668438649742,0.330727235492098,0.118678522447214
2823,0.0936463278318719,0.120449926070783,0.117016381805611,0.104494312373296,0.23859369316324,0.325799358755198
2824,0.0471862395499141,0.166489457193123,0.161718182254909,0.0499467902307421,0.246063615761855,0.328595715009457
2825,0.00775422025630867,0.0534128971388004,0.143905038566404,0.0221893927690598,0.0589731390940714,0.713765312175356
2826,0.0400554050706782,0.196679409588352,0.0711975168234515,0.0401907733776513,0.427484015457254,0.224392879682613
2827,0.138830463786972,0.233854640690242,0.115113077654687,0.0781783536851509,0.275675594162262,0.158347870020686
2828,0.0354648413443832,0.147795098831221,0.159187443750186,0.0799608425704869,0.354340208341102,0.22325156516262
2829,0.0385585211760131,0.0631985703095873,0.0489142072764577,0.131819636531077,0.499403271374353,0.218105793332511
2830,0.0074463713068925,0.0445158377320525,0.104084966703537,0.0271138845961686,0.176680850113198,0.640158089548152
2831,0.288095544704051,0.360169358140936,0.110042518410379,0.0547478852229465,0.120730285641981,0.0662144078797055
2832,0.0460603904215319,0.175762642556529,0.217468034607121,0.0411888346754108,0.2716937237813,0.247826373958107
2833,0.0900731089129953,0.129352388818942,0.084679645165727,0.146343106741285,0.274221101252464,0.275330649108587
2834,0.031888435224427,0.0854697876418687,0.081197880398794,0.049747517419392,0.277295317407771,0.474401061907747
2835,0.28047311119534,0.171165249170564,0.0435639984882105,0.203602287612802,0.228968134884643,0.0722272186484391
2836,0.0173074216283132,0.0339800711701176,0.0534857976965326,0.0446539137863254,0.227991954955378,0.622580840763333
2837,0.0903961333207693,0.199697959198491,0.260895148208874,0.0695309439080749,0.207272357745904,0.172207457617887
2838,0.091930372114825,0.175187751808055,0.203010526712464,0.0725482237556318,0.177261895162575,0.280061230446449
2839,0.165811606603512,0.163252771039472,0.113007669665545,0.0769274332681458,0.273116332231431,0.207884187191894
2840,0.0941324649094947,0.106197116494127,0.169548261241157,0.103602480245769,0.21441356238591,0.312106114723544
2841,0.408880096850111,0.107109180850884,0.0619979909637896,0.199029234876607,0.175443403094266,0.0475400933643419
2842,0.0139563635601683,0.0431335547522928,0.0399730728389899,0.0628690045243781,0.5009639182815,0.339104086042671
2843,0.0992953406232398,0.103006890250654,0.142755823705888,0.150915812086836,0.198284519372928,0.305741613960454
2844,0.0361757314476702,0.0885458436104449,0.504263380458816,0.0401918433941984,0.118624168666346,0.212199032422525
2845,0.150623186853232,0.235487718790606,0.204180799133825,0.154960637592837,0.192756457007266,0.0619912006222343
2846,0.031560444853398,0.106114548118773,0.083369251451907,0.0728380982343457,0.373357202480818,0.332760454860759
2847,0.0162643230640476,0.0604909013603197,0.0751690128424272,0.0632353318278058,0.495856485728091,0.288983945177309
2848,0.34719511605549,0.25516687326621,0.139119014539982,0.112567859932702,0.0968325192206591,0.0491186169849574
