"CUS_ID","F20-","F30","F30+","M20-","M30","M30+"
2501,0.0898445440030467,0.465746967421111,0.104488174653505,0.039359426296552,0.157928929865341,0.142631957760444
2502,0.032532600699552,0.136653808540428,0.188069777411736,0.072990340501872,0.374744824560352,0.19500864828606
2503,0.0595019968039562,0.35451154853707,0.0657164785350797,0.0700770158247493,0.340574969603856,0.109617990695289
2504,0.354737167200819,0.15122550245291,0.13429021798754,0.154542079981799,0.101703204100865,0.103501828276067
2505,0.0321515811508137,0.130437409102004,0.169186621827078,0.0522524227553644,0.174140101952623,0.441831863212116
2506,0.0212753104027174,0.333613702453025,0.0973366854850733,0.0273706027188373,0.26825648997385,0.252147208966498
2507,0.0131311446073664,0.0338868437049574,0.0928769585967754,0.0260241490548853,0.190049170421974,0.644031733614041
2508,0.00815152550276278,0.0349207637227663,0.041831685720171,0.0297669564021833,0.431933498038994,0.453395570613123
2509,0.0220395162980511,0.0471594896815393,0.155809142050655,0.0378056872110469,0.162242640579492,0.574943524179215
2510,0.0149915317978787,0.0773963772528967,0.0518060806952592,0.0331981994918994,0.361425791486686,0.46118201927538
2511,0.655412174382623,0.0913811539801458,0.071015959460847,0.114957920708675,0.0471870073225994,0.0200457841451099
2512,0.0543534219413947,0.177157007378416,0.0776903574973386,0.131364090190829,0.446556121600849,0.112879001391173
2513,0.0069562297730422,0.0293945622592599,0.0894955388660485,0.03018139285134,0.270972956905709,0.572999319344601
2514,0.102789077229753,0.588131390558175,0.0577275309559726,0.0329459711476778,0.165943512617795,0.0524625174906258
2515,0.0159458553734946,0.0507631877649865,0.11407555276517,0.0385189327080384,0.185055105382399,0.595641366005912
2516,0.074155316091844,0.120545703225741,0.0722134136773936,0.145003171492345,0.337182255632318,0.250900139880358
2517,0.0316477176370804,0.367741223371242,0.11941134625481,0.0179736679643968,0.202116619370351,0.26110942540212
2518,0.448839915663123,0.2298153002709,0.100510752055219,0.0616868991235409,0.0931222536520801,0.0660248792351359
2519,0.0407999024104581,0.847314604266179,0.0189004276290704,0.0090731276117383,0.0562509367202932,0.0276610013622608
2520,0.0258247528619798,0.0502611195657936,0.0208830770100955,0.0984224970704378,0.624283647991474,0.180324905500219
2521,0.0339618132477202,0.0796069308237916,0.319804415598492,0.0583021095433272,0.135864270652136,0.372460460134533
2522,0.337968750721741,0.228357570221694,0.166060454229516,0.0755099277876004,0.12887215912592,0.0632311379135283
2523,0.0572547789094807,0.403612911171861,0.0806636158704429,0.0187649407104616,0.289385015018756,0.150318738318998
2524,0.0563239563754932,0.142232725633622,0.26231991687891,0.0656750947496262,0.153246660403047,0.320201645959302
2525,0.112736555664325,0.0754369219268088,0.0799405651228499,0.376700738812751,0.29233538837982,0.0628498300934455
2526,0.0982768973840099,0.2132933185985,0.0799389175741927,0.104243288795518,0.339826339892557,0.164421237755221
2527,0.53012730334914,0.17212214631137,0.091491146681191,0.0494236320748113,0.0954921810171926,0.0613435905662951
2528,0.00678383660371837,0.0217088062740748,0.0610965361961677,0.0472139357336705,0.221961719717463,0.641235165474906
2529,0.0663522217012101,0.0916480777046577,0.289024937451678,0.0646355974513452,0.120967323084242,0.367371842606867
2530,0.00426188192650358,0.0220771274235485,0.146003974823228,0.0224468538420679,0.109257736732483,0.695952425252168
2531,0.036153857413339,0.146383948585144,0.140081766524917,0.0865959470889403,0.312709216407977,0.278075263979682
2532,0.0365127202177987,0.165683578240845,0.140894736548006,0.0650037166531272,0.267809496963021,0.324095751377203
2533,0.0035189036603272,0.0109892152368962,0.0577989010369938,0.0085168950348126,0.0293923307508003,0.88978375428017
2534,0.237228135640495,0.0648618576182658,0.0548724240141323,0.480772611554752,0.0970938730214973,0.065171098150858
2535,0.0470133971108504,0.11268980589821,0.146288226224615,0.0552288671732616,0.195562977777805,0.443216725815258
2536,0.141489628987508,0.255012701235752,0.117204438858564,0.0670834135284964,0.188664064415807,0.230545752973873
2537,0.0365899066882163,0.744947201907699,0.0877719480411982,0.00844662772313137,0.0708940396790714,0.0513502759606839
2538,0.238816873981865,0.114530416518219,0.0697889540850178,0.104112846784398,0.302117791748545,0.170633116881954
2539,0.162070391960308,0.266615105304686,0.214362655294423,0.0446320334677494,0.162476587494614,0.14984322647822
2540,0.381213486853256,0.161840985526274,0.0435708681582683,0.160738609032171,0.211814463926746,0.0408215865032841
2541,0.141259210757237,0.064285187638522,0.0247086289740494,0.398958344663268,0.304467967386682,0.0663206605802416
2542,0.109610043811135,0.445809320575612,0.0738301462849189,0.0361258696199023,0.278501903062496,0.0561227166459364
2543,0.0106672721500666,0.0252456410375069,0.0724360682334147,0.010458576664833,0.240563590043179,0.640628851871
2544,0.087021048205062,0.13802716418213,0.11059627993022,0.247817805126501,0.159972902694565,0.256564799861522
2545,0.0301898521730603,0.296647829209619,0.0519396079567261,0.0147311385723406,0.409258782202475,0.197232789885778
2546,0.0344725071074654,0.0336362603239867,0.0125382113690429,0.268237215451191,0.572550885520708,0.0785649202276063
2547,0.0982933623836462,0.176852848740922,0.266613206411535,0.0555511793141941,0.194152960018199,0.208536443131503
2548,0.061742923689718,0.0861779254379032,0.116859309088923,0.24263986225878,0.385905708206684,0.106674271317992
2549,0.00737451394272138,0.0365995652119907,0.0396997446978095,0.0490961154579664,0.325842407030758,0.541387653658754
2550,0.0172588693305107,0.0270211297245485,0.0177867183962416,0.166342898348478,0.60331087853635,0.168279505663871
2551,0.123648025075413,0.218637365430621,0.064415836355301,0.185966803401086,0.240897137308568,0.166434832429012
2552,0.142330725902379,0.369984691856785,0.155938415707513,0.0578669506516056,0.128063735260747,0.14581548062097
2553,0.481799117508363,0.21105774840812,0.0436961709707524,0.117198760781776,0.122808752492024,0.0234394498389651
2554,0.092245499872549,0.191522131926898,0.102939095160469,0.134908341293566,0.382912817206052,0.0954721145404649
2555,0.0167859149945176,0.0792805522152786,0.0686829973725513,0.0469992664341798,0.589040138604548,0.199211130378925
2556,0.0865383599055067,0.289394954888652,0.282207075023396,0.0555625004536641,0.151285847401051,0.13501126232773
2557,0.295270921856878,0.249155175429431,0.31058452693717,0.0517590604783173,0.0656646629292904,0.0275656523689144
2558,0.0373162288270732,0.0937697417247774,0.636061517219071,0.0366102687551281,0.0925871258907957,0.103655117583154
2559,0.0692159678362203,0.469811991887749,0.1387060483685,0.0301703287390402,0.107680034697447,0.184415628471043
2560,0.00897991492672446,0.0974894259601798,0.0935099218663523,0.0274493167886959,0.180315640748773,0.592255779709274
2561,0.0224821013158791,0.0666771594575544,0.162392545714438,0.0184899994961371,0.121531799647528,0.608426394368464
2562,0.326392715865269,0.389041899236656,0.0423482842083443,0.0385286951852788,0.176925754670372,0.0267626508340796
2563,0.250410811122897,0.191476813578518,0.245975306764903,0.0982119853898373,0.109697788329798,0.104227294814047
2564,0.147943792035373,0.085183738805764,0.0760854503746582,0.311185300797267,0.23612976272739,0.143471955259547
2565,0.0188728553227191,0.0654409050770492,0.0821757417535389,0.0372488003681763,0.196408405987658,0.599853291490858
2566,0.0138463753630463,0.0359894658630641,0.0936228005770341,0.0930364014625077,0.272198292770903,0.491306663963445
2567,0.0357923169595302,0.131940326145048,0.119052091418269,0.060333684021421,0.153246579576141,0.49963500187959
2568,0.00809187725269736,0.0485533272549234,0.0755098177573893,0.0279989335492952,0.233649892787514,0.606196151398181
2569,0.0247274616373384,0.0832151584808062,0.216757162004984,0.0199155030881129,0.188201925135913,0.467182789652845
2570,0.0302256989082203,0.554971165609962,0.0856911627223202,0.0180086708751838,0.161352382901401,0.149750918982913
2571,0.118439196376506,0.0778456546540136,0.0322773199701244,0.335712672855802,0.304225156491196,0.131499999652358
2572,0.0820554238912243,0.0937727903629147,0.350599446021637,0.131039526269588,0.121429016861323,0.221103796593313
2573,0.0889140850188527,0.329269564952179,0.0914577989806023,0.0408659887604102,0.247818671071057,0.201673891216898
2574,0.0320627764577658,0.0557458307936418,0.0338230616469696,0.393518757493072,0.404385896590242,0.0804636770183087
2575,0.0217247489965871,0.0311780260870887,0.0167192021209673,0.14844820791372,0.671626874986565,0.110302939895073
2576,0.286203198635146,0.323928889293522,0.133126233045091,0.0717251013117621,0.0947642323343436,0.0902523453801357
2577,0.0442324664971066,0.229312420466644,0.281073180146307,0.0301101117666314,0.172927950925448,0.242343870197862
2578,0.00247511079276658,0.00942117030641939,0.0426864575917708,0.0110351268355109,0.0643685961709656,0.870013538302567
2579,0.26744766123478,0.20517950450867,0.308651749998539,0.0395787857434774,0.0930719042565376,0.0860703942579954
2580,0.067135025507663,0.282893244787237,0.166630400240302,0.0319216342957772,0.21182631926275,0.239593375906271
2581,0.012666138268261,0.0449048206342301,0.0836422481644424,0.108395249898207,0.471364502672772,0.279027040362088
2582,0.117363130899161,0.555205866696631,0.0615431495489626,0.0315724230767421,0.178613113514293,0.0557023162642103
2583,0.0503816840569514,0.584911872736242,0.165628279923143,0.0169166963911897,0.103359548972592,0.0788019179198809
2584,0.25877546965479,0.62942968081089,0.0280946650033784,0.010853144749107,0.0555199716836791,0.0173270680981562
2585,0.0203963865230902,0.0652317825573501,0.0694297400098202,0.0690679514663267,0.463335351985887,0.312538787457525
2586,0.0444173341007181,0.284056330396501,0.133524684753646,0.0412770590379486,0.192951773701856,0.30377281800933
2587,0.195995287704726,0.0741876343319963,0.0600152153508482,0.279275969809715,0.282795861739932,0.107730031062783
2588,0.0466992126688756,0.0355872165548551,0.0278962561244155,0.172246680382812,0.597950140170412,0.11962049409863
2589,0.0439309685731666,0.0839729279338548,0.0490225608698988,0.138816872076194,0.574697373082147,0.109559297464739
2590,0.0118867831238571,0.0571549035237361,0.132099298214037,0.0640520467548157,0.172376003756023,0.562430964627531
2591,0.0967936824041749,0.118774905667466,0.264279140580206,0.0508950490256528,0.0870995239760507,0.382157698346449
2592,0.0198609537606903,0.0532038981079024,0.0314588085490563,0.142606396267526,0.594602799096931,0.158267144217894
2593,0.19026694195479,0.223194079607167,0.0778260200734915,0.193120470384437,0.211884246316767,0.103708241663348
2594,0.0302641256279278,0.0571511027206789,0.0578582329289007,0.0283067288867305,0.404613310983429,0.421806498852334
2595,0.0952449499806002,0.116322087615598,0.207483558504927,0.175058932558897,0.173620771595626,0.232269699744352
2596,0.779472526743707,0.0674248284700058,0.0134746977526514,0.100306090038515,0.0322980323682876,0.00702382462683308
2597,0.00926204053279189,0.0402805861445897,0.173850819101073,0.0296726512466354,0.186467786657461,0.56046611631745
2598,0.0163345484521769,0.102507924496675,0.124111578163255,0.0165856247915908,0.140496439404037,0.599963884692266
2599,0.223263005222936,0.22998704638266,0.108894281945304,0.158224841560894,0.179070707940347,0.10056011694786
2600,0.0205908642663952,0.0686420696144389,0.0956688063601775,0.0626207005236605,0.664398319629886,0.0880792396054422
2601,0.0403222630294014,0.0873813957924136,0.212785598829548,0.0475196594971197,0.137123768762113,0.474867314089404
2602,0.0199736872647542,0.0824351968883183,0.109683739397416,0.0406982302402436,0.19916263188193,0.548046514327338
2603,0.0410037814842437,0.584472533877246,0.0383839552164122,0.0261303519397652,0.240723171322462,0.0692862061598706
2604,0.0424331858836974,0.16556935118747,0.312975124331626,0.114260512414214,0.1150448325698,0.249716993613194
2605,0.00919415582366356,0.104605169623289,0.28912676483339,0.0383163395678805,0.212438261208879,0.346319308942898
2606,0.0397447548010353,0.0899640786932068,0.121207914563274,0.041187508871711,0.237794652379837,0.470101090690936
2607,0.00693144706929724,0.0202576558288643,0.0638911249552991,0.0210354250585049,0.109434845104224,0.77844950198381
2608,0.190998136379718,0.171972025859412,0.0739788756383359,0.15538415465633,0.247113143961678,0.160553663504526
2609,0.0191612932421196,0.0491035021633104,0.053811598094995,0.0967722220898449,0.428020727258925,0.353130657150805
2610,0.098110382867448,0.190268184051083,0.0556952855780863,0.167939455533443,0.302191988379355,0.185794703590584
2611,0.0201103067440947,0.0775161710209146,0.221499989569476,0.0416536370554787,0.0856084020601437,0.553611493549892
2612,0.0659514363540732,0.256158423164784,0.129190953151333,0.0416511057206266,0.155371021912364,0.351677059696819
2613,0.445743568565331,0.353964755089812,0.0552037972853082,0.0559830934968806,0.0693426398839336,0.019762145678735
2614,0.137336511865543,0.0983046823504997,0.0701605169436766,0.155645480176968,0.256235043007595,0.282317765655717
2615,0.43788328216551,0.244884602684947,0.161749209841573,0.0480474990105966,0.0670267110572406,0.0404086952401328
2616,0.0116551768630092,0.0564834174284496,0.06955163829682,0.0452560602072482,0.465491317629773,0.3515623895747
2617,0.166699741873645,0.318120364638382,0.260248984841971,0.0396169153947501,0.122997514322609,0.0923164789286435
2618,0.0597078707711462,0.0770190133921158,0.0965566236033132,0.0614349443627456,0.445974630775003,0.259306917095676
2619,0.0281454842360729,0.0360886361715095,0.0177361091289156,0.0773578547290007,0.706676584306623,0.133995331427879
2620,0.0115648899765745,0.101215200652505,0.219767266976248,0.0279156664510719,0.309125058461467,0.330411917482134
2621,0.0293108569407046,0.083374853390886,0.0468510877602622,0.122939175588693,0.593989086038922,0.123534940280533
2622,0.0047195815967804,0.016356273182766,0.032184251884597,0.0159785899398792,0.147254684309989,0.783506619085988
2623,0.2294062479795,0.218519696327957,0.0445766823964987,0.0728034706869794,0.357657884734474,0.0770360178745905
2624,0.0329347550393405,0.055502089799915,0.1072185232669,0.0717488572779354,0.195242155735426,0.537353618880482
2625,0.0774681633734974,0.195613277917642,0.516433230569959,0.0335098893084977,0.0830783263829227,0.0938971124474817
2626,0.0110310069287936,0.031928901748363,0.0678651594712334,0.0294329927379931,0.174189035418548,0.685552903695069
2627,0.0606458075200151,0.154199050312543,0.323419866520677,0.0341636859405183,0.177156166495102,0.250415423211145
2628,0.102341341486132,0.126393428316346,0.0819608523430284,0.313731064580185,0.294654708279593,0.0809186049947156
2629,0.0379956387421738,0.206415213899707,0.0669297275663019,0.0455908920341358,0.387420337117161,0.25564819064052
2630,0.132802575763599,0.128604146430129,0.13850448586968,0.0858431908941504,0.225109679257158,0.289135921785283
2631,0.0186638507248937,0.204949843347095,0.219379600997194,0.0292853025584824,0.27622089992928,0.251500502443055
2632,0.00611196568567284,0.0225661711136211,0.0636477764984388,0.021466325066551,0.140179208090973,0.746028553544744
2633,0.133855228107844,0.400340383964366,0.0619531130475161,0.0869851769327907,0.234149634393216,0.0827164635542673
2634,0.0415777054236443,0.075611552836374,0.271626999047442,0.0777080139188388,0.159457484077966,0.374018244695735
2635,0.0211336358225648,0.0730049014999252,0.0585841472180291,0.032843935239072,0.62670997563083,0.187723404589579
2636,0.0250885454437781,0.0683492029088422,0.144372203761513,0.0470787602043851,0.335768606797656,0.379342680883826
2637,0.0193298160058186,0.0787371301020555,0.0305988993016674,0.0251187758911102,0.670779942389953,0.175435436309395
2638,0.067018792312067,0.0469450529597121,0.0799951666348832,0.298998659673717,0.212907829620668,0.294134498798953
2639,0.0902634882008427,0.0768111413731682,0.0484535293867608,0.360831424314304,0.335674028976663,0.0879663877482609
2640,0.01885868912339,0.0356669302424383,0.060910561804688,0.0291638888019849,0.125730717900446,0.729669212127053
2641,0.161828648630342,0.191464470473003,0.151401543899491,0.123637496841654,0.20510111412785,0.166566726027658
2642,0.0199439452698489,0.0922545604684648,0.120377156106462,0.0319310408720589,0.2292106022024,0.506282695080765
2643,0.368556713686952,0.373218960740203,0.0258040055635559,0.113650408136238,0.0912068838297438,0.0275630280433076
2644,0.00805341607686727,0.124355586472044,0.0428984638634563,0.0185558504786228,0.228906476138357,0.577230206970652
2645,0.0199451097294668,0.0686340785906012,0.0400035914239229,0.0504067797005455,0.301133291511191,0.519877149044273
2646,0.00520954045175919,0.0207089324718817,0.0998681434187226,0.0217579430705578,0.0562844261757606,0.796171014411318
2647,0.0743340753925116,0.105313070141527,0.130148076372483,0.129008702363333,0.242051977529511,0.319144098200634
2648,0.17291233600952,0.258262578060706,0.392704130571938,0.026224186112338,0.0542596261104677,0.0956371431350303
2649,0.042460730324103,0.0594197887052557,0.101355391133375,0.0553700436208866,0.264220384717766,0.477173661498613
2650,0.0582089765664517,0.0538957029678268,0.207658145478543,0.051690763075513,0.117809948003073,0.510736463908592
2651,0.0248817471107438,0.0795896494410504,0.0403920312122788,0.0527688306675786,0.562516412083049,0.239851329485299
2652,0.020062795551623,0.184988944067504,0.0568408360809131,0.0456041897642446,0.427656115059536,0.264847119476179
2653,0.290598911811905,0.237469806494098,0.12531741476856,0.0545536269683077,0.177885645139654,0.114174594817476
2654,0.00669668617899929,0.0442309005577194,0.0825252383015942,0.0468393244405412,0.153009001322087,0.666698849199058
2655,0.414398779317362,0.23108520527055,0.0638727066473539,0.102353066445978,0.14413260092788,0.0441576413908761
2656,0.011823888588696,0.0670340440150689,0.060972709157145,0.0314258398942562,0.418862970628545,0.409880547716289
2657,0.0172313794337799,0.0398085715283612,0.192762260931458,0.0334069924793825,0.11176208549282,0.605028710134198
2658,0.173505636059723,0.182596742455406,0.153097584405587,0.251423153937754,0.13186964477138,0.10750723837015
2659,0.15313028548144,0.0878186328281784,0.112785613912878,0.462766624078253,0.0938946612776646,0.0896041824215863
2660,0.0102328680717525,0.0327071514521819,0.0417467437999249,0.0371647922947991,0.2548000830285,0.623348361352841
2661,0.00521405670093864,0.0267159459341266,0.103706549010918,0.0269442132507319,0.103010404528178,0.734408830575106
2662,0.0067759865779773,0.0520899327158208,0.106243643304267,0.0135540769707717,0.129570427883781,0.691765932547382
2663,0.00652359876481403,0.0297836183370897,0.0466416655621107,0.0343176386172066,0.401389194225261,0.481344284493518
2664,0.0383016757320742,0.0983891695606279,0.0351526672784785,0.0998016774509266,0.560893115623673,0.167461694354219
2665,0.235275014876548,0.282036788213197,0.107422848103469,0.0658573004130814,0.188161764961296,0.121246283432409
2666,0.00806240731560508,0.0203115923498841,0.134535355483461,0.0204322137593019,0.036060210732525,0.780598220359223
2667,0.0636616087868341,0.14132326110967,0.432060188807665,0.0736393826094398,0.181338438481772,0.107977120204618
2668,0.0159503742559634,0.0723879088916563,0.432101296043313,0.0260179866050373,0.117946670359597,0.335595763844434
2669,0.045949442544481,0.190879000424337,0.119352256131667,0.0283877373418759,0.219856197963216,0.395575365594423
2670,0.00988986580836277,0.052783652240074,0.156587179820565,0.024876929755595,0.189629949494191,0.566232422881213
2671,0.0363575910325615,0.0778974724150194,0.0398201264271569,0.0992412203304232,0.340321074410276,0.406362515384563
2672,0.00817854112931376,0.0670424754767661,0.139292565977515,0.0210516351650998,0.186488795231934,0.577945987019371
2673,0.312874897597637,0.32755988021477,0.0532166547027639,0.108697413746173,0.154891037001103,0.0427601167375541
2674,0.0298794837329248,0.0482871909935656,0.0689225133095095,0.268888015532312,0.372626072223051,0.211396724208637
2675,0.539079780173461,0.183693539968056,0.0197333431009512,0.169298744507752,0.0696504445911319,0.0185441476586489
2676,0.0261898617480765,0.0387969374516809,0.0604926182586353,0.139512032356123,0.435083547721152,0.299925002464332
2677,0.087273135858883,0.198278360241595,0.299650533432833,0.0632792735458815,0.211909433632968,0.13960926328784
2678,0.0463155892063421,0.1691109325343,0.195962428559622,0.0553544466930923,0.307605653213023,0.22565094979362
2679,0.00353576174148048,0.0180434395132397,0.0458896395727754,0.0247314132589797,0.32239275532235,0.585406990591175
2680,0.0623116748935331,0.110343438216518,0.331969240882719,0.170229922568101,0.138115452298322,0.187030271140807
2681,0.0425244008887429,0.172497165225019,0.111186404473391,0.0701832832547033,0.314044207459057,0.289564538699087
2682,0.0149217745961652,0.0390631558956576,0.126203893403358,0.143316786831542,0.203308365202884,0.473186024070393
2683,0.4632882286667,0.265446536245599,0.0434710328381643,0.107954737039306,0.0989049588357461,0.020934506374485
2684,0.0125824305579389,0.0416812077961556,0.0487014549200082,0.079551157856477,0.439145068632503,0.378338680236917
2685,0.136686439212834,0.0959964351520542,0.150886429343213,0.0377850369322187,0.0877622035974487,0.490883455762232
2686,0.0157742667211987,0.150247083944235,0.163223158980682,0.0375064329101184,0.196256273519189,0.436992783924577
2687,0.329624396794661,0.199694506425807,0.0944280060365564,0.166107135527492,0.172729878859321,0.0374160763561628
2688,0.0411543524583583,0.168396840899103,0.0756829002282288,0.234148338736473,0.339669504805036,0.1409480628728
2689,0.156097176979192,0.616877829359717,0.0310708962953886,0.0409986059238905,0.126572837811854,0.0283826536299582
2690,0.0119180340464387,0.0269206308374894,0.0381962214561862,0.212632598506247,0.461112762410275,0.249219752743363
2691,0.0422540910042813,0.22481532014288,0.0762225660642515,0.0534404770883714,0.339639379520227,0.26362816617999
2692,0.0606430679470258,0.0989299803139237,0.226223976846392,0.0770500527226215,0.201306208036739,0.335846714133298
2693,0.037339080339477,0.0746183692069126,0.225984959639491,0.053710109657829,0.140379411896415,0.467968069259876
2694,0.0113278301685096,0.0313321594759758,0.0734013499831162,0.0483868217224869,0.199231554028545,0.636320284621366
2695,0.611673906605283,0.170625394163844,0.0445277840712483,0.090450387694027,0.0616854401340465,0.021037087331552
2696,0.0221677704475761,0.0980178735596659,0.300791082427986,0.0341334150887833,0.123895926098444,0.420993932377545
2697,0.0423613246799417,0.160874731062754,0.267126200222236,0.0392931171207352,0.154597461819675,0.335747165094658
2698,0.016972837751313,0.0556315751093958,0.207455625380328,0.0495797842315907,0.230570204378666,0.439789973148706
2699,0.0167023130346584,0.127057582054588,0.340896896024946,0.0218091767597344,0.0872646384110807,0.406269393714992
2700,0.00283834987154098,0.0358150933400284,0.0262075348187037,0.00874682438647574,0.32699669081887,0.599395506764381
2701,0.0216930425358539,0.0439088539038277,0.0940118953887179,0.110582425804386,0.274079911947181,0.455723870420033
2702,0.454231072697323,0.173109951477279,0.168761370981723,0.0687129916110761,0.0752314320313751,0.0599531812012243
2703,0.0880882235298397,0.0835935397699868,0.150961473577967,0.0959788529581953,0.275369571652958,0.306008338511053
2704,0.0335008668435752,0.196903355912126,0.497384983087197,0.0512345583223528,0.105758683803609,0.11521755203114
2705,0.0179356134024681,0.167110821636587,0.410695812577318,0.0222247940372331,0.136447988949241,0.245584969397153
2706,0.0172246164880372,0.086524422284923,0.180565354959357,0.150013326597627,0.164945153140182,0.400727126529873
2707,0.0140901375633868,0.0315307647172107,0.0308299479470663,0.0603324220411543,0.632365799916045,0.230850927815137
2708,0.358886466680653,0.37276063157991,0.0645145738482824,0.0583761309524683,0.110882564188983,0.0345796327497031
2709,0.0662428723367661,0.156958369837594,0.297845365115407,0.05600294233669,0.11051355740965,0.312436892963892
2710,0.0764750622905799,0.0856437953104605,0.222794462953642,0.0713166932301618,0.14093328835591,0.402836697859246
2711,0.0308448949769486,0.0766902822590728,0.162619520852933,0.0447886918212979,0.279263443268057,0.40579316682169
2712,0.130596953620097,0.0949312037346299,0.0895207850736674,0.190595329659392,0.335298085683477,0.159057642228736
2713,0.152548275662295,0.228723973528386,0.2475560095465,0.0560514474006941,0.11367870373883,0.201441590123295
2714,0.00502051982567173,0.062258798871894,0.120507582076655,0.020695885572009,0.170944193631854,0.620573020021916
2715,0.0360368315980731,0.111995692855816,0.40127096136861,0.0467076493510067,0.222765357823052,0.181223507003443
2716,0.0293226775167056,0.0639608900914037,0.095231735690998,0.0713910439593362,0.394872039863543,0.345221612878014
2717,0.011551491688867,0.0398595586586154,0.0344081721597643,0.0327327484758521,0.263170426463317,0.618277602553584
2718,0.0193321111286182,0.0541975503762877,0.256566435255867,0.0678032985745068,0.181870848789976,0.420229755874745
2719,0.0395079508234449,0.127259977956652,0.203486854647185,0.0584975096134822,0.330995708407761,0.240251998551475
2720,0.111411713758154,0.103146444358978,0.258224032609526,0.0919228254819261,0.223892618762952,0.211402365028464
2721,0.0188283296345349,0.0589970290781056,0.0936800048614243,0.0478831335356388,0.311467493158216,0.46914400973208
2722,0.282316765222706,0.500747809052349,0.118486111840766,0.0138633657042473,0.0589124952054061,0.0256734529745254
2723,0.0519048093194559,0.134522533163734,0.129305315149476,0.0668953675639576,0.194519836622642,0.422852138180734
2724,0.691989132376975,0.0831678771379851,0.0553664520441881,0.0953214085355808,0.052194277718863,0.0219608521864082
2725,0.23660478173418,0.299615745905134,0.0660254169452944,0.192214555837564,0.136060100060029,0.0694793995177988
2726,0.0622789631760017,0.0959162922597339,0.056597198589849,0.163667370141417,0.557877637715556,0.0636625381174428
2727,0.00695589286468881,0.0399018801477695,0.0842095867732182,0.0356749630736732,0.304418802756595,0.528838874384055
2728,0.0198436072917573,0.0443606631035234,0.133036849921399,0.050736129417518,0.125335062319004,0.626687687946799
2729,0.172558596790578,0.230552202409768,0.085242004929523,0.105922420208256,0.264331428284971,0.141393347376904
2730,0.01885434221167,0.0347439013767648,0.0888262879835789,0.0665262036393565,0.418439046840622,0.372610217948008
2731,0.165386580284658,0.152641815271285,0.0679384550636972,0.181836446979325,0.323824970666734,0.108371731734302
2732,0.0272225291501572,0.0804725287530072,0.276746300957657,0.0344088886691683,0.115431027387486,0.465718725082524
2733,0.0544822369635239,0.135702014650732,0.138289499461803,0.183031999005146,0.393228576185621,0.0952656737331745
2734,0.032666264547906,0.686381573960769,0.043891106129092,0.0135261745576258,0.133769579218819,0.0897653015857875
2735,0.0467288469408026,0.455020762020651,0.134930189637382,0.0294415621867968,0.131824292860511,0.202054346353857
2736,0.0347005986583747,0.0834110541043334,0.0522552989829429,0.35194374148826,0.371164354105036,0.106524952661053
2737,0.152650703567653,0.122847858093633,0.269164134870219,0.100314979177903,0.170856416988722,0.184165907301871
2738,0.0306367655830063,0.108745752565065,0.136868368739204,0.0587449804549191,0.163046912915015,0.501957219742791
2739,0.13045809221906,0.268065394543014,0.242135268649175,0.0377085630895093,0.223608649384294,0.0980240321149472
2740,0.230001563945634,0.369056709102854,0.058061838501523,0.089756636553276,0.113768801586825,0.139354450309888
2741,0.0582391675755274,0.31888577074725,0.109190699924843,0.0361544677048884,0.318235853937241,0.15929404011025
2742,0.0610501513776428,0.0648505956115646,0.0423677953418377,0.200668219806235,0.479528651212154,0.151534586650566
2743,0.183873838227516,0.222126504422455,0.103263349036642,0.112426830537573,0.227432077624153,0.150877400151661
2744,0.0280080535224412,0.0765344453584971,0.0562278420037825,0.124919804644874,0.602965943241781,0.111343911228624
2745,0.0116369361033398,0.111929725625765,0.311262815977184,0.0750101916004792,0.265324485770197,0.224835844923036
2746,0.0186191901525324,0.0744163063297442,0.105349584459126,0.0352421077947121,0.292458781715925,0.473914029547961
2747,0.0200059787345705,0.0299202815154196,0.0135554742616087,0.0851562292749453,0.648574740423845,0.20278729578961
2748,0.0092048311192291,0.0515292734229332,0.0677686329989913,0.03998642686488,0.587543808561455,0.243967027032512
2749,0.225331845504844,0.0942848818002413,0.0570726701879974,0.3105136880585,0.229885934705974,0.0829109797424434
2750,0.0125142567420252,0.0663466448795909,0.388923486035319,0.0328002086572694,0.118250885282068,0.381164518403728
2751,0.225738880158588,0.191006641146837,0.0684003477224988,0.1126974906125,0.336376389323403,0.0657802510361729
2752,0.0406771966652546,0.166459633639053,0.193561016188732,0.0871103475158897,0.179322781535782,0.332869024455289
2753,0.0610402563027002,0.0667590573435716,0.019411610470089,0.351370489171122,0.44779633314239,0.0536222535701275
2754,0.0152983783476692,0.245123515630717,0.0985966637797949,0.0208437531563745,0.372583672613632,0.247554016471812
2755,0.00349484224265286,0.0103010154993953,0.0468793174864909,0.0132383557092151,0.203535580222999,0.722550888839247
2756,0.00954816003683334,0.0224897223308128,0.0747275076849748,0.0179715344600075,0.0411547423679906,0.834108333119381
2757,0.0106215887894304,0.135371977865853,0.0269285828154513,0.0373422682396192,0.518207997717378,0.271527584572268
2758,0.0890088251727455,0.257168964623978,0.190707086999999,0.0315972780894008,0.272982675309169,0.158535169804707
2759,0.0220536820755725,0.206175964846094,0.0935092406817627,0.0180283074102529,0.268106863419496,0.392125941566821
2760,0.406199025412302,0.0774406897543235,0.0284062652133432,0.42820217903496,0.0489499338626833,0.0108019067223884
2761,0.172215236949792,0.140611882554984,0.0833313270118468,0.257372701770865,0.229847028114302,0.11662182359821
2762,0.00975694381519191,0.143123245932504,0.128154415085745,0.0252534671626234,0.389929603536087,0.303782324467849
2763,0.0517588307782215,0.18229252894134,0.295649966631899,0.0583577471184629,0.203818685343269,0.208122241186808
2764,0.0130411188335379,0.0274961028010097,0.152551433764487,0.0206898367962526,0.102119834416518,0.684101673388195
2765,0.0271259819812152,0.155914724208825,0.215790693556445,0.034930799736335,0.184281347877065,0.381956452640115
2766,0.0311897717331233,0.129701334218909,0.0969870749909133,0.0577365553184014,0.371001041287628,0.313384222451025
2767,0.0298543321996303,0.0808570806984703,0.107610371403224,0.269304896989063,0.253473848534451,0.25889947017516
2768,0.0494004854373195,0.277901560913239,0.361560011021257,0.0257983226624157,0.106454335048095,0.178885284917674
2769,0.0468828107398743,0.302292488556029,0.111466424223912,0.0815100698308975,0.294377845681655,0.163470360967632
2770,0.00369269328943655,0.0421333873837636,0.177623902902442,0.0250339095507438,0.152187489804762,0.599328617068853
2771,0.0298301648402104,0.144957329245527,0.484328822607958,0.0426649256335785,0.127350212587099,0.170868545085628
2772,0.0635189753682964,0.0835460883521585,0.0991541351369919,0.184680871708423,0.403783054470827,0.165316874963304
2773,0.0652525869079115,0.301063082586395,0.127541012780147,0.0365466453673563,0.322719216106681,0.14687745625151
2774,0.111217059659893,0.404435029189504,0.0859180978720417,0.0483424346748819,0.228439051923477,0.121648326680202
2775,0.00338770924100124,0.0181607910156878,0.0959025369665026,0.00967609531735684,0.0996084701826313,0.77326439727682
2776,0.0107673581273264,0.031225766447123,0.0540536731792521,0.0488643636454891,0.262634701347155,0.592454137253654
2777,0.0022533969658889,0.013966125790007,0.0735864170409117,0.0134999398460489,0.0596464522037505,0.837047668153393
2778,0.0804062872608707,0.141360525163849,0.135641570595142,0.0909925794827179,0.183393045469493,0.368205992027926
2779,0.0413811786276856,0.0746785100546966,0.345086503453227,0.113197779079772,0.151773218092974,0.273882810691645
2780,0.049480512094068,0.238687558112836,0.281143598365008,0.0479458351422467,0.133488292313678,0.249254203972164
2781,0.0150125261384937,0.0349901573367281,0.0522420681561238,0.113113555966836,0.525557673805746,0.259084018596073
2782,0.00938346997734285,0.0415056614567505,0.206419998303193,0.0233527874318197,0.116107775346649,0.603230307484244
2783,0.29710485384234,0.403823592460593,0.114062254288312,0.0561080343444095,0.0915822503380072,0.0373190147263385
2784,0.0635389762208423,0.291638074754072,0.054104571007814,0.111165840827817,0.401561028537509,0.0779915086519448
2785,0.00336146830913604,0.0182444591482741,0.0487612298454056,0.0322308441121002,0.240551700903329,0.656850297681755
2786,0.0155998700422329,0.0708421764176274,0.0577911395375785,0.0627147675677052,0.393305885337329,0.399746161097528
2787,0.00665377818654495,0.0378716013380351,0.0821759818859075,0.0231265089664995,0.235101327644834,0.615070801978179
2788,0.0151865263098323,0.0578405791196925,0.121572606182034,0.034411049020513,0.139882452939603,0.631106786428326
2789,0.06256747502217,0.0679727882664448,0.29589668910699,0.0771200380180523,0.212998505705335,0.283444503881008
2790,0.0578570015447381,0.138646743539474,0.0564858121790742,0.0972978028993359,0.427731018470301,0.221981621367076
2791,0.186618906000585,0.0660414143032245,0.0378093602195016,0.509270247502174,0.14256580088423,0.0576942710902842
2792,0.58902935142661,0.248113117993673,0.0239592006858777,0.0462102294388157,0.0713649925812329,0.021323107873791
2793,0.00928079456318145,0.0674096361087439,0.0466188793003297,0.0261335071116165,0.467514913734151,0.383042269181978
2794,0.491977504171207,0.216412563523934,0.0582739534194499,0.0953328307231039,0.105686613273108,0.0323165348891974
2795,0.370845839476125,0.109734097183941,0.0490131339313472,0.343395673002031,0.102594562498703,0.0244166939078516
2796,0.00497130463536369,0.0285768809908141,0.117831434138236,0.0224931065331075,0.101587667531772,0.724539606170706
2797,0.032925549270448,0.0521977560000715,0.0749379840249121,0.108824626631471,0.174297502356533,0.556816581716564
2798,0.0093567436444028,0.136967601110927,0.192552872675819,0.0159857177706366,0.260171265822238,0.384965798975976
2799,0.10781021820391,0.175750032065055,0.326383973046269,0.0329780226291321,0.153810765998631,0.203266988057002
2800,0.00760806919362954,0.029917484414477,0.0483281114264275,0.0437039801003188,0.237777224253513,0.632665130611634
2801,0.0134587936963802,0.0404717984624164,0.0277910753917656,0.0328131510030481,0.47803892055506,0.40742626089133
2802,0.0255508249076043,0.0832906392076601,0.059501900020597,0.0966483220760828,0.352286488401029,0.382721825387027
2803,0.0738341978443,0.542043201255733,0.0863767499557059,0.0217850667268543,0.174847239894763,0.101113544322643
2804,0.0156250065816017,0.0775365911972269,0.124268452907976,0.0532675454288994,0.399631037205292,0.329671366679004
2805,0.23248497460854,0.182836801703897,0.279757217199362,0.0847901459138856,0.140201740370406,0.0799291202039092
2806,0.136213328292035,0.0876775152998909,0.0630352340015167,0.263729898377764,0.243090550408406,0.206253473620387
2807,0.0673477668419856,0.170345500085785,0.177581785863349,0.0775153398988423,0.201662492413084,0.305547114896954
2808,0.00997772765711299,0.0433658936788476,0.0571421788846397,0.0286772027628045,0.285379717944981,0.575457279071614
2809,0.0360133728015338,0.0804537568818164,0.286356018477367,0.0521898193233851,0.106229757016412,0.438757275499486
2810,0.00934633874000002,0.0426627760616476,0.0681861028485847,0.0848226766674162,0.462224041293113,0.332758064389238
2811,0.0124186018662119,0.151832746072151,0.225350626201709,0.0452757660906388,0.257941817905548,0.307180441863742
2812,0.398590334379811,0.27060711973646,0.133976761563519,0.0802835039423989,0.0763666148722715,0.0401756655055404
2813,0.0677565880963587,0.112886299942368,0.153832260740599,0.11753759316306,0.290207834827,0.257779423230615
2814,0.0217044031030915,0.217508888178868,0.222540575831805,0.0440095388613009,0.212685040637219,0.281551553387716
2815,0.0460129054718876,0.0963844829064029,0.151405703798579,0.0769428172716964,0.165847642372441,0.463406448178993
2816,0.205134391967698,0.172792958586942,0.309513659878689,0.0776497191246739,0.159894043274714,0.0750152271672832
2817,0.0764110665540844,0.332389450128722,0.118217420383479,0.0579138159169889,0.274397647967623,0.140670599049103
2818,0.28450621145606,0.286624101608142,0.175014768451388,0.0506917012379746,0.119871946474459,0.0832912707719758
2819,0.481312920057711,0.340484343829264,0.049745277121315,0.0415219910502304,0.0665458685083537,0.0203895994331262
2820,0.311557356299458,0.201293841877027,0.348786575894488,0.0394548168977463,0.0596265339116152,0.0392808751196646
2821,0.00411506839370013,0.0329466305025108,0.0235714922262377,0.010144689143635,0.446236983722754,0.482985136011163
2822,0.184780551889432,0.198743172449333,0.178172173392391,0.0582069899314723,0.259787378119618,0.120309734217754
2823,0.0612539110278033,0.0990516817259188,0.112416838008326,0.0965078807858679,0.223737159786923,0.40703252866516
2824,0.0382882407498383,0.139266286357098,0.197565190502069,0.0458922534550476,0.262350533601268,0.31663749533468
2825,0.00463354951625494,0.0407101587647591,0.191449500209366,0.0155325459184586,0.0377411851910566,0.709933060400105
2826,0.0249586721586294,0.185907687475352,0.0493519206003738,0.0352226096126868,0.467523880296876,0.237035229856082
2827,0.103694403789045,0.403718471257771,0.120035064162518,0.0355439542446042,0.177908836391351,0.15909927015471
2828,0.0225495813011244,0.151426279788404,0.145527118017549,0.0502616165067055,0.395573953177628,0.234661451208589
2829,0.0283511626856745,0.0370014296464192,0.0329130185421463,0.149750938907278,0.604101455975066,0.147881994243417
2830,0.00419019318406674,0.0304932876736863,0.113043055591554,0.0250628343425849,0.156865518488813,0.670345110719295
2831,0.337148319457895,0.434446463948271,0.0868920541135417,0.0411256575010554,0.0619953701818799,0.0383921347973576
2832,0.0296413618294818,0.234554102875997,0.23363681819222,0.0257879498118083,0.251030041116696,0.225349726173797
2833,0.129102541037163,0.121010888269522,0.0930052638101785,0.185472606830897,0.274628684834313,0.196780015217927
2834,0.0197722088970617,0.0700974212674825,0.0908195286795818,0.0335907925403677,0.260197145728427,0.525522902887079
2835,0.259317795838679,0.21691479296431,0.0377372801051499,0.187874731039386,0.222917293445634,0.075238106606841
2836,0.0118523344083504,0.0280326530118097,0.0440949052080488,0.0440110355879518,0.251865453952286,0.620143617831554
2837,0.0545651016562105,0.228964450873071,0.334385713883708,0.053517304605634,0.164898430849516,0.16366899813186
2838,0.143886847815174,0.221181817484884,0.227424055423716,0.0780252631930465,0.125011111837189,0.20447090424599
2839,0.145593365941066,0.171937162497939,0.1383942738118,0.0955788394790478,0.259325692597324,0.189170665672824
2840,0.13125561999532,0.0880383025438151,0.158668616180087,0.176225616232448,0.200600544018909,0.245211301029421
2841,0.466297037180259,0.103846585604572,0.0530581476435875,0.167924756292185,0.153075647208439,0.055797826070958
2842,0.00650472185781669,0.027678870594433,0.0233988848243992,0.0393517743638991,0.551193198600417,0.351872549759035
2843,0.13210401863821,0.125362970920907,0.153602253112612,0.0851316701364298,0.267527910095144,0.236271177096698
2844,0.0255271301935184,0.0859639078958662,0.612959055498631,0.0211303862070635,0.0712802369639793,0.183139283240942
2845,0.19298979395988,0.341031690947538,0.17434226902552,0.161472814077397,0.0996503730349389,0.0305130589547255
2846,0.0125016527817312,0.0453525144180622,0.0462245671424699,0.0492514639696887,0.414768209996552,0.431901591691496
