"CUS_ID","F20-","F30","F30+","M20-","M30","M30+"
2501,0.0615412074628302,0.475650735516411,0.119382631960856,0.0171389878770909,0.171446079632297,0.154840357550515
2502,0.0718532659093693,0.198474642186389,0.140836288800336,0.113093991621539,0.323225673226834,0.152516138255532
2503,0.0308066649117143,0.58033557127579,0.023083236035958,0.018234765015987,0.296563824365295,0.0509759383952562
2504,0.451328393017886,0.12812191292279,0.109502035900347,0.187399048556284,0.0532425006067216,0.0704061089959709
2505,0.0731613314821524,0.190953269253701,0.13430501493987,0.0600344244479071,0.107157692555386,0.434388267320983
2506,0.00927305523871725,0.333418990255717,0.104525984514011,0.0191148704501889,0.260929313387622,0.272737786153744
2507,0.00868537079193751,0.0255274333504284,0.11542397176937,0.0300140987781631,0.19799208607419,0.622357039235911
2508,0.00497789720716094,0.0344798434311416,0.017378197216881,0.0254068624181576,0.583665897109636,0.334091302617022
2509,0.0447649627797015,0.0378168339452818,0.188198058883079,0.048527974774332,0.110663286828679,0.570028882788927
2510,0.0105923013183627,0.0822783882492167,0.0583440490367994,0.0244925450368401,0.357926685929059,0.466366030429722
2511,0.669247870234372,0.122360881541528,0.0677340893707845,0.098956285465312,0.0254692182470262,0.0162316551409774
2512,0.0353054348186037,0.134932310937783,0.040884513663573,0.148837840003834,0.541720498692666,0.0983194018835401
2513,0.00817359486797312,0.0232003256932786,0.0478154345146171,0.0262020825058555,0.361934211305002,0.532674351113274
2514,0.104251877726195,0.512510163694562,0.0508262390634877,0.0260248559749213,0.257837290892345,0.0485495726484888
2515,0.010421742529379,0.0431115206644513,0.0619971147805078,0.0283675647735112,0.231969301559883,0.624132755692268
2516,0.0764845695440036,0.0819867411509924,0.0569209824425462,0.241055609217601,0.362132966437758,0.181419131207098
2517,0.0209425494242406,0.480464051156264,0.105373391165158,0.0104995013593995,0.18656918422722,0.196151322667718
2518,0.473321404037444,0.200262969098328,0.143365318816457,0.0644032053570632,0.0497670913843297,0.068880011306379
2519,0.062138565859433,0.853773681648307,0.0183861473205531,0.00622213034283324,0.0423684719507275,0.0171110028781458
2520,0.0313123432521627,0.0502916191484093,0.0218721778729813,0.138628953374109,0.555242740227287,0.202652166125051
2521,0.00713170765189185,0.0423735644979082,0.218812231981211,0.0171690473996254,0.0907811469002686,0.623732301569095
2522,0.283890164001063,0.199659879608769,0.191207326196046,0.0840903091731589,0.131100440793687,0.110051880227275
2523,0.0505821466173691,0.378297998091787,0.0626262669340264,0.0142333536161109,0.340440550922973,0.153819683817734
2524,0.0210287928963266,0.106109848381738,0.273661986029827,0.0314624021177335,0.0545511812504156,0.51318578932396
2525,0.0975089279654272,0.0715870431753041,0.076246359605941,0.372950048750466,0.268185429877786,0.113522190625075
2526,0.138811650871112,0.258293272160018,0.0655749496854761,0.0896518659124759,0.317799443571067,0.129868817799852
2527,0.570764210934256,0.134613702940956,0.098370304696258,0.0565820415514162,0.0714820208152416,0.0681877190618727
2528,0.00363006274902823,0.0109199923175392,0.0356872105160697,0.0314317449693746,0.12115753976765,0.797173449680338
2529,0.0951867803648706,0.161980541311134,0.2492435988689,0.0661921574687097,0.135961095401349,0.291435826585037
2530,0.00427389304531934,0.0103359860771805,0.139621474675945,0.01897298209311,0.0945030219646588,0.732292642143786
2531,0.0300602687468692,0.176303866857256,0.0831414065166145,0.0710161336528435,0.440958260324765,0.198520063901651
2532,0.0309181149304235,0.230010202077017,0.139426936983408,0.0433984317299286,0.231209647537888,0.325036666741334
2533,0.00077244942089433,0.00357479082392613,0.0372386266434877,0.00495690523388977,0.0236426503154536,0.929814577562349
2534,0.213889723301533,0.09671790452141,0.0950916500633664,0.414208942867551,0.0661831269254442,0.113908652320696
2535,0.0581965336768008,0.112680895897879,0.199470131794812,0.0311491440352192,0.154944314735387,0.443558979859902
2536,0.146356483109266,0.252663846157822,0.0934464340717217,0.0692371954601143,0.213756316469639,0.224539724731436
2537,0.0392896588686218,0.791845557892145,0.0703496753578611,0.00533416489769056,0.0650782814409926,0.0281026615426892
2538,0.236659780212758,0.101390139420612,0.0683576230629023,0.138927120247378,0.286512374754361,0.168152962301989
2539,0.204657297877441,0.255403625851955,0.249961877260456,0.0496485867158009,0.128303978656233,0.112024633638114
2540,0.279005151645724,0.103812539732288,0.0408373173334595,0.235456212145492,0.280686275522116,0.0602025036209204
2541,0.129896484951696,0.0521071847827977,0.0125140459879284,0.457066685698119,0.318289355311493,0.030126243267966
2542,0.0534787961451065,0.486976401830177,0.0320798372632448,0.0241469976113432,0.376715655955633,0.0266023111944951
2543,0.00991194363679812,0.0214926877689207,0.0867080117282159,0.00583674223410471,0.201736777874455,0.674313836757505
2544,0.111321138331838,0.150455317276464,0.135239074859019,0.185349630624385,0.155080763383813,0.262554075524481
2545,0.0481101253319893,0.303971918467476,0.0866596656204692,0.0238207721261796,0.36795054330878,0.169486975145106
2546,0.0343504691424388,0.0531060847753089,0.026795626537606,0.213956114444891,0.582695856098684,0.0890958490010713
2547,0.0300273790186361,0.0885846211430457,0.521945108449049,0.0267984711533198,0.0844068281909951,0.248237592044955
2548,0.0670568840915493,0.0647038404710732,0.0638009856386397,0.202378096189055,0.528399225789977,0.0736609678197064
2549,0.0108418949457666,0.0707654780462727,0.0286491941490293,0.035318257658205,0.353339348558548,0.501085826642178
2550,0.015609813040835,0.0195711567172487,0.020931337215519,0.247850388881361,0.472123548251972,0.223913755893064
2551,0.330543844557733,0.247778511760094,0.0299897975747909,0.15621071529069,0.14692880664051,0.0885483241761817
2552,0.133006423179086,0.341033448711121,0.209080374473685,0.0343656281888028,0.155101470562827,0.127412654884478
2553,0.460174046051262,0.211271310698831,0.0458298387487955,0.105493918533753,0.149690597206252,0.027540288761107
2554,0.124519250307179,0.244323657914518,0.113130385458651,0.119781890757161,0.330811528893072,0.0674332866694181
2555,0.00997923750282965,0.102597983781561,0.0644547377658677,0.0327220091771354,0.639667655508894,0.150578376263713
2556,0.0672967390544818,0.320148025432062,0.318781486767333,0.0371115105090807,0.128698212353244,0.127964025883798
2557,0.392881256764129,0.150190780139048,0.364635313844464,0.0344938596934291,0.0415240755064394,0.0162747140524907
2558,0.0284539567116607,0.0602957772367172,0.773515685569582,0.0249710161519183,0.0476126037851639,0.0651509605449576
2559,0.0870005032402252,0.440625119010573,0.172095644959884,0.0232937471453142,0.100464599632593,0.17652038601141
2560,0.00909911392088836,0.129455086485125,0.113542431302071,0.0196667234595648,0.22167547817095,0.5065611666614
2561,0.0122562558901295,0.0655566305217249,0.211643320164784,0.00698517444198896,0.167903995784084,0.535654623197289
2562,0.247105063032859,0.340202063840617,0.0376062962731899,0.0609494434336856,0.29015993565851,0.0239771977611378
2563,0.415008285338545,0.112399831186163,0.239176159719268,0.0877465633949301,0.0820069294287338,0.0636622309323601
2564,0.149418798525413,0.0591154881937411,0.0903830581194611,0.403506533125993,0.104410970264008,0.193165151771384
2565,0.0406625637807831,0.132977564030214,0.106136957436476,0.0580762848127423,0.213779198525442,0.448367431414343
2566,0.0128902640296632,0.0406307564593687,0.126513686032429,0.0663622338899102,0.36235210392242,0.391250955666208
2567,0.0335836851366472,0.140148523067919,0.130963019675957,0.0341243730868623,0.176359292925533,0.484821106107082
2568,0.0109746929060159,0.0576023729969927,0.0748626895309173,0.0216105279371966,0.36928242813776,0.465667288491118
2569,0.0427461496694391,0.0993984004796347,0.168814385513613,0.0164026779116982,0.109139634041431,0.563498752384184
2570,0.0201994918683591,0.661138390698535,0.0862115989639691,0.00516458246485883,0.102329980130116,0.124955955874162
2571,0.0630335790101109,0.0940853250609741,0.0201369783026455,0.254111642543755,0.389592040071942,0.179040435010572
2572,0.0707765888923184,0.0433024971087855,0.358492818182597,0.0984559961447185,0.103584176138187,0.325387923533394
2573,0.0558825903090711,0.252096361934924,0.0653942855877727,0.0208215153267088,0.320649151331941,0.285156095509582
2574,0.0245427186405895,0.0519840070949052,0.020477689122658,0.382496679445002,0.42887886520852,0.0916200404883254
2575,0.019621772709042,0.0267710626214284,0.0156517354614904,0.126110373379159,0.684185526010461,0.127659529818419
2576,0.316335803647234,0.358835986402221,0.130203853378169,0.0939382006197821,0.041250978315153,0.0594351776374411
2577,0.041869710542535,0.228609354481173,0.393165801817825,0.024323977225381,0.136891650934137,0.175139504998948
2578,0.00102244561201046,0.00515864604089318,0.0217431035552878,0.00613627235383681,0.0904856253071104,0.875453907130861
2579,0.302028290282996,0.210350381536669,0.204910555856189,0.0860784653671255,0.119023969815882,0.0776083371411388
2580,0.0510691226085066,0.324029643534274,0.140001050862667,0.0134141262042385,0.2207227434221,0.250763313368213
2581,0.00203075593719261,0.0276367642305535,0.0709932969687054,0.0455769197751699,0.355669995927576,0.498092267160802
2582,0.218343172781858,0.396876091348514,0.114914658229139,0.0391100901994836,0.154172590426518,0.0765833970144882
2583,0.0938078740794913,0.512895224550065,0.192107452142814,0.024371084544996,0.0764824883165622,0.100335876366071
2584,0.289691565578372,0.489376157555645,0.0710650413671867,0.033879226302227,0.0867368532979608,0.0292511558986085
2585,0.0156624405397659,0.06483348499876,0.037723944442921,0.0606083895860181,0.554964862786101,0.266206877646434
2586,0.0382153675057623,0.29909377283152,0.0875728156613576,0.0264186571300906,0.243703220672299,0.30499616619897
2587,0.223102314892915,0.0610591849246798,0.0308264941422802,0.363825845731962,0.230128556173271,0.0910576041348927
2588,0.0442840453291487,0.0233432311069484,0.010481888101081,0.324107502877998,0.493561696812677,0.104221635772147
2589,0.0669167788577259,0.0976472496677941,0.0373701475519417,0.175598545282973,0.55037700388642,0.0720902747531453
2590,0.024137598948118,0.0867431090264977,0.153738617435073,0.0926370759505378,0.268014465836671,0.374729132803102
2591,0.0735767374648757,0.101102176823436,0.412014213907093,0.0181635097660029,0.0577515463216055,0.337391815716987
2592,0.0117684762716036,0.0243544082862641,0.00661374609231463,0.163805664995848,0.673064987907656,0.120392716446313
2593,0.178500158049154,0.158843645882644,0.065882626129021,0.111065253634311,0.401666332102932,0.0840419842019381
2594,0.0358994884573344,0.0822814698326632,0.0563813723766079,0.042181815813853,0.403732678561653,0.379523174957889
2595,0.129184887782023,0.0778600496419784,0.254401599907617,0.297193409799365,0.100758245193953,0.140601807675063
2596,0.740352092308,0.0578319900043737,0.0119768890021044,0.156903545788249,0.0290842995911331,0.00385118330613907
2597,0.00761273126261993,0.0312080563476856,0.194906181110098,0.0158793327346443,0.101926600589874,0.648467097955078
2598,0.0134692943068126,0.0900164912497135,0.0809505583259262,0.0145004432406101,0.195130337130464,0.605932875746473
2599,0.270842991035325,0.281071982210697,0.0511610371115843,0.170644561289724,0.166369938185831,0.0599094901668394
2600,0.00396415564004809,0.0238517030207647,0.0473163300609285,0.0173718711241967,0.821088809428705,0.0864071307253571
2601,0.0175136152820943,0.0465709236855687,0.215148576032856,0.0112321392356352,0.0974804834280561,0.61205426233579
2602,0.031609874817212,0.125586331918684,0.0982083179251676,0.0393302139200757,0.239772939693342,0.465492321725519
2603,0.0361257210517616,0.535024684060012,0.0419028063711402,0.0256607710782151,0.304384676413435,0.0569013410254361
2604,0.0688624196509443,0.0927534016502307,0.317221514132983,0.244126277151363,0.0846641185499334,0.192372268864546
2605,0.000352506939174839,0.0356099289536257,0.17376820584563,0.0136234892071778,0.283820284179218,0.492825584875173
2606,0.0286316925577502,0.0790759683210724,0.132037520807891,0.0277082975070823,0.14441040936294,0.588136111443264
2607,0.0143429697683975,0.0363736289743815,0.0693173041968131,0.0421353992789112,0.170778532592785,0.667052165188712
2608,0.212773156804568,0.214078837789033,0.0686408452364909,0.157254830495011,0.183266855983064,0.163985473691833
2609,0.0209527869309719,0.046586289520688,0.0437259910249804,0.125345201634734,0.481594520122402,0.281795210766224
2610,0.0907827028777231,0.226703709372286,0.058892497083794,0.159329271618848,0.322130846547631,0.142160972499719
2611,0.0378095516671786,0.138346413809623,0.211867236939875,0.0480434814308447,0.0740457628164374,0.489887553336041
2612,0.0463565819306766,0.256344388129008,0.13237767846262,0.0427682482627343,0.204356078584648,0.317797024630314
2613,0.49457931282623,0.318030353781358,0.0413198963649144,0.0619577856624603,0.0733383469651191,0.0107743043999179
2614,0.115316798192805,0.115526691323986,0.0818939888034993,0.126197211297972,0.344206146978601,0.216859163403138
2615,0.496855320137443,0.208109384777954,0.12355350112077,0.0551602715874171,0.0641045940765971,0.052216928299819
2616,0.00920184175209444,0.0582039610542188,0.0786340012389849,0.0597582848659383,0.447748831251866,0.346453079836898
2617,0.250937460579291,0.34898012410017,0.195549335229368,0.0406060415085506,0.120609770538636,0.0433172680439853
2618,0.0840881644615789,0.0836509675840727,0.0795978042575158,0.0932232507081679,0.414267055983898,0.245172757004767
2619,0.0279979530468988,0.02552370528796,0.0145840214199309,0.109903074607318,0.659660509795809,0.162330735842083
2620,0.0204964139319143,0.126874346996164,0.293610571021094,0.0284441959482633,0.273282519481241,0.257291952621323
2621,0.0283600569187355,0.079798333747321,0.017888720880125,0.0893435321061363,0.729893098716781,0.054716257630901
2622,0.00130212070667134,0.00418729990195653,0.0143060802179323,0.00731664531852077,0.107136778610626,0.865751075244293
2623,0.314791497687045,0.246047449838253,0.0361969820179764,0.121094721705805,0.241208085288022,0.0406612634628986
2624,0.00689154778882521,0.0264702230076717,0.105920686612456,0.014337626059299,0.0951572521117836,0.751222664419965
2625,0.148447165678436,0.25802993216966,0.457630618307972,0.0285800445975218,0.0512723373972582,0.056039901849152
2626,0.00293601688737505,0.0148054909921453,0.0381255412150876,0.0133099046628243,0.184674778281983,0.746148267960585
2627,0.113210330359889,0.163851229120143,0.433544881798697,0.0216863656628185,0.0963664379133098,0.171340755145142
2628,0.13357471879712,0.218560370283603,0.0474453207134354,0.294060849139862,0.249471536208513,0.0568872048574665
2629,0.0213777786693354,0.214209241154635,0.0656395530704509,0.0266518455484099,0.345117985462221,0.327003596094948
2630,0.194289454216771,0.0862745491252721,0.124978296566247,0.0849822511799274,0.237724402209646,0.271751046702136
2631,0.0207539626298535,0.26599302554565,0.164048653412996,0.0233308665680489,0.310111143910067,0.215762347933384
2632,0.00514602656888347,0.0178547143531278,0.06214129007976,0.0197726716141138,0.167104078669888,0.727981218714227
2633,0.108627755771374,0.374625299537438,0.0916525798018584,0.0759565085835474,0.230692100301913,0.11844575600387
2634,0.0397602190476865,0.121145962846882,0.217740368889846,0.0717462712640664,0.154594849977582,0.395012327973937
2635,0.0440076100544999,0.116251875718627,0.0755057098389462,0.0559224580239528,0.513521472736011,0.194790873627963
2636,0.0530755127450984,0.0762402715329002,0.149481744973193,0.1023847050919,0.262873509565066,0.355944256091843
2637,0.0157346561156155,0.0698342238316138,0.0187503858632375,0.0510996568492367,0.691273881158148,0.153307196182148
2638,0.0665209873924978,0.0427237633974126,0.0996582039170696,0.244842445556694,0.112194613977796,0.43405998575853
2639,0.16093641302788,0.0613383989168272,0.0613524921952068,0.359263484474104,0.257197845448049,0.099911365937933
2640,0.013144058286968,0.035619492832935,0.0505854158466081,0.0225555590032774,0.140996567425651,0.737098906604561
2641,0.303311412563025,0.172355405042665,0.160920794916391,0.1076250049056,0.142612519824265,0.113174862748055
2642,0.00629766972619435,0.0666779741762965,0.085915986220233,0.025767052416429,0.239258873704283,0.576082443756565
2643,0.385730484911904,0.359370042924655,0.0256982195980211,0.119651466407436,0.088060518341442,0.0214892678165423
2644,0.00562685784876329,0.132269777119991,0.0498451499469116,0.0115923602182527,0.322852010692281,0.4778138441738
2645,0.0422347545745092,0.0713802252088976,0.0367215755999809,0.0904792891809685,0.36767298271103,0.391511172724614
2646,0.00282735111232911,0.0194640982589813,0.0976529699646037,0.0141903142043691,0.0604891288609917,0.805376137598725
2647,0.055973632128806,0.0853407184121831,0.0917296422712128,0.0888565289710593,0.303868318660473,0.374231159556266
2648,0.102931014874397,0.222965293191478,0.613815614374602,0.00827400742998081,0.0163011188583299,0.0357129512712121
2649,0.0286262164874335,0.0401275231756449,0.0647292166863179,0.0554723446420937,0.18711517418582,0.62392952482269
2650,0.0591896204784141,0.0240580151782493,0.212438035663199,0.0706611831696736,0.102457793426472,0.531195352083993
2651,0.013629566708737,0.0678402675296047,0.0543305225730228,0.0543799548941596,0.500176374360746,0.30964331393373
2652,0.0146083277616624,0.109071433797218,0.054830673120843,0.0264337585965906,0.527001675160834,0.268054131562852
2653,0.271778351376439,0.206622876831835,0.105007044985981,0.0838560073417917,0.187182495826028,0.145553223637925
2654,0.00314297032368217,0.041612429163551,0.0634032277874706,0.0370323519348472,0.169400556215222,0.685408464575227
2655,0.509837812696535,0.191588807248296,0.0484860368375936,0.104201276089509,0.125792504226165,0.0200935629019005
2656,0.0144814426077547,0.0712605965611144,0.0442614411945293,0.0350998914301435,0.515601410677773,0.319295217528685
2657,0.0114330575132656,0.0391259251239164,0.160457242577899,0.0122202436184355,0.112476957445306,0.664286573721177
2658,0.1558303634455,0.112223621542601,0.124376107208512,0.373094785262557,0.130951645096946,0.103523477443883
2659,0.225985240393923,0.0758923200111548,0.056728064842504,0.550424661584904,0.0463955813531915,0.0445741318143218
2660,0.00988444388443657,0.0445883581205559,0.0629539346577757,0.0261019854513923,0.270398827406813,0.586072450479027
2661,0.00652004852025947,0.0272002054164146,0.115848263298076,0.0117699905622097,0.0712928482095041,0.767368643993536
2662,0.00535561965643065,0.0519985235447516,0.107756370172078,0.0133283754435842,0.131948738527635,0.689612372655521
2663,0.00907599166448469,0.0402425827886452,0.0625914990470098,0.0442474438840061,0.316135819532542,0.527706663083312
2664,0.0376482913684073,0.141824165429099,0.028236759977183,0.0720053609308303,0.571710738315435,0.148574683979045
2665,0.252336201517935,0.250224950152694,0.181322227272226,0.0686454820749233,0.158989930300293,0.0884812086819294
2666,0.000812598276132037,0.00251731280541861,0.0331761241634201,0.00170232627062138,0.00602020277146307,0.955771435712945
2667,0.0673624559052485,0.137384015134982,0.410399198795012,0.0549608218280185,0.180986555527256,0.148906952809483
2668,0.00753934249901402,0.0617978763691386,0.353010567935003,0.00846749498837435,0.0929994962585793,0.47618522194989
2669,0.0829539152126282,0.24957000993159,0.142947374370514,0.0345963494570313,0.161240927625735,0.328691423402501
2670,0.0126920814904257,0.0577478524573173,0.154942981382078,0.0218183596778744,0.168269075691336,0.584529649300968
2671,0.0303995029857045,0.0837490738565958,0.0707635003524884,0.0929277635741275,0.301448903312977,0.420711255918107
2672,0.00441179742673566,0.0291310910099941,0.132052468781457,0.0122302092986846,0.153084402952641,0.669090030530487
2673,0.315321601655153,0.23305250071342,0.0739665112052546,0.142372107186379,0.180872875677263,0.05441440356253
2674,0.0168495753596739,0.0436151144940925,0.076145759488055,0.113602861132775,0.386055661111985,0.363731028413419
2675,0.63054011074432,0.171344432414726,0.0171991412123315,0.126435339699749,0.0472185260544347,0.00726244987443956
2676,0.0259153805275575,0.056137294631642,0.0759321694195853,0.138365637638484,0.435857011716119,0.267792506066612
2677,0.0620173378515975,0.199082446595777,0.321527793364036,0.0296509093083275,0.338668827282524,0.049052685597738
2678,0.0399283077448032,0.127775270244261,0.235333676193599,0.0489997183976562,0.318674381563125,0.229288645856556
2679,0.00446098327974431,0.0199333436411895,0.0244211156162936,0.0299915325598563,0.336341426495091,0.584851598407825
2680,0.111942362156107,0.0856557207608682,0.348315142394552,0.28671505313413,0.0880748869214472,0.0792968346328956
2681,0.0208982667894961,0.17148867753298,0.121002968442554,0.020836567554931,0.397648302160234,0.268125217519805
2682,0.0114389572559753,0.02417564454641,0.11340555649583,0.121941179949719,0.221937138839204,0.507101522912861
2683,0.506789786847716,0.191588022942439,0.0161059661807024,0.198065125128305,0.081360049346328,0.00609104955450908
2684,0.00928904463392144,0.043824046312304,0.034636249695785,0.0734974917732202,0.496041483168825,0.342711684415944
2685,0.10319126374589,0.0468716829279783,0.239293225109398,0.0374793882072886,0.0527046240654758,0.52045981594397
2686,0.0157325356038607,0.0948651898565751,0.0847047479621026,0.0312468629676845,0.158433744948354,0.615016918661423
2687,0.346083231777709,0.237584509194096,0.0895385892832444,0.161641671708371,0.128470544813286,0.0366814532232939
2688,0.0186669573542978,0.12763497454929,0.0602906087868345,0.176843950252111,0.475009358687008,0.141554150370459
2689,0.142883950455248,0.55416595366592,0.0649343550546614,0.0655603713846976,0.137912329898383,0.0345430395410891
2690,0.0200650228095139,0.0268388073323176,0.0458003463806333,0.239401242129873,0.395526462541665,0.272368118805997
2691,0.047297046644334,0.180854079136252,0.11423184544704,0.038686398094075,0.410652694099564,0.208277936578735
2692,0.1132597940849,0.131299360492672,0.254310434844377,0.0462366797240646,0.235942949239853,0.218950781614133
2693,0.0331766771219942,0.0515398371785447,0.109364729746815,0.0336454740764258,0.136377229574672,0.635896052301549
2694,0.00347554848079955,0.0129605370844611,0.024827100050605,0.0346084543436767,0.309260806186812,0.614867553853646
2695,0.537717343812248,0.151804469488934,0.0619172505656775,0.139838321313363,0.0828761090151052,0.0258465058046715
2696,0.0213924934407365,0.0761935917024531,0.270950065348238,0.0209962704530308,0.0774665417860221,0.53300103726952
2697,0.0875044020648413,0.197503107950168,0.256472184596561,0.03791025939793,0.218538199327041,0.202071846663458
2698,0.00520300594141877,0.024451455788252,0.268397140101372,0.0158278734662605,0.313854831785777,0.37226569291692
2699,0.0102633917609377,0.164825088262197,0.525800496380304,0.00147175652440355,0.0314510960057992,0.266188171066359
2700,0.00192036142103332,0.0417874625793342,0.0273213680122303,0.00569108631894247,0.387398892004266,0.535880829664194
2701,0.0100676620539937,0.0480065459474152,0.0997138807369793,0.0685673718899565,0.238551807874745,0.53509273149691
2702,0.396388062716207,0.176074840496759,0.203095888572015,0.0747361278398586,0.0798536845615542,0.0698513958136054
2703,0.167278771921665,0.0788406591457134,0.144436873348731,0.159624954195358,0.222366329682327,0.227452411706206
2704,0.0486840188811687,0.197525650802508,0.579828526533289,0.0187340694275276,0.0620416207662091,0.0931861135892982
2705,0.0131977134084006,0.114611449271575,0.392938012309567,0.0169320684672379,0.0873979629149719,0.374922793628247
2706,0.0145415274500714,0.0714856336188373,0.232800573918999,0.154475465047623,0.208027076622324,0.318669723342146
2707,0.0121710120530518,0.0382876686674895,0.0151681650887598,0.0793092312863712,0.665281897145158,0.18978202575917
2708,0.39741896961673,0.271018340642391,0.0709609529047388,0.102298472231806,0.130386357999958,0.0279169066043759
2709,0.0541370327008411,0.228253331477349,0.394511984306169,0.0232168982825023,0.0895734245529577,0.210307328680181
2710,0.0550014737507146,0.0337000275049532,0.316582361154099,0.0321542068264191,0.0391465770871268,0.523415353676687
2711,0.108309378040187,0.098109850773124,0.0993327574033005,0.105993858936967,0.300481200711459,0.287772954134963
2712,0.163583835410013,0.0774426391385367,0.0725375360214925,0.430677679640872,0.176406176113783,0.0793521336753039
2713,0.0778668641576655,0.183395720056962,0.289701613654625,0.0464822744705909,0.106636385679515,0.295917141980642
2714,0.00558974681581063,0.0837643217279685,0.242916975220358,0.0105249655949435,0.141823276029519,0.515380714611401
2715,0.0163101688258059,0.0848126940751188,0.366718139905577,0.0238562115849775,0.260887762444937,0.247415023163583
2716,0.0385920025710326,0.0702486873563063,0.0548957874456279,0.068813537007223,0.396214993846984,0.371234991772826
2717,0.00904415310177348,0.034003817708678,0.0487337376742281,0.0391200689480627,0.287437180381246,0.581661042186011
2718,0.0282170978601184,0.0417238232102551,0.234246146736927,0.0590678361552797,0.136801413774697,0.499943682262723
2719,0.0190954286354912,0.0702923827044934,0.160997961450792,0.0512156775697949,0.317532190623362,0.380866359016067
2720,0.143619523123421,0.100332194209452,0.186131358343518,0.115349143532371,0.260312914935651,0.194254865855586
2721,0.0192113901607163,0.0533506462071815,0.119715651872175,0.0410626676211233,0.336683241928172,0.429976402210632
2722,0.27204855294108,0.451570008030865,0.158478347551586,0.0137646104082046,0.0812413287124835,0.0228971523557798
2723,0.0517493177671542,0.253497669341701,0.174652970717325,0.0360444927960198,0.149073089846499,0.334982459531301
2724,0.590092595271772,0.145594487109699,0.062333237920311,0.121813318342843,0.0580966716017665,0.0220696897536077
2725,0.353348364872896,0.352999490079449,0.0497090889491989,0.163603864080493,0.052302111222695,0.0280370807952679
2726,0.0232884167361309,0.0570154288826355,0.0254122614340048,0.0776753311797409,0.778267980018246,0.0383405817492415
2727,0.00298010778741259,0.0395551598410656,0.0382817237267719,0.0311028104586269,0.32514499356648,0.562935204619643
2728,0.0248143808428206,0.0316689947256008,0.158917733537692,0.040104395862052,0.0858092027864707,0.658685292245364
2729,0.151200671119891,0.232457159782923,0.0763935884151932,0.111173674337676,0.311833932881219,0.116940973463098
2730,0.00484962863990356,0.0292676476276479,0.0496091824673861,0.0416922472448768,0.436754026566596,0.43782726745359
2731,0.127842728016304,0.188493173641243,0.0742981955887511,0.156242619198902,0.3608621789785,0.0922611045762999
2732,0.013124912754056,0.0601597175002755,0.301457310629369,0.00928235940578734,0.0595496881251793,0.556426011585333
2733,0.0314780150708408,0.132616053137536,0.10236908220302,0.19405346952028,0.450428691196046,0.0890546888722768
2734,0.0221743785195691,0.819699276992787,0.0307670294634514,0.00520322089828598,0.074863405005732,0.0472926891201748
2735,0.0356003522187333,0.410621507819642,0.149470350199972,0.0135883170514241,0.167703601625297,0.223015871084931
2736,0.0478020060531574,0.0829869630027931,0.0550917609518452,0.42553261088605,0.309773827457977,0.0788128316481774
2737,0.202743958524484,0.120822808974228,0.287039849116834,0.0169769799576642,0.241482132018661,0.130934271408129
2738,0.0182681486692728,0.102930131740655,0.0951255106880888,0.0336530455578021,0.177946988941345,0.572076174402836
2739,0.264684936373918,0.277510648920026,0.151178136140536,0.0539331108439165,0.195679692269284,0.0570134754523191
2740,0.240333197081768,0.285649688157964,0.110644414767775,0.088153372700047,0.129856912106116,0.145362415186329
2741,0.0990815949743447,0.259983504323117,0.167468928811754,0.0415256898728425,0.286614198125295,0.145326083892646
2742,0.0451650268495743,0.083757168548571,0.0485331784866706,0.125803489006889,0.508718166134465,0.18802297097383
2743,0.261770567884665,0.217844047659559,0.12643968539383,0.132729769336922,0.150989810561608,0.110226119163416
2744,0.0169373843075696,0.0847679522999346,0.0226583410714449,0.124692919260647,0.648553558687124,0.10238984437328
2745,0.00078365249750249,0.00943647870665182,0.372585919568661,0.0282269646833305,0.384299763836142,0.204667220707712
2746,0.0132090902262468,0.0705790306333354,0.13630268814281,0.0303247942978405,0.211837921660295,0.537746475039472
2747,0.018617241675532,0.0369839344641607,0.0152532918904839,0.0773898053986491,0.632520004351247,0.219235722219928
2748,0.00480235539886035,0.0351279520446228,0.0351325717467482,0.032626845901981,0.733754033609937,0.158556241297851
2749,0.228190130478196,0.173835984604765,0.0509849706049361,0.284918278820704,0.165486467242454,0.0965841682489437
2750,0.0119146963839688,0.0700326475724918,0.295202573485986,0.047632281020481,0.144998192634897,0.430219608902175
2751,0.15376326427303,0.10575688785404,0.0462482692930403,0.145476801046863,0.518084540835657,0.0306702366973701
2752,0.0579928757678737,0.132941613184995,0.182938284837056,0.0802039274953565,0.132907627785337,0.413015670929382
2753,0.0389366563333558,0.0855211114897012,0.0370008358388871,0.25151115234066,0.496357070199511,0.0906731737978852
2754,0.00633934706277001,0.169446947926867,0.0255931009827479,0.00730613851091039,0.70016801829513,0.091146447221575
2755,0.00117565980333984,0.00531156211967794,0.0350562572225518,0.00936103797961441,0.259066288988922,0.690029193885894
2756,0.00297361488593352,0.00666131310854411,0.0699385845213945,0.00634609601102078,0.0311250256050287,0.882955365868078
2757,0.0146825170535645,0.163943641157994,0.0322361456105966,0.0331396366194229,0.460568680168571,0.295429379389851
2758,0.0558532959396437,0.290506528756705,0.17648654995289,0.018288883484665,0.298662509473914,0.160202232392182
2759,0.023601050393212,0.216735514843379,0.0778189762311222,0.0186216851759472,0.238834597250001,0.424388176106338
2760,0.35328902104453,0.123388223968695,0.0654071988293142,0.382372814554655,0.0620882352246821,0.0134545063781233
2761,0.152405434145874,0.0951950095912965,0.0646240188858138,0.363151762934445,0.229699753045916,0.0949240213966551
2762,0.00269462182074132,0.0466175694111614,0.0482626825942476,0.00892783598056316,0.462235668695913,0.431261621497374
2763,0.0526189186936243,0.166027695807178,0.273046018319365,0.0541187450606639,0.238101791217346,0.216086830901822
2764,0.00895585943154859,0.0164955317781029,0.110771109862278,0.0166612337055689,0.0805738334923177,0.766542431730184
2765,0.0217364695522279,0.172080241220284,0.251061578879273,0.0127786808848777,0.157997752289546,0.384345277173791
2766,0.047374224747231,0.136827182376332,0.113868214660601,0.0317949177349576,0.405376910663275,0.264758549817604
2767,0.00327738953514638,0.00570092606519614,0.0141581058425601,0.725430725845294,0.129295560807363,0.12213729190444
2768,0.0329361381778365,0.176940545537884,0.46136545591859,0.0101608018738761,0.0568854808327126,0.261711577659101
2769,0.0555814269577138,0.377353252680108,0.0603602686058767,0.0881121912402925,0.339985418915312,0.078607441600697
2770,0.00120774586873445,0.0221861647812136,0.0934424524675425,0.012288016151804,0.209765242602609,0.661110378128096
2771,0.0215915189176953,0.119712504952967,0.462737334142196,0.0166109448277816,0.071575112295402,0.307772584863958
2772,0.0251917221614446,0.0319178067960929,0.0793275027187801,0.161966549550421,0.537151005880173,0.164445412893088
2773,0.0416081152741778,0.317831956196396,0.115015084072596,0.0152100947574609,0.384902534460951,0.125432215238417
2774,0.0963299972819669,0.430061796814904,0.0900353698952933,0.0278074336612872,0.289565330319039,0.0662000720275102
2775,0.000900472401299916,0.00592038044259644,0.0607332607050624,0.0044230248686497,0.0566933333130076,0.871329528269384
2776,0.00815745608910499,0.0367005416526251,0.0700345948033752,0.0435923968648581,0.266350028820244,0.575164981769793
2777,0.00107782774043709,0.0132218234481512,0.071912652840213,0.00903307403372661,0.0961746083548622,0.80858001358261
2778,0.132522210964501,0.144344058021112,0.154859158580758,0.0842873634954275,0.129750377217193,0.354236831721009
2779,0.0235803667494664,0.0259919800229257,0.242428648945612,0.158455146284805,0.147856897006233,0.401686960990958
2780,0.0542362512635086,0.205341759195084,0.299678331980102,0.056816195237498,0.0980720800830386,0.285855382240768
2781,0.010044823876075,0.0176310269177054,0.0453183197507514,0.114361345441397,0.521737994908163,0.290906489105908
2782,0.00509595492118128,0.0198610102780697,0.202828330159926,0.0135504085009048,0.0994916925220281,0.65917260361789
2783,0.420071675523023,0.276525957329676,0.118675370588151,0.0807684818750204,0.0664927789744274,0.0374657357097026
2784,0.0658156806918506,0.235252478715829,0.0605211242096156,0.110672376731854,0.432315823200898,0.0954225164499528
2785,0.00101741103291734,0.00498405194390822,0.0223450455403874,0.0161156318748422,0.402845585991284,0.552692273616661
2786,0.0158168130734942,0.119342649789012,0.0622779742224926,0.0529900378788554,0.489674289274649,0.259898235761496
2787,0.003889850680605,0.027304317245709,0.078511566282328,0.0179672022664956,0.185954442140675,0.686372621384188
2788,0.0193689010674906,0.0662776554968514,0.142942828520149,0.0292003955361572,0.127274793349656,0.614935426029696
2789,0.0639494032634264,0.0803895738403224,0.268699639297374,0.0792458265484497,0.202897037820064,0.304818519230363
2790,0.150956134083118,0.15211710041859,0.0451065121116549,0.0860584549899804,0.38358584437462,0.182175954022036
2791,0.176129098127867,0.0678813757635329,0.0266205183372743,0.572015602086745,0.123449546948876,0.0339038587357052
2792,0.461413839123115,0.28324804124366,0.0367178174727245,0.0794834366680759,0.116153970665345,0.0229828948270788
2793,0.00523824931573679,0.0541540054683011,0.0345216576747466,0.0158681899043312,0.4745227422001,0.415695155436784
2794,0.479809492068113,0.163510989480399,0.0549733246736322,0.125798868326611,0.141036417142053,0.0348709083091916
2795,0.339818128205317,0.124416529663332,0.0321526033514676,0.411304488232196,0.0812160901940578,0.0110921603536294
2796,0.00125790264870935,0.0111784863014413,0.087499736076189,0.0190561805408118,0.122949605817321,0.758058088615528
2797,0.059460866150846,0.0745434105231079,0.0796471235979506,0.1054870028588,0.170988210792067,0.509873386077228
2798,0.0106302470216415,0.217998454641299,0.25277530050903,0.00530064617474946,0.287327555657949,0.22596779599533
2799,0.180319317973712,0.15354047106874,0.371413118366142,0.0192189484482226,0.10159838841058,0.173909755732604
2800,0.00700431250209303,0.0153075742632254,0.0360493996289925,0.0234199390235941,0.154326858911689,0.763891915670406
2801,0.00775677337015469,0.0346528490504092,0.0154107447549544,0.0226793422592126,0.480596189414056,0.438904101151213
2802,0.0140618910938648,0.0714883161871165,0.0532411691134374,0.0399683717299237,0.426319521290504,0.394920730585154
2803,0.0925497631650689,0.506938983970288,0.124058160415517,0.0230119187023701,0.156986133805779,0.0964550399409771
2804,0.0168314441536306,0.0649486461354787,0.111729258144262,0.0283180907877071,0.39345201559908,0.384720545179841
2805,0.360776352690791,0.13762006216277,0.248614486002143,0.0896199897282104,0.0938523641446286,0.0695167452714569
2806,0.0871673363071935,0.0573315878124046,0.0613602334016665,0.283447621737804,0.311454608812306,0.199238611928625
2807,0.116723305738827,0.182572627878329,0.187728281899458,0.0989644326418412,0.164707267702552,0.249304084138994
2808,0.00837084239696761,0.0441961151558873,0.0539064091979043,0.0225934156008831,0.257642144268021,0.613291073380337
2809,0.0484069907022628,0.102160733051939,0.432312295383628,0.0385615869688768,0.0572937010786119,0.321264692814682
2810,0.0100438854294823,0.0415954871802643,0.0634031084424881,0.0905072037165257,0.415451180652697,0.378999134578543
2811,0.00469451911531811,0.110310877815234,0.136725925296361,0.0180703312055514,0.437390166738276,0.292808179829259
2812,0.409965552264864,0.336328562423084,0.0952875778063542,0.0643310166580205,0.0639271945811974,0.0301600962664804
2813,0.197818925636089,0.122966250455624,0.133963514198249,0.15319931490108,0.27696030102644,0.115091693782518
2814,0.0194967082062122,0.276020968955415,0.204733883416091,0.0256534920017887,0.171071693841367,0.303023253579127
2815,0.0206889920711767,0.0654629821696032,0.120929133456293,0.0531441302868962,0.159173821744701,0.58060094027133
2816,0.209826646168834,0.159501609439374,0.331889407595669,0.0888756432072682,0.156902858496299,0.0530038350925561
2817,0.0881086183790746,0.387312133686681,0.10351688209492,0.0670160996726207,0.245742837780644,0.108303428386061
2818,0.247421743950197,0.33464348466041,0.203517719149225,0.0453427914917574,0.0918617079618673,0.0772125527865435
2819,0.404502368288678,0.346488211527503,0.0792662393633294,0.0494951916860545,0.0989314745873717,0.021316514547063
2820,0.424925877817331,0.233648547621426,0.254068802599018,0.0315747813277701,0.0402091425227576,0.0155728481116971
2821,0.00227603358613575,0.0313619126404416,0.00929651201242131,0.00674680979171638,0.407377485061936,0.542941246907349
2822,0.161590601455415,0.190489881460872,0.249218702510464,0.0656288180381397,0.203785392207282,0.129286604327828
2823,0.0395468388318483,0.112298157861045,0.112213853359218,0.0797104168171843,0.258001021747549,0.398229711383155
2824,0.0340511801838653,0.10217390975365,0.193269716112637,0.0448913025269182,0.3151794226393,0.31043446878363
2825,0.00314785113146811,0.0142379863115337,0.155760164559755,0.00915397525582053,0.0152683841132118,0.802431638628211
2826,0.0305052127012915,0.174639194614144,0.0499778123084428,0.0494106018825125,0.53369338507247,0.161773793421139
2827,0.0902032256987941,0.492702586265734,0.176541279020001,0.0171770642473745,0.1248373618699,0.0985384828981972
2828,0.0120029039727875,0.107214924835994,0.136275241843169,0.019814649801879,0.459594687065431,0.26509759248074
2829,0.039116449979482,0.0315897488586508,0.0430157270675799,0.207871104438411,0.57175462661082,0.106652343045056
2830,0.00324427839485707,0.0229649197692205,0.118097057784021,0.0286304270250353,0.166827941007419,0.660235376019447
2831,0.341942555014563,0.418842956900035,0.0852335451603266,0.071184869198978,0.0549004841856305,0.0278955895404665
2832,0.031637375491703,0.282918393744025,0.215590559169538,0.020416129257225,0.302034191226313,0.147403351111196
2833,0.237238604535169,0.119469540063462,0.111465173267334,0.197237913697659,0.183574850815893,0.151013917620482
2834,0.00842648587838708,0.0569209731411623,0.101919079605965,0.0160440456848764,0.209785559537032,0.606903856152577
2835,0.203369860753064,0.256287264094769,0.0477638074295673,0.102525075347912,0.295283005640674,0.0947709867340135
2836,0.019119537293893,0.0547104024681154,0.0530945893024157,0.0830938458331357,0.302906480717233,0.487075144385208
2837,0.0360511700963118,0.237581913694855,0.320145402323811,0.0504037202787304,0.16566875017442,0.190149043431872
2838,0.255031741009256,0.229593300966438,0.217147998901363,0.0902525687741352,0.0685275970765491,0.139446793272259
2839,0.0853414473587689,0.175844971596777,0.150293360502414,0.122985295127746,0.262434847188617,0.203100078225676
2840,0.132924846296339,0.079679526759575,0.118550758304583,0.311023830675412,0.132276994140369,0.225544043823722
2841,0.349876609676118,0.165608176581748,0.0879483182976173,0.108477547043281,0.185592015537057,0.102497332864178
2842,0.00726414211415965,0.0352326563354119,0.0206544698401618,0.0258960838971375,0.547247373882876,0.363705273930253
2843,0.0644160399208796,0.0868505453072109,0.0485441135968902,0.00439181454432444,0.649811371802514,0.145986114828181
2844,0.0337575507641197,0.145931654073464,0.468045447593098,0.0113778349353152,0.0615706112570877,0.279316901376915
2845,0.207080186525147,0.498451939919499,0.0872230220969207,0.142845809881545,0.0544956758148866,0.00990336576200212
