"CUS_ID","F20-","F30","F30+","M20-","M30","M30+"
2501,0.0397832288034658,0.525468794769866,0.112660549982918,0.00965859492266405,0.105218699071886,0.2072101324492
2502,0.123105538294105,0.283014493418008,0.0940592359805514,0.121877176521524,0.233672730367893,0.144270825417919
2503,0.0156194944390551,0.772111636061796,0.0203701144886887,0.0217799080031723,0.122123767649158,0.0479950793581303
2504,0.647034531260975,0.0725104468070502,0.066606230865092,0.127127491212252,0.0510290943448214,0.0356922055098094
2505,0.116942941269779,0.219784312532197,0.138829359083623,0.0759764349309097,0.106417525585997,0.342049426597494
2506,0.00794868042895337,0.397186128229001,0.0955847777309644,0.025832982886718,0.152907793041361,0.320539637683002
2507,0.0147449265405632,0.027067502352433,0.13313580352386,0.0421516577007731,0.157597287138837,0.625302822743534
2508,0.0103355431536496,0.0670608977853167,0.0298306188914545,0.056836604246753,0.461823238544653,0.374113097378173
2509,0.0956873449185924,0.0538537576346553,0.259532800218656,0.0938245480769805,0.102263162510715,0.394838386640401
2510,0.0159867734649461,0.069967180910559,0.0671447613972753,0.0338485922005378,0.310693627153593,0.502359064873089
2511,0.870665894444726,0.0551857277722595,0.0201292487223053,0.0358831928734611,0.0123767991998714,0.00575913698737661
2512,0.032056650868732,0.117397451076453,0.035403130236665,0.127287896167097,0.550129759014204,0.13772511263685
2513,0.0135088320780433,0.014564510078157,0.0244606591799816,0.0315772548166287,0.450450511338064,0.465438232509126
2514,0.0635732317460022,0.763427781741513,0.0231884795146243,0.013852145393932,0.0995051256492101,0.0364532359547183
2515,0.0118244999161708,0.0297483101660275,0.032112845109427,0.0185744966237793,0.171261718326556,0.736478129858039
2516,0.0672094628565967,0.0568748117913826,0.0460237789826769,0.187635723449675,0.508398688604639,0.133857534315031
2517,0.0115934430961715,0.647212986725016,0.0604170876185952,0.00860231952643095,0.0825801809258673,0.189593982107919
2518,0.41947611553512,0.309146675988575,0.119829935910313,0.0622338601500318,0.0399876682534994,0.0493257441624605
2519,0.038561847601258,0.922782555188059,0.00741622238069343,0.00317065952920813,0.0148559638238842,0.0132127514768976
2520,0.0256139741556996,0.0274604114722145,0.0257750452604814,0.0976634137283898,0.633275022219423,0.190212133163792
2521,0.0108029308927433,0.0665879115733607,0.279520908153717,0.0404013357929153,0.120788985273896,0.481897928313367
2522,0.300990232950057,0.158205715423849,0.199671652366299,0.0866873878095902,0.0979609480610464,0.156484063389159
2523,0.0323503125729794,0.585732726020755,0.0398461241502372,0.0132899479685678,0.140285471363221,0.18849541792424
2524,0.014693564542732,0.116346959737563,0.379504876179224,0.0682444834826297,0.0786347201746418,0.34257539588321
2525,0.0548153160749089,0.0704465088587468,0.0843682327575562,0.27024280441883,0.367517308414188,0.15260982947577
2526,0.205249719728537,0.357427004997766,0.0473249057795869,0.0732287560599123,0.198510563070841,0.118259050363358
2527,0.661943846637695,0.0994368076351867,0.0592160792967571,0.0366625444710529,0.0619619591604508,0.0807787627988572
2528,0.00996577712023353,0.0148964357255329,0.0521439016299062,0.040497509592859,0.130131283471856,0.752365092459612
2529,0.117100414724524,0.231734239295891,0.228351517668568,0.0894644136257658,0.124275730863003,0.209073683822248
2530,0.018725982055915,0.0250355127608083,0.247397746503534,0.038878251343676,0.119575343670943,0.550387163665124
2531,0.0248597415927269,0.21613661063186,0.0835026749125546,0.0989045960132566,0.319019593919707,0.257576782929895
2532,0.0310722923396536,0.284788548846869,0.164120378640966,0.0379313637199969,0.139242241191447,0.342845175261068
2533,0.00321844199379446,0.00738722243052973,0.0566092112852248,0.0118723813109545,0.0503997527028131,0.870512990276683
2534,0.197621483480327,0.116022484129172,0.169101706036293,0.269663821101889,0.108207844117539,0.139382661134781
2535,0.0615618641989328,0.125702096066775,0.258487632574138,0.0421213412201144,0.126935671249537,0.385191394690503
2536,0.123349183809849,0.297088629103908,0.0944508459346862,0.0615518617781681,0.15495690139961,0.268602577973779
2537,0.0241523953144258,0.899611927766015,0.0288485234425055,0.00342368621950291,0.0260984579714104,0.0178650092861403
2538,0.269385812568556,0.0851580399875316,0.0544249055039299,0.100957371414393,0.280526311964874,0.209547558560715
2539,0.278071533785149,0.316244324703616,0.20733677387982,0.0372320608031267,0.0763609663353358,0.0847543404929528
2540,0.200576296659814,0.0690888946510898,0.0459904454202684,0.181346671719647,0.425426378761652,0.0775713127875289
2541,0.0965006395803927,0.0643319096772521,0.0282357141343553,0.390754374120286,0.387934897734633,0.0322424647530807
2542,0.0435862753317018,0.649809866316279,0.0234578433457141,0.0478828710468398,0.186103253372831,0.0491598905866348
2543,0.0193644854182672,0.0382931429600145,0.110371581802467,0.0147758623707851,0.119817452951379,0.697377474497086
2544,0.0887296511930064,0.136344316645304,0.224163571654548,0.203034255667006,0.151408821841518,0.196319382998617
2545,0.0610835925532009,0.469581357228172,0.0873161994475607,0.0333450377502634,0.164400383322019,0.184273429698784
2546,0.0381457435261091,0.0688472905325502,0.0635165845207191,0.152649260596335,0.578644880377202,0.098196240447084
2547,0.017054479791276,0.0776328877780334,0.634557347848459,0.0278528782539222,0.0557476627627487,0.18715474356556
2548,0.0554804301538552,0.0559342864926818,0.0735887032939444,0.184712430921906,0.544654593849469,0.0856295552881438
2549,0.0173081446866527,0.0652566263738828,0.0294341834561903,0.0333703357909248,0.271515638507669,0.58311507118468
2550,0.00657732909245615,0.00913953377778483,0.02745184920936,0.128240003135127,0.582200342826181,0.246390941959091
2551,0.378176084398611,0.154769771760322,0.0372490805868729,0.190089801750733,0.154481998003709,0.0852332634997527
2552,0.0884660762838253,0.327424714990958,0.300539465988098,0.0219599918934263,0.112998117888411,0.148611632955281
2553,0.5120871509956,0.238248090619353,0.0337890945540588,0.0568844253170843,0.121559149063955,0.0374320894499486
2554,0.180806891494406,0.351421340494595,0.104417523567829,0.0874054318615467,0.189218755514573,0.0867300570670503
2555,0.0223275456604078,0.167080347454855,0.168314664401931,0.0672352310335673,0.367846803952656,0.207195407496584
2556,0.0605707333646396,0.327278217880089,0.376465256273759,0.0333973639149182,0.0755701979854361,0.126718230581159
2557,0.542224619293346,0.104915898159162,0.275990038791658,0.0317634445777933,0.0266492734992618,0.0184567256787792
2558,0.0283331420833261,0.0728459473655163,0.748165462025562,0.0389333134840849,0.0392391869150005,0.0724829481265107
2559,0.0769782896856027,0.548809821488277,0.157556825035807,0.018407798104729,0.0729408500828792,0.125306415602705
2560,0.0171887311578281,0.156650237276933,0.122409346640287,0.0279783716182453,0.16513228393625,0.510641029370457
2561,0.0178367534592371,0.0922469287375681,0.287171163014969,0.00933139915808145,0.141097456968925,0.452316298661219
2562,0.23168501505622,0.336507116259776,0.0374094078322356,0.0732054026793683,0.255980294882345,0.0652127632900561
2563,0.62151587961602,0.0778097764590203,0.138732591021031,0.0539613447590452,0.0648936105216849,0.0430867976231979
2564,0.119874709249729,0.0598661523838965,0.0863058290445215,0.47545552656908,0.138127437191088,0.120370345561685
2565,0.0545260984844742,0.14423904022351,0.115246043349576,0.0647737689551705,0.197050903390985,0.424164145596285
2566,0.0236191760655287,0.0528967180964783,0.182061894857963,0.0775766995184601,0.251855566492996,0.411989944968573
2567,0.0319833632970765,0.183401525530326,0.136849035058859,0.0311819712991679,0.138530233577876,0.478053871236695
2568,0.0241522026112839,0.0770016098302411,0.0655936866612226,0.0276298492979625,0.270990938869084,0.534631712730206
2569,0.0898759551585625,0.137910496095272,0.144778597293431,0.0245612481165623,0.099251177942376,0.503622525393797
2570,0.0248488093095357,0.712384550185253,0.0763435414350431,0.00646326073115317,0.048740199337182,0.131219639001833
2571,0.0495156317120887,0.0893829807442431,0.0263851434550126,0.161697848648048,0.479752178607687,0.193266216832921
2572,0.0751168311716868,0.053611019096147,0.309510755273289,0.0649085563269864,0.124367157214308,0.372485680917583
2573,0.0454564899072109,0.205238843689888,0.0674092406717672,0.0213255340481214,0.181375619510233,0.47919427217278
2574,0.0259886839912859,0.0550970594799588,0.0301013675564716,0.182664190735901,0.576609564228615,0.129539134007769
2575,0.0131485969952598,0.0150852400302923,0.0190796516382963,0.0694402895980122,0.720057197319062,0.163189024419077
2576,0.3921794905026,0.365735068146836,0.125109097284595,0.0555797395938218,0.0196244581012084,0.0417721463709388
2577,0.028719556582078,0.298303852020549,0.421948666364432,0.0221155553150481,0.0874630023388615,0.141449367379031
2578,0.00399972674442006,0.00921436421123102,0.025849224237495,0.00872498457499788,0.0925511076681603,0.859660592563696
2579,0.419746979659928,0.158412712442463,0.120450818901134,0.0814200893437016,0.131941464914915,0.0880279347378587
2580,0.0333290682253129,0.416719389819218,0.115522514222627,0.0136332370335984,0.137900491789992,0.282895298909252
2581,0.00290285799720899,0.0221528416924116,0.0593786638536707,0.0253140510201565,0.222058180099664,0.668193405336888
2582,0.398672244698577,0.330435683636854,0.0899139149972149,0.0318268238143634,0.0777643281637936,0.0713870046891977
2583,0.181985705298039,0.464546958050564,0.187017273107823,0.0237908705151711,0.0473504183916178,0.0953087746367861
2584,0.280292618956587,0.489047023574971,0.0863837301928823,0.0478636319198457,0.0542041183951491,0.0422088769605642
2585,0.0152412097300865,0.0619673660058475,0.0400618906239622,0.0731107638051542,0.50983366937475,0.299785100460199
2586,0.0308042571879853,0.215854664067177,0.0536237200719977,0.0186962460177005,0.142339068154582,0.538682044500557
2587,0.20856794724949,0.0484819733875363,0.0322281919185788,0.258872297927006,0.357708109306955,0.0941414802104334
2588,0.022017725033483,0.0155480250836369,0.0150342352378136,0.144597008769542,0.730626931748912,0.0721760741266123
2589,0.148645461316451,0.1327179974486,0.0505950105085357,0.167345655593811,0.423123180633464,0.0775726944991376
2590,0.0349876615734131,0.089966131630783,0.13567031745946,0.15201322139043,0.283413318049995,0.303949349895919
2591,0.0710512558292746,0.165155927396387,0.499289073815449,0.0174468116107367,0.0510812919209209,0.195975639427232
2592,0.00623061046682083,0.00933053002432029,0.0074761597836982,0.0751671905358968,0.842121493839154,0.0596740153501103
2593,0.180202240794148,0.167806868601406,0.0698461113702728,0.0896393050670822,0.347235838308337,0.145269635858754
2594,0.047621992116059,0.106822725175387,0.0582417922086569,0.055834626590092,0.269211481081431,0.462267382828374
2595,0.19675681192271,0.0750865398440586,0.233552755200715,0.291670728046265,0.129740096770887,0.0731930682153649
2596,0.809887505393974,0.0467760802537673,0.0101396545598221,0.0968271167115036,0.0296879181533744,0.00668172492755849
2597,0.0151985534990069,0.0513153484549962,0.274478830403078,0.0287531086950084,0.102698164816307,0.527555994131604
2598,0.0217281416138175,0.0966819160139095,0.0643443188149093,0.0180769165664004,0.157728662502253,0.641440044488711
2599,0.27794942273481,0.364988877671282,0.0330275423160703,0.109008311025902,0.15983842746756,0.0551874187843756
2600,0.00583850128136249,0.0408019107097272,0.0724133879327057,0.032904904789988,0.638321578227806,0.20971971705841
2601,0.0209885517182003,0.0635152446392554,0.218716162325273,0.017810614153633,0.0908715072066382,0.588097919957001
2602,0.0462731746850411,0.14330032604968,0.124759916211894,0.0407603509117251,0.186894085208905,0.458012146932755
2603,0.0284310507460148,0.722838850091824,0.0244847601075917,0.0188974828249942,0.134151184497813,0.0711966717317627
2604,0.0682139913978053,0.0508445724873772,0.399646709346158,0.259859789290909,0.0963862525283892,0.125048684949362
2605,0.000780928178854854,0.0303544652215359,0.157005876818188,0.0317176400816861,0.293520340065797,0.486620749633938
2606,0.03451928954402,0.097181890517818,0.190814075371401,0.0397428386307458,0.120408214339245,0.517333691596769
2607,0.0327079461276809,0.0396717748780798,0.0776567475132614,0.071189594541651,0.193897452670833,0.584876484268493
2608,0.285494502305392,0.213683504766652,0.0568808018471173,0.134957471246678,0.150857207697682,0.158126512136478
2609,0.0159391568456058,0.0262845722144598,0.0319964802572472,0.130583443876057,0.609421336734462,0.185775010072168
2610,0.0934396241312499,0.260796043898613,0.0733924637777084,0.170514441516023,0.261904232019616,0.13995319465679
2611,0.0469298331653287,0.244879422126719,0.314092084762845,0.0614236788793785,0.0812861914486279,0.251388789617101
2612,0.0452947915203822,0.207235689280399,0.139972725161392,0.0568388104415822,0.183422519089902,0.367235464506343
2613,0.699359129070439,0.187556060209657,0.0155811246453756,0.0460073814946739,0.044321068915202,0.00717523566465335
2614,0.0844699472696884,0.161788219145503,0.097551915843892,0.0936210106662572,0.291889757348134,0.270679149726525
2615,0.657275678325156,0.142693531653643,0.0697102494025553,0.0464662310507739,0.0527786714483132,0.0310756381195587
2616,0.0160912269486542,0.0488582071195276,0.0926858906932109,0.0978308708248519,0.325085993081822,0.419447811331933
2617,0.510578765526869,0.314524902516319,0.0684426979435696,0.0208321839339346,0.0644074827640361,0.0212139673152719
2618,0.108947033345682,0.0904553333992514,0.0699645775559948,0.119055653396431,0.361559624285527,0.250017778017114
2619,0.0123739700737441,0.0111377692110399,0.014749113816738,0.0729140015740682,0.690753986307053,0.198071159017357
2620,0.039270948765631,0.177964172976063,0.343751337463909,0.0512938243712616,0.19431338835565,0.193406328067486
2621,0.0574283028144536,0.12560744099028,0.0278184592485335,0.117921997735231,0.579630801250646,0.0915929979608559
2622,0.00320753616134185,0.004796818607099,0.0185731710278163,0.0104908658753105,0.0732919925482847,0.889639615780148
2623,0.541943088311034,0.221311276339239,0.0261552597878083,0.0811181264713902,0.104832858357898,0.0246393907326311
2624,0.00898503177083446,0.0503717321657206,0.181101785388621,0.0207366953351464,0.0928783428902798,0.645926412449398
2625,0.247225586663139,0.315918738606037,0.318552389690119,0.0364058589366084,0.0350947885849416,0.0468026375191547
2626,0.00662736494245608,0.0151253620429969,0.0331955900693895,0.0134546848043092,0.119667110356155,0.811929887784693
2627,0.132210091115797,0.227381930736545,0.400179969242632,0.0300400605240809,0.0725927266779082,0.137595221703037
2628,0.182911027970947,0.394913315681487,0.028127606676617,0.154910429644541,0.181994150822709,0.057143469203699
2629,0.0203625600607622,0.201864830156713,0.0772815997472443,0.0271108777478214,0.21693576058505,0.456444371702409
2630,0.196819048010312,0.058994194094617,0.107153963649339,0.0838099019941975,0.224375664690109,0.328847227561425
2631,0.0274404458137791,0.361447507212193,0.214596193809607,0.0269642981136524,0.156410527593499,0.213141027457269
2632,0.0129493546496042,0.0267625287900166,0.0693828327942545,0.0322087323024707,0.202661956853183,0.656034594610471
2633,0.0930322342137369,0.453544418170888,0.116497008229075,0.050604173591497,0.145985728637489,0.140336437157314
2634,0.03294532868942,0.150316090689779,0.225657276076511,0.103342116452535,0.166359833442813,0.321379354648942
2635,0.0697935600966053,0.244733894028339,0.10750919533588,0.0917729295726771,0.273288416687646,0.212902004278852
2636,0.0948438791263574,0.0628874073737454,0.144151448628841,0.259773386030892,0.237105751260074,0.20123812758009
2637,0.0243955788525901,0.0578074318059393,0.0235472812384893,0.0868905621367962,0.65377777034983,0.153581375616355
2638,0.0653201246694154,0.0472961480066669,0.105405398663189,0.300824211650075,0.185677802376454,0.2954763146342
2639,0.197883836606171,0.0567149841192629,0.0685664308224498,0.197535147767857,0.372538432413365,0.106761168270893
2640,0.0254517515279314,0.0423221315640071,0.0581711111298304,0.029998638721073,0.120735108385797,0.723321258671361
2641,0.494466386943921,0.104533592861286,0.132508283300559,0.0808233189945473,0.10790308406251,0.0797653338371771
2642,0.0114917306148786,0.088253765409842,0.118081680966191,0.0238928437351876,0.199633463941733,0.558646515332168
2643,0.511158966076036,0.320795906736742,0.0123601473718162,0.0622452069648648,0.0729101476594221,0.0205296251911185
2644,0.0102080364114958,0.27723926436156,0.0670788896535048,0.0230255579679702,0.22738250329228,0.395065748313189
2645,0.0717931650606543,0.0407972580608859,0.033717535756522,0.115100314507047,0.46503439952687,0.273557327088021
2646,0.00823390100807605,0.0413656791413611,0.163772636383943,0.033063430972939,0.100575923212401,0.652988429281279
2647,0.0506815728198914,0.0571855127080992,0.080744467967621,0.0841848716819032,0.315376330537901,0.411827244284584
2648,0.107203866512045,0.180946262833728,0.639067495399969,0.0102539042275476,0.0183195446997587,0.0442089263269521
2649,0.0307724251592275,0.0474358378711753,0.0716984270777442,0.060550626014061,0.179434427402948,0.610108256474844
2650,0.0672207964363729,0.036959942944516,0.201224721570155,0.110384875053521,0.145586283832965,0.43862338016247
2651,0.0124826813865769,0.0418935313795543,0.0476434159769808,0.0727903981163147,0.392080704770742,0.433109268369831
2652,0.0249707128206054,0.115302156520101,0.101540626221942,0.0494969347557184,0.357435064956145,0.351254504725488
2653,0.262603308470637,0.26358272079055,0.0571467773855488,0.0837130101511146,0.148979071850028,0.183975111352122
2654,0.007058302203346,0.0346287230490316,0.0550923778615445,0.0247345335082094,0.125591450678051,0.752894612699818
2655,0.768885100826435,0.125371530608266,0.0121587064416479,0.0347410553908286,0.0496872991913562,0.00915630754146568
2656,0.0294585407034511,0.110302764457186,0.0585924466679184,0.0487856556242044,0.428718900445371,0.324141692101869
2657,0.0168068536473154,0.0637580073768779,0.209410604731202,0.0216583394234263,0.109774498703183,0.578591696117995
2658,0.122873953922436,0.0794853232886243,0.101341120011027,0.366660880096407,0.236305837885975,0.0933328847955312
2659,0.493031271136881,0.105960665273563,0.0371157680219322,0.271482571316551,0.06103491533612,0.0313748089149532
2660,0.0161959833808483,0.0407014232123424,0.062900054782035,0.0280131379430652,0.230158269063877,0.622031131617832
2661,0.0210539728136025,0.056106800632402,0.212841989707232,0.0307531354342447,0.097912259755072,0.581331841657446
2662,0.0145924260822137,0.0770624112924897,0.157481464272218,0.0353698607317289,0.138348120542078,0.577145717079272
2663,0.0211988338806765,0.0483312528869348,0.074361847485881,0.0457616088839928,0.18431877892924,0.626027677933275
2664,0.0467286213354975,0.197127525950971,0.0428789264259156,0.0718742092816807,0.443545664590353,0.197845052415583
2665,0.285130736086249,0.275081454457289,0.21112888760935,0.0568738705825702,0.0986999511827935,0.0730851000817483
2666,0.00379050556467336,0.0137659806546842,0.0973899069242543,0.00703990883056253,0.0290448784022189,0.848968819623607
2667,0.0647718089501167,0.191887565641195,0.355353351407055,0.0441315168837631,0.157947183654028,0.185908573463842
2668,0.0107799816367977,0.078780135667696,0.314920249561905,0.0160563326399832,0.087154145139369,0.492309155354249
2669,0.112413824719263,0.355099717009055,0.133018555024393,0.0298456715440106,0.0851171194585861,0.284505112244693
2670,0.0215835439008976,0.0626317722722097,0.195920463272515,0.0432761018969035,0.150326116215518,0.526262002441956
2671,0.0297162573311278,0.0881667183527632,0.142338102653828,0.110636515449746,0.241672815220147,0.387469590992388
2672,0.0150510737556086,0.0480433914689638,0.158743347522141,0.0262739844865528,0.12470307848547,0.627185124281264
2673,0.275598136405464,0.218833291406283,0.070185096242386,0.120665907070189,0.210149363424077,0.1045682054516
2674,0.0131936550981964,0.0395631822010972,0.079322884227208,0.0606637085428641,0.314251051662424,0.49300551826821
2675,0.840025127220148,0.0995237322465314,0.00436812805765924,0.0356103828298236,0.0164080896860597,0.00406453995977813
2676,0.0365289785481361,0.0711847639866487,0.100385046989075,0.13515842607259,0.37125942583033,0.28548335857322
2677,0.0494041409399393,0.095000905803383,0.299498022328487,0.123982099573771,0.26027069844093,0.17184413291349
2678,0.0374263021410807,0.105038470379472,0.318610673647614,0.0659885752750863,0.243403429802486,0.229532548754261
2679,0.006906293384249,0.0129600311782488,0.0171171733691354,0.0276728637778484,0.321711646074017,0.613631992216501
2680,0.0818483011207227,0.0837223402410915,0.302374785531045,0.393017518144767,0.0791935822554267,0.0598434727069475
2681,0.0161373177710868,0.236830892477898,0.153551750032926,0.0165991845968068,0.231466008560226,0.345414846561056
2682,0.0157296737838395,0.0210791993540813,0.0852198658677994,0.135562192302426,0.207497635541325,0.534911433150528
2683,0.641527487996386,0.109795477580926,0.0131859830169143,0.154163834615588,0.0709452432473534,0.0103819735428327
2684,0.0162543440551965,0.0463726576985556,0.044656381686045,0.0797322850329534,0.399850096154573,0.413134235372676
2685,0.0920447232454198,0.0523061243107984,0.367469825891667,0.0498735568281398,0.0758943984858285,0.362411371238146
2686,0.0256113087789197,0.0928402051762232,0.0862915894184101,0.0351241436599194,0.112652449173789,0.647480303792738
2687,0.31655778388595,0.274773288800746,0.0968414451174469,0.138676794354984,0.116515458514592,0.056635229326281
2688,0.0138818919249424,0.107072739903785,0.0631757790370348,0.113225914667355,0.490412525172951,0.212231149293932
2689,0.155780855746087,0.530494489942547,0.0838420372046016,0.0637288304808385,0.107991103473554,0.0581626831523715
2690,0.023310456376851,0.0296166266963432,0.053886690269418,0.236471421482051,0.466012917101639,0.190701888073697
2691,0.049659949805184,0.195957227484417,0.171519391680823,0.0521882105983798,0.240276105233756,0.29039911519744
2692,0.227725382586216,0.148731577536165,0.22024833456026,0.0423685394381023,0.162884839527023,0.198041326352234
2693,0.0487539160504695,0.0668908678255774,0.104534447868554,0.0461007306913486,0.150036287309475,0.583683750254575
2694,0.0049627974819479,0.0101479400800926,0.0196524743020684,0.0528716969230926,0.416530387392857,0.495834703819941
2695,0.678810976825993,0.133052893825469,0.0310558114384987,0.0747858837059116,0.0592303274929088,0.0230641067112192
2696,0.0336147202260871,0.120909475682998,0.353333913104397,0.0296731393749356,0.069895181061284,0.392573570550299
2697,0.164402899039995,0.271164885713224,0.223949236710662,0.046588715058477,0.154476096601057,0.139418166876585
2698,0.0140136583415717,0.0397191262557994,0.302727196137083,0.0244442643090061,0.286951517971904,0.332144236984636
2699,0.0123022072804834,0.209913122602393,0.609390318407791,0.00349368197729541,0.0231001056626802,0.141800564069357
2700,0.00683886886662082,0.0665341214168515,0.0425277971786827,0.0118072570382771,0.23194060750645,0.640351347993118
2701,0.0123809180349248,0.0486348983074365,0.11887988339963,0.0455533368638527,0.171454649676766,0.60309631371739
2702,0.513377070394055,0.151800062853867,0.140728725683611,0.0511290852456648,0.0627605942705354,0.0802044615522666
2703,0.178230742135166,0.070923996287351,0.134387380923983,0.161999081945368,0.283243238719798,0.171215559988334
2704,0.0885621120407277,0.243658842758203,0.489801201579317,0.0247148529990369,0.0506453407875049,0.10261764983521
2705,0.0136219536598677,0.113227521218567,0.487453287786064,0.022378540312779,0.0682049112736118,0.295113785749111
2706,0.0167735483567507,0.0426558964167373,0.280941794864616,0.137895980972823,0.246412096798416,0.275320682590657
2707,0.0113564858238065,0.0195464227878581,0.0141276809617946,0.0576315362411359,0.786143344760244,0.111194529425161
2708,0.376983746393561,0.231623752634401,0.0823499058806036,0.123913244354479,0.144729601424246,0.0403997493127098
2709,0.0419859778796554,0.267275872473822,0.444303225518231,0.0180904715019266,0.0682405834541826,0.160103869172183
2710,0.07457156590865,0.0359630874769296,0.346661519019821,0.0453265065110368,0.0404874865973524,0.45698983448621
2711,0.294703151751534,0.100514809626378,0.0621769971171307,0.119019522600115,0.238022398290042,0.1855631206148
2712,0.206756082366452,0.082221237941269,0.0695973029058332,0.393385481632467,0.182294155716149,0.0657457394378301
2713,0.042074783358164,0.14555639187593,0.370965257392303,0.0805854837537677,0.104750335718829,0.256067747901007
2714,0.0133633467579955,0.124007000734164,0.416603720494189,0.0137361041318013,0.11339901244278,0.318890815439069
2715,0.0161930036595548,0.0953813108023305,0.401083056413411,0.0289525809849682,0.189895968828025,0.268494079311711
2716,0.0397904126960154,0.0485638545057753,0.0322644547401255,0.0671485124293147,0.434794336753885,0.377438428874884
2717,0.015278910169425,0.0280852993032741,0.0634644213048662,0.0488821946512243,0.248476022947932,0.595813151623278
2718,0.0480107358436727,0.0541510549346458,0.238287447478242,0.0787875385414282,0.138603381669292,0.442159841532718
2719,0.0269522679942288,0.0910724163378211,0.135966860715202,0.0511365713857248,0.25623188761239,0.438639995954633
2720,0.299271012389261,0.0895095904215447,0.121418616087529,0.0983544584071455,0.212242209257091,0.179204113437429
2721,0.0278077372274821,0.0760062466537946,0.153302386807228,0.0599051538819049,0.264525936401794,0.418452539027795
2722,0.306299537122618,0.461212566066205,0.137698322499038,0.0112880506130429,0.051228238852532,0.0322732848465639
2723,0.0425654841797448,0.326979729675654,0.307822435365353,0.0297111928422212,0.0845324612809581,0.208388696656068
2724,0.658568383294076,0.132615767810541,0.0346610862807592,0.100941788919393,0.0615579651170633,0.0116550085781675
2725,0.518112842989288,0.370226944174627,0.010872084652286,0.0648429846273552,0.024769663609691,0.0111754799467531
2726,0.0365133055006054,0.115776932866998,0.0761733305453684,0.106657213337282,0.568412642525284,0.0964665752244628
2727,0.00774974134620253,0.0460557241778206,0.0444613994786467,0.0529254770835923,0.31754692251615,0.531260735397588
2728,0.0465885402410705,0.0591906603007726,0.296812320808309,0.0605754207810041,0.10560759626679,0.431225461602054
2729,0.26556189193955,0.29120857488017,0.0440420673373971,0.0996013936874068,0.207699305221392,0.0918867669340833
2730,0.00650125847615691,0.0316051013886579,0.0606310632390355,0.0437174636815666,0.25222465342976,0.605320459784823
2731,0.1223769240537,0.188316952373982,0.10032347021881,0.161587133021624,0.320491373898901,0.106904146432982
2732,0.0187984748804319,0.0689932315374753,0.325065599462292,0.0202607943405152,0.0916546163060719,0.475227283473214
2733,0.0271502224217834,0.118492371899637,0.126685903785753,0.200934185645026,0.416775447839579,0.109961868408222
2734,0.00703965804773113,0.94429904641835,0.0145495081209779,0.00136962533403238,0.0136156954339146,0.0191264666449939
2735,0.0335549286199026,0.392328088892899,0.182653731017663,0.0165433804796943,0.108907390495691,0.266012480494151
2736,0.0570912638430707,0.0920224360370089,0.0619119006170359,0.281222643054854,0.427925304275164,0.0798264521728669
2737,0.116001637711375,0.131683207730228,0.343042918117012,0.0131162767696306,0.196669875666941,0.199486084004813
2738,0.0202365886889546,0.0866684511304098,0.097486817737211,0.039621484300078,0.144857359498777,0.61112929864457
2739,0.443966590850636,0.367305477165608,0.0473432280648016,0.0370398378303054,0.0742813802491,0.0300634858395498
2740,0.290352769497127,0.232613427462202,0.125637594174027,0.0823677920855634,0.138915910007921,0.13011250677316
2741,0.148896464166913,0.256885504517297,0.204205492507238,0.0572940797756326,0.161165670791106,0.171552788241813
2742,0.0412001582504064,0.107907275315458,0.0692803513773026,0.101338029095253,0.433121089610113,0.247153096351468
2743,0.353643911590857,0.150083637318087,0.12521137333847,0.136079626642191,0.128997716073257,0.105983735037138
2744,0.0132642676144882,0.0686362839316526,0.0309265294139095,0.157462341483216,0.606842416293997,0.122868161262737
2745,0.00153470002537779,0.0128797489979615,0.352137831372305,0.0731054164965769,0.358003840736976,0.202338462370802
2746,0.0242772428485284,0.0854358226089965,0.168477554784656,0.0396066754515673,0.129695225596123,0.552507478710129
2747,0.0187871870193837,0.0263579322947448,0.0198805707886934,0.0578138708132876,0.636037198271248,0.241123240812643
2748,0.00972796478758428,0.0410873632671141,0.0449597264814729,0.0560270422407132,0.655919160390683,0.192278742832432
2749,0.235676533238071,0.261143910058331,0.0442570580209285,0.202492473747462,0.155029945957849,0.101400078977358
2750,0.0193235117142903,0.0992750620517838,0.214747011453002,0.066185723229692,0.179167553786977,0.421301137764255
2751,0.157519679428184,0.129101927436947,0.0542339665270167,0.207320129220284,0.397708302254461,0.0541159951331077
2752,0.0808872890505839,0.125045414569765,0.215526788685577,0.0906416599512347,0.130086874528581,0.357811973214259
2753,0.0348932177428795,0.0913681341214164,0.0590299537328151,0.120696835397057,0.561359156079453,0.132652702926378
2754,0.0204866992134671,0.349728090812572,0.0499636023162231,0.0236365075054123,0.399469043087618,0.156716057064708
2755,0.00205875331177325,0.00523723755763107,0.0241208442442994,0.0113213535476472,0.208054446398797,0.749207364939852
2756,0.0064333484318109,0.0167250772146763,0.133145031342051,0.0197151912593401,0.0713496893370316,0.75263166241509
2757,0.0268237153559877,0.331231984798299,0.0607846945140045,0.0404037035229376,0.234323092712968,0.306432809095803
2758,0.0489700009492975,0.324362198106227,0.185721660381872,0.0273850245151922,0.203078119209135,0.210482996838276
2759,0.0272947621135119,0.261398159403102,0.0648497161370336,0.0162133964308398,0.132112556400872,0.498131409514641
2760,0.515193287264703,0.18477928857138,0.0681416399294979,0.152407241400447,0.0624159458432148,0.0170625969907579
2761,0.117650407610178,0.080008904449208,0.0712306551126544,0.250619432517414,0.393876086884181,0.0866145134263647
2762,0.00858975410569603,0.0526619150088052,0.0648506433990259,0.0201677243669416,0.330415864140563,0.523314098978969
2763,0.0732458860014318,0.199750892128141,0.210385256295537,0.0448141956805438,0.173497980680125,0.298305789214222
2764,0.0190690327553753,0.0227570757412265,0.111482776192357,0.0315853263389689,0.0982813575257309,0.716824431446341
2765,0.0331479222249706,0.193716542377662,0.299154350658278,0.0238760728170412,0.125252861529861,0.324852250392187
2766,0.0592024229550723,0.182337821579406,0.134050017566211,0.0351755685232045,0.276960385654734,0.312273783721373
2767,0.00467308276210087,0.00500588362544216,0.0155366235707137,0.762555437340666,0.107642371939721,0.104586600761357
2768,0.0292634987414127,0.156370833482424,0.47717884618132,0.0176180000315474,0.0589756317832819,0.260593189780014
2769,0.0766448572199751,0.545292239680938,0.044830139373991,0.0856008578811357,0.174229179808828,0.0734027260351318
2770,0.00677894822438775,0.0318082721367234,0.106181738934083,0.0192621066253165,0.195402838577089,0.6405660955024
2771,0.0213591359311211,0.11049867369938,0.48168445511828,0.0169445985104686,0.0561500569268093,0.313363079813941
2772,0.0203103198272051,0.0351468823224145,0.121063585624302,0.263298334232619,0.301486285079402,0.258694592914057
2773,0.0586637027975259,0.375506146143118,0.153110249988413,0.0185633836410749,0.228117609453137,0.166038907976732
2774,0.0625201843737045,0.697602401753793,0.0546493120044028,0.0142219187361772,0.110262689589499,0.0607434935424235
2775,0.00383371727434009,0.0142275880633733,0.111459356788478,0.0133204992296346,0.0850499697493805,0.772108868894794
2776,0.0140579260240889,0.0519115096168057,0.103878275399147,0.0494633599194503,0.18899073390248,0.591698195138028
2777,0.00366806172601621,0.0236444213134402,0.0867929050365649,0.0172508064759727,0.147498844781499,0.721144960666507
2778,0.273355398078387,0.0950310441459204,0.180660110253292,0.114346470866724,0.117420337448615,0.219186639207062
2779,0.0397765521185779,0.0282168016482087,0.282465393804562,0.180648080494876,0.164786589693833,0.304106582239942
2780,0.0452882584076388,0.136727638227127,0.444881087108654,0.0782736397988269,0.0867882592523726,0.208041117205381
2781,0.0115446463287836,0.0122916718472951,0.0497355956032206,0.138514250237699,0.494054201996486,0.293859633986516
2782,0.0146823714605609,0.0269986837608906,0.230370004126012,0.0288383339269951,0.117163671317986,0.581946935407556
2783,0.573120128403787,0.196434358645297,0.0758663511156424,0.0737598549131615,0.0522662759576405,0.0285530309644712
2784,0.0845107185242935,0.207474904942017,0.0604469383869588,0.104634514460723,0.360694396688263,0.182238526997744
2785,0.00299223084448716,0.00503320573025192,0.0196995022938193,0.022573293274697,0.322439701430011,0.627262066426734
2786,0.0255104750181718,0.191591163179017,0.0832510023148924,0.0832839182998191,0.390061813273925,0.226301627914174
2787,0.00924894738559911,0.0213901330895818,0.0616238605230058,0.02179013924168,0.121195665274688,0.764751254485446
2788,0.0302013449822598,0.0907285308182418,0.180847197574923,0.0476563153161618,0.122406388669211,0.528160222639203
2789,0.0434368640525463,0.105102881297667,0.384248625548079,0.063385806011745,0.151131288476024,0.252694534613939
2790,0.23348689470463,0.185515272209605,0.0532130758037221,0.0882056311589137,0.273314080976595,0.166265045146534
2791,0.323786921842561,0.0889262682187666,0.0333075491509788,0.311398316345804,0.206090560100237,0.0364903843416527
2792,0.560900545441031,0.241769695553968,0.0192705461593153,0.0606113339429223,0.09693611305623,0.0205117658465328
2793,0.011920118991811,0.0646630975712876,0.0657734304991795,0.0265687297786681,0.341533915511922,0.489540707647132
2794,0.456256785381144,0.165235041375695,0.0375896862102686,0.140311261042057,0.162141027246982,0.0384661987438542
2795,0.55032572290758,0.132458888995248,0.0327070725146549,0.191597312669908,0.0765617049958267,0.0163492979167826
2796,0.00373500968923001,0.0136410203285094,0.0698944788911333,0.0262395182390436,0.147378716714078,0.739111256138006
2797,0.0981230969792658,0.10017184809987,0.111765575179615,0.09888286150882,0.167803481314541,0.423253136917888
2798,0.0141498825586124,0.454772216906782,0.212771906185566,0.00622477397084,0.130255720365585,0.181825500012615
2799,0.268279449223849,0.144092129384621,0.351154920646769,0.0166682565980982,0.067766668191426,0.152038575955237
2800,0.0121354367009086,0.0130083767397357,0.0389722777513118,0.0165201314128452,0.101134387385054,0.818229390010145
2801,0.00945831849124887,0.0237740417739437,0.0178886400817592,0.0278016156540112,0.411839392682942,0.509237991316095
2802,0.0158904058479072,0.0743968316666576,0.071767967862956,0.0420834579178236,0.356448802941475,0.439412533763181
2803,0.0632032644163212,0.681981022903019,0.108492918452146,0.0158118925474947,0.058379921585211,0.0721309800958079
2804,0.0291913787224847,0.0770101036643302,0.147909085290258,0.0338128273231378,0.284254646119764,0.427821958880025
2805,0.456957406670668,0.115692845833464,0.195929551165117,0.0712503691153715,0.0855827179368841,0.0745871092784954
2806,0.0370551748385851,0.0339616344466056,0.0529460333707452,0.336559073786447,0.396928539941348,0.142549543616269
2807,0.141561747767865,0.195668899909182,0.23292035531453,0.108641660389752,0.132324316530359,0.188883020088313
2808,0.0154112319558398,0.0289402093311398,0.0434414758293812,0.0277848996843147,0.157052043163165,0.72737014003616
2809,0.0441641374221367,0.13663459970665,0.547451367040032,0.053616644904659,0.0503272535910135,0.167805997335509
2810,0.0117516904878546,0.0298993938654475,0.0506867159078101,0.0801923100126247,0.391298568155969,0.436171321570295
2811,0.0101185610521234,0.113178782573279,0.115982811432944,0.0206207606994767,0.355686866713401,0.384412217528776
2812,0.54588897489793,0.319292301312809,0.0531155778987022,0.0284842026090637,0.0308316973011659,0.0223872459803289
2813,0.358456520874772,0.0938569443405349,0.086745097580901,0.135317271156023,0.263552114309752,0.0620720517380162
2814,0.0249798293211773,0.380789556616006,0.142230672939967,0.028146335993637,0.109991607890059,0.313861997239153
2815,0.0179057073296797,0.0504487338632948,0.110259711352709,0.0490252990475249,0.152761728723192,0.619598819683599
2816,0.215767104811331,0.189070254786464,0.287777838052545,0.13410308893933,0.132390429616676,0.0408912837936535
2817,0.0812580471432985,0.569338620811003,0.0610593563535934,0.0622654867617554,0.118275718636084,0.107802770294265
2818,0.247448112176957,0.455668664604651,0.172104261874279,0.0214113670561118,0.0375508082776657,0.0658167860103357
2819,0.308759756552913,0.472705682375789,0.0618763137099427,0.0303286852607942,0.0893162019559225,0.0370133601446386
2820,0.51368536925273,0.235055052035514,0.163860896296664,0.0313199228245798,0.0396177775592946,0.0164609820312173
2821,0.00577957901242057,0.0405950612334994,0.017414904729369,0.0141217717889387,0.256318762289213,0.665769920946559
2822,0.194219218634152,0.302939987210345,0.202179320875153,0.0524207246102918,0.113338832516251,0.134901916153807
2823,0.0235741389490756,0.0779702694103263,0.126915527109506,0.0605895491469014,0.191409030725298,0.519541484658893
2824,0.0317085334817876,0.075223386672352,0.22521467707952,0.0621797256127103,0.235134919940131,0.370538757213499
2825,0.0127880668883321,0.038449817604236,0.306451022911708,0.0213587931088653,0.0341857413323453,0.586766558154513
2826,0.0573372893560502,0.174678106650336,0.0670298882425265,0.0916053584164536,0.406862893336358,0.202486463998276
2827,0.0654276664468691,0.691472880325862,0.118744949188563,0.00734947238742786,0.0448408591087803,0.0721641725424984
2828,0.0220737023052585,0.128096593558676,0.13371941844215,0.0241612595611355,0.27225252819784,0.419696497934941
2829,0.0329170409743834,0.0323942129237649,0.0645691042194345,0.172198835452084,0.613680379715663,0.0842404267146702
2830,0.0111448166566154,0.0274445480747057,0.149078737873188,0.0712842915799432,0.155988887637066,0.585058718178481
2831,0.39782040989607,0.407918904677597,0.0807053101493345,0.0503579967862534,0.0364058410746643,0.0267915374160807
2832,0.0288052087439771,0.511991147818933,0.145120083010475,0.0210862194626597,0.144958041576277,0.148039299387679
2833,0.313127104625906,0.0967623963209837,0.11384687827388,0.159499296934156,0.210513195250849,0.106251128594225
2834,0.0117073390155974,0.0630941867889344,0.121104120559407,0.0199485196326334,0.141413504271222,0.642732329732206
2835,0.115151628456779,0.345983461819924,0.0676526131458491,0.0779976478127592,0.226468691027155,0.166745957737534
2836,0.0333414046329825,0.0815212163362557,0.0790545863191674,0.118207946821602,0.304717854570914,0.383156991319078
2837,0.0241344168814509,0.262768337375463,0.352649417841441,0.0495178824603107,0.134167483858161,0.176762461583173
2838,0.365187958574983,0.223257472537392,0.193765866891611,0.0811133608771496,0.0611059566879516,0.075569384430913
2839,0.0567514956262538,0.151443898524796,0.199215969990999,0.163368274346408,0.205228130986873,0.223992230524671
2840,0.168295500343025,0.0600915541349722,0.0833816451708522,0.353333793681434,0.185189315472484,0.149708191197232
2841,0.334991811407175,0.164042654403825,0.0900117244712399,0.0559209675824444,0.163632937170375,0.191399904964941
2842,0.016326304734405,0.059377196402794,0.039680424260461,0.0279862890540013,0.395338561518187,0.461291224030152
2843,0.05548181600493,0.120217821233283,0.0948335649994895,0.00685403329495683,0.508052716094057,0.214560048373284
2844,0.0418775017356571,0.238981297561476,0.351108940665926,0.0262666537721775,0.0696920320004283,0.272073574264336
2845,0.334279481146691,0.489989725192662,0.0596834461329172,0.0862229954454889,0.0239265438525596,0.00589780822968159
