"CUS_ID","F20-","F30","F30+","M20-","M30","M30+"
2501,0.0645298368820914,0.526630423239873,0.111395112703359,0.0141012001250619,0.149126415625768,0.134217011423847
2502,0.112026789604354,0.17361695290838,0.112862253388645,0.0977847005727152,0.311321737057973,0.192387566467933
2503,0.0310342235581503,0.565203551085354,0.0331485836542873,0.0353878884310787,0.26069473632439,0.0745310169467394
2504,0.426059317145171,0.144359219527936,0.104370536705447,0.143134278791154,0.0821724708152032,0.0999041770150882
2505,0.0914882175221648,0.187018978595948,0.136596665948302,0.074287489267604,0.16829422266524,0.342314426000742
2506,0.00695093273421715,0.324061715797726,0.0746800232731814,0.0197447574614321,0.25332098012428,0.321241590609163
2507,0.0068465609809415,0.0266194748626095,0.102837214284769,0.0290822319506872,0.218123917868956,0.616490600052036
2508,0.00720596575420948,0.047005696292861,0.0241137981374965,0.0392858392347889,0.537297556271658,0.345091144308986
2509,0.065755736230562,0.0432314306813648,0.218929340536169,0.0443360724446125,0.0873409814271121,0.54040643868018
2510,0.012099389264809,0.0736588086645163,0.0720760682437022,0.0185415944368009,0.281830435887716,0.541793703502456
2511,0.552170091058097,0.187813600839392,0.0656867430518231,0.115987517852822,0.0453818588356961,0.0329601883621695
2512,0.0269500719608536,0.136285458969227,0.0320906923718803,0.105470361457924,0.606498876827388,0.0927045384127266
2513,0.0134028987177418,0.0330165298361159,0.0456916271609238,0.0251139505865723,0.420265123925965,0.462509869772682
2514,0.0837049734728874,0.587701456070418,0.0411839400700915,0.0228654107682277,0.213607653189127,0.0509365664292484
2515,0.00798464089205517,0.0399235043109439,0.0433653542715596,0.0208162388600304,0.231449099162928,0.656461162502483
2516,0.116213519911893,0.0999129972756984,0.0540644000096197,0.209821486470672,0.31536572172643,0.204621874605686
2517,0.040266189060278,0.458168079593942,0.118203467013626,0.0276137407011549,0.172081901007221,0.183666622623778
2518,0.268861138147341,0.26481184189623,0.152098888684713,0.0799322852767683,0.11567245481254,0.118623391182407
2519,0.0922826505903332,0.817990651473094,0.0150226993105341,0.0113190257238072,0.0444572881252554,0.0189276847769757
2520,0.0339967143799661,0.0509884852406844,0.0200449642208447,0.119571905184246,0.587238154119679,0.18815977685458
2521,0.00713066877135088,0.0467832001765077,0.187536842421835,0.0218404375153723,0.111216184322993,0.625492666791941
2522,0.323652293612298,0.19242757451454,0.147737265222276,0.107942687686751,0.103492258319519,0.124747920644616
2523,0.066139771867474,0.476845777520355,0.066670542446483,0.0217792640767702,0.245818291978774,0.122746352110144
2524,0.0295475735024168,0.11187701873636,0.332202844937217,0.0824084904120715,0.0827922057471197,0.361171866664815
2525,0.148803871209634,0.137347160694987,0.0743047134288764,0.23110433689927,0.282965097428143,0.12547482033909
2526,0.136754606296704,0.214299852170266,0.0725137608590114,0.069245357925258,0.317135745911163,0.190050676837597
2527,0.461300168302222,0.117974687482261,0.100637421754898,0.0768025695135014,0.106417837946202,0.136867315000916
2528,0.00981500420879152,0.0225349010461136,0.0590440440029123,0.0504630016781383,0.19611746248069,0.662025586583355
2529,0.0512005894026492,0.136793017728039,0.214403751487097,0.0428334220300686,0.149034929846968,0.405734289505178
2530,0.00529398017149056,0.0183333922192181,0.156601193667824,0.0165467421903174,0.101940936988514,0.701283754762636
2531,0.0372344530463161,0.2142307521965,0.0887727612733242,0.138716110288698,0.344500016512664,0.176545906682498
2532,0.0644739814358413,0.229362540563418,0.154234084624156,0.0541920536912484,0.181385051192957,0.316352288492379
2533,0.00129691741502159,0.006719030512888,0.0605360399403357,0.0092099643080615,0.0719462418201854,0.850291806003508
2534,0.138309233869613,0.121454101937635,0.138384120833368,0.292271645797057,0.15495916161381,0.154621735948518
2535,0.06664880344765,0.125233960910402,0.259088798738908,0.0381803785535688,0.154321217192522,0.356526841156949
2536,0.176743539397286,0.229847832853044,0.0873208175050983,0.0912427212916473,0.211661022882865,0.20318406607006
2537,0.0469497794953984,0.811317863869041,0.0434297861513301,0.00980728185785559,0.0631774272329372,0.0253178613934379
2538,0.179731279060389,0.0823116120388319,0.076210465917043,0.107179868050029,0.292039009502743,0.262527765430964
2539,0.236218843323384,0.258052509228816,0.186160191210098,0.0583041281490104,0.136172770965684,0.125091557123007
2540,0.310366662325172,0.0821618866072315,0.0359788321461486,0.182980519609121,0.297144213764408,0.0913678855479184
2541,0.0950532819033216,0.0609674183671825,0.0215946658747772,0.522778337437455,0.265708713820616,0.0338975825966474
2542,0.0495154854729005,0.438288628670274,0.0239932141917249,0.0516161987011858,0.387767707902083,0.0488187650618319
2543,0.0127788888687191,0.0302480583346012,0.0797228515012261,0.0116297435428871,0.237853445108908,0.627767012643659
2544,0.14744244422517,0.149869802116017,0.201125426377179,0.160367693273164,0.126178955275326,0.215015678733144
2545,0.0485486924844476,0.282777611756047,0.085070972750055,0.0457912602504521,0.311235126574773,0.226576336184225
2546,0.0577095044980727,0.0736076233664274,0.0556064393969813,0.189383924463247,0.521391933010588,0.102300575264683
2547,0.0230019757295113,0.0801778343340656,0.523046292033815,0.0253490371094651,0.0831281543673164,0.265296706425826
2548,0.0513035400133618,0.0445433771782031,0.0620130112868405,0.134379192598185,0.581880378421706,0.125880500501704
2549,0.00971006213573219,0.0695851597930414,0.029244256335211,0.0297559201440795,0.331406201676535,0.530298399915401
2550,0.014720572538516,0.0263742909535913,0.0248866892874016,0.192177553181341,0.526915815428198,0.214925078610951
2551,0.316300151327681,0.155445363881541,0.0452482061895199,0.21780103876521,0.155812781770911,0.109392458065137
2552,0.0885171295729999,0.330007984468958,0.190072842427473,0.0228613285747989,0.221948605868518,0.146592109087253
2553,0.476752687058631,0.160160382102007,0.0664241290527247,0.0960231366901013,0.158640252915336,0.0419994121811994
2554,0.153085393669729,0.187864724293186,0.0919699392154984,0.0912008263862058,0.35880969154429,0.117069424891091
2555,0.0149058160502424,0.136947553280029,0.0761137067206344,0.0362843273218637,0.554947932539892,0.180800664087339
2556,0.0695855295148494,0.243130266367138,0.399434280392143,0.0327042859866647,0.140763810795306,0.114381826943899
2557,0.316889711657753,0.167531427112632,0.377796163000932,0.0468443226300538,0.0548204647357061,0.0361179108629224
2558,0.0242810356872194,0.0562189504946792,0.793608999300964,0.023147852695002,0.0368442964201728,0.0658988654019628
2559,0.108926129306118,0.436396428884072,0.0982705324162124,0.0297167133398095,0.14658662744406,0.180103568609728
2560,0.0107233084164399,0.149324708712742,0.0755295317475799,0.0250223060061686,0.284656730740558,0.454743414376512
2561,0.0166839455937234,0.0678850394094803,0.245849227077569,0.00815778769900753,0.233600950538165,0.427823049682055
2562,0.229437085711586,0.320400905030295,0.0476109464180157,0.0882938457295717,0.27578469261785,0.0384725244926819
2563,0.427549476500697,0.123928584283735,0.167097937364027,0.0699305615139264,0.108251902706815,0.103241537630799
2564,0.084599469540841,0.054399960010407,0.0837557321609951,0.527694137276651,0.0975144018089269,0.152036299202179
2565,0.030643461670754,0.116685978837079,0.089340218563225,0.0567336012142438,0.220302428958887,0.486294310755812
2566,0.0112291259824632,0.0332532624061205,0.138079112781355,0.0670457059834491,0.301246647504915,0.449146145341697
2567,0.0482882596250797,0.208662879940581,0.145009666032191,0.0371552380789553,0.196096895275411,0.364787061047781
2568,0.024313391002386,0.0633044317307731,0.0627506866133982,0.0249864772848653,0.399454633222458,0.425190380146119
2569,0.0461844642493493,0.0932922095660906,0.123914816859156,0.0215225596488727,0.163005289994955,0.552080659681576
2570,0.0451085003484441,0.668386683089793,0.0786155648495434,0.0124499586424418,0.0755286537078458,0.119910639361932
2571,0.0531221604331734,0.128057814253515,0.0313331635518057,0.137063510712503,0.449167851256262,0.201255499792741
2572,0.0742355935794658,0.0905774514789032,0.298649917171244,0.0992459141171643,0.121941686666805,0.315349436986418
2573,0.0427017151093014,0.194192792680562,0.0906721457442995,0.0240103119516423,0.323441319311215,0.324981715202979
2574,0.0513792769940404,0.0628128117849752,0.0299738911710933,0.32396768718013,0.449840454348895,0.0820258785208659
2575,0.0227068548737779,0.0446871117755854,0.0260343433639836,0.10190092482946,0.634931104534279,0.169739660622914
2576,0.362029488991728,0.245580311818123,0.153331846190595,0.101850349371766,0.0565701524680833,0.0806378511597041
2577,0.0544381934201002,0.22922334751196,0.285176725482407,0.040802993877171,0.208065064536804,0.182293675171558
2578,0.00212553977301547,0.0144428469583157,0.0326052859073842,0.00673544890913524,0.13586920026256,0.808221678189589
2579,0.337718451225114,0.198803732145789,0.154727489924099,0.0786371143829298,0.135268992376785,0.0948442199452835
2580,0.0498416232724781,0.381783668723154,0.150816628218173,0.0155713493853074,0.185314252663883,0.216672477737005
2581,0.00222858377557508,0.0184712326499892,0.0629088555112221,0.0236659678103954,0.270540393950343,0.622184966302475
2582,0.229962072565684,0.308573664866048,0.123867756887403,0.0508752762376372,0.183191064454641,0.103530164988587
2583,0.155463950031818,0.432714439103868,0.146325970151587,0.042848173792983,0.0872219717786978,0.135425495141046
2584,0.220958776697622,0.41725243704515,0.101718925894079,0.0642475009072844,0.14123399271596,0.0545883667399052
2585,0.0127583209542101,0.0488275337338593,0.0299297680328299,0.043493439251649,0.555712013175945,0.309278924851506
2586,0.0445806781851798,0.208053582708375,0.0811477146921274,0.0317706677343763,0.23490239092468,0.399544965755261
2587,0.26743161081986,0.0668362679435737,0.0350041559131624,0.300639430812425,0.224809187096813,0.105279347414165
2588,0.0562162354568477,0.0339239734439164,0.0160868735266238,0.251446089255955,0.495206656346196,0.147120171970462
2589,0.0994549915474027,0.096417154001497,0.0319505724219229,0.179733368048917,0.480289586456269,0.112154327523991
2590,0.0379883212656006,0.108096317523187,0.162158217835137,0.150012690839052,0.265064032517131,0.276680420019893
2591,0.0682145058580203,0.134508781555109,0.356306050889704,0.0177229290476479,0.0918983689668227,0.331349363682696
2592,0.0126852180106429,0.0219447854895197,0.0108064732560005,0.171098322308474,0.660574714777707,0.122890486157656
2593,0.293057710063,0.142221565966983,0.0624199245912538,0.0981308195932427,0.3234402135842,0.0807297662013218
2594,0.0522451332560809,0.138281986402801,0.0700059241983269,0.0433680720626952,0.326421490078478,0.369677394001618
2595,0.182058600801864,0.0974698865063006,0.228333505156761,0.269449565421191,0.113098581297188,0.109589860816696
2596,0.751923751833882,0.0743339760720995,0.0162723329818654,0.118038573913673,0.0314879042417158,0.00794346095676362
2597,0.0118337292967985,0.0414576326544449,0.181473078329279,0.0186838029729888,0.111640166892463,0.634911589854027
2598,0.0176697858044967,0.106109693274493,0.0704924061608315,0.0192689840977786,0.274188719420613,0.512270411241787
2599,0.290876681126605,0.229501256292927,0.0407681995241812,0.171940904455864,0.19112352506477,0.0757894335356533
2600,0.00429450806951446,0.0461555879398816,0.05230869949649,0.0202898586939492,0.743176452982823,0.133774892817342
2601,0.0365475386084666,0.0493642954780484,0.179668076918933,0.027224936029929,0.106137218297713,0.601057934666911
2602,0.0131630116334987,0.08673757035038,0.0921647081978174,0.0287199928327536,0.271567974306224,0.507646742679326
2603,0.0472416912657314,0.510420085311711,0.0446254143423582,0.0240198459748925,0.280130888219104,0.0935620748862031
2604,0.094023297230754,0.0922577621097921,0.355312334457297,0.138405664260583,0.134958918000087,0.185042023941488
2605,0.000547600042876909,0.0246828159591036,0.141173496775869,0.0140017838926852,0.246366298905982,0.573228004423484
2606,0.0573350939336379,0.11533280412876,0.184474175114138,0.0410676461118775,0.172711198494096,0.429079082217491
2607,0.0166556531025459,0.035508260671387,0.0778521177874029,0.0393517594066258,0.208113872326514,0.622518336705524
2608,0.233899520590404,0.19581408106658,0.0691311273786797,0.149725097177514,0.190923112183593,0.160507061603229
2609,0.0378211935225336,0.0619802205298137,0.0575513688296341,0.16566284834105,0.371753890046227,0.305230478730742
2610,0.0962575152327177,0.171796908890022,0.0616366548021465,0.136064936929134,0.349607758707268,0.184636225438712
2611,0.0358535147082375,0.10747240492342,0.227840353265045,0.0417082145669257,0.122875673398222,0.46424983913815
2612,0.0524965845925724,0.224712124116845,0.134740500500763,0.0403863374724244,0.211736787570796,0.3359276657466
2613,0.586718062861415,0.203522475212323,0.0286895567247298,0.0765843636122489,0.0902847507849841,0.0142007908042987
2614,0.0868433024760197,0.13035603394726,0.108379223199172,0.0798399599837107,0.308173941817867,0.286407538575971
2615,0.430371011596205,0.191548010289126,0.144073087795706,0.0491828358223231,0.0824357598939665,0.102389294602674
2616,0.013158405775112,0.0490838973892702,0.0727589675281786,0.0882652259957441,0.427804695663057,0.348928807648638
2617,0.286427567560076,0.321311201665641,0.199185109239368,0.0306363063214724,0.106973171464839,0.0554666437486036
2618,0.0628038516866595,0.111999516876257,0.082702948693596,0.0722754394327996,0.357980306327881,0.312237936982806
2619,0.0351917146756325,0.0378572863863057,0.0239283267471109,0.168190287181975,0.473040312990721,0.261792072018255
2620,0.0331939663915476,0.13565618968837,0.247883183363417,0.0319661896626658,0.298136820438122,0.253163650455878
2621,0.0275459889209094,0.10287333567395,0.0256229811643261,0.129813531794656,0.624108241098236,0.090035921347923
2622,0.00131565444341648,0.00634948262756003,0.0144572397666023,0.0103314608481103,0.0949778604501533,0.872568301864158
2623,0.28930171535021,0.183702883633701,0.0429355321812243,0.121615597857391,0.296104546970714,0.0663397240067594
2624,0.00710359949714796,0.0402222479922994,0.112199457246942,0.0167205169188024,0.105149229925665,0.718604948419143
2625,0.144339024588917,0.319282724036329,0.399555800032314,0.0336856799249931,0.0521533480499774,0.0509834233674695
2626,0.00525739668793996,0.0162766409782501,0.0411185346312202,0.0172681004079579,0.162146228482622,0.75793309881201
2627,0.0946960418014922,0.184832207355362,0.330617030375265,0.0245692509233746,0.121216311183038,0.244069158361468
2628,0.126462648639564,0.174312601615604,0.0333820988842065,0.255991879639728,0.322921843537603,0.086928927683294
2629,0.0153855093262377,0.131027222923654,0.069525194813261,0.0302512093466837,0.403399645751113,0.35041121783905
2630,0.20162273452588,0.0748428550607545,0.114350989554815,0.0944983861361549,0.224928872666465,0.289756162055931
2631,0.0398304272655882,0.263609695474855,0.178412602284867,0.0240188800462407,0.277725537618774,0.216402857309675
2632,0.00891880373270442,0.0244584089739149,0.0537930771023363,0.0182650046744945,0.128353775024662,0.766210930491888
2633,0.107569235143443,0.272927359337164,0.124848825818661,0.0549099776685409,0.280919812015414,0.158824790016778
2634,0.0236911926433748,0.11436356340077,0.184395839023151,0.0545850432654906,0.191853627514206,0.431110734153008
2635,0.0713923002384072,0.202932318172333,0.10787961702827,0.0512940835376156,0.353710721817886,0.212790959205488
2636,0.0523558983906708,0.0730775409276673,0.109153589502213,0.123290508025091,0.259166967263018,0.38295549589134
2637,0.0462573778277832,0.109228489721828,0.0243013640808379,0.0705113987138785,0.598375408120484,0.151325961535189
2638,0.0819210571022817,0.0775396372621402,0.0982024703909817,0.335169645608302,0.136709850008229,0.270457339628065
2639,0.094216211408226,0.0517342920495498,0.0631322145963331,0.398880123282084,0.253781320316005,0.138255838347803
2640,0.0101607763535893,0.0299544863304206,0.0484328163051411,0.0176739608662711,0.136008451171326,0.757769508973252
2641,0.388562793592923,0.127323919017203,0.131217866595594,0.102278805350374,0.139211137639672,0.111405477804234
2642,0.00847511123324889,0.0691121189086754,0.114397361967819,0.0196347439280673,0.253539197312779,0.534841466649411
2643,0.44401295624515,0.28028068522343,0.0278488414145452,0.134363704345386,0.0841239246610935,0.0293698881103944
2644,0.00493525828191108,0.0934131996788751,0.0580302717279404,0.016428656662189,0.272662779666532,0.554529833982553
2645,0.0544319940064406,0.0476705269877102,0.0459210683003847,0.106658745053433,0.302978154409253,0.442339511242779
2646,0.00464039249880858,0.0333867712783538,0.137013996786003,0.0171228915327705,0.0858278113410642,0.722008136562999
2647,0.0458053586036309,0.0739412329947377,0.0897796147721362,0.110489413998866,0.35576148403897,0.32422289559166
2648,0.156815437385947,0.206399839358146,0.553806503610798,0.0116981788323088,0.0269264889453847,0.0443535518674147
2649,0.0341647920726053,0.0589366835969513,0.0830793616409595,0.0398651308572626,0.254266283445129,0.529687748387092
2650,0.0614895873286919,0.0296530177553743,0.166785564408152,0.0625635504392068,0.127008501161491,0.552499778907084
2651,0.0163787785077267,0.0896026007505079,0.0587734976184791,0.065937822727173,0.425360488719091,0.343946811677023
2652,0.0169920910983879,0.099672838664567,0.0758304985057153,0.0259406430108648,0.456265913348921,0.325298015371544
2653,0.140082222478846,0.195058870686095,0.0845152887204883,0.159741752144284,0.198113891240932,0.222487974729354
2654,0.00435669833199278,0.0377619425242747,0.0522886475014129,0.0213510760366862,0.161442099254374,0.72279953635126
2655,0.61528376056761,0.13188865398707,0.038362306499327,0.0870313641038747,0.106407072822378,0.0210268420197399
2656,0.0160213948989568,0.0467344272050397,0.040763119167758,0.0239640002244494,0.499283413343969,0.373233645159827
2657,0.00796745773848168,0.040052844455627,0.128799598769833,0.0111372271023617,0.0797089916003669,0.73233388033333
2658,0.0951158776548211,0.138833694342941,0.13523264903658,0.326659848841795,0.185713589873848,0.118444340250015
2659,0.26682017951711,0.103640354977554,0.0379524259486965,0.471712958994957,0.0787352468100416,0.0411388337516411
2660,0.0111574219467139,0.0404833041719916,0.0786594341493617,0.0187248544090899,0.318303163575703,0.53267182174714
2661,0.0096901996352095,0.0347487694162024,0.138940183073938,0.0272701428256741,0.0890956065498132,0.700255098499163
2662,0.00779423378795861,0.0607787532155342,0.105504893319965,0.016758745953932,0.130343205260862,0.678820168461748
2663,0.0157146013983004,0.0488692315857149,0.0741694245354341,0.0476716517453546,0.325774846477758,0.487800244257438
2664,0.0507559123698253,0.165718989784397,0.0356758607810942,0.0640246052988143,0.533517574307224,0.150307057458646
2665,0.185686056903321,0.295823955791809,0.164423037493425,0.0512074198848675,0.177420964951723,0.125438564974854
2666,0.00157705454849596,0.00828487126060901,0.0926964684032506,0.00433527578723766,0.0220346627121971,0.87107166728821
2667,0.0657140496862857,0.152460371386613,0.387882319010055,0.0274446668711993,0.192599801827188,0.173898791218659
2668,0.00611006632388902,0.0601655645886604,0.318256491535519,0.00836465601721212,0.0778088493629009,0.529294372171818
2669,0.0850537194181138,0.255147093271013,0.179576474468978,0.0410113030417502,0.158301221404597,0.280910188395548
2670,0.00864777194524505,0.0430652229694652,0.133484025982988,0.02378167119528,0.167752653001822,0.6232686549052
2671,0.029831196705216,0.0911046717559313,0.0910565701701998,0.133410832428853,0.292227609229192,0.362369119710608
2672,0.0100437656814573,0.034964947035983,0.124785886288232,0.0155603636642805,0.144326293979478,0.67031874335057
2673,0.29831983728037,0.192676299072133,0.0998383560527664,0.122648255176061,0.206023932422358,0.0804933199963104
2674,0.0176531037745119,0.0612365891518996,0.0688222785132997,0.0911996474873037,0.347405218640139,0.413683162432847
2675,0.688733630308478,0.15277267161652,0.0148960825081317,0.0826715088607846,0.051522716980362,0.00940338972572361
2676,0.0242168850832287,0.066581211159127,0.0607135201244572,0.101341524922695,0.437687692557734,0.309459166152758
2677,0.0317052036505488,0.0772305543583536,0.222451178329059,0.0874876515178938,0.401221493006937,0.179903919137208
2678,0.048810036229025,0.155566637995581,0.24113370818738,0.0456234932626809,0.308345864750381,0.200520259574952
2679,0.0077226228075687,0.0198292695475285,0.0332925145035614,0.0327406128958426,0.386766371052119,0.519648609193379
2680,0.0649130560290892,0.0949243630217945,0.307712070205292,0.34569039530809,0.0895064547362091,0.0972536606995249
2681,0.0197353373086982,0.264716061502075,0.114155343995743,0.0159608449069189,0.405051119924452,0.180381292362113
2682,0.0121576650308202,0.0221887748801806,0.0811841555531172,0.190781980142789,0.207784797537733,0.48590262685536
2683,0.564004818811231,0.123738853408671,0.0227895561203963,0.204773254049086,0.0736123988511212,0.0110811187594941
2684,0.0125362047475982,0.0603072975640946,0.0290313551710662,0.0762166715238508,0.486588742518131,0.335319728475259
2685,0.0646256701435618,0.0382431736110141,0.228218787191616,0.0462047191568765,0.0912735169554024,0.531434132941529
2686,0.0125071388801389,0.0648668373743397,0.0886212239264529,0.0268622257491186,0.149244600176997,0.657897973892953
2687,0.369861944257157,0.203328713227135,0.0998353810361823,0.15082529174006,0.112930717868151,0.0632179518713145
2688,0.0215872664510593,0.161316362742631,0.0792111479746647,0.122518165030604,0.42587637039747,0.189490687403572
2689,0.205660877499213,0.422236349643453,0.0841384074473204,0.0744804966708598,0.171967520351646,0.0415163483875074
2690,0.0279440676840496,0.0590243744915096,0.0690666524211593,0.220138323029547,0.377224229160119,0.246602353213616
2691,0.0721001195259956,0.15801397641717,0.12182595924834,0.0637034953153029,0.368330362770293,0.216026086722899
2692,0.231068868598223,0.124751546950015,0.208963018022918,0.0404777125598489,0.212127729508969,0.182611124360027
2693,0.0761493875847086,0.0531375380157249,0.127666283760133,0.0464755877788054,0.178287276625017,0.518283926235611
2694,0.00649430017551555,0.0230023437783503,0.0268976356757332,0.0433197344442966,0.462548513022831,0.437737472903273
2695,0.480083025096603,0.163663081189362,0.0767900952288721,0.119404062655431,0.110594952338728,0.0494647834910033
2696,0.0232609779255755,0.0886946256353238,0.261922851701487,0.0200134875693256,0.107782279427684,0.498325777740605
2697,0.0843614854312738,0.189189307107486,0.225680060032572,0.0266180558811099,0.235569208552829,0.23858188299473
2698,0.00534127694982051,0.0231901573696802,0.216980149729429,0.0133960925379686,0.356840445230169,0.384251878182932
2699,0.00789022275606654,0.112454805241393,0.583859031303241,0.00308711677585032,0.0381054794165187,0.25460334450693
2700,0.00615036540449526,0.0592830311739128,0.0345662587021554,0.00816912574958093,0.386053642185207,0.505777576784649
2701,0.0112749214212077,0.0494749230931891,0.0865574476743331,0.0457311505304034,0.352276849247998,0.454684708032869
2702,0.343941229206521,0.182219801388518,0.225146316286914,0.040847787879781,0.0890312247960032,0.118813640442262
2703,0.20666108443256,0.0723719475447537,0.137754185122364,0.122239807621763,0.23735425137487,0.22361872390369
2704,0.0752425920837077,0.176512742093727,0.528374986996536,0.0241829689436361,0.0800584962779201,0.115628213604474
2705,0.0132302528480466,0.0942862432090069,0.284574735985713,0.0272174936642663,0.189030348656842,0.391660925636126
2706,0.0176807129256785,0.0451288753238386,0.337556159544528,0.0828292061969922,0.236476159089699,0.280328886919263
2707,0.00913283706444199,0.0342336056084744,0.0203782109944777,0.053979517883197,0.669542347310552,0.212733481138856
2708,0.378747624881781,0.231703411993517,0.0915436888387521,0.116918575019145,0.144042680230886,0.0370440190359185
2709,0.0771237920537905,0.200038716014401,0.371877633936112,0.024619014090463,0.111596615804974,0.214744228100259
2710,0.0939084318100318,0.0348113371328744,0.314986473682978,0.0459728474541659,0.0511704939601467,0.459150415959803
2711,0.0658097573824771,0.0799715899230097,0.0703066781229727,0.0855414735692122,0.36959040405576,0.328780096946569
2712,0.152310560546861,0.0789142578306507,0.107360368342399,0.376377097792209,0.152350378560384,0.132687336927497
2713,0.058925209796534,0.147601832662166,0.228621552226653,0.0679554292055116,0.138382723872148,0.358513252236988
2714,0.0122310819542908,0.104190826888119,0.331613326418623,0.0112138289007604,0.126282637227789,0.414468298610417
2715,0.0197869446839169,0.104424153639823,0.360352888891808,0.0259842056038972,0.262968304945089,0.226483502235466
2716,0.0565205443200933,0.108571121026656,0.0484355574475204,0.0474658959306477,0.383708770502822,0.355298110772261
2717,0.0252965966904909,0.0418553473915143,0.0674983427371452,0.0435831115442109,0.316676062486475,0.505090539150164
2718,0.037118205917973,0.0445551413341907,0.176450520455388,0.0523721634274763,0.155310973947903,0.534192994917069
2719,0.0246946354218171,0.126359531151498,0.113329023624793,0.045456205195937,0.393165999774347,0.296994604831608
2720,0.185301465808317,0.0977675442296086,0.213115396263177,0.0839201523366008,0.198141690800621,0.221753750561676
2721,0.0223221917312278,0.0892997973958747,0.144363954147161,0.0338921808992058,0.375877267080121,0.334244608746409
2722,0.233450435543949,0.388977085359202,0.211924507133693,0.0197643649691848,0.0995639991518478,0.046319607842123
2723,0.0406064943042282,0.206484007161278,0.309211417524008,0.0286190152672382,0.123787881173499,0.291291184569748
2724,0.549025770335022,0.150222596784755,0.0737798067476926,0.123649768023942,0.0690244181634526,0.0342976399451357
2725,0.53099681476285,0.254137002263004,0.0286117558364891,0.132028834290726,0.0369141622359517,0.0173114306109788
2726,0.0219927192217639,0.0700142532536086,0.0496838906830619,0.0543458379351777,0.718655312416011,0.0853079864903771
2727,0.00709418894888823,0.049062676497293,0.0511487335786606,0.0353609981394854,0.294551695151822,0.562781707683851
2728,0.0164385454978738,0.0282209983553762,0.145369848677323,0.0252358779771341,0.111713911007887,0.673020818484407
2729,0.1389131344068,0.273331516477439,0.0796217921379007,0.0860495505120539,0.300292700110763,0.121791306355044
2730,0.0035690293828633,0.0263942194872394,0.0462358037933116,0.0345996783983935,0.260548350638182,0.628652918300011
2731,0.172618972068805,0.203489706136618,0.097597312606392,0.147829745639419,0.273679592047008,0.104784671501757
2732,0.0176628998708617,0.0769331210338739,0.279199613356762,0.0157160627322647,0.0973811854873451,0.513107117518893
2733,0.0332647997594506,0.122413205879855,0.116004493267634,0.122251931205858,0.459659214404841,0.146406355482361
2734,0.0195837044810137,0.833742728270836,0.0252862821200709,0.00859001633261565,0.0633710127330739,0.0494262560623902
2735,0.0629741835100846,0.37903858492711,0.180814928866232,0.0309975116141884,0.134007705405756,0.21216708567663
2736,0.0690661177226855,0.0840236556699948,0.0521460024877323,0.45347146423655,0.253372632261235,0.0879201276218024
2737,0.152842701378056,0.125534595054512,0.368982962432995,0.013250579516914,0.207362244212098,0.132026917405426
2738,0.0422707452355664,0.136491346874477,0.129924252417224,0.0637565548348965,0.214733115299025,0.41282398533881
2739,0.229808409800457,0.343041990779898,0.131502299185502,0.0447988987975185,0.178137809387178,0.0727105920494463
2740,0.26921135167349,0.264538168726745,0.109480228777612,0.0656729196144985,0.17002774422434,0.121069586983314
2741,0.0811988895741258,0.223170955117015,0.190470894645585,0.0379887251819893,0.254117150612563,0.213053384868723
2742,0.0541026597756576,0.19348377138634,0.0737102298851639,0.0761105051055923,0.43567668159224,0.166916152255006
2743,0.2342754818121,0.175292384303946,0.135155710397963,0.111772120980283,0.168217505734284,0.175286796771425
2744,0.0232562828383947,0.128647243897512,0.0358379288728357,0.135134402873342,0.55240874604472,0.124715395473195
2745,0.00101660693571515,0.0100089948782733,0.317797531505413,0.0477570170781351,0.36490849931674,0.258511350285723
2746,0.0121502231223173,0.0643236830640643,0.117160462256025,0.0304592921869029,0.202142332739324,0.573764006631367
2747,0.0230876921583253,0.0558755720376163,0.0244596051687279,0.124848338682047,0.576777842882024,0.194950949071259
2748,0.00417496552936897,0.0455950820905986,0.0359318307132601,0.0317359128470502,0.628930223097337,0.253631985722385
2749,0.201323868880606,0.198934132344256,0.0759757081798511,0.241068110625555,0.16807317429408,0.114625005675652
2750,0.0164270484735714,0.0943071632712204,0.179069183337484,0.0571260350502859,0.243684261008758,0.40938630885868
2751,0.147020242858497,0.0967840569761508,0.0392248798456839,0.193279032717883,0.462172420050114,0.0615193675516712
2752,0.0462286691707175,0.0825359108068805,0.135706961030145,0.0412430621826397,0.124087116755984,0.570198280053633
2753,0.0286504007139063,0.110505699037609,0.0324101916781838,0.182886265638632,0.539518370009679,0.106029072921989
2754,0.0108963120248534,0.212541260722402,0.0326030745438206,0.0131399405070685,0.593576073775178,0.137243338426677
2755,0.00152404658504047,0.00820195364052385,0.0397825504138802,0.0113263203935706,0.328006590086643,0.611158538880341
2756,0.00336945946704085,0.00917887245935996,0.0729829236325096,0.0102929432668791,0.0507675830014401,0.85340821817277
2757,0.0204529304523706,0.185270476822959,0.0535302024728127,0.031800161257242,0.41835995690132,0.290586272093296
2758,0.0484611864961048,0.278265894527452,0.153891065614132,0.0258861936815862,0.314443250484408,0.179052409196317
2759,0.0276394293629112,0.241415424441476,0.0751893829409618,0.0296537811782265,0.26364288545996,0.362459096616465
2760,0.412414298370461,0.146342467594371,0.0692040491701353,0.287617208372457,0.0647199143536097,0.0197020621389658
2761,0.102211838380654,0.0711740831905735,0.0350289098023173,0.328903640088706,0.347711468521385,0.114970060016365
2762,0.00545734271563049,0.0446333079325569,0.0462280808442538,0.022731539279553,0.419751082775336,0.46119864645267
2763,0.0611996836608462,0.163054641215011,0.226893762053033,0.0401871719674471,0.248761502969651,0.259903238134012
2764,0.0103355263432353,0.0220362409711898,0.0976483115513936,0.0168370114029495,0.109117794930805,0.744025114800427
2765,0.0410577934922732,0.15143989890306,0.305007112214403,0.0272993817490696,0.147264221726059,0.327931591915135
2766,0.0320009583164068,0.136890893356548,0.0792926785899665,0.0276921831702415,0.457115582178375,0.267007704388463
2767,0.00328169789160464,0.0043454911441442,0.00977736411218344,0.773080832317069,0.133402306928471,0.0761123076065276
2768,0.0446067632934147,0.19778498531687,0.386591453428117,0.0179383245674393,0.0808542888768484,0.272224184517311
2769,0.0765055388609235,0.271982007215996,0.0474855913311912,0.12263955764841,0.368173999128061,0.113213305815418
2770,0.00188711791686361,0.0246131222596243,0.0982514684895265,0.011354908134672,0.182446651131778,0.681446732067535
2771,0.0347165208827055,0.109129034839731,0.376255118130674,0.0154172024917565,0.095887077970405,0.368595045684728
2772,0.012748547942857,0.0271068261605331,0.0917512164664627,0.207864293771296,0.420989011033956,0.239540104624896
2773,0.0610308327933154,0.249540171205955,0.150694077973972,0.0160455955486449,0.372636957759248,0.150052364718866
2774,0.157452655822179,0.451259076435278,0.0839035991707598,0.0348651154007657,0.209398943610427,0.0631206095605909
2775,0.00143349650550989,0.0120123611892789,0.0814004505970766,0.00934601900849569,0.138549012514026,0.757258660185613
2776,0.0123796859241929,0.0657798893042257,0.111114060904184,0.0507706148625371,0.329052846950978,0.430902902053882
2777,0.00120719650912768,0.02272757036698,0.0724567364851051,0.00991223195911318,0.141479906621773,0.752216358057901
2778,0.141517203949456,0.100775476478936,0.141627493612689,0.103087159465029,0.136678591470165,0.376314075023724
2779,0.0423456242059808,0.0344076126180759,0.257437520253618,0.141096969471034,0.181382610309165,0.343329663142126
2780,0.0588548209204745,0.191945213549391,0.304390000263999,0.0524771510036292,0.127877989490836,0.264454824771671
2781,0.0273169478196121,0.0220905872364714,0.0654573292795294,0.17515580572469,0.461042020424134,0.248937309515563
2782,0.0157630224760388,0.0238798771229012,0.26285319339075,0.0240489210755291,0.128025793975915,0.545429191958866
2783,0.509280416253891,0.209991136918025,0.0736874327534394,0.0811758712418129,0.0824552387128835,0.0434099041199479
2784,0.0641505472536276,0.176237646065651,0.0592512741190751,0.085694380390813,0.461545617505439,0.153120534665394
2785,0.00253606624721032,0.00684084025079636,0.0194596078473766,0.0129040682166156,0.327596032917163,0.630663384520838
2786,0.0250700518805851,0.170038252992375,0.0664576177986472,0.0523278302481887,0.430674068388438,0.255432178691766
2787,0.00889504264130251,0.0491142718998672,0.117463422284738,0.0240670510804247,0.188205736444569,0.612254475649098
2788,0.0136535044845232,0.0621820315154579,0.138325840757818,0.0245209915762611,0.12172103700568,0.63959659466026
2789,0.0708983481347429,0.120461651363063,0.38833713351836,0.0579332648105112,0.147644136049296,0.214725466124028
2790,0.187344569387438,0.180753687242216,0.0611086128168988,0.0960577505018627,0.349235529596674,0.125499850454911
2791,0.228262126200982,0.0823939901942638,0.0279606581653429,0.463001793764646,0.147401078860256,0.050980352814509
2792,0.394953767047166,0.320701573347502,0.030590686786131,0.077455326000758,0.140753323352049,0.0355453234663936
2793,0.00773655761099467,0.0503194118301907,0.0337288402635725,0.0185065896227312,0.468349257098707,0.421359343573804
2794,0.331044410976764,0.188858431134945,0.056651884033194,0.221588408287301,0.166484993013331,0.0353718725544647
2795,0.530207563770647,0.126620305541723,0.0396254834600995,0.22873046268196,0.0621479122881567,0.0126682722574135
2796,0.00152959402912702,0.0127420359267381,0.0736442883166018,0.0140121987423566,0.119185993106023,0.778885889879153
2797,0.0605798789963802,0.0717769156052693,0.103985806555641,0.0556541416255599,0.180259400375561,0.527743856841589
2798,0.0140265942192322,0.211261533903591,0.210569176334527,0.0124053804213501,0.358445571765878,0.193291743355423
2799,0.17218666953176,0.146131067838077,0.258857947357542,0.0225183319086579,0.154061119928555,0.246244863435408
2800,0.007103457556672,0.0160372865304187,0.0538276966962988,0.0174875098361543,0.182180813295892,0.723363236084565
2801,0.00881110928967543,0.0406600690288997,0.0257920585628982,0.0212455425580128,0.415897416689413,0.487593803871101
2802,0.0186273674621293,0.0613257695836882,0.049322411165767,0.0475776489473934,0.499149839666072,0.32399696317495
2803,0.106814537122185,0.477338217259888,0.14509199776693,0.0287337384358356,0.135059469933542,0.106962039481619
2804,0.0220065646216155,0.0801603199258533,0.141495610310957,0.0264665409917273,0.378908818224271,0.350962145925576
2805,0.268625807497147,0.134649167341231,0.322383920690722,0.0693562865074855,0.0913808192883089,0.113603998675106
2806,0.0452134488510579,0.0370617963360614,0.0367982645238817,0.312002876465224,0.3870948907757,0.181828723048076
2807,0.125193650015887,0.160804901647583,0.268605784083851,0.0745346837142007,0.160373119387864,0.210487861150615
2808,0.0116801857030401,0.0347572791219329,0.047245274203486,0.0322429229205018,0.31581623395473,0.558258104096309
2809,0.0573549103154306,0.162387291305049,0.409162126022874,0.0333931849870125,0.064504573389698,0.273197913979936
2810,0.017697101710253,0.0614681571469203,0.080352966823946,0.101353290267687,0.383585636188252,0.355542847862941
2811,0.0109064446712651,0.131533321951723,0.144492149039303,0.0126758965901696,0.467200252270849,0.23319193547669
2812,0.472049319773884,0.303599901403322,0.0755803311594059,0.0561269978076765,0.0608677450408295,0.031775704814882
2813,0.291066293059507,0.100065806533863,0.0985481243112428,0.164498976512042,0.26675066929235,0.0790701302909952
2814,0.0365183197176602,0.357960572772414,0.176593620562991,0.0336016689904405,0.183770533516489,0.211555284440005
2815,0.0135272625854659,0.0495403815805483,0.0875318377060212,0.0682089595378081,0.225793639932759,0.555397918657398
2816,0.117772704703702,0.15139466550262,0.324382484260704,0.0866557732537204,0.187324593944087,0.132469778335166
2817,0.0880451032431916,0.363018903522554,0.113275548775955,0.0616575551185836,0.225055356534612,0.148947532805103
2818,0.22137316268008,0.32713769154535,0.233861240758883,0.0338695173052956,0.0838343495697005,0.0999240381406902
2819,0.394670465042059,0.338332148519718,0.0613993972314304,0.0650500823052926,0.114331432959525,0.026216473941975
2820,0.410885610451636,0.259464282246074,0.21310755271097,0.0282030872781142,0.0536408227246463,0.0346986445885603
2821,0.00648825846395835,0.061927757866061,0.0158614219067853,0.0110266439488771,0.448624688058401,0.456071229755917
2822,0.165221197329269,0.213114016753041,0.218257857049571,0.0525047663517886,0.184812121907772,0.166090040608559
2823,0.0226791900700984,0.0865350456071177,0.114451386969416,0.0669548485630113,0.228594282504376,0.480785246285981
2824,0.0308996966569934,0.0777035854171019,0.206891280025627,0.0565934003264194,0.257230896171439,0.370681141402419
2825,0.00571197327807355,0.0217778083273844,0.199113349244027,0.00801367207155177,0.019128835017262,0.746254362061701
2826,0.0331544682633217,0.131005285432586,0.0568170655458961,0.0493048339832453,0.572347696738826,0.157370650036125
2827,0.0892625607922519,0.525819471627485,0.125216615207664,0.0193062546641665,0.109339721141532,0.1310553765669
2828,0.0168972731398582,0.14992427419014,0.13853774118963,0.0282242889787858,0.400918714232988,0.265497708268598
2829,0.022269060781027,0.0310165572683245,0.0554955813112517,0.134694774355762,0.57167711898002,0.184846907303615
2830,0.00614340532990135,0.0255243319028681,0.107647557791325,0.0402320114704404,0.161512148236827,0.658940545268638
2831,0.343127628847528,0.305889281482446,0.143780487715442,0.0880144547447058,0.0735645872330224,0.0456235599768559
2832,0.0219791652520709,0.245103043579772,0.138310839604429,0.0321038295944135,0.324502467034497,0.238000654934818
2833,0.232053562383793,0.11399872423315,0.12111395467812,0.204580658149372,0.168870777206686,0.159382323348879
2834,0.0096535622630778,0.0635965431476587,0.0969179915974589,0.0146552728860447,0.236709188376241,0.578467441729519
2835,0.172776900833385,0.28660202481642,0.0569865577191721,0.0979032017248102,0.268912409034099,0.116818905872114
2836,0.0262769368831748,0.0742393999208276,0.0545715604418963,0.0839062356246355,0.379687713681595,0.381318153447871
2837,0.032171115259395,0.212362395821547,0.3393535981993,0.0396114440481453,0.211260734229854,0.165240712441758
2838,0.212102259957766,0.242275813428302,0.258107504818678,0.059404210771767,0.0902258977614152,0.137884313262071
2839,0.10180762783324,0.164866436240305,0.154815174467153,0.14755727445647,0.224826413253405,0.206127073749427
2840,0.134241559197623,0.0539879991813551,0.133603835357372,0.372141268041532,0.121475102586043,0.184550235636076
2841,0.376357604519389,0.20627943810844,0.0899709092025501,0.0569621149943568,0.171788047168648,0.0986418860066156
2842,0.015328908060235,0.0697535127626486,0.0474332744417501,0.024363913128556,0.481154945208746,0.361965446398064
2843,0.0584041564459448,0.125863729384238,0.140841521726092,0.00553137080456669,0.517018023003712,0.152341198635447
2844,0.0328824659525361,0.146052809085127,0.45744514496114,0.0141978449988803,0.0824798597550981,0.266941875247219
2845,0.34578172407429,0.390129461987151,0.0891121018134606,0.113076720075098,0.0489295085537443,0.0129704834962558
2846,0.00323364547142936,0.0112502296886294,0.0118607604591798,0.026413469015501,0.323705788152432,0.623536107212828
