"CUS_ID","F20-","F30","F30+","M20-","M30","M30+"
2501,0.0346014089049822,0.434918681488228,0.165876595866522,0.010040356354345,0.170795939907705,0.183767017478217
2502,0.084649434915613,0.207127706132503,0.0717230717986973,0.122630323474225,0.393619319773549,0.120250143905413
2503,0.0111888425163803,0.709771683592907,0.0195854750623396,0.0140983462164925,0.216804677930049,0.0285509746818312
2504,0.530563913318336,0.122492945916526,0.077270020701065,0.142715438044644,0.0501915238996218,0.0767661581198078
2505,0.0655270415323725,0.176365464624452,0.113737870947347,0.050807219626395,0.0991456050362529,0.494416798233181
2506,0.00350493724062893,0.427852620741803,0.102170571520936,0.0218385083823077,0.223100737049054,0.22153262506527
2507,0.00559238966975514,0.0233976822084566,0.14551534809693,0.0141639793597667,0.124236084753199,0.687094515911893
2508,0.00394837397721906,0.0456904318878636,0.0124845896340425,0.0209243877942064,0.612225439397059,0.304726777309609
2509,0.0295951314555773,0.0257167853775907,0.142457423421734,0.0351797397495214,0.0693714797899497,0.697679440205627
2510,0.00554688514472764,0.0492502576982018,0.0343148975095069,0.0119716184187963,0.358240143607154,0.540676197621614
2511,0.752479903253291,0.0712248653814383,0.0340667859712413,0.108856839469696,0.0244075181923388,0.00896408773199434
2512,0.0258567141861351,0.145385470188442,0.0270626663397579,0.105284977227073,0.600986536295239,0.0954236357633535
2513,0.00825847569856476,0.016417540642492,0.0247827741083827,0.0236209858889285,0.522894997933904,0.404025225727728
2514,0.0539319193580636,0.6821592546354,0.0260651324121758,0.0133654083300221,0.196796452093221,0.0276818331711182
2515,0.00727966136640764,0.0347721955832303,0.0259893800290767,0.0163041105631611,0.25737110528325,0.658283547174874
2516,0.0621671705948459,0.0769408270185269,0.0387484461357877,0.27303018283774,0.385653099611548,0.163460273801551
2517,0.0128193168631415,0.573712276818543,0.0675898506498388,0.0166962617311005,0.184177954910371,0.145004339027005
2518,0.439279547670059,0.212361033922649,0.180325027057177,0.0649633983713893,0.0446955251512178,0.0583754678275077
2519,0.0320503802450374,0.919961769582857,0.00860689698285683,0.00364517814398542,0.0248967861166677,0.0108389889285953
2520,0.0256712745169022,0.0365585939635646,0.0220269456752333,0.159329932903461,0.53195280424492,0.224460448695919
2521,0.0198339795503333,0.0847652503127982,0.325721987315276,0.0399839828759527,0.146553697370282,0.383141102575357
2522,0.294428427011425,0.136209763224675,0.157016022881423,0.0981395993540789,0.137411344959951,0.176794842568447
2523,0.031079582597121,0.600992312097566,0.029705553760803,0.0147570836889622,0.200212692519833,0.123252775335715
2524,0.0194579042225302,0.171075324476667,0.232333206127849,0.0625133767753671,0.126997914431367,0.38762227396622
2525,0.0774298567155242,0.0752416730525748,0.0869642264092485,0.215181616478968,0.375542267026211,0.169640360317474
2526,0.148350232552466,0.240921033315717,0.0582309070326789,0.100611089334213,0.369524266936168,0.0823624708287575
2527,0.55831593704139,0.118320048608312,0.0969023122367449,0.0345190484294432,0.0947392693428908,0.0972033843412183
2528,0.00293840526228405,0.00839906145399382,0.0248936394502643,0.0199723776705978,0.128434856528475,0.815361659634385
2529,0.103434359826202,0.190787492551727,0.237033487843638,0.0850514456809401,0.157733618304359,0.225959595793135
2530,0.00835879916876468,0.0169235629027608,0.220965593966818,0.0205945418691744,0.0984455123002303,0.634711989792252
2531,0.0154322049183931,0.223986638132773,0.0566809051700003,0.0787306236384028,0.423334507773243,0.201835120367187
2532,0.0337119316701563,0.278078789403617,0.083065058518872,0.0232953802966596,0.195856564641307,0.385992275469388
2533,0.00039904493995764,0.00386450063340376,0.0240677996541432,0.00241881473831597,0.0337065173891105,0.935543322645069
2534,0.175329684028251,0.0950725466321942,0.178149592001726,0.279722972721546,0.072327563495942,0.199397641120341
2535,0.0214110296766701,0.0829195668578678,0.259114425369229,0.0195764305145073,0.170872771811851,0.446105775769875
2536,0.141333973315478,0.323258755925705,0.0996847168923126,0.0736988330350877,0.198232416111644,0.163791304719773
2537,0.0433755369415172,0.826603615465521,0.0476436015981533,0.00591851630855959,0.059404010716739,0.0170547189695096
2538,0.256880455492842,0.122323245758138,0.074497564039613,0.107836077305847,0.224568653603,0.21389400380056
2539,0.261137951254822,0.238112700957538,0.235015513554518,0.0436065400017459,0.144157482297121,0.0779698119342547
2540,0.207372298395704,0.0543809427873703,0.0501178886518482,0.290466846541083,0.331012271664057,0.0666497519599381
2541,0.0728910183114708,0.0300408445245012,0.019268965331738,0.681811053791405,0.180415971100071,0.0155721469408136
2542,0.0389478945601232,0.587754345494801,0.0178625623952549,0.030641107323874,0.302292417219655,0.0225016730062926
2543,0.0052856321224886,0.0184812542276632,0.0679341486082014,0.00344056094391392,0.106168797305661,0.798689606792072
2544,0.0544111884889326,0.133791040001094,0.183967504467447,0.243396185771168,0.145892307378905,0.238541773892453
2545,0.0449639195777578,0.268461202760322,0.119191878460986,0.0210631195727842,0.412399166339415,0.133920713288736
2546,0.0309643548353786,0.0606152024924037,0.0416336500107334,0.1871688097269,0.587432583439455,0.0921853994951286
2547,0.0181974797984179,0.0508081337821242,0.627539086355664,0.019774667966653,0.0529982937721951,0.230682338324945
2548,0.0360805785264284,0.0510828680451031,0.0658480458385535,0.331466895231004,0.425847868547171,0.08967374381174
2549,0.00550177951884279,0.0598885917114619,0.0234936402337545,0.0273776331588512,0.366795254427321,0.516943100949769
2550,0.0122577333027728,0.0119944436087216,0.0257315885592249,0.168283142225388,0.549099533843892,0.232633558460001
2551,0.471569025382568,0.172961408826537,0.0319655123660983,0.181341564018372,0.0806490047782022,0.0615134846282217
2552,0.0736351099687908,0.299261343797416,0.303269976039876,0.0146082839508754,0.157283389691563,0.15194189655148
2553,0.393159854712396,0.259131116307716,0.0515921698279876,0.1169862591809,0.142352349548152,0.0367782504228479
2554,0.140565413684215,0.322820992980156,0.118513131266401,0.0811148625993963,0.276687745240282,0.0602978542295487
2555,0.00901503999076115,0.149546724023442,0.104943929900271,0.0307151126636334,0.570596946557769,0.135182246864123
2556,0.0877078690254963,0.344144277222417,0.331186485513439,0.0261509860339166,0.0860260200678198,0.124784362136911
2557,0.440291055487636,0.13062358086507,0.338498057159947,0.0398942480190702,0.0365440638960738,0.0141489945722025
2558,0.0120460085839636,0.0338772464625147,0.87645481187697,0.0126973394146853,0.0224693471701081,0.0424552464917578
2559,0.0768840653212345,0.493214111927514,0.160303250410257,0.0145011021902684,0.0972884315165581,0.157809038634168
2560,0.0108675946865949,0.18205394443772,0.098238696467562,0.0206647532775162,0.246307126474682,0.441867884655925
2561,0.00764083930043053,0.0523074149807659,0.292172550820022,0.00480026614420448,0.212685785970256,0.43039314278432
2562,0.168170355411015,0.331989626097422,0.0290997391321388,0.0704506932366734,0.36599057818932,0.0342990079334304
2563,0.550469812675158,0.0875167390579967,0.128950296161322,0.11418500199742,0.0910099726100126,0.0278681774980904
2564,0.132679627552761,0.0721436109799372,0.0679423457821462,0.487006486364468,0.0960648355908746,0.144163093729813
2565,0.0279853760301446,0.119475773887417,0.190180681557026,0.0539460102305288,0.260849975525974,0.347562182768909
2566,0.0118387808996042,0.0506683796525688,0.15412858084681,0.0352425767700751,0.191948786752244,0.556172895078698
2567,0.0187008916180426,0.136591328260081,0.137006560647802,0.0318859125979229,0.200128993790487,0.475686313085664
2568,0.0058823585019387,0.0569799206321045,0.0609494003090287,0.0148117467425643,0.465013477896475,0.396363095917889
2569,0.0655915794385682,0.128721263397025,0.142731783789225,0.0169163912847149,0.134260452071733,0.511778530018734
2570,0.0247442023774693,0.760213969421288,0.0303541879759199,0.00430799133598128,0.0744112825712519,0.10596836631809
2571,0.044926824188514,0.0764977055546726,0.0169973729425258,0.21452060842336,0.358005746559978,0.28905174233095
2572,0.0671365700422436,0.0528455545701254,0.257056425154684,0.0605321039584898,0.0930658607493526,0.469363485525105
2573,0.0382197081467234,0.226515282609695,0.0679388810264132,0.0135837219018637,0.218091546997528,0.435650859317777
2574,0.0208910528405961,0.0448634619154728,0.0224856322352713,0.178491130958594,0.622691889297207,0.110576832752859
2575,0.0189746384052527,0.024351728579473,0.0151791749215775,0.127184333108875,0.635665655429917,0.178644469554905
2576,0.278818999995917,0.354703639657901,0.228701957809004,0.076727381011657,0.0214818746544723,0.0395661468710491
2577,0.0340393263943116,0.261540456608878,0.479917356797554,0.0174008236890871,0.0902577099448541,0.116844326565315
2578,0.00132367464302882,0.00892076983533652,0.0273013255589549,0.00552008636004234,0.126673419649957,0.830260723952681
2579,0.346631890156377,0.1586137185496,0.148959978070185,0.110813419004302,0.169982507731403,0.0649984864881341
2580,0.0366108242367019,0.417525627512115,0.118757574608065,0.00979941393451154,0.210358166145841,0.206948393562765
2581,0.000756671442810533,0.0131904907882125,0.0495096821187202,0.0138000188375468,0.328938444864215,0.593804691948495
2582,0.342400497176402,0.316166958260415,0.0941441452291234,0.0453032130373527,0.114160146238905,0.0878250400578024
2583,0.194558767359197,0.498076058786763,0.1753934077578,0.0226337605440885,0.0575588514048975,0.0517791541472547
2584,0.160625641385725,0.582235137890395,0.0887487497290525,0.0350052298706512,0.087139296007955,0.0462459451162207
2585,0.00818462598721027,0.0693446550755087,0.0274943778994537,0.060336207888454,0.556161582553923,0.27847855059545
2586,0.0309369042784157,0.274013209999098,0.0847148002140165,0.0244968136807,0.205773460492047,0.380064811335723
2587,0.190434532266463,0.0462104250642248,0.0295603125205861,0.443847017996273,0.205459095817937,0.0844886163345161
2588,0.0265311784445274,0.0175581548238983,0.00833789013634198,0.439752043084313,0.44473428960775,0.0630864439031693
2589,0.107803367718786,0.097267943284219,0.0345501156096172,0.228018152070292,0.467594028407072,0.0647663929100135
2590,0.0164939169438146,0.0779884397236052,0.111119713254425,0.120191402803513,0.29579654076302,0.378409986511622
2591,0.0476972214315977,0.0739494245523099,0.597963833341305,0.0128665554377166,0.0458059491304089,0.221717016106662
2592,0.00758772474117331,0.0152458161342884,0.00360141631114466,0.187991853932841,0.685844931786177,0.0997282570943759
2593,0.135421790154918,0.151223152476088,0.0639360169907115,0.0561656442483142,0.464661561012856,0.128591835117112
2594,0.0423783812570584,0.102502580404378,0.0573115114209004,0.0371034578325396,0.288073289401435,0.472630779683688
2595,0.125623040442174,0.0523019661917328,0.188287642757564,0.452604435978459,0.0840298638881451,0.0971530507419256
2596,0.659953208957812,0.0637693243855241,0.0103109276935325,0.233215210620057,0.0258288983175227,0.00692243002555173
2597,0.0044195782697665,0.0219643020751943,0.137032395059166,0.00853838459980042,0.0914760838670758,0.736569256128997
2598,0.0116514617592704,0.0979475732828912,0.0555894732740293,0.011814776308271,0.257063000713067,0.565933714662471
2599,0.318953591228006,0.377744358574025,0.0265983694494123,0.0594088757912478,0.176669490987132,0.0406253139701783
2600,0.00159170331211259,0.0247525535717947,0.0405211342813203,0.0160602908042141,0.793419223794357,0.123655094236201
2601,0.0132676013432425,0.0365293622316879,0.156144128094549,0.00602424062470965,0.0846453561521062,0.703389311553705
2602,0.0187779747824894,0.171332958702566,0.143726476333582,0.0280132568014811,0.26088815052947,0.377261182850412
2603,0.0300648267254318,0.664182827345203,0.0231674326378118,0.0152088961858658,0.211246979448311,0.0561290376573768
2604,0.0513713614773939,0.0398732008292363,0.397312968507261,0.268878042182613,0.111104165089801,0.131460261913694
2605,0.000399259328291652,0.0258632956286158,0.11635821000747,0.0137009736673562,0.264028471780511,0.579649789587755
2606,0.0172383711620223,0.0771443077999179,0.185980877340457,0.0184705681566775,0.134289757861046,0.56687611767988
2607,0.0167090122093803,0.0285515986206246,0.053844232783398,0.0533825263468451,0.316559049427772,0.53095358061198
2608,0.139532721924466,0.264931067617198,0.0571376893096042,0.212838188198707,0.146906980829316,0.178653352120709
2609,0.0133617630432413,0.0423355647946506,0.0274164314599251,0.136878771028281,0.564147249311568,0.215860220362334
2610,0.0644868031530342,0.190148332700995,0.0611416333377494,0.184390940228122,0.410425274483772,0.0894070160963269
2611,0.0260492257770695,0.256185433427082,0.320834315307566,0.0736911083451722,0.0716342114926883,0.251605705650422
2612,0.023405609486167,0.195596628875106,0.14262343817217,0.0454720320940351,0.339710019575096,0.253192271797425
2613,0.64993660241168,0.194791302836607,0.0207888431960212,0.0658319959996263,0.0607526164448441,0.00789863911122161
2614,0.0871522942162247,0.107656276552266,0.068011509013186,0.0804797277330441,0.408640564321409,0.24805962816387
2615,0.654878440654786,0.115922672653887,0.083439701912866,0.0502468603849593,0.0581574084819308,0.0373549159115714
2616,0.0153142914792838,0.0507621484262035,0.076343469687949,0.0556722477443042,0.346897375752354,0.455010466909906
2617,0.39161266647307,0.376546515922418,0.089639242307424,0.03554964938837,0.0865849889179953,0.0200669369907227
2618,0.119316680426884,0.129655698671814,0.0593190455483776,0.115615081851859,0.38680531162308,0.189288181877985
2619,0.0170958301862967,0.020993528652412,0.01264171028615,0.1292029006276,0.588395960207306,0.231670070040236
2620,0.0279564421281839,0.097146368764503,0.204432684146001,0.0378146080023767,0.428953104237711,0.203696792721224
2621,0.0261142013131896,0.0798503137836711,0.0125685786092275,0.0869622144312868,0.73819901861854,0.0563056732440851
2622,0.000646079320018942,0.00207002979398638,0.00816609902570776,0.00430740481706168,0.0808607126212925,0.903949674421933
2623,0.487439148816237,0.227637557732569,0.030678734008669,0.10079150914823,0.132439375346799,0.0210136749474952
2624,0.00528797182734085,0.0320363907593506,0.113673937809655,0.0103895854396955,0.129737837538207,0.708874276625751
2625,0.184734554564716,0.311842374582471,0.391176251263865,0.0244756299775027,0.047426679240147,0.0403445103712988
2626,0.00252883747571337,0.0165358572613879,0.0381247344263381,0.0100626042109482,0.207710042804173,0.725037923821439
2627,0.110181880201358,0.217370547274578,0.477092886315889,0.0247161686665155,0.0675493637536784,0.10308915378798
2628,0.156819817412423,0.366916792532786,0.0297354320414019,0.156106212913903,0.232212768366207,0.058208976733278
2629,0.012819671898087,0.14668387569359,0.0967719214000547,0.0159083912244614,0.374400838906639,0.353415300877167
2630,0.166246821532081,0.0544148568545094,0.0974952464546989,0.0751157095977845,0.24379425125061,0.362933114310316
2631,0.0217402591210782,0.233173826797037,0.212359836086117,0.0269077077862286,0.224018592881939,0.2817997773276
2632,0.0038355218753407,0.0224246996140082,0.0338405320263493,0.0153695076686604,0.202063638742724,0.722466100072917
2633,0.0961902168899925,0.375247428989774,0.122087914067633,0.0435231704725685,0.254071682365013,0.108879587215019
2634,0.030954467487961,0.158639478345989,0.221816992343139,0.0606651006292026,0.146159276879923,0.381764684313785
2635,0.0539208071787685,0.143544200360459,0.0907654476900892,0.0603096662624492,0.466643193233812,0.184816685274423
2636,0.0756099061807535,0.0713522748321651,0.199618690838193,0.272919158867101,0.160416030256297,0.220083939025491
2637,0.0237698233491496,0.0649881977908332,0.0137534923987903,0.0936199950661238,0.668237749178839,0.135630742216264
2638,0.0498688318521831,0.0360619282056811,0.161700647451902,0.191375785259566,0.159018708066011,0.401974099164657
2639,0.132400609442081,0.0703427989639934,0.0533855965583952,0.429315516746587,0.209608915902987,0.104946562385956
2640,0.0098378125952241,0.0210133742085495,0.0300563331528795,0.0152712732287929,0.103672782486612,0.820148424327942
2641,0.408770354084068,0.124778395218773,0.183561147666913,0.0617238330542943,0.13848736002541,0.0826789099505408
2642,0.00440751256329445,0.0597848356229229,0.0431545580887432,0.00914501464716013,0.21312175012359,0.670386328954289
2643,0.408369253785024,0.406759801531495,0.0134574082296413,0.0804165497011897,0.0711706668380849,0.0198263199145654
2644,0.00352116958409499,0.237299289572435,0.0495198733407487,0.0119064965915484,0.347138501095727,0.350614669815446
2645,0.0520305134965737,0.0512584977113003,0.0263501410890612,0.0847738989135119,0.430215793381049,0.355371155408504
2646,0.00262262061563853,0.0181249021032728,0.162115465108575,0.0146229918786479,0.0683216371161409,0.734192383177725
2647,0.0367388977920631,0.0616446305190763,0.120620630497803,0.0680798149133239,0.329469481891134,0.383446544386599
2648,0.104901324632631,0.125488170005954,0.731221214720837,0.0096177614458872,0.0113392815032969,0.0174322476913937
2649,0.0264888851640346,0.0406237998085502,0.0605643555305514,0.0616863217735976,0.268115678994613,0.542520958728653
2650,0.0466339912530478,0.0277431166984853,0.137339676280729,0.0628736481336666,0.157066396067499,0.568343171566572
2651,0.0062850529995959,0.0484877615080421,0.0447388179123114,0.0580555786980391,0.450551182747408,0.391881606134604
2652,0.0121106877247936,0.0985686217477257,0.0487670070929493,0.0220195122444823,0.539537251397909,0.27899691979214
2653,0.440769009216457,0.166252053746301,0.0504684234167872,0.0764021829474737,0.164596443908184,0.101511886764796
2654,0.00232450625747111,0.0271141796693728,0.0305463119080009,0.0131276072661179,0.158329852559011,0.768557542340026
2655,0.6649549295944,0.114960998127671,0.0193815660844926,0.0984052920758163,0.0909660908687503,0.0113311232488694
2656,0.0166977146992609,0.0835749255790806,0.0320384664450985,0.0212330248764374,0.614691030699309,0.231764837700814
2657,0.00528354343496657,0.0330296649561816,0.137210389552493,0.0108409464978675,0.141715133170746,0.671920322387744
2658,0.0939013883418485,0.0742332782621241,0.0733349199876665,0.49216362746095,0.158126272222331,0.10824051372508
2659,0.379936033142171,0.077463646870854,0.0259579872912275,0.478830298043633,0.022701500233123,0.0151105344189913
2660,0.00701106834488136,0.0257917245220331,0.0558741278821463,0.0179515741711715,0.25229480712051,0.641076697959258
2661,0.00876626196391665,0.0311737566714009,0.155657577392227,0.0133682161899705,0.087424940163894,0.70360924761859
2662,0.00506887468338412,0.0636006014065769,0.0979496063684499,0.0171943824746349,0.182785194258602,0.633401340808352
2663,0.00623344599954714,0.0350063555816839,0.0497147979859612,0.0308611014400737,0.215043073128293,0.663141225864442
2664,0.0295059078964064,0.141438365658078,0.0266823039891736,0.0474639139396395,0.626694899690443,0.12821460882626
2665,0.206337485429666,0.218633762337721,0.289675233505393,0.0661415500122939,0.142255133049607,0.0769568356653185
2666,0.000544606500722874,0.00232743518081,0.0316137911717295,0.000905463813589009,0.00763359572987247,0.956975107603276
2667,0.0298156681143785,0.171579962047397,0.38230895272675,0.0275358918942902,0.20714829118903,0.181611234028154
2668,0.00301736274339451,0.0332631446434812,0.224423334565645,0.00478085336725326,0.055652251301053,0.678863053379173
2669,0.0594648531629461,0.360116599148097,0.199986886016423,0.0266334653353619,0.117766159633082,0.236032036704089
2670,0.00810256890958437,0.0402868450938554,0.170779907988997,0.0232965404705602,0.153812460230323,0.60372167730668
2671,0.0245860293125994,0.0721092120569649,0.0924267424700553,0.0961327226638632,0.262409285598415,0.452336007898102
2672,0.00556154024594207,0.0245364969636761,0.108233057139876,0.00857482183816084,0.102090992425151,0.751003091387195
2673,0.207089166434732,0.227769128095071,0.0810818528921779,0.133827088335085,0.271567648974263,0.0786651152686716
2674,0.00680499975263126,0.0451841742210425,0.0735025102574789,0.0703025374829074,0.382499653606754,0.421706124679186
2675,0.689431164709258,0.134781974730238,0.00850962182348733,0.137995529267651,0.0209940519046324,0.00828765756473307
2676,0.0280227433718598,0.0836988725693958,0.104167465070519,0.137089542336617,0.425276311156078,0.221745065495531
2677,0.0566883053393794,0.0595589264931432,0.29119581204777,0.18763114458454,0.300192689068784,0.104733122466384
2678,0.0263046546848419,0.0776706668133768,0.220086066114919,0.0472620969550347,0.417797464714263,0.210879050717565
2679,0.00506655203697798,0.0090539580385045,0.0138913432971513,0.0243832513590045,0.391235900738816,0.556368994529546
2680,0.0829039901379025,0.0466376424851748,0.261245203056026,0.483851000482393,0.0505946800145521,0.0747674838239517
2681,0.013086916467254,0.235260348092187,0.0961044865621761,0.00792831376699475,0.382603290124522,0.265016644986867
2682,0.00628597994881603,0.0141371650378016,0.086320559567728,0.100586407599725,0.157533660724108,0.635136227121822
2683,0.661006446273641,0.0760682932808103,0.0166300242394806,0.181996498900732,0.0559524299217173,0.00834630738361953
2684,0.0103160498087464,0.0353218717635612,0.0280143880514613,0.0355296344970908,0.467579245698949,0.423238810180191
2685,0.0546421158712026,0.0338996616371084,0.359266212757936,0.0219943250495425,0.0517580133124331,0.478439671371777
2686,0.00651920589030473,0.0670747354383936,0.0677112542909921,0.0107419909315848,0.130748707757212,0.717204105691512
2687,0.405408284631423,0.203737233258613,0.0876367278745448,0.146847473828792,0.119423524790954,0.0369467556156725
2688,0.00773967908487675,0.138605118213236,0.0492982490723855,0.0686444316155599,0.495023955146088,0.240688566867854
2689,0.0787806759831837,0.580926659331464,0.105069798830137,0.0467696076746781,0.148845507388963,0.0396077507915738
2690,0.0179024578927942,0.0332029139681795,0.0630644361842232,0.263485874520398,0.392018556441439,0.230325760992966
2691,0.0393662476801281,0.154989173140046,0.125127675451193,0.0233229218845226,0.416020046778139,0.241173935065972
2692,0.136322385846985,0.0998538047560237,0.239465630305264,0.0433914852207534,0.164124117583573,0.316842576287402
2693,0.0148349364204178,0.0405659378095768,0.0491767501830847,0.021549307218308,0.0970713002685121,0.776801768100101
2694,0.00233225933443189,0.00968178714017791,0.0111327769733325,0.0246440713753683,0.343799931892086,0.608409173284603
2695,0.61308792168695,0.128760057531834,0.0463430370818486,0.102916312879042,0.0774987600929433,0.0313939107273824
2696,0.0168624166761462,0.113475031307705,0.294052004545714,0.0143153325570887,0.0553622689699395,0.505932945943407
2697,0.0939310998045804,0.32403305236532,0.243139201167427,0.0340370701283628,0.154827512470465,0.150032064063844
2698,0.00358699351556706,0.0184725196122685,0.191631111377336,0.00784578838689542,0.485119713093625,0.293343874014308
2699,0.00439755043206755,0.189189564798271,0.681864615913273,0.000856642878062126,0.0146958468341846,0.108995779144142
2700,0.00208997114437843,0.0450675896163429,0.0185540713859641,0.00433684162983725,0.386908125939465,0.543043400284012
2701,0.00577244589071338,0.023971058353374,0.125318928198417,0.0373804406030539,0.184030331847579,0.623526795106863
2702,0.539528385215372,0.110341045339506,0.132734810062581,0.0801958916504127,0.0758084685109744,0.0613913992211543
2703,0.159417014058078,0.0759856502886042,0.128402538105309,0.136026170704599,0.332474094675052,0.167694532168358
2704,0.0386017019512931,0.146775368984796,0.712763731946293,0.0122152943030465,0.0336269154099939,0.0560169874045781
2705,0.00759447172416139,0.0972097514863791,0.340111082646091,0.0126204733481115,0.0876266735603559,0.454837547234901
2706,0.0140957461848187,0.0319615858273886,0.300682535979287,0.155523458371689,0.179649367866282,0.318087305770535
2707,0.00658839286969118,0.0173319295397366,0.00807580109190961,0.0602698299386724,0.793180700487819,0.114553346072171
2708,0.323310341007554,0.201694561911117,0.0885637189453956,0.188445588118226,0.169941402291551,0.028044387726156
2709,0.0238573726964467,0.195541465279332,0.47140927677356,0.0200370254968223,0.0731539971554871,0.216000862598352
2710,0.0448926364674841,0.0301520123037688,0.366050016732108,0.0188445591125329,0.035789524053718,0.504271251330388
2711,0.207338092010299,0.140337772710353,0.0516947177383999,0.117175010486628,0.288797990609122,0.194656416445197
2712,0.181111573999913,0.0651408345622402,0.034209745390352,0.572770583084243,0.106217695804605,0.0405495671586462
2713,0.034835529690661,0.104005258325933,0.31565614066122,0.0505386012764363,0.122669305388245,0.372295164657505
2714,0.00524371885363118,0.109158442217413,0.32700680593877,0.00658091039090464,0.167446885393954,0.384563237205326
2715,0.0072034841908524,0.0632678284587293,0.408372136644348,0.0264795326159448,0.290391773855564,0.204285244234561
2716,0.0299743801562231,0.0473134404358957,0.0286810822199791,0.0554478776352587,0.409421409727086,0.429161809825557
2717,0.00593105938000841,0.0181967367388547,0.0355278762060328,0.0193119095200235,0.205873558300758,0.715158859854323
2718,0.0250391941927587,0.0267663853814662,0.144571465602402,0.0472911770017932,0.16318307857413,0.593148699247451
2719,0.0220665792588918,0.102851947317519,0.105971662322716,0.0369467923679945,0.361816461686691,0.370346557046187
2720,0.343673499620168,0.083184647605908,0.13217264683002,0.0978055660410797,0.201634523217519,0.141529116685305
2721,0.0193830633252259,0.0795934800688672,0.126234260779045,0.0414554617245648,0.270518755910977,0.46281497819132
2722,0.24833444507225,0.427718660010787,0.173633170327459,0.0115513697982811,0.100515899107783,0.0382464556834397
2723,0.0333378837377425,0.245041625496073,0.423944006954604,0.0209204348556533,0.0715867529672848,0.205169295988643
2724,0.555756140245068,0.134101274962734,0.0479076682424993,0.17569975378856,0.0670662806295538,0.0194688821315861
2725,0.37241558530294,0.506803942374199,0.013262094387119,0.0618822542506074,0.0356236476214805,0.0100124760636544
2726,0.0149016009113623,0.0406198487988757,0.0286208509446111,0.0485807938945386,0.834986758637068,0.0322901468135439
2727,0.00340054772737352,0.0351484288233058,0.0469554299990018,0.0406602289944839,0.365266158302317,0.508569206153518
2728,0.0176004169282586,0.0405023233799884,0.192182919352061,0.0229856664164483,0.0526902780223263,0.674038395900918
2729,0.258168157132609,0.259482082918846,0.0425330047029387,0.0803548508489072,0.290471414082919,0.0689904903137808
2730,0.00347871407728055,0.0338615590661831,0.0733619914302461,0.0392613478157975,0.36654625335252,0.483490134257973
2731,0.0945417755662407,0.134061743595168,0.080412126832522,0.24071278430546,0.364423102962235,0.0858484667383749
2732,0.00930151288250026,0.0537073984249544,0.306916830251972,0.00650741479046731,0.0618914975085371,0.561675346141569
2733,0.0236535060624416,0.10414704174019,0.0752425672908658,0.226233177240681,0.504058585797387,0.0666651218684342
2734,0.00938586524222205,0.905805086856268,0.0162276277995383,0.00207672134304342,0.0447311556460052,0.0217735431129227
2735,0.0343101784302228,0.379600281689813,0.174158876999353,0.0097116820972071,0.139666121166934,0.262552859616469
2736,0.043088737791618,0.0823444578708102,0.043634037011272,0.393290839087963,0.363644365407298,0.0739975628310388
2737,0.0975709614277596,0.207445030755364,0.339135451925559,0.00669777853749873,0.219013220805259,0.13013755654856
2738,0.0187770281139975,0.0780452353094136,0.112568734081176,0.0252480601438576,0.276655957781305,0.48870498457025
2739,0.444678133425712,0.325623072957904,0.0506369014015193,0.0286013310358013,0.124364461395907,0.0260960997831562
2740,0.188338119523341,0.309999063705201,0.181792750975686,0.0817408970702979,0.14441701101172,0.0937121577137536
2741,0.102391751921254,0.229983316972639,0.156828509522371,0.062421237380943,0.234631163316846,0.213744020885947
2742,0.0346740143879755,0.0966864042600328,0.0488311736155924,0.0572632357091013,0.564859422627661,0.197685749399637
2743,0.257288736109338,0.194452813035951,0.132901492044986,0.16312889121978,0.137402625779271,0.114825441810673
2744,0.00799649849641782,0.062738704909592,0.0207842827576858,0.158461635858216,0.571105916559378,0.178912961418711
2745,0.000512617612288354,0.00973138713158575,0.430970951293677,0.0361699062469333,0.326634049472247,0.195981088243269
2746,0.00805949895693488,0.0345548964160253,0.0886270327100248,0.0183105505737945,0.140328063598657,0.710119957744564
2747,0.0158691174033206,0.0369422429962285,0.0173236867418445,0.0473995747106542,0.536918161649284,0.345547216498668
2748,0.00316772024255634,0.0378929723992695,0.0298744392654675,0.0366446099806881,0.680954585062149,0.211465673049869
2749,0.256782848393827,0.146232894654266,0.0399421290519519,0.317340232074668,0.145137624785725,0.0945642710395623
2750,0.00888627584732087,0.109784753084939,0.193127667255705,0.0459929271934569,0.169446550793922,0.472761825824655
2751,0.158338138100669,0.149547268625613,0.0808371064080972,0.206021967348509,0.344888396775515,0.060367122741597
2752,0.0406659136203313,0.113308181542869,0.195267749662088,0.0815390341257688,0.133038216734122,0.436180904314821
2753,0.0282506001999476,0.0812230652251616,0.0478900038362862,0.139890659019414,0.567343455480149,0.135402216239042
2754,0.0106502757485174,0.242232825632827,0.0278863735920601,0.00704606874101172,0.65464535012665,0.0575391061589336
2755,0.000628416423219803,0.0048165182818783,0.0265505933884886,0.00756511597583385,0.277733107945388,0.682706247985192
2756,0.00113887998147645,0.0050295814834686,0.0632443882149731,0.00323816985743306,0.0278239692085861,0.899525011254063
2757,0.02659052824789,0.226861251709242,0.0528358569254376,0.0271888770276391,0.409462875038647,0.257060611051144
2758,0.0322523636016602,0.295513120385186,0.164347615445071,0.0141279432527555,0.357602912732319,0.136156044583008
2759,0.023740608811654,0.282748004195413,0.0786416748629336,0.0161994290923462,0.255935359332818,0.342734923704835
2760,0.403705675206023,0.208370438738934,0.102826373978771,0.169976709557197,0.0934329305386574,0.0216878719804175
2761,0.0948490084023643,0.0661362512203275,0.049524745231596,0.455124335794992,0.240212238261269,0.0941534210894511
2762,0.00223899829296419,0.030070178109059,0.0374820090705984,0.012020732368826,0.593864598989587,0.324323483168966
2763,0.055648656660738,0.194016630324883,0.1724114762116,0.0316808895177077,0.241268811355516,0.304973535929556
2764,0.00553067472505575,0.00907501320831181,0.0651714886265698,0.0127803549966747,0.0558702999181942,0.851572168525194
2765,0.0311283702376157,0.15650376608944,0.289996491110423,0.0168804290288553,0.175484908146452,0.330006035387213
2766,0.0301751670195742,0.185436421643122,0.101128888223923,0.0202636710816169,0.476449665360301,0.186546186671463
2767,0.00154792647864595,0.002907728486506,0.00814004032966984,0.836583440404227,0.0936588775732129,0.0571619867277385
2768,0.0140536005511962,0.139328266774954,0.429032539674729,0.00995648863274533,0.0635886547653713,0.344040449601005
2769,0.0604238001261775,0.375453112476384,0.0646002772553917,0.122677547248553,0.305471976381057,0.071373286512437
2770,0.00132205195809378,0.0193413516328406,0.0807130181735581,0.0132592347740229,0.29285556021222,0.592508783249265
2771,0.0140977663248986,0.0939625044891024,0.424283047746789,0.0132040573829625,0.0620799314103421,0.392372692645906
2772,0.0105548472654321,0.0286126309576503,0.0955103786182838,0.288246373311756,0.342696033386967,0.23437973645991
2773,0.0359206027785191,0.247760255239964,0.108219643904178,0.00652710491751375,0.513486568044965,0.0880858251148602
2774,0.053150282127459,0.640004908436534,0.0486991624057654,0.0148347937410919,0.191794085057684,0.0515167682314663
2775,0.000692606032614989,0.00696856529785997,0.0573831419036276,0.00368935179419645,0.0952272779567646,0.836039057014936
2776,0.00481238016367361,0.0433317488604198,0.101169730670078,0.0491863700851168,0.271296133313947,0.530203636906765
2777,0.000691931581614994,0.0125433441419338,0.0504248975851426,0.00903159847820526,0.172782079700512,0.754526148512591
2778,0.283448501333171,0.0912722364938899,0.163006550961722,0.105880576894871,0.116457907453945,0.239934226862402
2779,0.0422240293997944,0.0228147769254359,0.32598929869463,0.168784819730565,0.146915569149157,0.293271506100417
2780,0.0364919013515798,0.170127928620682,0.290151723946791,0.0559148249469176,0.10856114343323,0.3387524777008
2781,0.00782583718651175,0.0132035871735403,0.0622683516947052,0.231406286591256,0.411831611308205,0.273464326045781
2782,0.00669076502072962,0.0212838740335056,0.268386554769275,0.0112007746904613,0.160189708315585,0.532248323170443
2783,0.486594726140535,0.188630651139966,0.105826461251826,0.135425150928934,0.0544565434837503,0.0290664670549888
2784,0.079767170015105,0.168137360198194,0.0591576763251144,0.0594291101623346,0.531970644618323,0.101538038680929
2785,0.00103885423314329,0.00334208242462878,0.0101903648028236,0.0103284706872906,0.447680617140137,0.527419610711977
2786,0.0112569739959328,0.156506230299131,0.0448039698508304,0.042068920164558,0.472815456824075,0.272548448865472
2787,0.00229606012800328,0.0172822618565701,0.0323999565044592,0.0125126643505395,0.143550308540341,0.791958748620087
2788,0.0111530281864426,0.0498966269818229,0.179462460040591,0.0258061092341821,0.101956710367708,0.631725065189253
2789,0.0424851128191204,0.0681509998437438,0.358821598102847,0.0478786498493335,0.216956125615768,0.265707513769187
2790,0.147705975248422,0.15196830460634,0.0693086758810022,0.0866458139180038,0.420055934606724,0.124315295739508
2791,0.140488587277682,0.0917786510356384,0.0475234775961946,0.444293686500602,0.239986255753431,0.0359293418364518
2792,0.480372696124683,0.319293771256175,0.0238060159482357,0.0559818537881479,0.10317255218736,0.0173731106953981
2793,0.00473946210485357,0.0431518029260333,0.0392636975490564,0.0103506494870598,0.515456463864352,0.387037924068645
2794,0.37129833250899,0.08978741326705,0.0531678460956095,0.262609577529511,0.177014242563591,0.0461225880352487
2795,0.451324425872936,0.11662018706344,0.0463992993000053,0.312937969637167,0.0604313367449646,0.0122867813814873
2796,0.000581609014534785,0.00724244249914343,0.0464435258104397,0.0102409226093783,0.156019023911214,0.77947247615529
2797,0.0551933705228401,0.104385496579004,0.0938812367131298,0.0821272014857465,0.153066184559797,0.511346510139482
2798,0.0128005745617857,0.270348990950269,0.22804932294687,0.00707377281410651,0.295560680950015,0.186166657776954
2799,0.242255845658383,0.113201476982169,0.402065523562602,0.00993027754673593,0.0868058858638078,0.145740990386303
2800,0.00558354324490771,0.0131922578505775,0.069948183455104,0.0115232980967833,0.162127066593704,0.737625650758923
2801,0.00323194249109009,0.017201545230087,0.00968550998459224,0.00918064148657055,0.415328401129683,0.545371959677977
2802,0.00597810754509385,0.0411734807941332,0.045074104462356,0.0207722233600717,0.543936716882382,0.343065366955963
2803,0.0471568071349943,0.663135739107085,0.119392299609696,0.0112898461033454,0.0973009618773469,0.0617243461675331
2804,0.0103475181226909,0.0523511727132304,0.111948973014007,0.0166131453336651,0.383165174071855,0.425574016744552
2805,0.312259019169437,0.174347428120568,0.246460789337878,0.0920406265230409,0.0859927058385138,0.0888994310105619
2806,0.0388194754397693,0.0323659428614748,0.0396975294270423,0.535369512795323,0.248206280186299,0.105541259290092
2807,0.104271493475369,0.160512071653937,0.241861491241778,0.11139989098319,0.188894656001774,0.193060396643954
2808,0.00841489527373844,0.0276073090188691,0.0401432670768167,0.0180179692441163,0.186922951335027,0.718893608051432
2809,0.0377080010794685,0.0935751541139373,0.544476170750568,0.021674853095186,0.0426753021064508,0.259890518854389
2810,0.00707133891333346,0.0471326582827093,0.0517793145266986,0.0856126093054621,0.408541352341814,0.399862726629982
2811,0.00294162060841429,0.103355973087632,0.0667108225133365,0.0061478430101358,0.55689076561251,0.263952975167971
2812,0.515722821619408,0.244523213618426,0.101462450923406,0.0490346669965627,0.0661207179448003,0.0231361288973967
2813,0.3364464522005,0.0755761791656076,0.0854821626392221,0.177967118314327,0.245642978863609,0.0788851088167348
2814,0.0163364746116343,0.335223799468364,0.216992147108858,0.0205637505733636,0.140421915612899,0.270461912624881
2815,0.00474123011893286,0.0336374754539975,0.0704762866468159,0.0272004736117073,0.14011473987108,0.723829794297466
2816,0.358126603507581,0.13086358591156,0.21132526861894,0.112368150019248,0.157260408038637,0.0300559839040328
2817,0.0576004783595813,0.589440907326159,0.0838395318573994,0.0638752835437988,0.144035485935789,0.0612083129772728
2818,0.246596530784691,0.489649323306561,0.140819435489141,0.0200611162769189,0.0511128748390133,0.0517607193036744
2819,0.243172559341977,0.46332376343306,0.0729619087333332,0.0255357592815187,0.167640489837404,0.0273655193727068
2820,0.472986042224572,0.235276225300895,0.19509776425599,0.0447794167083328,0.0346554719251165,0.0172050795850941
2821,0.00274586606399131,0.0459139376205978,0.0125888779379969,0.00536522061745299,0.352394821560498,0.580991276199463
2822,0.141138016875367,0.276093710312679,0.272976143347015,0.0433700830301137,0.143578684359965,0.122843362074861
2823,0.0125285393232068,0.063548954046989,0.0881333404104997,0.0571839111041797,0.201393292181529,0.577211962933596
2824,0.0203442097506734,0.047588469109789,0.206560958586298,0.0481307739605806,0.357125071165747,0.320250517426911
2825,0.00265632626009188,0.0146891808890292,0.143167928791539,0.00775273599304529,0.0260371671561868,0.805696660910107
2826,0.0357043133323245,0.17469189024769,0.0396493863254489,0.0585437633137637,0.529166691187481,0.162243955593292
2827,0.0501656910172915,0.709201844237507,0.121254450804051,0.00543480503540711,0.0602937963395751,0.0536494125661682
2828,0.00764231937232588,0.107022978177854,0.0674574442447516,0.0101066426711853,0.414878412781481,0.392892202752402
2829,0.0583770215499674,0.0339680775956512,0.0396630682463957,0.186937339166126,0.594085145175119,0.0869693482667409
2830,0.00380182798231785,0.0293002159507627,0.146662028509889,0.0528801533040361,0.161654124702066,0.605701649550928
2831,0.330055330495021,0.366050574500977,0.121925667911384,0.0729871931354393,0.06994938539891,0.0390318485582698
2832,0.0334828217494955,0.285929773434647,0.205041240411995,0.0190053417605741,0.333258674411845,0.123282148231442
2833,0.181332690104446,0.096375830965978,0.184107364618069,0.200653149586236,0.196931274877342,0.140599689847929
2834,0.00370576601825441,0.0371102960235769,0.132033025528116,0.0106580188819451,0.169535057208532,0.646957836339575
2835,0.132515740115751,0.298118659641155,0.0920192444049241,0.0607907913472639,0.303349409725739,0.113206154765168
2836,0.0209810946739584,0.0784551719977728,0.0656788728444028,0.0809384243251467,0.445922286040699,0.30802415011802
2837,0.0261350448760983,0.248428709184489,0.305538575055753,0.0379681494737665,0.178361076183048,0.203568445226846
2838,0.339584994922378,0.283382268985613,0.140174367594036,0.0828547593066801,0.0629735184863097,0.091030090704984
2839,0.0402218225751335,0.139934364676345,0.222829615679098,0.159799809261411,0.213644052609245,0.223570335198767
2840,0.1115321441539,0.0394390660656073,0.0755701815819764,0.469878706111423,0.100200087168274,0.203379814918819
2841,0.342718948937739,0.169511233047261,0.0895706473998353,0.0525098822002279,0.194719667970838,0.150969620444099
2842,0.00554875265079866,0.0390622785148549,0.021671423424285,0.0164379319967566,0.50565941530191,0.411620198111395
2843,0.0298567809345469,0.106211111735304,0.0690996011831676,0.00262685549195473,0.508539952270856,0.283665698384171
2844,0.0327242120473955,0.151861250974133,0.366762697933225,0.00946866944648411,0.074818601632286,0.364364567966477
