"CUS_ID","F20-","F30","F30+","M20-","M30","M30+"
2501,0.0903369262092303,0.341405891841348,0.124006444414908,0.0233552669198353,0.206169812083238,0.214725658531441
2502,0.0255086448062913,0.137310998509381,0.209135365333179,0.0907746701336388,0.382218477426601,0.155051843790909
2503,0.0311640645656115,0.648817509996494,0.031651041289939,0.0264542291837267,0.232387124249106,0.0295260307151231
2504,0.532697210111276,0.121966087464627,0.137314361373605,0.110251665168539,0.0411520022733304,0.056618673608623
2505,0.0472906867982241,0.148509872699491,0.191521132414139,0.0424768843859665,0.129277618270302,0.440923805431878
2506,0.0133908172260079,0.268441992490461,0.105968295614515,0.0360114189388877,0.277397134947789,0.298790340782339
2507,0.0070170190429855,0.0254464464683559,0.106522739046726,0.0202536765932756,0.174095825671731,0.666664293176926
2508,0.00458670948592254,0.0400871678653868,0.0277079722665598,0.033553559699404,0.440613062184761,0.453451528497966
2509,0.0318593330122712,0.0322471011726692,0.209644813587782,0.0380487987734609,0.120081487682842,0.568118465770974
2510,0.0182012532991984,0.16494598385027,0.0789728114767388,0.0243726040681098,0.271910084771877,0.441597262533806
2511,0.812396013769709,0.0781517144430857,0.0439589941026967,0.0399176899301449,0.0176851590179854,0.00789042873637839
2512,0.0304962512097927,0.125364842061936,0.0638220800105683,0.128556528372513,0.543751130235684,0.108009168109505
2513,0.00400694354852947,0.0185874039945811,0.0647104213548965,0.013736198521267,0.268720994228048,0.630238038352678
2514,0.159524505898715,0.587864945185217,0.0395015145950949,0.0178091698136029,0.168463515453905,0.0268363490534654
2515,0.00807968482039252,0.0340597349915595,0.0587445658406079,0.0195149711567047,0.198631145888901,0.680969897301834
2516,0.0559304535497676,0.116311678749979,0.0628248283960737,0.225593705011898,0.281160109898022,0.258179224394261
2517,0.0185943944222777,0.495264545479781,0.110644085456789,0.013163565560092,0.200170000433605,0.162163408647456
2518,0.505161859075198,0.18741100691253,0.0997551823877871,0.0721530649532276,0.0784044196324069,0.0571144670388506
2519,0.0545166482108862,0.858594259987586,0.016891713865292,0.0111998705026991,0.0400070102416512,0.0187904971918858
2520,0.0273655027277235,0.0332903519842257,0.0219858846818938,0.161895960448524,0.535408477715842,0.220053822441791
2521,0.00978801892449101,0.0778896074484297,0.243062884617141,0.0324592641800369,0.183922656082294,0.452877568747607
2522,0.510087701455422,0.198850933374297,0.107349275989397,0.0531210135402623,0.0827030049777822,0.0478880706628398
2523,0.043716203201964,0.295206101106478,0.0807460266857125,0.0154069585048486,0.411174333272659,0.153750377228338
2524,0.0166956663842054,0.0931923221784328,0.383388845339835,0.0455088294069911,0.0912726448544621,0.369941691836074
2525,0.123517029779915,0.0678947313309558,0.0437956368187233,0.507783796662967,0.20017167767712,0.0568371277303186
2526,0.120059651045271,0.293486754870647,0.0529805155421856,0.0980899057268885,0.322220384108085,0.113162788706923
2527,0.458764877843461,0.188251233093236,0.119715643505602,0.0559742282124069,0.108091861902706,0.0692021554425883
2528,0.00266181767064212,0.0135584506375934,0.0829416337160399,0.0299350231414467,0.19173165461591,0.679171420218368
2529,0.0761310068672161,0.122101154393573,0.241759254305901,0.0479048907615548,0.1264799153831,0.385623778288656
2530,0.0026185612419932,0.0104277632754222,0.128485027068997,0.0135984010963718,0.0994810170654826,0.745389230251733
2531,0.0147167687657797,0.146886773238886,0.0894065758920998,0.116533735583491,0.406343099793995,0.226113046725747
2532,0.0258032067539839,0.200424598660159,0.146956052174998,0.0481859551435737,0.294127886294131,0.284502300973154
2533,0.00102422869130968,0.00381400266978986,0.0571864979242958,0.005275002228691,0.0237509143773311,0.908949354108583
2534,0.12064963794919,0.0313018138856721,0.0423109014314038,0.690056074723235,0.0618892357768626,0.053792336233636
2535,0.0461344387020984,0.10367462108935,0.265822724108579,0.0316082293612017,0.180184220677591,0.372575766061179
2536,0.213120721659335,0.271802310917117,0.102179054349784,0.0486616597039212,0.195689887827731,0.168546365542111
2537,0.0162387520358434,0.863527792550013,0.0573628233631299,0.00383314563904969,0.0355172973323652,0.023520189079599
2538,0.131360237079999,0.0730939180810722,0.0757024937918854,0.113520633271825,0.342626335903714,0.263696381871504
2539,0.195514603615284,0.219752059213843,0.305843965907202,0.031263941319498,0.105185117268726,0.142440312675446
2540,0.326694726500999,0.124382793426011,0.026054294893265,0.265923086224104,0.221311445913634,0.0356336530419875
2541,0.104259884402688,0.0414126786545422,0.00885299632061212,0.595993206366464,0.221040973953933,0.0284402603017609
2542,0.0449021020995306,0.618963827658254,0.0292507550797011,0.0286956992371842,0.254478596939591,0.0237090189857399
2543,0.00545055548361471,0.0209392930972992,0.0715823068541961,0.00464479550926153,0.209944222041516,0.687438827014113
2544,0.0750926262475682,0.164621290588734,0.147185256989458,0.154189797606054,0.20186559469033,0.257045433877856
2545,0.0467030259671218,0.314664494792877,0.058703839205388,0.0193948190022404,0.402425167226312,0.15810865380606
2546,0.0222301363379047,0.0286087896955359,0.00951427451217535,0.195006420955512,0.660084903882419,0.084555474616453
2547,0.0289152590239345,0.077923319588099,0.542117576692137,0.0258312884324819,0.105169118945561,0.220043437317786
2548,0.0416330421262226,0.065674101000068,0.104854945856675,0.121716122955743,0.550213894496219,0.115907893565072
2549,0.00552480819000363,0.0532678618317556,0.027274956037706,0.0287278483612762,0.331883846855564,0.553320678723694
2550,0.0137448136970928,0.0242132878658599,0.0172803383519569,0.135645340250735,0.590391072055792,0.218725147778563
2551,0.25453450294822,0.197022014423745,0.026171178955568,0.193196889428082,0.221019838477519,0.108055575766865
2552,0.183098351682908,0.3495867839752,0.193631553065424,0.0356256858265144,0.126115464642356,0.111942160807598
2553,0.478206821321409,0.231092889119323,0.0339208721652842,0.0802688534368949,0.145926246213312,0.0305843177437767
2554,0.150978013392631,0.208370601623978,0.160560725821128,0.103400333192791,0.31711597911902,0.0595743468504519
2555,0.0141184280837483,0.0784184679400194,0.0810676205272284,0.0523093164595127,0.607010591264226,0.167075575725265
2556,0.130999134116567,0.333704725244362,0.260835699453487,0.0360001288499909,0.122904949241,0.115555363094594
2557,0.327715705433903,0.162895556120407,0.380282892604481,0.0436435920948145,0.0620913139077005,0.0233709398386931
2558,0.0341054683650955,0.0743626970682093,0.718058123329794,0.0174644791861314,0.0531830590584453,0.102826172992324
2559,0.0750605304147421,0.518298015543768,0.11174502962546,0.020425107460998,0.116521369463471,0.157949947491561
2560,0.00508348075922504,0.14146242268661,0.123466373281058,0.0239963808207363,0.239889790775837,0.466101551676533
2561,0.0193172550179716,0.0513081043486823,0.214933762575801,0.00513766268310721,0.148939477089271,0.560363738285166
2562,0.315736958891374,0.384909748870691,0.0456212479048931,0.0403822208558668,0.190990514311233,0.0223593091659418
2563,0.43267935273756,0.106677057787246,0.202228963929254,0.0520283318227527,0.0930439881226999,0.113342305600488
2564,0.0639645847286249,0.0620316507856919,0.0795126214095267,0.365973778535224,0.180824526469966,0.247692838070966
2565,0.0324817906290982,0.0960987939732642,0.0896012284161866,0.0299107346821595,0.180021295614133,0.571886156685159
2566,0.00944674019160703,0.0287408638252745,0.0781401216459244,0.0904794178583428,0.5035958857406,0.289596970738251
2567,0.0200723972060263,0.143665011892074,0.104138525761773,0.0413442136538903,0.173844258271958,0.516935593214279
2568,0.00373530662327652,0.0309883116209922,0.0555627037859712,0.0188383770922801,0.288208272125208,0.602667028752272
2569,0.0295223534570523,0.0898899292434549,0.211579122729973,0.0077021426557042,0.150227407367479,0.511079044546337
2570,0.0196068461545259,0.534397576851081,0.134374383397146,0.00840848058226859,0.115242246876119,0.187970466138859
2571,0.0769726648017979,0.0633896529038617,0.0129274382218673,0.403808320138111,0.329881242238047,0.113020681696315
2572,0.0666410616837747,0.0727395309050326,0.247949880644198,0.125583886073511,0.167531059219782,0.319554581473702
2573,0.09042348599302,0.286052339132631,0.09019558568088,0.0245274894379647,0.28544560490802,0.223355494847484
2574,0.0100924994886913,0.0385877754216482,0.0152140970645111,0.473873188160779,0.388585084678372,0.0736473551859984
2575,0.011640355528217,0.0223009234453525,0.010091201575235,0.117885292844315,0.703628638981815,0.134453587625066
2576,0.27395444197088,0.344540181474667,0.141739708890643,0.0710084633271727,0.0686988032003037,0.100058401136334
2577,0.042090660795908,0.190015235205955,0.259610800247063,0.0270221624290368,0.179561015278974,0.301700126043064
2578,0.00107629738703961,0.0059131298706955,0.033947198066024,0.00621948629406499,0.0670804444887085,0.885763443893467
2579,0.284988105147906,0.255325876282015,0.246361643370087,0.036703183699972,0.117397375145526,0.0592238163544937
2580,0.04573015352848,0.333469162337175,0.1223264571259,0.0204290418628953,0.250781569006385,0.227263616139165
2581,0.00443243903702279,0.0305650532477422,0.0861324288660116,0.0431114347227793,0.30304089121319,0.532717752913255
2582,0.193082219850125,0.491576170572905,0.0797364762088811,0.0191422485849274,0.140035365039281,0.0764275197438812
2583,0.0504050910847001,0.60907931861062,0.15194120863015,0.0120385532131457,0.0762679319329048,0.10026789652848
2584,0.339785534048821,0.569050727948733,0.0274171182878464,0.00936335418274738,0.0398345461836197,0.0145487193482333
2585,0.0218075989369557,0.0836196466054681,0.0540861038168498,0.0593982752927076,0.532412291624367,0.248676083723651
2586,0.0220648266222391,0.341047259991338,0.0859421218493783,0.0258021847712536,0.239554592601556,0.285589014164235
2587,0.200123384702276,0.0527069253993792,0.0347484593275156,0.437017204537358,0.200810758278251,0.0745932677552207
2588,0.0438678880676164,0.0200965379098113,0.0144656978008692,0.335057780432734,0.483442762298732,0.103069333490237
2589,0.0503077708319096,0.0655483551002197,0.0413203049331073,0.221954858878667,0.56507740066607,0.0557913095900262
2590,0.021747789970479,0.0923053231563862,0.163745379929226,0.0944522104026286,0.266129300677755,0.361619995863526
2591,0.0986677182222189,0.152811043335287,0.395368725217223,0.0124238634696917,0.0548689613770287,0.285859688378551
2592,0.00813733784248124,0.0404856890291108,0.0110131007970615,0.151313853635437,0.69898365683955,0.0900663618563591
2593,0.129295691447313,0.16432185520465,0.062445704218286,0.0715152261707978,0.413352029195437,0.159069493763517
2594,0.0318643862845472,0.0497750154376524,0.0471398396314742,0.0185015748274205,0.424666028516741,0.428053155302165
2595,0.102389834584022,0.120165452821091,0.214331623433045,0.228949690020215,0.188126599114669,0.146036800026958
2596,0.856544371641422,0.0339060433450636,0.00649587980330771,0.08449176716642,0.0154677744248118,0.00309416361897495
2597,0.00523389306038266,0.0227111054868978,0.146399528541283,0.0160284805667852,0.189643422019919,0.619983570324732
2598,0.0162016452819611,0.100108949473695,0.0608129241309935,0.0102105438067866,0.148216506763729,0.664449430542835
2599,0.324126834155558,0.224833370620326,0.0585242673519063,0.141058760728816,0.175927323450639,0.0755294436927545
2600,0.00301101123197366,0.0368927736238897,0.0481933140330454,0.0216981321436751,0.811651686723763,0.0785530822436527
2601,0.016091857656788,0.0552835001434069,0.222788940069577,0.0190508726418118,0.120251514281246,0.56653331520717
2602,0.0231336256690477,0.0691548718324393,0.0672508892228892,0.0228332932347425,0.185636097030699,0.631991223010182
2603,0.0465096031775576,0.599085573447945,0.0463079322873962,0.0274830030265962,0.215156936331353,0.0654569517291516
2604,0.0883333820916187,0.0822312527335506,0.386993381438255,0.138332454763629,0.106537207436921,0.197572321536025
2605,0.000443946642342494,0.0297215327141326,0.120262244533628,0.0211918704228221,0.434550753491207,0.393829652195868
2606,0.0187271420273624,0.0549091418476043,0.135318415068857,0.0173611800513371,0.150336520551284,0.623347600453555
2607,0.00894176884988872,0.021630702009364,0.0782628630703168,0.0239923128410307,0.114257307389176,0.752915045840224
2608,0.210008961036928,0.18397724480484,0.0643385514123997,0.202333065653172,0.204493771223956,0.134848405868704
2609,0.0108439251880215,0.043399848283811,0.0317481523983507,0.139835847750056,0.492688654924511,0.28148357145525
2610,0.0711000097341385,0.16662078966313,0.0404987047463739,0.220942667509918,0.337403749135873,0.163434079210567
2611,0.0161743431112546,0.0698513510111426,0.162162510892171,0.0308499285371583,0.087384420995605,0.633577445452668
2612,0.0691205885272619,0.221527957405872,0.151491634971986,0.050172838687112,0.156796052164071,0.350890928243697
2613,0.511914909327393,0.292481165718941,0.0440916972278973,0.0546444806226072,0.0781294411516194,0.0187383059515426
2614,0.0858936336362002,0.126429252782532,0.0787967203884028,0.0978744244260708,0.304259272757078,0.306746696009716
2615,0.521427179420627,0.179842924782359,0.142067720283102,0.0554651321237915,0.0559423712681291,0.0452546721219905
2616,0.00502142227964707,0.0449007120811771,0.0308250513719139,0.0484858140685754,0.579036759759592,0.291730240439095
2617,0.225248118834646,0.332515478458437,0.24340196083146,0.0300997482969577,0.105768917897473,0.0629657756810264
2618,0.0418476947528131,0.0596516914689295,0.0978767855083431,0.0701948433122606,0.40411139764276,0.326317587314894
2619,0.0320205709927239,0.0291472643386789,0.0135262058535601,0.139794114539155,0.628160065747228,0.157351778528654
2620,0.00978388500575716,0.117395396865719,0.321511653627486,0.0272252386040174,0.252467841485273,0.271615984411747
2621,0.0292900322280191,0.0760412921651202,0.0299534340049581,0.132705092008695,0.648631516986829,0.0833786326063793
2622,0.0013760708494298,0.00559904211085791,0.00996318045350539,0.00654660298215334,0.146098505520287,0.830416598083767
2623,0.489939484793714,0.155166837625628,0.0346350532069634,0.0828391760699145,0.200428092786324,0.0369913555174564
2624,0.00513604635082337,0.0440129848465757,0.128475760637478,0.0171089760322196,0.192435650040393,0.61283058209251
2625,0.200159507446895,0.322735982135769,0.319538318623766,0.0325800106888892,0.0676068208410878,0.0573793602635922
2626,0.00322331210733016,0.0130731481540451,0.0296547873309415,0.0108937954492193,0.115941317632011,0.827213639326453
2627,0.0933075769209508,0.185157038667935,0.359240606847897,0.018291929340455,0.153265466268579,0.190737381954184
2628,0.107300348780958,0.194245571827745,0.0778349339679234,0.310558866868813,0.27268997417443,0.03737030438013
2629,0.0307948190453067,0.182499292854568,0.0659751782552642,0.0301357560955347,0.395420991677596,0.295173962071731
2630,0.281247029530036,0.119929064661591,0.181499147875017,0.0619401834675611,0.172234174219579,0.183150400246217
2631,0.0199066344822511,0.23885877605651,0.157811022673026,0.0192028001174964,0.29882171052837,0.265399056142346
2632,0.00290308832967854,0.0118538214696859,0.0669435342567686,0.0144940865096761,0.120542211956858,0.783263257477332
2633,0.11276479943754,0.461702429700184,0.0766016978731417,0.0577599783256182,0.211128161803831,0.0800429328596857
2634,0.0344600030359752,0.0805281431339203,0.208594633830154,0.0567245064432711,0.170336624540055,0.449356089016625
2635,0.0178178915222766,0.105314592053111,0.101635430572197,0.0258593500491999,0.57367267557671,0.175700060226505
2636,0.0356089867759491,0.0408663121012024,0.119775173563644,0.0658183553070297,0.29542760678101,0.442503565471165
2637,0.0110638912597741,0.0779317523497183,0.0180079525668757,0.0314174533544053,0.749079408275922,0.112499542193305
2638,0.0343889918448791,0.0337244128994494,0.0509846027893843,0.35163354189168,0.171025251650145,0.358243198924463
2639,0.131085039006593,0.0579901539066835,0.0343063075456283,0.51391009720791,0.207748249272134,0.0549601530610513
2640,0.0169005964643658,0.034005338239592,0.0276779466746363,0.0141637720443599,0.138617780402583,0.768634566174463
2641,0.123375775051272,0.149104129396292,0.1596761814739,0.138567994747282,0.226809545657961,0.202466373673292
2642,0.00605785223823741,0.0856354112239839,0.118404167497886,0.0153424473405684,0.207545407470299,0.567014714229025
2643,0.319777282845432,0.443904827443693,0.0162758926934404,0.0942637786034552,0.101556742640257,0.0242214757737223
2644,0.00330534136344053,0.129389460163968,0.0300207962352308,0.00800453260219299,0.293686290345729,0.535593579289439
2645,0.0400394294156637,0.0607147593006539,0.0303227414922946,0.100298606365279,0.301603541137176,0.467020922288932
2646,0.00140829838155167,0.00927741852639539,0.0711465265044947,0.00502104810357636,0.0339679192092223,0.87917878927476
2647,0.0506140711377683,0.0948011512015607,0.0888255396831487,0.0984104294920345,0.253397547592171,0.413951260893317
2648,0.0785601893151742,0.195624420183479,0.669903984681008,0.00496245956344003,0.0137129220641357,0.0372360241927623
2649,0.0300935973227296,0.0342046660712305,0.0849805354358351,0.0435706904415082,0.169874125265463,0.637276385463233
2650,0.0586483015885795,0.0360373749786449,0.243458433069134,0.0554373540110519,0.108892829315045,0.497525707037544
2651,0.0171893554255899,0.0811563090193215,0.0327158784314142,0.0538866711878972,0.515988757538462,0.299063028397315
2652,0.014850567616721,0.0909790185233382,0.0483458499578443,0.0342234266097163,0.58685934996267,0.22474178732971
2653,0.257986656021697,0.246927350875243,0.095397966023866,0.0632125119160997,0.221387515246825,0.11508799991627
2654,0.00169084839876325,0.0282455230796127,0.0771377679791112,0.0192768709454702,0.0828576066761555,0.790791382920887
2655,0.496117773926066,0.242294353730006,0.0672271828717325,0.0435988823970797,0.11713684054017,0.0336249665349461
2656,0.00528683470000114,0.0592336978958341,0.0495921611724748,0.01783998675865,0.411928243844938,0.456119075628102
2657,0.0119269724889555,0.0245492316262352,0.155131325475214,0.0136866821391304,0.082709846441568,0.711995941828897
2658,0.0934336918312191,0.0957194471887042,0.0613194307561361,0.594574649638144,0.0927643474600063,0.06218843312579
2659,0.193656224236116,0.0646347669168596,0.0642090880262069,0.562162259385815,0.0638722738136888,0.0514653876213132
2660,0.0100757816004824,0.0379220212170116,0.0376214621050442,0.0352278711056607,0.230213755747454,0.648939108224348
2661,0.00423840191779112,0.0217888221832318,0.108448136387358,0.0171761562689422,0.0767156154139303,0.771632867828747
2662,0.00530140205472993,0.0485092723463554,0.0956059724751537,0.0120053647902048,0.152333866950679,0.686244121382877
2663,0.00461882686501605,0.0202665004835283,0.0359966244254904,0.0269782025291422,0.452164651951712,0.459975193745111
2664,0.0406176085819812,0.150488796447199,0.0298824562597803,0.0760163749136002,0.571148551701669,0.13184621209577
2665,0.249184954394855,0.280169985142243,0.14776128660399,0.0440997518404004,0.162333954038699,0.116450067979813
2666,0.000723915277872136,0.00284967889838185,0.0392333918522591,0.00145782329448214,0.00829381371606061,0.947441376960944
2667,0.0976137388060226,0.114756988030745,0.385048813856846,0.0613542446100702,0.183067744214419,0.158158470481898
2668,0.00485438543388872,0.0568155383116732,0.364221189541013,0.00640905761376496,0.107901205639935,0.459798623459725
2669,0.0332507271319081,0.183531826658334,0.109166976380601,0.0224615574649274,0.240280491761262,0.411308420602967
2670,0.00534277576476379,0.0388857010487022,0.141222999284111,0.0137049270064708,0.154760569702642,0.64608302719331
2671,0.0244926158291476,0.0855407173463404,0.0663145338962718,0.115918732593612,0.328185670466622,0.379547729868007
2672,0.00491977458359177,0.025548447993287,0.142431806308327,0.0117916848487704,0.145868414505953,0.669439871760071
2673,0.289120109768168,0.321465022750381,0.0603364655194648,0.127083262353465,0.161151483269659,0.0408436563388628
2674,0.0234470648733028,0.0541693262861114,0.0783730219573928,0.139682738258415,0.366595202701757,0.337732645923021
2675,0.653199761150477,0.173156804570024,0.0123961872395369,0.0895926405081614,0.062259108381323,0.0093954981504776
2676,0.037087205036983,0.0354894924297715,0.0511323026508524,0.150547684825315,0.399308007509714,0.326435307547364
2677,0.0455873322108731,0.132703251358948,0.278077476055244,0.0860856709271188,0.247810977408431,0.209735292039386
2678,0.0333865340238005,0.163019444471356,0.326206091675096,0.038578392320755,0.241727347371655,0.197082190137337
2679,0.00108654497995801,0.0147044632640028,0.0280862558316727,0.0137053284571595,0.280167479564701,0.662249927902506
2680,0.0542402357662964,0.0999580793643156,0.288802344380873,0.375364613795899,0.116836386282916,0.0647983404097007
2681,0.0303946129811832,0.220538021743256,0.170929931720576,0.023722397044891,0.333078614099306,0.221336422410788
2682,0.00694186935076449,0.0203691840390596,0.0970133284620664,0.212706679880399,0.210576057812713,0.452392880454997
2683,0.534355347716513,0.271603939817953,0.0162185347372855,0.115239217668653,0.055215434683414,0.00736752537618116
2684,0.00728706499039424,0.0384171264704579,0.0407664317978301,0.113320034921608,0.410440428739079,0.38976891308063
2685,0.0583202897710223,0.0335721687438196,0.210428387907948,0.0356244066758755,0.0556521986518285,0.606402548249507
2686,0.00781014151254362,0.101533590995747,0.098561804661105,0.0188240018923622,0.142032704842176,0.631237756096066
2687,0.585155254397624,0.167702478843148,0.0425854513735643,0.110853162999506,0.0774711994061094,0.0162324529800476
2688,0.015214508969472,0.143484548581917,0.0508433524632689,0.203360903449437,0.424044109976368,0.163052576559537
2689,0.128234094639741,0.583897209320889,0.043606378574117,0.0575536926603451,0.157552503147453,0.029156121657455
2690,0.00884187423175055,0.0220933934740844,0.0431320596589889,0.202894964893796,0.390480383330884,0.332557324410496
2691,0.0326407030491423,0.160446121168014,0.0738403894917417,0.0612577253303347,0.4470625118252,0.224752549135567
2692,0.224496830865968,0.106067356981548,0.195579730190103,0.0522190237759299,0.222405526702084,0.199231531484366
2693,0.0232727204376598,0.0660972868231708,0.199641003067437,0.0217931348558154,0.12639857709969,0.562797277716226
2694,0.00316346841296446,0.0162291321379773,0.03270743677416,0.0344537247749614,0.238136476521803,0.675309761378134
2695,0.572428157092789,0.161133378874182,0.0406347570498151,0.12255843060301,0.0798800420224294,0.0233652343577746
2696,0.0135986251245086,0.0522740870462195,0.217470108828608,0.016312272465061,0.0768236381833065,0.623521268352297
2697,0.0835479149749947,0.190298518479582,0.243477274407792,0.0309492102573862,0.185871534093276,0.265855547786969
2698,0.00774227277843903,0.0314533392609362,0.267944420905779,0.0134795666719833,0.261060929974236,0.418319470408626
2699,0.0102926258603533,0.135925368577944,0.471237176618434,0.00420357649860007,0.0543461628356362,0.323995089609033
2700,0.001217324474512,0.0446836826576652,0.0210174826291126,0.00477367621790554,0.380642111839586,0.547665722181218
2701,0.00920294615988804,0.02760207140732,0.0490240117795926,0.110653635808877,0.33029160989253,0.473225724951793
2702,0.464986179305091,0.160396679715215,0.193894903050577,0.0599271388744266,0.056408475838382,0.0643866232163085
2703,0.167594550186016,0.0776739459960802,0.205725416303535,0.0949859891405811,0.187483142224559,0.26653695614923
2704,0.0463075157851131,0.183132563065413,0.514763975998044,0.021771470539875,0.0991490105440141,0.134875464067541
2705,0.0137126724400567,0.105580672381208,0.460451019069257,0.0129044830215346,0.121467453104977,0.285883699982967
2706,0.0145938228300232,0.0531612719255853,0.247633938963925,0.108673342360126,0.250706973380512,0.325230650539829
2707,0.00919392858937271,0.0262353124671218,0.0226596956607484,0.0411719203603952,0.535334171329362,0.365404971593
2708,0.282700837216195,0.355392198798334,0.106167224499106,0.0798921713748827,0.139153328887231,0.0366942392242519
2709,0.0525315397261071,0.193407485774515,0.500026984609922,0.0128588689276379,0.0723595507916688,0.16881557017015
2710,0.100650618762125,0.0387329799793621,0.259665947644076,0.0406653919590231,0.0531308232097327,0.507154238445681
2711,0.0479768163372227,0.0565538758760645,0.103486426922319,0.0671356385282078,0.309660260303279,0.415186982032906
2712,0.112907740260665,0.0641853683447377,0.0797428719432853,0.485764270280763,0.167471558541524,0.0899281906290244
2713,0.0677933262153427,0.224233216982389,0.301895197056235,0.0346777338793973,0.127700177573361,0.243700348293275
2714,0.00519554518063474,0.0676771012705244,0.175567589096202,0.00900718366426493,0.251664367713777,0.490888213074597
2715,0.0270019996909561,0.0800839815950062,0.503734592909637,0.0177033504647576,0.176144031025964,0.195332044313679
2716,0.047921279569912,0.0725481898674746,0.0769459415113212,0.0580843751193582,0.310590557137928,0.433909656794006
2717,0.00724244204166387,0.0216935686038138,0.0309158282829624,0.0257967100229796,0.244264920990077,0.670086530058503
2718,0.0133260337925389,0.0238588070310519,0.270335554947727,0.0333642832626785,0.125343696214742,0.533771624751262
2719,0.0194269477451921,0.0784203878704707,0.151196670875897,0.0340078274947417,0.349162874530554,0.367785291483144
2720,0.194301438808768,0.115261527042771,0.212173072920425,0.094621543441201,0.225064096688743,0.158578321098092
2721,0.0218990613932432,0.0674063068358875,0.110044879942191,0.046169323661999,0.375447645240455,0.379032782926225
2722,0.326998402126937,0.470195476968604,0.125921138672488,0.00749744541336535,0.0464172741596469,0.0229702626589583
2723,0.0468003802938204,0.197680343640011,0.173233199897582,0.0417405112427688,0.182016034096569,0.358529530829249
2724,0.715745899865371,0.0945550739634669,0.061504542757332,0.07581489190285,0.0374216067731167,0.0149579847378636
2725,0.395881619446347,0.31132797294409,0.0396859724835035,0.150073941444728,0.069662934438515,0.0333675592428173
2726,0.0406070044670565,0.0775975911516333,0.0464943144247665,0.114479809277627,0.672311987510642,0.0485092931682743
2727,0.0012377746561332,0.0204141753487559,0.0379384899323536,0.0119673892532871,0.21181864954218,0.716623521267291
2728,0.019040266439837,0.0253681365591603,0.167484418906045,0.0228769758189005,0.0967875845988467,0.66844261767721
2729,0.121801420953123,0.240108957817945,0.103022893269218,0.105699606817005,0.237811436538619,0.19155568460409
2730,0.00454544002964851,0.0208061263603025,0.0327934263455139,0.0369218951020203,0.574759939223661,0.330173172938853
2731,0.14298837373357,0.153529274409157,0.0820226416816324,0.172635633453029,0.372956190405993,0.0758678863166197
2732,0.0100134035049687,0.0525852037883403,0.247443394610448,0.00924784054780313,0.0862283809221869,0.594481776626253
2733,0.0195025434383683,0.124167023824086,0.152204067015377,0.104672670489495,0.4806808605278,0.118772834704874
2734,0.0469084855770159,0.710456344724662,0.0510173648327401,0.0144014933880131,0.103212803153521,0.0740035083240479
2735,0.0832349025228588,0.553998497388745,0.104292566358844,0.0165791672405686,0.107826560871857,0.134068305617127
2736,0.0278353844024123,0.0324963756899384,0.0156661768029481,0.668315531762343,0.219269254910552,0.0364172764318055
2737,0.132357766354249,0.110920903428098,0.303099231550698,0.0144553656015551,0.234319612898682,0.204847120166717
2738,0.0192041561870855,0.112371380891437,0.106828341340528,0.0626321076898227,0.218474786454193,0.480489227436935
2739,0.241060430298237,0.286122796513728,0.205894111900193,0.0310497079027945,0.179971591662559,0.0559013617224884
2740,0.299590921554477,0.314142821065456,0.0678392096266615,0.0710684840289279,0.134915169580992,0.112443394143486
2741,0.121548145650182,0.348730446903221,0.121893330121297,0.019005404701309,0.24004431555787,0.148778357066122
2742,0.0523622863327648,0.067655829401943,0.0339981384542995,0.19714418349627,0.457418152751961,0.191421409562762
2743,0.275534438676063,0.192130539888931,0.0945075545640459,0.13555316627813,0.167403872968959,0.134870427623871
2744,0.00595221418692926,0.0743866364422231,0.027968504314409,0.114102102712775,0.618758803290485,0.158831739053179
2745,0.000833600511929408,0.0121828581832061,0.281897625225489,0.0470713895944191,0.509791620050137,0.148222906434819
2746,0.0101565092829972,0.0557914753405866,0.105826732290299,0.0332413078736605,0.283910291404386,0.511073683808071
2747,0.0188849473688897,0.0228231603292285,0.00824504326719364,0.223701268442618,0.563176681994615,0.163168898597455
2748,0.00394232625242894,0.0415602043235081,0.0488233208928147,0.0304775191104392,0.63903669751881,0.236159931901999
2749,0.145715602630295,0.0841989741518613,0.0348854437531259,0.392691676473654,0.23595666289976,0.106551640091304
2750,0.0117413279644697,0.0610626835100656,0.274423316984757,0.0400721332370723,0.140511040065758,0.472189498237877
2751,0.134698488649397,0.110720882814169,0.0292699309533094,0.248167586393961,0.436108854622012,0.0410342565671528
2752,0.0649708586003808,0.154185002941887,0.184923335172258,0.0521215224480529,0.167769242503576,0.376030038333846
2753,0.0292992107785512,0.0567161684616152,0.0165013310276036,0.428009159401228,0.398619528714514,0.0708546016164878
2754,0.00664283547014734,0.245235876420058,0.0465434279444981,0.011666412087478,0.527905625660837,0.162005822416981
2755,0.00122819272147514,0.00459710717835068,0.0322620066271339,0.0102835351103017,0.370698692694284,0.580930465668455
2756,0.00358371262728947,0.00907856028104698,0.0894901617993689,0.00711707507544552,0.0272463797489245,0.863484110467925
2757,0.0115920407817138,0.155585725767021,0.0214743048278928,0.0210325069617697,0.594345043759245,0.195970377902357
2758,0.0574104746398004,0.244519486329495,0.212072114468422,0.0256120733698586,0.301807792293188,0.158578058899235
2759,0.0158999739530369,0.220902879446937,0.107316551281237,0.0116300872871507,0.212352666985052,0.431897841046586
2760,0.285124230329549,0.0683563359541482,0.0276821345394625,0.576689411972946,0.0343196357461356,0.00782825145775833
2761,0.218537033592532,0.0981111255836092,0.0838208892298619,0.362829226114392,0.170762504207669,0.0659392212719355
2762,0.00419193102883271,0.10786370079201,0.071207006585604,0.0124561910134657,0.437227865918405,0.367053304661683
2763,0.059031742460479,0.162693245378352,0.230791565865344,0.0476398025366287,0.267654064570728,0.232189579188468
2764,0.00352478983308304,0.0114101258730291,0.105391172829854,0.00826382890117085,0.0695492407530192,0.801860841809844
2765,0.0350787604400498,0.144806373504581,0.240309024577558,0.0252310276706019,0.183106204645214,0.371468609161996
2766,0.0321523005724187,0.109238085099769,0.130898158890331,0.0433776788712544,0.393504198890903,0.290829577675324
2767,0.00309659003726993,0.00587283441899514,0.0112846280423856,0.707759204969825,0.176668942201093,0.0953178003304315
2768,0.0301452207775221,0.150672453183226,0.361286030415033,0.0125019212528387,0.122553021351841,0.322841353019539
2769,0.0494371509212425,0.381596638391764,0.0449776035537411,0.0866228734673431,0.316675714326707,0.120690019339202
2770,0.00127590661346959,0.0216407563447988,0.162100841637304,0.00703625823949889,0.162625858062995,0.645320379101933
2771,0.0194022473007813,0.101497070364364,0.425447991632012,0.011688936248589,0.11898985698972,0.322973897464534
2772,0.0322800537457932,0.0320284285090088,0.0954215071341659,0.233251150564989,0.409172121332438,0.197846738713605
2773,0.0332973306069961,0.314843163394556,0.15365212970181,0.00988000342045586,0.336128692459777,0.152198680416406
2774,0.142093218424447,0.505167655079359,0.0798206928594853,0.0227290973252475,0.203239542992566,0.0469497933188958
2775,0.0008103591351679,0.00618910161978134,0.112281146834971,0.00327655449386917,0.0579893862875895,0.819453451628621
2776,0.0063154707498922,0.0240456590181494,0.0463097959739295,0.0230150199223917,0.196080950824969,0.704233103510668
2777,0.00048226556541294,0.00927324533633579,0.0877174087712891,0.0060719913518984,0.0700543678848191,0.826400721090245
2778,0.107842322950185,0.138531775067891,0.160585437220273,0.101855353506022,0.178292213174783,0.312892898080846
2779,0.031544490921772,0.0350593883226738,0.316239799342458,0.106992261767065,0.187099074201416,0.323064985444615
2780,0.0616669962181452,0.21066528052232,0.354117843239195,0.0563280065405148,0.120051332688395,0.19717054079143
2781,0.0111352559961319,0.0172214568347793,0.0444501858987386,0.106098903455246,0.560870248299867,0.260223949515238
2782,0.00371747549741804,0.0145949331790496,0.207601347162976,0.0107291408879165,0.0899109349146844,0.673446168357955
2783,0.717487684437806,0.17019422453378,0.0532166970702164,0.0268109006487208,0.0223909920837013,0.00989950122577526
2784,0.0362628041496893,0.309968402037652,0.0647655694374075,0.0848230367170709,0.365454830973562,0.138725356684619
2785,0.00119584943466843,0.00692548464079768,0.028476438550616,0.0163501987456315,0.325991288013092,0.621060740615194
2786,0.0143062315547489,0.118843453154562,0.0631773496883606,0.0594638871677392,0.453582669805762,0.290626408628828
2787,0.00381418364814552,0.0286196337673222,0.0937387285837872,0.0201500180464916,0.306926164704934,0.546751271249319
2788,0.00949731213035772,0.0379885603201532,0.0787455386471496,0.0189390596853648,0.126860329695529,0.727969199521446
2789,0.0457386644283501,0.0726433391295496,0.357159632690559,0.0451894417071648,0.175209867063897,0.304059054980479
2790,0.0896024444926387,0.19329062686978,0.0447748925139929,0.06041754054755,0.428228266653758,0.183686228922281
2791,0.100179353907577,0.0230390060617184,0.0147236580286947,0.780373887254962,0.0607167857756349,0.0209673089714134
2792,0.604540099205088,0.204297065013247,0.0267696983019936,0.0651360082349018,0.0770023470452741,0.0222547821994953
2793,0.00422718460189289,0.0464544521876509,0.0367983359488527,0.0122765120481366,0.46501788546577,0.435225629747697
2794,0.423653863025559,0.149628588216393,0.0492325124013077,0.249478595444312,0.0991921024352762,0.0288143384771522
2795,0.39625248640261,0.140172779829001,0.0408793904416293,0.325992863600493,0.0830570643109244,0.0136454154153429
2796,0.000968622754643966,0.0133902451818511,0.0903898200479744,0.0138440521406577,0.0774445179608729,0.803962741914
2797,0.0338028765862306,0.0421884944444088,0.0570361011962525,0.0762913735300925,0.120695562370039,0.669985591872977
2798,0.00404022274638944,0.177302386683468,0.280597936804739,0.00773303834470195,0.207525156668812,0.322801258751889
2799,0.111784257802068,0.140604754271172,0.440631029183892,0.0108608100294223,0.0892086166640596,0.206910532049385
2800,0.00337766164036797,0.0203623525325491,0.0391933888640326,0.0207906589308797,0.243257173561049,0.673018764471121
2801,0.0103796540460941,0.05249903836999,0.0115682819755017,0.0296223082929614,0.566541259895004,0.329389457420449
2802,0.0110803815562738,0.0817241196201633,0.0392908893753019,0.0408054963515435,0.562017466620198,0.26508164647652
2803,0.10434016406304,0.515068286623156,0.134837615294854,0.032590694702206,0.129474518468234,0.0836887208485087
2804,0.00951124336465304,0.0530667605025813,0.114165642600936,0.0180720359238354,0.452573652741484,0.35261066486651
2805,0.369496275199125,0.161631329088867,0.228499139344895,0.07146131191373,0.116066274923623,0.0528456695297596
2806,0.0934885605489634,0.0492019406083656,0.0465922784115484,0.310708416725717,0.310191095913604,0.189817707791802
2807,0.0698059980064075,0.216720690928964,0.186586703124708,0.0984348758313015,0.19710913330031,0.231342598808309
2808,0.0099605873846415,0.0424905208842754,0.0403046248398965,0.0182828432896899,0.344153469289546,0.54480795431195
2809,0.0259742612019183,0.103823229582279,0.380490789243086,0.0314717961279079,0.0985025078561038,0.359737415988705
2810,0.00604479580480337,0.0468252964150001,0.0775732026506987,0.0452157157535005,0.452132064665966,0.372208924710031
2811,0.00609303329390664,0.106291553816446,0.146441821599865,0.0190190282486598,0.461173637790519,0.260980925250604
2812,0.54836315150374,0.274297023633101,0.0708140180620386,0.04237601077441,0.0394782235390079,0.0246715724877026
2813,0.160024974096506,0.0954067935118367,0.154768667562493,0.136586324672593,0.338396289119258,0.114816951037314
2814,0.0253827889033244,0.309083549960317,0.169341130711361,0.0315917264979794,0.183352630084498,0.28124817384252
2815,0.0301641995922893,0.0773308166610488,0.109649845645403,0.0963369567935561,0.193083965679585,0.493434215628118
2816,0.148531756678978,0.156052774203795,0.315767042612643,0.087430443609628,0.19385477513644,0.0983632077585162
2817,0.107767451944833,0.359305430759879,0.115488399894273,0.0570894600448509,0.271075744979725,0.0892735123764395
2818,0.350047601255372,0.266182989350947,0.182606745133124,0.0471127252270307,0.0995708414719318,0.0544790975615946
2819,0.44515125498398,0.356001117212134,0.0926693135871137,0.0307572052960876,0.0589345899073916,0.0164865190132924
2820,0.401953814587679,0.193203450650635,0.295568597303248,0.0271389849487087,0.0517276092928699,0.0304075432168598
2821,0.00118463189324602,0.0196970759421758,0.00893100415418759,0.00445220615452135,0.429582364529634,0.536152717326235
2822,0.174451868786664,0.18685511363006,0.251173161503767,0.0509690417054118,0.207362679707836,0.129188134666261
2823,0.0330116607911695,0.0802480537020432,0.140703709967263,0.0732842240425146,0.189933563721759,0.482818787775251
2824,0.0495533269386347,0.102094083731444,0.227173231296494,0.0474316052756203,0.295451949587083,0.278295803170724
2825,0.00197906158795708,0.00922900778621202,0.182960961235171,0.00402120859135672,0.00941607467801035,0.792393686121293
2826,0.0219189632268826,0.174548809996349,0.0378644807683609,0.0308435363439844,0.495501938598591,0.239322271065832
2827,0.0490670770275323,0.503725501135122,0.149554614236988,0.0237703913729819,0.131038881639494,0.142843534587882
2828,0.0199710133196381,0.133786055414015,0.244885995404403,0.0293829510922241,0.359681683734564,0.212292301035156
2829,0.0384835736265832,0.0302547538487394,0.0354033275916026,0.138730113786104,0.61026029926596,0.146867931881011
2830,0.00182387118548739,0.0201822586971764,0.103698025068794,0.0220298720586256,0.147531560325611,0.704734412664306
2831,0.348967805368663,0.447035035594639,0.0760934656788781,0.0459737730001402,0.0537875290968332,0.0281423912608457
2832,0.0329586691918312,0.254517347247224,0.195411206276514,0.0253840595030511,0.310711146784143,0.181017570997237
2833,0.199852029173763,0.124652613737356,0.0730471164586747,0.286027760627913,0.198508323944719,0.117912156057574
2834,0.010826818030776,0.0606348298003383,0.0763027733054875,0.0116537225297081,0.258425126867881,0.58215672946581
2835,0.197332158405063,0.20047847745022,0.0366197964085404,0.195784888465736,0.300382519076113,0.0694021601943273
2836,0.0105018761909885,0.0218796916514813,0.0407050123710863,0.0564190197919389,0.258270442871956,0.612223957122549
2837,0.0551342515430552,0.211479381140523,0.359718818279023,0.0411741076331085,0.150929759989522,0.181563681414768
2838,0.182141527460171,0.287648014875749,0.253196901017407,0.0446066485322872,0.108839759592768,0.123567148521617
2839,0.0753977679099604,0.127677723720874,0.134202067758932,0.0909742786427392,0.333320776761728,0.238427385205767
2840,0.115227626162025,0.073063238344157,0.148204330400412,0.242360798282649,0.16006098276298,0.261083024047778
2841,0.492536729822116,0.106529469092284,0.0400222496841217,0.156361541135454,0.152744299302671,0.0518057109633527
2842,0.00565571983234514,0.0309696311534106,0.0160055786622098,0.0231789386741202,0.640094440265361,0.284095691412553
2843,0.0440044693668667,0.0852474606257993,0.080645344986622,0.00480522859643711,0.629734109738705,0.15556338668557
2844,0.0272890375638121,0.22684699512123,0.422523729606354,0.013580547408834,0.092853580529111,0.216906109770659
2845,0.269894074609627,0.466097571063069,0.11247189472112,0.0946240511822073,0.0446579806881539,0.0122544277358224
