"CUS_ID","F20-","F30","F30+","M20-","M30","M30+"
2501,0.042088611374114,0.652490398946839,0.0808550439355764,0.0153980112907636,0.113520842634958,0.0956470918177488
2502,0.110385069670452,0.191765158512409,0.145202889716761,0.0783973353443234,0.299090011485545,0.175159535270509
2503,0.033763940210228,0.402325073093159,0.0299557936208294,0.0505135506636091,0.401533898827091,0.0819077435850832
2504,0.283893150902252,0.158687146901216,0.115596440440597,0.182270822789317,0.0987094867996273,0.160842952166991
2505,0.0621319326195734,0.213880248099909,0.100451247677312,0.0780532708369361,0.188850236962866,0.356633063803404
2506,0.00592932695293136,0.465593592690294,0.0662641356437174,0.0126312763818299,0.254263504305242,0.195318164025985
2507,0.00919681924493042,0.0259840711181001,0.0853265400322785,0.0433115565467495,0.22145945046805,0.614721562589892
2508,0.00653107532664037,0.0566764218614969,0.0376869469195871,0.0301625269376922,0.491154281130538,0.377788747824045
2509,0.051758362784081,0.05376866025342,0.1631175077392,0.0375498404732041,0.124289262249525,0.569516366500569
2510,0.0103636971060372,0.0704863852574463,0.0381752605980688,0.022031356811956,0.415277475086233,0.443665825140258
2511,0.421012474372154,0.116954611141834,0.0971008566089393,0.238135370469894,0.0726578915587501,0.0541387958484295
2512,0.0516148779482243,0.175877304971731,0.0405656277814494,0.133102310907259,0.498609779565666,0.100230098825671
2513,0.0151339457593106,0.048418795881679,0.0675580058031206,0.0387380337754546,0.350542074514741,0.479609144265695
2514,0.0601034428704982,0.429816856160272,0.0656500362475993,0.0412579040786256,0.312127046814741,0.0910447138282644
2515,0.009619275946466,0.0452568706490509,0.0871992797401207,0.0272177249537542,0.215609760791108,0.615097087919501
2516,0.156444679567932,0.106474878717416,0.0324981878685662,0.179007887152218,0.331900462453935,0.193673904239933
2517,0.0359435824908954,0.310836705391526,0.131201193506245,0.0227373511439477,0.216225812008964,0.283055355458422
2518,0.358414657716765,0.300516449104153,0.104034692827527,0.0527052507300417,0.108313747558771,0.0760152020627423
2519,0.0388061360300162,0.868684884951203,0.0127185971470102,0.00536303486231637,0.0532454681682353,0.0211818788412186
2520,0.0244539677005852,0.0708615370432039,0.0109443249756259,0.0739467321775218,0.680913422274387,0.138880015828676
2521,0.00649596483397336,0.0316048676645494,0.201349226477245,0.0186260888046882,0.0779122368668464,0.664011615352697
2522,0.268539105533051,0.192843746704651,0.189723209120848,0.11327350554971,0.133998325709404,0.101622107382336
2523,0.0642452538763213,0.514742263782806,0.0752052513163649,0.0137570005872662,0.204895294217388,0.127154936219854
2524,0.0641344438038809,0.166216900790462,0.203357157255964,0.127669911999432,0.140755500242923,0.297866085907338
2525,0.109362191798349,0.127132821145651,0.0723414085147095,0.231917655933292,0.307084522745987,0.152161399862011
2526,0.122541347333469,0.19376308530651,0.0870244304173263,0.0641345532340486,0.284658473981959,0.247878109726687
2527,0.507062895376496,0.133057395523528,0.077262372073406,0.0534030862714504,0.116414000518486,0.112800250236635
2528,0.0135305178829544,0.0208980136541334,0.0441102497193175,0.0523266243401826,0.173727768940475,0.695406825462937
2529,0.0661644490088287,0.110834241973333,0.240414219010466,0.0690074561962221,0.145307640639238,0.368271993171912
2530,0.00596819907338399,0.0148695244221243,0.138780611430385,0.0117494620644281,0.0860502880198301,0.742581914989849
2531,0.0387501588738017,0.131837867997037,0.0891183677251213,0.0742465277449145,0.40349454337049,0.262552534288636
2532,0.0457644890205188,0.235114898271605,0.136983385641322,0.0565958171982669,0.227137113950159,0.298404295918128
2533,0.00159808002100426,0.0065755963797987,0.0470571360273282,0.00499450024762905,0.0334410469789179,0.906333640345322
2534,0.202885947711661,0.140290677616247,0.0989799386233177,0.336873153748039,0.136135778299627,0.084834504001109
2535,0.0475377643767378,0.096087820125722,0.131104893993244,0.0459359954467338,0.18966406565036,0.489669460407202
2536,0.151650395386037,0.220672668842298,0.0800470403814936,0.0759740132142666,0.212915706763397,0.258740175412507
2537,0.0299729743349497,0.758677980180917,0.0613517720705618,0.00742628284012867,0.0963566334381185,0.0462143571353243
2538,0.329862305948048,0.15779111840812,0.0588063379717156,0.0951345811996926,0.25095769423967,0.107447962232754
2539,0.142977980423795,0.277971066312798,0.148331896239875,0.0531383631406487,0.21483247922912,0.162748214653763
2540,0.264695301273651,0.102758001349691,0.0508121328762644,0.142119080550327,0.337460706093799,0.102154777856267
2541,0.0986788407361163,0.0569121177274894,0.0300736105790356,0.433653756426404,0.334743149808423,0.0459385247225311
2542,0.0799865364642124,0.363336844108332,0.0341876828180618,0.0293686649290355,0.442982756725876,0.0501375149544817
2543,0.010724443154884,0.0235966475426803,0.115279183693956,0.0112429717544453,0.286395117654579,0.552761636199456
2544,0.106411298761404,0.0898912162931578,0.151188865938576,0.328355290883639,0.114118902398615,0.210034425724608
2545,0.0313009885305815,0.299742328602741,0.0644107997212377,0.0187482711029609,0.339566104132621,0.246231507909857
2546,0.0620375815424046,0.0905886486394125,0.0306930552496948,0.298761023903922,0.442673011794767,0.075246678869799
2547,0.0415052232361449,0.107021797100716,0.303565506418991,0.0324645040129606,0.197337819076376,0.318105150154811
2548,0.0853922240240868,0.0730868109695166,0.0853518138821248,0.362336719865378,0.335546081015613,0.058286350243281
2549,0.0288379899009774,0.0933527906197768,0.0504749899853337,0.0560916352067433,0.304468282796425,0.466774311490744
2550,0.0230062264942166,0.0344098676371351,0.018261259242295,0.194132088004056,0.574357097338469,0.155833461283828
2551,0.240201245656947,0.194360992399304,0.0466875746429437,0.200563890598714,0.178160147615885,0.140026149086206
2552,0.0433300331681875,0.297686920375358,0.149378045980121,0.0334156155471116,0.252463943181874,0.223725441747347
2553,0.510888326650503,0.172086583496462,0.057314432428861,0.111091323113873,0.124403358303018,0.0242159760072835
2554,0.0688790969362186,0.168395448363674,0.089733809248393,0.115864527609048,0.434717378895631,0.122409738947036
2555,0.01179171523864,0.135763308875101,0.0678137352803264,0.0359531085010187,0.566911832631129,0.181766299473785
2556,0.0746771808219067,0.226425418597529,0.332015020273734,0.0389708162032073,0.179479886361174,0.148431677742449
2557,0.390337504700751,0.23295971592192,0.287359770513263,0.0317131173465459,0.0377463802370537,0.0198835112804668
2558,0.0210456911983037,0.0489691829223718,0.72116094189954,0.0362438861298909,0.0728329815704512,0.0997473162794422
2559,0.082115005816213,0.424879889363837,0.13014091535459,0.0320682022184789,0.133116922125437,0.197679065121444
2560,0.012797787002541,0.120562712966336,0.0659032282280565,0.0254494872319222,0.230564095057717,0.544722689513428
2561,0.0105536660889644,0.054560544642163,0.200538202196506,0.00674361686175709,0.124154491005836,0.603449479204774
2562,0.290754279859991,0.30142472866297,0.0215504035736641,0.0520823045247231,0.305158467889954,0.029029815488698
2563,0.319978046862268,0.155132150423632,0.215106417965995,0.0982851800555952,0.11510310693345,0.09639509775906
2564,0.153293955811369,0.0691919276429991,0.0897738968471662,0.441228530555865,0.110737759279798,0.135773929862802
2565,0.0375392058518818,0.110830837855815,0.0683531105567833,0.0528451373963917,0.223595142133105,0.506836566206023
2566,0.0188726559620386,0.0432812116784402,0.119503277274917,0.0876115402203576,0.175940384246563,0.554790930617684
2567,0.0385833468226775,0.161835679768582,0.129500764500945,0.0283375886372433,0.172181682818398,0.469560937452155
2568,0.027467161538662,0.0931028564915097,0.0530183683353268,0.0253401195673553,0.343391333908812,0.457680160158334
2569,0.0277932403413557,0.102022586271919,0.173580158678003,0.0167397535069333,0.142252800728568,0.537611460473221
2570,0.0266021864277227,0.729496165617261,0.0473017231488729,0.00981793782618828,0.0861308604388412,0.100651126541114
2571,0.0872087109738852,0.133854675610112,0.0385915836722546,0.179791880672257,0.395312622897973,0.165240526173519
2572,0.110425401856664,0.0792051059111047,0.496716772249764,0.0585715631030343,0.0752427178674395,0.179838439011993
2573,0.0535401732401086,0.225400354996884,0.0770059801773882,0.0333990940432676,0.35821666629387,0.252437731248482
2574,0.0705414227860705,0.0875128801957971,0.0376274046733393,0.314317169104544,0.409316344338952,0.0806847789012969
2575,0.0339474798375836,0.0451443745277129,0.027586490532302,0.121120491243784,0.658786876529182,0.113414287329436
2576,0.295033412097389,0.288576619045769,0.106629637043416,0.123728452413278,0.0906046456484462,0.0954272337517027
2577,0.0392610159516709,0.226927421553534,0.257006510627416,0.0491649769961705,0.21836607618037,0.209273998690838
2578,0.00214877662054286,0.00990278820522938,0.0315453226867796,0.0042072290758704,0.105190666595181,0.847005216816397
2579,0.245380501583552,0.133442963004819,0.316728014268595,0.058767334355702,0.118426415465079,0.127254771322253
2580,0.0453958234605285,0.229299047587114,0.21516063117133,0.0192676615170681,0.212827780970084,0.278049055293875
2581,0.00265903817121789,0.0257139411012919,0.0960120741113343,0.0683366442452236,0.445613388173772,0.36166491419716
2582,0.134364625621214,0.380441588588755,0.0919854617044711,0.0499810768374854,0.259529514554063,0.0836977326940114
2583,0.0930256625772549,0.419544669332408,0.177336854632355,0.0266331714684745,0.132466559984074,0.150993082005434
2584,0.166612768799347,0.444243646500418,0.0519236699941937,0.0399385612633036,0.254146223503459,0.0431351299392791
2585,0.00926906922491509,0.0552549821711587,0.0287257658199641,0.0534888723125979,0.56269491873971,0.290566391731654
2586,0.0541644341899451,0.199634815233201,0.123774205169551,0.0371042392869445,0.225449752003035,0.359872554117324
2587,0.189829637598699,0.0577148804184876,0.0366279025941213,0.282337395882058,0.288186944032675,0.145303239473959
2588,0.062235164202326,0.0556746886036774,0.0280547279740168,0.181644641568259,0.477988451961731,0.19440232568999
2589,0.105940594327579,0.124256876052542,0.0327852275864068,0.158978014124049,0.42348765919332,0.154551628716104
2590,0.0219175260850911,0.0819888537387476,0.174025398823699,0.144495105734204,0.192773273674505,0.384799841943754
2591,0.0905002840991098,0.105843983316654,0.308497505382374,0.0270028791746371,0.0756797774379642,0.392475570589261
2592,0.0166163188127034,0.0500536574852598,0.0145307178999519,0.131835952881363,0.576024269144269,0.210939083776452
2593,0.314876394493052,0.157859988023795,0.0508432955914799,0.231363757320162,0.203213591521694,0.0418429730498174
2594,0.0338714799257619,0.153840750941183,0.0548004361223584,0.0523177327390549,0.397436857294821,0.307732742976821
2595,0.107282505182464,0.0746369328184858,0.225529936475258,0.302422467654984,0.12720281797778,0.162925339891028
2596,0.698286924062769,0.0889544028895784,0.0200394791316672,0.139603529884025,0.0444373457610876,0.00867831827087248
2597,0.00785028614466271,0.0591241812495267,0.229218432847529,0.016199705549267,0.131563386489785,0.55604400771923
2598,0.0129317618134165,0.112542114888183,0.0996613476555216,0.0135925224049569,0.228897191528018,0.532375061709903
2599,0.176588772092628,0.222294095507816,0.0739933334427178,0.302905606173968,0.149345023642408,0.0748731691404613
2600,0.0137989106664183,0.0594982015996186,0.111756106384616,0.0309882596459261,0.701101920637683,0.0828566010657384
2601,0.0712921706759757,0.068108817153171,0.149347991766123,0.0261756231860023,0.132144907448129,0.552930489770598
2602,0.0165182627909642,0.0819657601697353,0.113113180785973,0.0266765811162203,0.18833295014573,0.573393264991377
2603,0.0190132889900638,0.446345088271198,0.0414333581327924,0.0165296912967966,0.372751101651717,0.103927471657433
2604,0.0312218905773177,0.140411156591474,0.343173105420237,0.127105560206537,0.135213294619579,0.222874992584855
2605,0.00085066976325073,0.0379955973606689,0.247059725092623,0.0109443038345373,0.170044487212249,0.533105216736671
2606,0.0697325737306741,0.1548984601611,0.122787353269342,0.0519527652434193,0.208999887732576,0.391628959862888
2607,0.00770861219148151,0.0234145842790128,0.0542753473270335,0.0151380428081496,0.127579416797088,0.771883996597235
2608,0.259332483188536,0.181107189899961,0.0865239823845839,0.111364502242904,0.212149743578577,0.149522098705439
2609,0.0429317411389058,0.0802491367708593,0.0588769713902625,0.094890360995913,0.390861649580343,0.332190140123717
2610,0.115889240140882,0.205054298812388,0.0635264052070452,0.161103684912201,0.296668504968228,0.157757865959256
2611,0.0353105458106024,0.0952894475976899,0.235123423420656,0.0289004915038822,0.0948620478986508,0.510514043768519
2612,0.0527363191638768,0.315461264795614,0.0881163944512705,0.0305955829486502,0.232911469635302,0.280178969005287
2613,0.428544732525004,0.326560527468571,0.0527648306174357,0.0857183236763426,0.0870544052726168,0.0193571804400299
2614,0.113253816515794,0.107663288675596,0.0651027760457903,0.137549639880173,0.323114653815653,0.253315825066994
2615,0.526508054461388,0.200508394870206,0.119046385488525,0.0385608106651718,0.0621071695603253,0.0532691849543841
2616,0.0137872424933589,0.0616524873147072,0.121204156425107,0.0731259420901111,0.385332250435514,0.344897921241201
2617,0.160424260612161,0.315401088033239,0.232222738634735,0.0304945025374302,0.177572749532312,0.0838846606501232
2618,0.0974280368256404,0.0927185240754074,0.0709344656984045,0.062796917423398,0.429205460406154,0.246916595570996
2619,0.0311510574147601,0.0390310678298693,0.0191492709344792,0.0789370413625798,0.661790900287114,0.169940662171197
2620,0.0252645484991994,0.0947310786959143,0.161525417035007,0.0292492185878495,0.407814944457427,0.281414792724603
2621,0.0246594397520473,0.120756940860432,0.0199272224563299,0.0638451766365656,0.664627104652752,0.106184115641873
2622,0.0017558539000733,0.00672426908311654,0.0232153815540004,0.00588634437166305,0.0701577745045719,0.892260376586575
2623,0.192791129873702,0.227854062231817,0.0468777321976578,0.0870897165904358,0.370417035237831,0.0749703238685574
2624,0.0187845614892168,0.0347986924230348,0.0919553998668542,0.0324609778961415,0.0987722744739556,0.723228093850797
2625,0.0551964943573678,0.150595243196948,0.6486810071317,0.0236695199556073,0.0526480457816469,0.0692096895767299
2626,0.00994285944351156,0.0359648158674303,0.0524135622016416,0.0325977371948515,0.22877642488618,0.640304600406385
2627,0.0462985084310087,0.124487973436757,0.332203452317114,0.0213846980409422,0.154094482752037,0.321530885022141
2628,0.166658002354267,0.151472731965298,0.037709890575717,0.263755367096464,0.291913520994318,0.0884904870139352
2629,0.0341739596093191,0.289445843052859,0.0610694949070585,0.0359897724669513,0.352562247029224,0.226758682934588
2630,0.0782129277619161,0.0544836063255698,0.0701146681140371,0.0734424825806769,0.254851577788655,0.468894737429145
2631,0.017923602516954,0.167080751567767,0.182523421595959,0.0193764544583763,0.347754049951266,0.265341719909677
2632,0.00949288543888782,0.0301338666942965,0.070522762862016,0.020280121297311,0.167099619498875,0.702470744208614
2633,0.0907348275280794,0.326639063583387,0.0874890087328732,0.0704761545477924,0.29992086422132,0.124740081386547
2634,0.0313605753119145,0.0938721609112341,0.209096303938858,0.0539550454055902,0.165261558680128,0.446454355752275
2635,0.0335292468361251,0.130194500771302,0.047917559573207,0.0406517624104427,0.520471621466007,0.227235308942916
2636,0.0293119601769287,0.068772515196306,0.132741091234944,0.0374889080344468,0.270549426694765,0.46113609866261
2637,0.0331581292637359,0.118389806596397,0.0174346073465307,0.0347648259060335,0.627079414570844,0.169173216316459
2638,0.0885486958473622,0.0690972817257177,0.119748108292363,0.229257416150179,0.171457723024757,0.321890774959621
2639,0.0997077427713095,0.0524062951640908,0.0609835556616803,0.339118659628973,0.32139409081186,0.126389655962086
2640,0.00583798726760918,0.0224660441545543,0.0614117173605691,0.0171075707555078,0.117605326151924,0.775571354309836
2641,0.409959945389253,0.177006675285398,0.137715238599816,0.102316876389529,0.0967458129747144,0.0762554513612888
2642,0.0134752417878046,0.0568988912571319,0.101749476050483,0.0197338399237643,0.245175868685122,0.562966682295694
2643,0.435037129197996,0.24415072966095,0.0333826667018344,0.148879945471864,0.103655883128256,0.0348936458390988
2644,0.00764230032825637,0.18826287189094,0.0544786822968203,0.019209740441251,0.279184168356159,0.451222236686574
2645,0.0231762352456826,0.0501763799537086,0.0263580869978973,0.0432026628189553,0.358865909654786,0.49822072532897
2646,0.00683911938245569,0.0317204122351374,0.0707927435686299,0.0331208201231621,0.116627852555159,0.740899052135456
2647,0.104711435549786,0.115404551302613,0.130856241448204,0.0898367113210035,0.294036294741222,0.265154765637172
2648,0.171757246797642,0.203758110746356,0.438123308813692,0.02578123164332,0.0641062198316078,0.0964738821673824
2649,0.0485182179478781,0.0997581638543771,0.0876835098074028,0.0379885378476227,0.336216020948975,0.389835549593744
2650,0.0327194426342212,0.0284612189163859,0.185558334643376,0.0413367585141981,0.0867298617395343,0.625194383552285
2651,0.0165018744519442,0.0798762915600023,0.0402486067619044,0.0415879818618489,0.543446639643506,0.278338605720794
2652,0.0196469342812557,0.266388492343373,0.0567550831905068,0.0279150118445728,0.348052846334743,0.281241632005549
2653,0.208052809400387,0.230903155564995,0.108899753150461,0.0496827475691515,0.184652077393624,0.217809456921381
2654,0.00552568775137212,0.0318836080457248,0.0433308234559372,0.040278573483314,0.24607578069401,0.632905526569642
2655,0.431580337942963,0.174887434862369,0.0405342180526808,0.170681786536981,0.147663347857482,0.0346528747475241
2656,0.0137088215873844,0.0588862793021451,0.0471938047685426,0.036970362265285,0.456001487978368,0.387239244098275
2657,0.0070392384131672,0.0372450927809641,0.119687704060676,0.015227203189706,0.0843461233375532,0.736454638217933
2658,0.162998569692281,0.205217592917058,0.158141767016039,0.186932406536727,0.184368681893177,0.102340981944718
2659,0.222569265947118,0.106842063659502,0.0436247146131777,0.466931134192798,0.097477597907768,0.062555223679637
2660,0.00713294640810361,0.0438623341572678,0.0517287109300832,0.0155826116390054,0.375972631638889,0.505720765226651
2661,0.00680837523766735,0.0278475249657736,0.0868126910330807,0.0122847351385286,0.0887720981282835,0.777474575496666
2662,0.00684185905950206,0.0643609603762231,0.081947910809116,0.0106728160435607,0.196776626858515,0.639399826853084
2663,0.0131227840157469,0.0612247738369465,0.0699841595315188,0.0388785315760091,0.315085504857164,0.501704246182615
2664,0.0288125437113259,0.0851800358817958,0.0223234902968084,0.0643838560096799,0.58862074776438,0.21067932633601
2665,0.198415294066265,0.265019547611248,0.0929555738624565,0.0606581235856457,0.231658911362443,0.151292549511942
2666,0.00239801661364856,0.01179958800664,0.109077628542772,0.0054145654352018,0.0260628127462468,0.845247388655491
2667,0.0375284271714106,0.137645190025262,0.44616107249084,0.0346247103421166,0.185937856744133,0.158102743226238
2668,0.0100377919825261,0.0481594095990666,0.393269430912151,0.0118646680599241,0.0814354821759808,0.455233217270351
2669,0.0862798729607761,0.23113577317294,0.11280503201208,0.0464183088313742,0.169400275244434,0.353960737778396
2670,0.00932627775512438,0.0385738412096338,0.144136697652765,0.0243253664711079,0.173433267258195,0.610204549653174
2671,0.0355151311557631,0.0963780519481962,0.0584386954062514,0.107772527591538,0.394648627607952,0.3072469662903
2672,0.00605087995963887,0.0529610012230731,0.118465133284689,0.0134528416786462,0.175210414524737,0.633859729329216
2673,0.320674416883755,0.224756244827127,0.0895721361920067,0.129210878771635,0.156001764124996,0.0797845592004804
2674,0.0128082970405424,0.0367557779714006,0.0626842841121259,0.141793570456788,0.462027507924572,0.283930562494571
2675,0.585828403935034,0.178070451843808,0.0159418577808539,0.138340220795715,0.068322853998487,0.013496211646102
2676,0.0129240419149663,0.0399041484715913,0.0412937281672949,0.0568738062233271,0.471802532544191,0.377201742678629
2677,0.0813444422720032,0.143386216881551,0.322838815417846,0.0435505966949738,0.282369767669987,0.126510161063639
2678,0.0543411086105474,0.181156235980003,0.211420089092737,0.0534124367471579,0.293137696022914,0.206532433546641
2679,0.0110439032800417,0.0325022402359691,0.0365954190223241,0.0339731698376589,0.327696157993699,0.558189109630307
2680,0.036381615612169,0.0945473747084031,0.39376504891061,0.140495789058238,0.130760030415753,0.204050141294826
2681,0.0142079074900324,0.15999136335515,0.121704035848611,0.0369945702977825,0.377366382170307,0.289735740838117
2682,0.022890399133071,0.0321988751476944,0.106086138736711,0.136141767233074,0.181755148617979,0.52092767113147
2683,0.45180968059344,0.176213298210189,0.0474017237313183,0.194811639504483,0.107047259948731,0.0227163980118379
2684,0.0161397183189899,0.067551672927797,0.0459229425329174,0.0512353245350473,0.468727303857696,0.350423037827553
2685,0.114237485354998,0.0654115245556597,0.14092074395216,0.0238050987508486,0.0909753405950748,0.564649806791258
2686,0.0183081564034437,0.13176218828111,0.121862799496707,0.0402757296950712,0.229210142481843,0.458580983641824
2687,0.200791374850858,0.218110822543276,0.139070846155307,0.16186383091477,0.219781780916943,0.0603813446188461
2688,0.0417956371297125,0.152596241920156,0.0809695842112806,0.176772856473165,0.392530806700521,0.155334873565166
2689,0.209925409084654,0.477828775624837,0.0433665391300617,0.0520464828169334,0.169701958915808,0.0471308344277067
2690,0.0249777915760079,0.0539256625491823,0.04856702386581,0.219457744542705,0.417924917246695,0.2351468602196
2691,0.0480758531820825,0.21168037527407,0.107778659693471,0.0620033750889806,0.301775550888728,0.268686185872668
2692,0.0503443236179251,0.0869809446704997,0.26080242565809,0.0409666676536947,0.233943028323431,0.326962610076359
2693,0.0518856180407542,0.0613950769268219,0.137112865268269,0.0799608474511985,0.182313130711155,0.487332461601801
2694,0.00879537895595489,0.0199184499054502,0.060092014901968,0.0449972256359904,0.31521460221616,0.550982328384476
2695,0.543787002198026,0.145524654455562,0.0508639638841528,0.119761502502681,0.11040197206042,0.0296609048991574
2696,0.0247018419138233,0.0979792869130323,0.331986019673339,0.0242638330834469,0.13903859342242,0.382030424993939
2697,0.0326836528410029,0.175573975034739,0.289706494066081,0.0248756867487112,0.199022744590464,0.278137446719001
2698,0.00882075361073996,0.0370845767983269,0.209227982731848,0.0279180174089772,0.243139450625334,0.473809218824775
2699,0.0101192844649096,0.132955081030514,0.499424537955573,0.00520797233415414,0.0450186340465683,0.30727449016828
2700,0.00403309934632506,0.0449213744702542,0.0357853552970329,0.00587174741742721,0.280931595306599,0.628456828162361
2701,0.00862193441290838,0.0566431901840734,0.160215933122774,0.0498179588144145,0.311212469305223,0.413488514160607
2702,0.341346419921544,0.191844945274145,0.194363662144285,0.0432839767470378,0.102442171253595,0.126718824659393
2703,0.169340183054992,0.116218811191499,0.0987360818634804,0.142697821704938,0.257564823777175,0.215442278407915
2704,0.0451229462749502,0.16550153591625,0.535933298313159,0.0426758487806238,0.0935447540114187,0.117221616703599
2705,0.0135889091763464,0.130386532223096,0.279505084625971,0.0275189836584269,0.221212540093263,0.327787950222896
2706,0.00908132479718172,0.0601726597022434,0.276640992452757,0.106935875858777,0.2041455134137,0.34302363377534
2707,0.0155773660379205,0.0761990136578416,0.0293909777460153,0.0576790054344307,0.620962245170217,0.200191391953575
2708,0.41709450904441,0.2974650968581,0.0566996258565252,0.0597338914523372,0.138078170615178,0.0309287061734491
2709,0.0632652448205432,0.197931619932653,0.240045832631671,0.042083282752379,0.120488256514252,0.336185763348502
2710,0.0518874606371946,0.0383006079551936,0.236750753927187,0.0373842795529527,0.0735101102125279,0.562166787714944
2711,0.0756977509175559,0.113733256542741,0.153668162385698,0.0530697084322201,0.303756825330807,0.300074296390978
2712,0.104899417712068,0.0689470512284502,0.0862620835031839,0.239532559853148,0.317147254808492,0.183211632894658
2713,0.148335311083377,0.189128464548846,0.201330697129085,0.0685322916127052,0.111836884050701,0.280836351575284
2714,0.0064535345030256,0.086427721374822,0.147012818256897,0.0126612121090107,0.117161660838176,0.630283052918068
2715,0.0177640108464685,0.124174116082656,0.293189621835897,0.0452342377670155,0.314682711346021,0.204955302121942
2716,0.0248245083921275,0.0697375514580682,0.044480159894709,0.0451027255691129,0.430327179796665,0.385527874889318
2717,0.020339544491594,0.0646637594676966,0.0590691383296046,0.0383962902804948,0.406429348729635,0.411101918700975
2718,0.0311680759681655,0.0604398855259882,0.193297564590673,0.0536786887966588,0.111171488433859,0.550244296684656
2719,0.0321974161380663,0.175570499181562,0.228743920020636,0.0525371013702098,0.290459443354763,0.220491619934763
2720,0.0733282084560233,0.0616152361885505,0.212606224231576,0.12056119103434,0.216169437701153,0.315719702388358
2721,0.0172617302154822,0.0712762344696293,0.130926954372622,0.0292777927170048,0.325514940789137,0.425742347436125
2722,0.298569561391613,0.39055755545103,0.133638327879071,0.0164005188621775,0.119804884123766,0.0410291522923431
2723,0.0279668146811698,0.15967854113985,0.158664603003114,0.0340094847045923,0.217606804981152,0.402073751490122
2724,0.613187284116382,0.109828402707673,0.0562345027035588,0.129668084207087,0.0573619116395082,0.0337198146257912
2725,0.342190879862858,0.236636245958244,0.0516741085888412,0.222445746852842,0.107101065589837,0.039951953147379
2726,0.0306007404737741,0.095439288351586,0.0396801188545733,0.0901760550954585,0.677413627512421,0.0666901697121875
2727,0.00975062125662999,0.0562924020544746,0.0662234121146384,0.0507236610536781,0.423843328620339,0.39316657490024
2728,0.0179494611597704,0.0580135983931947,0.105221061855358,0.0458621294469059,0.101486195509332,0.671467553635439
2729,0.202663710246819,0.250496522799853,0.0469294222721566,0.0971162479731458,0.32456208339801,0.0782320133100163
2730,0.00815225582246922,0.0378097940052027,0.110741685500333,0.0359576014129607,0.264847872616634,0.5424907906424
2731,0.148930405464506,0.212538842344869,0.0612653984329993,0.188519716834595,0.26618504477031,0.12256059215272
2732,0.0277383518258427,0.085525959467405,0.258916757821265,0.0233508518609573,0.117447087798197,0.487020991226333
2733,0.0665408492985789,0.15837451656847,0.0904556441765053,0.126120956016149,0.452104013335239,0.106404020605058
2734,0.017961854534632,0.778021899346341,0.0256820820481516,0.00763264509665681,0.106610524699781,0.0640909942744376
2735,0.0372336277970099,0.324175071306055,0.203238894513152,0.0261087931178636,0.168384054260582,0.240859559005337
2736,0.0458334253887888,0.0899019086064102,0.0654403368197941,0.232269718783771,0.406055665147147,0.160498945254089
2737,0.164486941420077,0.100435557608816,0.404075758196722,0.041295407754939,0.144046872942241,0.145659462077205
2738,0.0582155953877412,0.117688796193073,0.170188618345775,0.0973603356816555,0.17882303706948,0.377723617322275
2739,0.109991010575722,0.242169090777899,0.187186728499787,0.0601804029219431,0.262421216843416,0.138051550381233
2740,0.233012572170482,0.295656341987721,0.0589046559204819,0.0905131035137381,0.132908373118267,0.18900495328931
2741,0.054186626315378,0.239823304863429,0.104706941395287,0.0407036494899145,0.413104055836932,0.147475422099059
2742,0.0597937336221329,0.108541255757774,0.0824632352210789,0.0883130780389985,0.474178067615467,0.186710629744549
2743,0.236530705614707,0.210515894703884,0.123667410804394,0.0897835172442747,0.182715101071735,0.156787370561005
2744,0.0291008455120327,0.095870602606095,0.0294231889057314,0.0985719972735077,0.670092383859275,0.076940981843358
2745,0.00327590893739407,0.0274834866885678,0.339642887988706,0.066271292645734,0.272462113591072,0.290864310148526
2746,0.0217180023477414,0.110147067214813,0.110405871062635,0.0265315545237899,0.22605798327612,0.5051395215749
2747,0.0145558457971952,0.055456614888653,0.0226801081149403,0.0374547822616649,0.639596661008444,0.230255987929103
2748,0.00590238751602432,0.054885468881601,0.0499956434564254,0.0326104583257539,0.592425232157644,0.264180809662552
2749,0.238779354081336,0.141293361170166,0.0639981612317405,0.27631091112003,0.210801109919828,0.0688171024769007
2750,0.0117658057191321,0.0958714916827064,0.267715043165325,0.0314076617085027,0.184236833277712,0.409003164446622
2751,0.240137905653453,0.12977158658752,0.0405231018091368,0.101607130977529,0.447028845631712,0.0409314293406487
2752,0.0396715013736983,0.122793869183861,0.144318246187191,0.0325031427208859,0.108759058505268,0.551954182029096
2753,0.0411007906613427,0.114758667849684,0.0279220551714787,0.179370322272641,0.574350447337213,0.0624977167076402
2754,0.0152941632213594,0.277046448201467,0.0587451902104498,0.011411591212487,0.48337278209815,0.154129825056087
2755,0.00167158570845837,0.00902156006351494,0.0338262976800741,0.00766281728031315,0.194314207004794,0.753503532262845
2756,0.00345299674192494,0.00806840243692843,0.0403752499052891,0.00948060480270827,0.0375253393698525,0.901097406743297
2757,0.010721883117329,0.181368781196932,0.0372181812980619,0.0254741373214234,0.465034791564569,0.280182225501685
2758,0.0679525089832372,0.294777796219428,0.191218790196967,0.0165937349936064,0.285703326324427,0.143753843282334
2759,0.0288458058770373,0.208989970507086,0.0909681143910444,0.0224926651456266,0.30756805055362,0.341135393525586
2760,0.431275913579897,0.14400833666001,0.0652762804284047,0.270953328075786,0.0671311142083542,0.0213550270475483
2761,0.114719906015063,0.119232039006748,0.0572565853956323,0.224627782976052,0.348107355260474,0.136056331346032
2762,0.00597191593648607,0.0831853513010515,0.0898939574274172,0.0130095822128768,0.4071964334946,0.400742759627568
2763,0.048122886103373,0.173071646271938,0.309506662862399,0.0491670572243268,0.225038202798573,0.195093544739389
2764,0.00748230246298302,0.0125175487425846,0.0998405656405054,0.0123958352915305,0.113930973095396,0.753832774767
2765,0.0222800789401538,0.172138623517459,0.241831791422575,0.0301622750955327,0.169858577960586,0.363728653063693
2766,0.0344775810572186,0.211698987141162,0.0989303874649255,0.0275334776231492,0.337582920465491,0.289776646248054
2767,0.0179443723992272,0.0250818760320699,0.0308572709955244,0.554641578574122,0.212527226626635,0.158947675372421
2768,0.0554843939200016,0.302525399988225,0.443392856038448,0.0133877290321909,0.0529078160749696,0.132301804946164
2769,0.0651824223939932,0.275722319561618,0.116865363775686,0.088749464474357,0.31119023417011,0.142290195624235
2770,0.00278746785510304,0.0334042402423444,0.119492127247774,0.0241757481842315,0.224429663030515,0.595710753440032
2771,0.0389799721833929,0.124979454977285,0.450116513489524,0.0355160968651233,0.132490069378238,0.217917893106437
2772,0.0359161155642133,0.0485250742207628,0.103939335163403,0.194225398474749,0.480819618467229,0.136574458109643
2773,0.119502819453585,0.28807868249268,0.0860178327303082,0.0342804507809982,0.372545649270128,0.0995745652722997
2774,0.0693127242604014,0.332008302548619,0.0918827586307181,0.0470507617258456,0.319005041943425,0.140740410890991
2775,0.00217692308625022,0.0149333641562234,0.100617148769542,0.0119652562022477,0.122460546209016,0.747846761576721
2776,0.00940599768033325,0.0514311289892405,0.0900074522884543,0.0703212199639863,0.322697031798309,0.456137169279677
2777,0.00253054210880927,0.022205241592685,0.0682726827400891,0.0182984775742079,0.104863459957005,0.783829596027204
2778,0.0836232188483529,0.101933233430786,0.145315027236008,0.0610446612448393,0.11661854178497,0.491465317455044
2779,0.0378735437240623,0.0310656051171475,0.30601194729662,0.153352848484688,0.157731975946304,0.313964079431178
2780,0.0377756569826374,0.201863028688576,0.264399926031869,0.0322206209808348,0.158831351937661,0.304909415378421
2781,0.0134800308700187,0.0295901278799355,0.0591339796564467,0.104710007585487,0.521938465398093,0.271147388610019
2782,0.0128182864502453,0.0358612449945644,0.24185793403116,0.0227782093860596,0.0972029100709465,0.589481415067024
2783,0.146277819813542,0.379443082116142,0.141006965856394,0.0748775395218896,0.181431877993114,0.0769627146989174
2784,0.0901864101983326,0.22283992239829,0.0412420110063463,0.106753820556932,0.464501911002672,0.0744759248374284
2785,0.00145846619246597,0.00752249605432506,0.0215244477994576,0.0185175839950239,0.221460554063718,0.729516451895009
2786,0.0146030836976433,0.103695456274056,0.0609414146980517,0.0569531971873056,0.455081388271582,0.308725459871361
2787,0.0069876827290456,0.0527880284007187,0.086228577318888,0.0127959471653224,0.236092919302309,0.605106845083716
2788,0.0188001165385334,0.113470600478299,0.167809972825945,0.0293845235225586,0.170054082386535,0.50048070424813
2789,0.0595044154867526,0.102382929257982,0.297729469430533,0.0469257863019624,0.248497933782274,0.244959465740496
2790,0.0938647782479192,0.0957974686891767,0.0444301668219749,0.125601388688005,0.388310068512118,0.251996129040806
2791,0.255372228450335,0.0577114387625275,0.0229111720667807,0.482266995167721,0.127945754634488,0.0537924109181482
2792,0.437798428292542,0.326788420784249,0.0235245995071333,0.0493106319533316,0.123015748436588,0.0395621710261566
2793,0.0142469429500563,0.104856783067036,0.0483971501631169,0.0320918898554898,0.479789958480526,0.320617275483774
2794,0.334249001628165,0.341804506763164,0.0582511916540801,0.0507158788351255,0.170662391629551,0.0443170294899144
2795,0.429208025533956,0.0988224220220571,0.026439053722098,0.37656853817911,0.0565347316439435,0.0124272288988351
2796,0.00284618258843954,0.0142417704623436,0.0745188244983893,0.0152862191903838,0.105153786899246,0.787953216361197
2797,0.057019375414769,0.0905239132399589,0.0801864826889375,0.0900297073287732,0.230505978536605,0.451734542790957
2798,0.0149700142592339,0.174044314499003,0.258441253131441,0.0122056186701392,0.298383840353584,0.241954959086599
2799,0.124178795575428,0.168121200048039,0.250508961331097,0.0402540908509643,0.173556778146885,0.243380174047587
2800,0.0107324315807079,0.031973055202139,0.0746913835883763,0.0260688686281132,0.168886972236126,0.687647288764538
2801,0.00853850837632424,0.0272470159747489,0.0278752119849255,0.0180559433121354,0.437448869560088,0.480834450791778
2802,0.0461544779557597,0.0949683217275309,0.0749641609930364,0.0902869175762892,0.307551638721478,0.386074483025906
2803,0.0605625466784057,0.484472028797127,0.0913502055632324,0.0209142089516517,0.196094547641789,0.146606462367794
2804,0.0231574658720983,0.0961688711899222,0.123902086188704,0.0545744079426577,0.399335746039168,0.30286142276745
2805,0.203173092712034,0.157419910311997,0.338553667040181,0.0633652803586849,0.0992633556952106,0.138224693881893
2806,0.0980499353913391,0.0591546079351662,0.0439069837777294,0.413916523777421,0.210554904707002,0.174417044411343
2807,0.123238612862257,0.160299661645687,0.225011529938169,0.0612894091568298,0.17907272889398,0.251088057503076
2808,0.00527882864045856,0.0303262886719132,0.0446661339387968,0.0296708126219426,0.278677845868384,0.611380090258505
2809,0.0509922191069803,0.0660286332800519,0.295173867218401,0.0392731752465242,0.0777299936720383,0.470802111476004
2810,0.0098334811639349,0.0485874953676104,0.0730445697736558,0.118312444380508,0.39576345636,0.354458552954291
2811,0.00990566558932131,0.145379270396633,0.200477016528461,0.0283679590973224,0.366829576952956,0.249040511435305
2812,0.228920332510581,0.313393624656589,0.144453615286134,0.0934509711277918,0.161378371090305,0.0584030853285994
2813,0.0949833497260693,0.106786483601144,0.116955296826116,0.167753931281177,0.304503932638908,0.209017005926586
2814,0.0176456946943408,0.253237068265205,0.150388814651628,0.0365403933963744,0.222903444631271,0.31928458436118
2815,0.0130633490052484,0.0623532062872964,0.089460996367102,0.0431661799490967,0.168205232364606,0.623751036026651
2816,0.184339066278789,0.157168406993821,0.395513950510229,0.0722162075209679,0.123509240664985,0.0672531280312077
2817,0.0796308116510706,0.330971512490888,0.0811932336497559,0.0596744656997993,0.282929797647033,0.165600178861453
2818,0.200202526578151,0.307635919084305,0.173197492200399,0.0383119313752025,0.165171166826382,0.115480963935561
2819,0.460107922460823,0.317007097821236,0.0236790823156257,0.0567375808559979,0.111359123298436,0.0311091932478822
2820,0.357286623439834,0.231436571989895,0.289246219766639,0.0311665939649482,0.0533333409671927,0.0375306498714907
2821,0.0130437014578878,0.0803159415253098,0.0245616682612349,0.016545039402584,0.53792548131598,0.327608168037003
2822,0.138324899169897,0.193638420403462,0.14563793865789,0.0615526460804181,0.287179721462456,0.173666374225876
2823,0.0431538073906591,0.118939042943435,0.0910744666576577,0.0779840346864939,0.286473846742673,0.382374801579082
2824,0.012992609600429,0.10503788510946,0.174382390490777,0.0330683646652555,0.303968695260794,0.370550054873284
2825,0.00401852014769232,0.0267942567761573,0.184386333088346,0.00573480153160397,0.0217063896388925,0.757359698817308
2826,0.0301546741503541,0.172159312627756,0.0426578027457469,0.0429854186670762,0.574925325451253,0.137117466357814
2827,0.114749634258697,0.356329717017447,0.13811354183012,0.0305502169091965,0.1957596409788,0.16449724900574
2828,0.0147386438513455,0.149132551792298,0.103157644034214,0.020987787705216,0.424547263790522,0.287436108826404
2829,0.0196878461991151,0.0388697290885736,0.0271495270677509,0.19920615782108,0.613360266207136,0.101726473616344
2830,0.00424631398855489,0.0262099326513567,0.106009089898985,0.0318444702388304,0.180007729378049,0.651682463844223
2831,0.342401306271063,0.301722693666152,0.143500002304481,0.0780106960350224,0.082395674029704,0.0519696276935774
2832,0.0141113650269557,0.208559262986145,0.25110458716392,0.0169554388773012,0.223431056044324,0.285838289901354
2833,0.237758549212059,0.138186575626836,0.0707273849462244,0.130632435041242,0.233454383148309,0.18924067202533
2834,0.0167097893172455,0.110351786399307,0.0950516925307072,0.0261491743457326,0.21668479508986,0.535052762317148
2835,0.272949888051455,0.235093174405901,0.0360549037121559,0.125927832356633,0.227493074593335,0.102481126880521
2836,0.044104796408239,0.0904162184116915,0.0587861649484439,0.0648370469050835,0.311353074321402,0.43050269900514
2837,0.0224948491695191,0.180990873586639,0.359399661983555,0.0338212417452168,0.214301258157292,0.188992115357778
2838,0.122929671763408,0.219821779030785,0.249467407413548,0.0782404847334207,0.0914461900063416,0.238094467052496
2839,0.160443090161018,0.238104874291856,0.147412062864787,0.119254619196509,0.191509672235383,0.143275681250448
2840,0.16096676854087,0.0866955110794837,0.169356566376964,0.286144214552981,0.14164134919488,0.155195590254822
2841,0.34190823399591,0.192061014859266,0.0902061032373886,0.0591184065286106,0.207845793748932,0.108860447629894
2842,0.0087515834314363,0.0507060413967729,0.034807571011556,0.0187930862913016,0.440620104488952,0.446321613379982
2843,0.167324259546079,0.145255909650291,0.20454312790066,0.0395655210498884,0.256906804303634,0.186404377549447
2844,0.0267717130792497,0.0579923597973341,0.654662391287011,0.0122172315424218,0.046175696885331,0.202180607408652
2845,0.235498172485244,0.364464145995092,0.120791615702938,0.174127058929943,0.0826198621502501,0.0224991447365333
2846,0.0132028614966447,0.0381940077986565,0.038001282383607,0.0413330969714443,0.415935122306461,0.453333629043187
