"CUS_ID","F20-","F30","F30+","M20-","M30","M30+"
2501,0.0575201291282785,0.630780786525358,0.0874243786777362,0.0166356431100541,0.119693659382881,0.0879454031756922
2502,0.0854271971255847,0.179481704451766,0.131424472927449,0.0758124934672132,0.317488297248947,0.210365834779041
2503,0.0377993760826498,0.383250820512234,0.0381257877928231,0.0577834677253416,0.36484369817526,0.118196849711692
2504,0.347629792285692,0.143808351504448,0.0919643076480348,0.190517356691674,0.107601854525324,0.118478337344827
2505,0.058447111860818,0.174795205467952,0.119226468877939,0.0689849342736529,0.200347475065545,0.378198804454092
2506,0.00830243308033062,0.391678505981447,0.0649758054521541,0.0143884725555649,0.270962256897465,0.249692526033038
2507,0.00882872526442364,0.0266700865265705,0.0847416418666791,0.0280877884700287,0.233543433608513,0.618128324263785
2508,0.00640344137451403,0.0335038930713305,0.023664845111013,0.0278367043123882,0.550049032009678,0.358542084121076
2509,0.0447176306853356,0.0475668762038438,0.176888701455996,0.0385323103543082,0.11402840548905,0.578266075811467
2510,0.00907895461968779,0.0494134829362812,0.0491762904440288,0.0211870777501591,0.377052110040344,0.494092084209499
2511,0.455625817593873,0.150698740852869,0.088319402713151,0.199413742650064,0.061890124264098,0.0440521719259447
2512,0.0384195518987233,0.178627906363271,0.0352793328722798,0.126513326302126,0.529254230143324,0.091905652420276
2513,0.0131964897945671,0.0390467495554221,0.0618353632945544,0.0318211477416748,0.374923589933795,0.479176659679987
2514,0.062364205269467,0.540421467514446,0.0578970980648741,0.0355180350750879,0.231080010473529,0.072719183602596
2515,0.0118356461311649,0.0588594897297875,0.0893929824211226,0.032034467875368,0.232178467840106,0.575698946002451
2516,0.12550483511957,0.103462156735701,0.0550922766020836,0.169006703091794,0.351266889910678,0.195667138540174
2517,0.0351801022874028,0.382548430196622,0.128188440107916,0.0242562710450689,0.200111837529666,0.229714918833325
2518,0.315827004739891,0.278638052671665,0.130616698475344,0.0660254523795132,0.111642156497837,0.0972506352357501
2519,0.0584618790229639,0.848457329966035,0.0131021750758042,0.00765329231664736,0.0537387677670572,0.0185865558514925
2520,0.029156471050632,0.0711844559748464,0.0158118663683552,0.0860607630126327,0.63351596150668,0.164270482086854
2521,0.0106761974259277,0.0384765796416416,0.221391054043442,0.0248071984852045,0.0887767389869534,0.615872231416831
2522,0.232952003831364,0.215920190579979,0.197775525113422,0.110495209314613,0.134765205027291,0.108091866133331
2523,0.06629536460546,0.510487550283704,0.0670966769803741,0.0154654807933706,0.227738154116059,0.112916773221033
2524,0.0436873409415655,0.129480834221332,0.264554658892648,0.0793096552725456,0.111281813219731,0.371685697452178
2525,0.111277423450068,0.114657822027245,0.089492324587202,0.235572989507024,0.33088044591103,0.118118994517431
2526,0.102419740376774,0.189202482911138,0.0860298973718753,0.0702949969403144,0.334434973825352,0.217617908574546
2527,0.550577160148812,0.123281256131049,0.0786785591954992,0.0617933783224699,0.0924865622268951,0.0931830839752747
2528,0.00930879490929597,0.021125642847729,0.0378862473925431,0.0498082772517645,0.198320701748902,0.683550335849765
2529,0.0517097305816382,0.10672314045687,0.25423483266701,0.053856912631712,0.142267005259896,0.391208378402874
2530,0.00405677381420561,0.0163896601608277,0.13126111107501,0.0143241686755133,0.094399473208582,0.739568813065862
2531,0.0532446527746896,0.197062234540188,0.122639723976158,0.0950991212754993,0.323600368855104,0.208353898578362
2532,0.0536507811885743,0.193491196554071,0.1538100609254,0.0653418964002231,0.204808869365032,0.328897195566699
2533,0.00163219188829329,0.00729674609461534,0.0443532582688963,0.00682599827481207,0.0478534836500383,0.892038321823345
2534,0.211046951270544,0.138719009615857,0.110682085115966,0.277823084411612,0.151185997882584,0.110542871703436
2535,0.0595581854944785,0.123459612450054,0.154259492195973,0.0488054087069774,0.163741493096206,0.450175808056312
2536,0.122295205935167,0.227313098053728,0.0935421427196658,0.0903418458789276,0.209676083241076,0.256831624171436
2537,0.0480329995641076,0.762743569994632,0.0622585291263729,0.0101380312782506,0.0810866129311088,0.0357402571055283
2538,0.275601817533997,0.109065548486159,0.0630170926420373,0.104269341949895,0.285309785066751,0.162736414321161
2539,0.163932123022959,0.298015420428653,0.168895152820848,0.0564963419723202,0.183292257689373,0.129368704065846
2540,0.391309731107387,0.112270513787568,0.0391723771023166,0.135687923875704,0.247684655869106,0.0738747982579182
2541,0.102534969058363,0.0637773324940899,0.0236328599545172,0.469679438507643,0.292834352449409,0.0475410475359777
2542,0.0922652272592416,0.374020895582942,0.0395340142607641,0.0401907307333965,0.397826195691315,0.0561629364723404
2543,0.0125971980627584,0.0254975164542203,0.0799396656101863,0.0115598672855011,0.280815460590843,0.589590291996491
2544,0.135966277752243,0.121685071443692,0.139460439047412,0.23356731244275,0.121826244940684,0.24749465437322
2545,0.0321235405518785,0.276048385375252,0.0591520049693854,0.0248239380961581,0.36402082721078,0.243831303796546
2546,0.0562421403609792,0.0623394196864658,0.0377933098010149,0.263235568954493,0.495885073742662,0.0845044874543852
2547,0.0574316785317221,0.14546388077684,0.32790035332579,0.0379986486955077,0.160659697655289,0.270545741014851
2548,0.0678729613243207,0.0554444111909913,0.0654225670270448,0.233298227306601,0.47459565691994,0.103366176231102
2549,0.0101930760829419,0.0524775690045236,0.0350776256540754,0.0405767536572464,0.350100804791742,0.51157417080947
2550,0.0140859116998029,0.0267425852529917,0.020994335960307,0.213420561124968,0.549174037435728,0.175582568526202
2551,0.201282269038763,0.193804906188866,0.0605553068042005,0.206441256419413,0.186748055381569,0.151168206167188
2552,0.0827423115008681,0.363341717831311,0.161630247246827,0.0295044575605448,0.194822677270351,0.167958588590099
2553,0.531614254105024,0.143979787940002,0.0592752168741764,0.108702455153081,0.130397537633661,0.0260307482940549
2554,0.0923720308608488,0.157826433467137,0.0694539210584611,0.112373913093663,0.438592910278564,0.129380791241326
2555,0.0126877450450258,0.0941630524194491,0.051918205102462,0.0281588648175467,0.632292494877186,0.18077963773833
2556,0.0539057403750196,0.216949574697521,0.384831482360679,0.036833982181107,0.176694215422735,0.130785004962938
2557,0.303540784812066,0.22619427030376,0.349757361393663,0.0397723994868433,0.0509690096429107,0.0297661743607577
2558,0.0239520784981931,0.0577461077757185,0.76109677066288,0.0310968084374197,0.0556168698153858,0.0704913648104034
2559,0.092426789179476,0.447256335015164,0.110614730726007,0.0313725254461075,0.127960482204008,0.190369137429238
2560,0.0108460734235221,0.101986942213279,0.0680647942265146,0.0218521726001574,0.23024411493276,0.567005902603767
2561,0.0143493434839934,0.0718774899570621,0.191968654015905,0.0113680154478131,0.167845627431922,0.542590869663305
2562,0.275801633329904,0.334334295688005,0.0398898181983886,0.0574054903171855,0.259688618609661,0.0328801438568554
2563,0.318384079444109,0.179652817059986,0.218248735465197,0.0865934240316811,0.10142787640808,0.095693067590947
2564,0.143398937031158,0.0615455825904377,0.069197848843111,0.515290833155561,0.111887434671586,0.0986793637081464
2565,0.0210998834975393,0.0959301236078705,0.0795165108371243,0.052895467732055,0.237524470778081,0.51303354354733
2566,0.0102060577639872,0.0315364255635508,0.131626827850987,0.0643044506887929,0.21535416327592,0.546972074856762
2567,0.050489044799048,0.178242276477566,0.148341956751321,0.0398037034091639,0.17796077990573,0.405162238657171
2568,0.0258509015748382,0.0712324388217196,0.0672102068378091,0.024916552998947,0.32792674264033,0.482863157126357
2569,0.0312972382122428,0.0749411566378501,0.13324961654198,0.0233376178542266,0.180344418909981,0.556829951843719
2570,0.0329654681177564,0.708140651801998,0.0549300758828859,0.0118036863168514,0.0957442811367591,0.0964158367437491
2571,0.0925921458131922,0.133520618832603,0.0384962186389225,0.166802670175777,0.386816065598798,0.181772280940707
2572,0.0712410809891711,0.0781503276144846,0.420647440633981,0.084446164578434,0.0953677361410708,0.250147250042859
2573,0.0466877376045325,0.253571794103505,0.0751260877856947,0.0303869132353681,0.331801650568814,0.262425816702086
2574,0.0726014739185612,0.0709761000513789,0.0328152768989957,0.357060171311238,0.394067818744047,0.0724791590757789
2575,0.0283499754632823,0.0463597577379912,0.0267398849647796,0.13102584236603,0.636291424728545,0.131233114739372
2576,0.365988647458401,0.261265796988083,0.12290220778733,0.0898687814152542,0.0806202113551637,0.0793543549957675
2577,0.0491102004465785,0.24165457021086,0.293277594212202,0.0337448088475855,0.206860660320636,0.175352165962138
2578,0.00174241764434493,0.0102013764031452,0.0277572083165178,0.00658511009176435,0.108301101579912,0.845412785964316
2579,0.328738111853118,0.169256100747882,0.232037329246244,0.059375377756889,0.101068662765718,0.109524417630149
2580,0.0555494252462302,0.324143769858595,0.191384686357286,0.0186418654418821,0.184614902199829,0.225665350896178
2581,0.00404042980364793,0.0265861072587003,0.0729246582154554,0.0557395476794673,0.470742736023869,0.36996652101886
2582,0.143191052788456,0.394000565988571,0.0962968190985197,0.0555864991528642,0.238982543286863,0.0719425196847259
2583,0.105783169764069,0.471871684577589,0.156372775752814,0.0354849343751737,0.117609547689184,0.11287788784117
2584,0.222279277106914,0.468621409142543,0.0739488046576804,0.0487039977882209,0.145139534683129,0.0413069766215127
2585,0.0100219988647301,0.0430108248067934,0.0345447738381034,0.0441009770678484,0.5351646329847,0.333156792437825
2586,0.0583511882235389,0.217737553126022,0.114679616943485,0.0390449311604356,0.217524587218764,0.352662123327754
2587,0.232494130388446,0.0733511943093589,0.0427273136496403,0.265820845073987,0.262611342226236,0.122995174352332
2588,0.0569211137286769,0.0426180188866256,0.0190892219374135,0.191322246410985,0.536660355717862,0.153389043318436
2589,0.0750541209430885,0.105893688251891,0.0321925215130665,0.127094852761068,0.514165340510115,0.145599476020772
2590,0.0196822191184716,0.0797479605344758,0.151017158326,0.0977722710446839,0.195107777613583,0.456672613362785
2591,0.0721871594823068,0.107998978661604,0.270334927795231,0.0318977606761325,0.100704668393633,0.416876504991092
2592,0.0188216068745042,0.030828640325361,0.0175512342099111,0.179909507075427,0.563652938435874,0.189236073078923
2593,0.322126024681305,0.166987623180632,0.0596981648614529,0.194048095526569,0.204742418999925,0.0523976727501165
2594,0.0338632880873586,0.110528889215658,0.0653278769389632,0.0427866365581102,0.382238903974322,0.365254405225588
2595,0.135394067699325,0.09119850970607,0.250971282253322,0.23615148311603,0.118896171401935,0.167388485823319
2596,0.756800888961374,0.0812416047113371,0.0153626774074264,0.104248409185805,0.0353651270941529,0.00698129263990459
2597,0.0104038361102737,0.0476908964306108,0.205760851633243,0.0201230340245239,0.113104817592857,0.602916564208492
2598,0.0136872576148257,0.108036168192052,0.128263379386238,0.0181484482009041,0.230740473939126,0.501124272666854
2599,0.212343360852719,0.229698820446504,0.0708884571389976,0.218230659014297,0.183290929336356,0.0855477732111263
2600,0.0103316989492447,0.0512956151182658,0.0714344775251141,0.0281565057700562,0.738118100940733,0.100663601696586
2601,0.0432344637777179,0.061022773096379,0.167501662669971,0.0312998098186138,0.110410280346047,0.586531010291271
2602,0.0140042838188862,0.0925505242356348,0.117098986826797,0.0352423723475418,0.267771256348859,0.473332576422281
2603,0.0361372658917039,0.502344924843467,0.0352680105986921,0.0183800120748625,0.335053993748261,0.0728157928430129
2604,0.0458099592009654,0.142176599196369,0.320253297300945,0.117331898954258,0.117888175146899,0.256540070200563
2605,0.00131827280222355,0.0396842241906781,0.236852674924175,0.014789827429946,0.17373593645153,0.533619064201447
2606,0.0616766376221433,0.128192515738832,0.131751420426612,0.0495128460803694,0.238378350753052,0.390488229378992
2607,0.00970220168500224,0.030280133687568,0.0669706963764396,0.0284771811452903,0.168149326275129,0.696420460830571
2608,0.228971217334207,0.188999568908086,0.0712847679477266,0.131950604720933,0.226623498543786,0.152170342545261
2609,0.0378254135043924,0.0635238852384672,0.0693053271304636,0.114822706284166,0.34189911186797,0.37262355597454
2610,0.124883985013051,0.201863771970246,0.064996237207356,0.119908186770623,0.309511523457774,0.17883629558095
2611,0.03255407947998,0.0907798872162825,0.241094760053359,0.0367523541661682,0.110185977910689,0.488632941173521
2612,0.0565119816442351,0.277708471849467,0.111369567986437,0.0286289485950627,0.19105403007882,0.334726999845978
2613,0.524352387462275,0.269328333789132,0.0413556613727441,0.0730211262021974,0.0768664141184078,0.0150760770552444
2614,0.128664201884922,0.109734424267261,0.0906765700973561,0.122190579668884,0.293528755261294,0.255205468820283
2615,0.434501046198151,0.242550225994168,0.148437551629779,0.0392700097972339,0.0724174375792776,0.0628237288013908
2616,0.013971435374211,0.0540935021501318,0.111713864161204,0.0627193760686857,0.400330883919426,0.357170938326341
2617,0.220168982269538,0.311499064006767,0.23963528019366,0.0342080150490223,0.121897484090046,0.0725911743909668
2618,0.0785748021229151,0.1039141256709,0.0828909367265833,0.0608754368318088,0.410890649843012,0.262854048804781
2619,0.0351391922017986,0.0475089256521122,0.023553987872871,0.0960611261608253,0.597143152879311,0.200593615233082
2620,0.0226869885907161,0.111324885896808,0.204566028667366,0.0238153750912766,0.331677106638814,0.305929615115018
2621,0.0229776607700179,0.0923303622658034,0.027226553839584,0.10730848718156,0.646441280971626,0.103715654971409
2622,0.00197571450707677,0.00966308644631758,0.0236416635477581,0.0122234856497421,0.103313505087441,0.849182544761665
2623,0.17428070912337,0.196589742730671,0.0440668694341394,0.0908281846608776,0.406128592474871,0.0881059015760712
2624,0.018441518090147,0.0372918255579256,0.0969134652232017,0.0384545750022233,0.11011505521047,0.698783560916033
2625,0.063926725801276,0.172533689911233,0.609841433647687,0.0285533322394563,0.0566413903957952,0.0685034280045525
2626,0.00851719505546434,0.0250707673381156,0.0610524732184348,0.0254272186464434,0.227871383033825,0.652060962707717
2627,0.0581206932839319,0.14713292517768,0.33813615872545,0.0263680053909842,0.144482388756651,0.285759828665304
2628,0.110029925522567,0.112692981575196,0.0357523243567208,0.308978701769212,0.323810561913657,0.108735504862647
2629,0.0194704351037618,0.184919742566068,0.0581224506731799,0.0357622914596908,0.423203912546247,0.278521167651052
2630,0.107624115669141,0.0795013517065206,0.0915041981867969,0.0958884065696799,0.258982628936959,0.366499298930903
2631,0.0255361041764751,0.221705195892973,0.210106692998703,0.0233021549155729,0.310006406486702,0.209343445529574
2632,0.00798730486137913,0.0255262630680734,0.0494258866202146,0.0183146846624049,0.158020712932618,0.74072514785531
2633,0.117488128350232,0.280665074493397,0.0925419397221677,0.0711115230166479,0.307477959577657,0.130715374839898
2634,0.0268340919591354,0.101434355583204,0.234792217884854,0.0667975234862577,0.186771806415515,0.383370004671034
2635,0.0544029151541405,0.126575466628244,0.0634329562282663,0.0472261987538553,0.499110224772426,0.209252238463068
2636,0.0373998963992863,0.0914355809830821,0.127895686950248,0.0667891641542535,0.311183537120458,0.365296134392673
2637,0.0346078658660963,0.0960520371845765,0.0266059116024175,0.0417981523606281,0.60362768511491,0.197308347871371
2638,0.0995376420807646,0.075032784057374,0.106489920297259,0.271323868746497,0.16196325775283,0.285652527065275
2639,0.0778556050472771,0.0585069085846997,0.0664397406518727,0.347359813858683,0.314119916866289,0.135718014991179
2640,0.0104064500418968,0.0296287472787111,0.0705705559949953,0.0238779426233597,0.128639533485193,0.736876770575844
2641,0.38760995144997,0.168508032045792,0.124346630772162,0.0964652998460111,0.121885890930309,0.101184194955756
2642,0.0138557922660231,0.0652400032910621,0.103987422167364,0.0227248575048881,0.286889173319295,0.507302751451367
2643,0.476724793110539,0.245767862264626,0.0336197763935894,0.144502129665979,0.0747252281356305,0.0246602104296372
2644,0.00689948824121788,0.0946977193366928,0.0533792198777243,0.0219907436758232,0.253951108216397,0.569081720652145
2645,0.0302483099612374,0.057850329205596,0.0462982241857129,0.0586791272656543,0.300180645060183,0.506743364321616
2646,0.00542824755816221,0.032927684092773,0.110224925991484,0.0284677416126391,0.0877659667170273,0.735185434027915
2647,0.0694381945210194,0.0874546903910167,0.116827197840885,0.123900250078744,0.325670036518818,0.276709630649517
2648,0.195710534487218,0.230623798687642,0.433215927440004,0.0165200888038116,0.0457946735272064,0.0781349770541181
2649,0.0376683467866777,0.0741765942176341,0.0823393794190403,0.0399439017660261,0.304499213228135,0.461372564582487
2650,0.0525010194139286,0.0320797272789357,0.162753972996106,0.0470915839150643,0.112459637371498,0.593114059024468
2651,0.0204804919491813,0.0942423244109371,0.0573660776467791,0.0561105838988911,0.501968444842687,0.269832077251524
2652,0.0159895309606643,0.168043603297048,0.0651746281467894,0.0274913760426711,0.396993214580867,0.32630764697196
2653,0.181611344996462,0.211841400216858,0.117065609388555,0.108986681165084,0.185284629051837,0.195210335181203
2654,0.00693771124822328,0.0487265773399391,0.0573410132413277,0.0375224748024819,0.235226948459023,0.614245274909005
2655,0.523533247516113,0.147712892623265,0.0451760024552336,0.134662179979631,0.122179849499932,0.0267358279258257
2656,0.0184488247288248,0.0519001949872917,0.0446587606208575,0.0287935047821569,0.506176271696272,0.350022443184597
2657,0.00885544043470836,0.0454174887279439,0.168055509356756,0.0159319883087411,0.0972101546853034,0.664529418486548
2658,0.129323851851662,0.184329953559174,0.211464185694446,0.183759611264062,0.164778942625392,0.126343455005262
2659,0.190684567838626,0.0953423853247858,0.0536586740509441,0.516355991646626,0.0841858813952458,0.0597724997437726
2660,0.00800594590231415,0.0343362567728567,0.0650534912787863,0.0176469876184996,0.32903000418429,0.545927314243253
2661,0.00554524245059718,0.025954021061925,0.0986847169415394,0.0195390351461821,0.0906288111184797,0.759648173281277
2662,0.00613895938259866,0.0525552170531609,0.107718321237484,0.0127732669940361,0.109284736693559,0.711529498639161
2663,0.0124926282181702,0.0498998918352766,0.0650970604477,0.0398266561814402,0.32635342109882,0.506330342218593
2664,0.0378648573064964,0.113489617137872,0.0318268744306707,0.0705642780694428,0.574383067995973,0.171871305059544
2665,0.199880518190947,0.297211380345484,0.121738035523907,0.0602692051202758,0.195168400737488,0.125732460081899
2666,0.00389573267745486,0.0156107342263223,0.134981339177304,0.0120685182315888,0.035051769474079,0.798391906213252
2667,0.0524853724683303,0.164815437292446,0.438843120671964,0.0344006896056043,0.194934240028271,0.114521139933385
2668,0.010888470319863,0.0618475352466923,0.413861512111373,0.0164340658637965,0.093228697439136,0.403739719019139
2669,0.0926895897032423,0.224444337903031,0.164032802563785,0.0425895318805714,0.179121945778469,0.297121792170901
2670,0.0103581754179535,0.0520841328803742,0.147519907497534,0.0255692591934455,0.195958684984254,0.568509840026439
2671,0.0320699719979331,0.0893255712225268,0.0576302375581387,0.106243325144743,0.349919299785144,0.364811594291515
2672,0.00781685566223936,0.0581136309218287,0.111260116084678,0.0157510112904807,0.189728689703479,0.617329696337294
2673,0.329712516663253,0.220597540575344,0.0828212688889348,0.113608759984528,0.186989222481784,0.0662706914061569
2674,0.0190263510519724,0.0524928125065218,0.0623364320952313,0.161927999585228,0.4106394920223,0.293576912738746
2675,0.615158028619654,0.151454573847556,0.0191153902044115,0.141886295836143,0.0601736005761656,0.0122121109160691
2676,0.0188109497838286,0.0543798048274994,0.0573043214678899,0.0944788367659158,0.472374254326691,0.302651832828176
2677,0.0517290082649185,0.124387857611931,0.284680235250855,0.0524471926447911,0.358758160258339,0.127997545969165
2678,0.0524948149138789,0.170494780640303,0.172932610312633,0.0485479782525954,0.346563434293053,0.208966381587537
2679,0.00896744174967537,0.0240545111336173,0.0434402086268469,0.0328852762586337,0.395169174781864,0.495483387449363
2680,0.0614967693365915,0.0899959738233794,0.333997154322006,0.206475481749656,0.106485644566519,0.201548976201848
2681,0.0206116024377165,0.192517952713242,0.091308790973723,0.0333995409659098,0.417675495251174,0.244486617658235
2682,0.015867746231392,0.0329142307658601,0.0951290817997735,0.142130170490419,0.218899957467784,0.495058813244772
2683,0.508518364791565,0.144966231505683,0.0329672510668395,0.192275787009347,0.104306123199916,0.0169662424266495
2684,0.0124079439061585,0.0523680049817805,0.0296990650476342,0.0599919759935508,0.515894541145059,0.329638468925818
2685,0.122999965814577,0.0748148179031857,0.158989719579619,0.034599148234423,0.104881124446228,0.503715224021968
2686,0.0193760493254444,0.111595180194432,0.126305887339572,0.0425953364694626,0.203260720386571,0.496866826284518
2687,0.23624218877407,0.206163632747991,0.147494584733036,0.168884913817533,0.171475152652557,0.069739527274813
2688,0.0337321600374007,0.167040765689409,0.0858146114621565,0.171313551610369,0.3999544045863,0.142144506614364
2689,0.224098110018665,0.496313756885448,0.0517911872065148,0.0491829182196174,0.144910738717771,0.0337032889519834
2690,0.0239075017624191,0.0459472934186934,0.0458472688414602,0.244104540087011,0.42103314988698,0.219160246003436
2691,0.0631654366166666,0.213156744829305,0.111974047952141,0.054766055138625,0.336966961994864,0.219970753468398
2692,0.0880436337148281,0.117589265358425,0.237749975635958,0.0473681178771862,0.221297560485809,0.287951446927794
2693,0.078576532639645,0.0603214391383707,0.149780213940521,0.0625099931783129,0.190673818902912,0.458138002200238
2694,0.0118439870723218,0.0302959841061449,0.0483520636789552,0.0491157321751176,0.342142482743063,0.518249750224398
2695,0.523164318202146,0.170205578061108,0.0764043853324614,0.106934892898251,0.0865764370941586,0.036714388411875
2696,0.0251379073576914,0.10065793466994,0.32490677737124,0.0237074732890507,0.140138648649876,0.385451258662203
2697,0.049045722795721,0.159351398131869,0.250798157709158,0.0282120542224318,0.218979485769494,0.293613181371325
2698,0.0088734104305057,0.0330397203066618,0.205556741863923,0.0309849046075031,0.307708186323893,0.413837036467514
2699,0.00879176543481431,0.104936064682694,0.495536006680456,0.00627420039062465,0.0501492874397513,0.33431267537166
2700,0.00544861540288635,0.0433029550371969,0.0331058166644948,0.00742345458998935,0.350678710057774,0.560040448247659
2701,0.0148318287598511,0.0639218163210046,0.131687722289519,0.0487103885626336,0.31302830313647,0.427819940930523
2702,0.35717522662695,0.188360199662215,0.208046883800535,0.0490955561027794,0.100566088359049,0.0967560454484713
2703,0.141176099684483,0.0787254374586965,0.119134595466581,0.109376161579142,0.274640576969147,0.27694712884195
2704,0.0461062946738858,0.185161386310164,0.54494329498296,0.0359690805268451,0.0842930977117273,0.103526845794418
2705,0.0142126199417066,0.126029482647254,0.310834525672684,0.0259804077715637,0.189754670045886,0.333188293920905
2706,0.0130547850913196,0.0656996520507352,0.26520861658,0.107686157326668,0.193179171560948,0.355171617390329
2707,0.0109103741769063,0.0420454674928682,0.0219382416863739,0.0685442915355712,0.689514864736506,0.167046760371774
2708,0.455861993809117,0.273547326955146,0.0648303439857772,0.0722243578688606,0.103512295886834,0.0300236814942654
2709,0.0759108632903759,0.167152660886867,0.256695041918013,0.0409169016486352,0.138121617753279,0.321202914502831
2710,0.0709845579135484,0.045770807674416,0.250576942173216,0.0542367257778261,0.0847748055953073,0.493656160865686
2711,0.0511604470823936,0.0880509875570203,0.117441643312172,0.0576403228147872,0.330477853059499,0.355228746174129
2712,0.158458673858025,0.084656370207175,0.0969739784027784,0.239033028770036,0.243427009829657,0.177450938932329
2713,0.125265293533908,0.17781962375173,0.218359019357114,0.075290784127916,0.12410844973825,0.279156829491083
2714,0.00692595649240976,0.0785420148350776,0.209190687867419,0.0146059219933199,0.106717062226151,0.584018356585624
2715,0.0199663366210119,0.111268463748375,0.32692520561309,0.036371920465262,0.294402502123612,0.21106557142865
2716,0.0339383294125908,0.0911145081917169,0.0554240405001216,0.0522849142402548,0.449384576261247,0.317853631394069
2717,0.0206226173259705,0.0574865467718062,0.0611240324074235,0.0397446617784278,0.339001181321444,0.482020960394928
2718,0.0350540341300233,0.0681119932262523,0.191653882169115,0.0716526077567533,0.178957321021352,0.454570161696504
2719,0.0331249573327978,0.148374122492054,0.156725002315357,0.051744641724971,0.384596111278592,0.225435164856229
2720,0.0957859609312081,0.0819193821778079,0.243456327031647,0.0790358403307828,0.221967081859363,0.277835407669191
2721,0.0144579278285066,0.0610842949249824,0.106956666179458,0.0296442325164023,0.35543726968782,0.43241960886283
2722,0.233335378698395,0.431639237694507,0.178668162053771,0.0211975464500114,0.0986807808062445,0.0364788942970713
2723,0.0460022908711312,0.164221576598462,0.179380557085464,0.0375963230434751,0.171196549195472,0.401602703205996
2724,0.592695929531269,0.115975610432674,0.0571035362537421,0.141378055810049,0.062504899611669,0.0303419683605973
2725,0.376662436004498,0.25326649442457,0.0506515118410051,0.215239256380177,0.0701557899247981,0.0340245114249511
2726,0.0291482359139733,0.0755094861406281,0.0436718619688929,0.0758338313473036,0.697661607617412,0.0781749770117898
2727,0.0124872027368241,0.0626361206387796,0.068991687258653,0.0531153452890404,0.359860143785876,0.442909500290827
2728,0.0155459190888953,0.0354961202128731,0.119343204947054,0.0406808799578408,0.129171263867307,0.659762611926031
2729,0.171779210773623,0.238640791124581,0.0646485135868995,0.0978084632060874,0.32134686015983,0.10577616114898
2730,0.00696441423135165,0.0286666478995372,0.0747964044047731,0.0417307110510087,0.254053924181247,0.593787898232082
2731,0.20698470127179,0.18980188961637,0.0702533824581426,0.144995719257615,0.268209850292691,0.119754457103392
2732,0.0223809313934017,0.0774972406819302,0.292877116263225,0.0250300917846998,0.109716258298664,0.472498361578079
2733,0.0577187601279154,0.128856036585257,0.0966623836697597,0.171818692050931,0.432330282145471,0.112613845420665
2734,0.0160644702913135,0.816108264713141,0.0234305202269561,0.0075245975494762,0.0846849046916215,0.0521872425274919
2735,0.0295847027881042,0.349971693245851,0.192782385089324,0.0319560778398498,0.154142887204076,0.241562253832795
2736,0.0492827045137014,0.123505545629768,0.0847142554840966,0.278919854826259,0.317634154302605,0.14594348524357
2737,0.178538969076102,0.105610243987262,0.35251903859064,0.0410846499422949,0.181391193199897,0.140855905203805
2738,0.03730244313467,0.120901278973754,0.14417485975953,0.0559729098432015,0.165086798451441,0.476561709837403
2739,0.137178166151834,0.283025939853305,0.197394121513852,0.0495973248185174,0.229224858638459,0.103579589024033
2740,0.240137453964051,0.298868868453771,0.0855270999008269,0.0795632908677718,0.138617481083617,0.157285805729963
2741,0.0477451618858197,0.221476947711538,0.157961899752991,0.0421248507307034,0.349191146475794,0.181499993443154
2742,0.053470630604472,0.134229125960571,0.0613273215927608,0.100217660719594,0.500497182221456,0.150258078901145
2743,0.185724968223675,0.222261505908079,0.134722080814653,0.092769728533468,0.202501843494582,0.162019873025543
2744,0.04460973476026,0.109502505331112,0.0400173202270957,0.130465565091249,0.594828301166934,0.0805765734233495
2745,0.00255128148815717,0.0310092170605206,0.331885054730286,0.0566884300619315,0.28820067222315,0.289665344435954
2746,0.0170773712346351,0.0859118611152779,0.119360420855085,0.0269517942722254,0.23991905021396,0.510779502308816
2747,0.0179819258427947,0.0552719120009682,0.0218113952448715,0.0547483879115663,0.646670083989617,0.203516295010183
2748,0.00591728024141405,0.0461044750903083,0.0438367391849371,0.0312216465605213,0.655694454216273,0.217225404706546
2749,0.235472735851969,0.187413284018344,0.0900229761582848,0.241048442227747,0.168855121229326,0.077187440514329
2750,0.0126957065750631,0.0816344326602083,0.278985107337552,0.0392295770320779,0.195880658711809,0.39157451768329
2751,0.229483029987085,0.134514358564303,0.0506958429223491,0.0973498053292792,0.431531951852998,0.0564250113439856
2752,0.0400342093929661,0.114937593684359,0.147165821315932,0.0574672764062506,0.144390207285572,0.496004891914921
2753,0.0476969053308899,0.105712365423725,0.0255690439752618,0.198019871609538,0.556072024404196,0.0669297892563894
2754,0.012744174002684,0.226340825934594,0.0453505789245454,0.0130782567299425,0.530209308202366,0.172276856205869
2755,0.0020487755240056,0.0100750113486511,0.0469329965581279,0.00958516344108676,0.207560797977905,0.723797255150223
2756,0.00373976027868457,0.011305323256658,0.0516108921615473,0.0124591163361666,0.0493845301758694,0.871500377791074
2757,0.0119929738156762,0.149248213266365,0.0373931013409324,0.0357927445855441,0.438053962675323,0.327519004316159
2758,0.0702335391853751,0.30045481127058,0.159635228220144,0.0226269508118357,0.293681579083325,0.15336789142874
2759,0.0263849235289727,0.214206052882408,0.0683125075284311,0.0270214611695338,0.321051908633994,0.34302314625666
2760,0.436769929996972,0.109803844894487,0.0520977139301535,0.324060229855048,0.0612946837054771,0.0159735976178627
2761,0.107867929614772,0.104239174126102,0.0379253216301697,0.295312247631914,0.316558171032928,0.138097155964115
2762,0.00638666176981037,0.0603350251829411,0.0678270327302648,0.0190992968119664,0.425026965996607,0.421325017508411
2763,0.0574582639213089,0.166495142188045,0.309515086767081,0.0438549472273008,0.214313563867625,0.208362996028639
2764,0.0177974808639362,0.0305039531032883,0.137288369779195,0.0212559662617474,0.124597856433941,0.668556373557892
2765,0.0198344752810027,0.162755393540071,0.281777201956036,0.023124325726499,0.158197795003834,0.354310808492557
2766,0.0297210768317271,0.14439351052081,0.0719170367519299,0.0301683787212022,0.441623505041642,0.282176492132689
2767,0.0113955863592936,0.017520186583479,0.0339124976454972,0.557683493582229,0.186168690419552,0.193319545409949
2768,0.0526543699730961,0.280790986809713,0.418605406999845,0.0170322334655051,0.0663451392042683,0.164571863547573
2769,0.0615222234456923,0.246756096589662,0.0852446679138141,0.0976117804558464,0.374038318861745,0.134826912733241
2770,0.0028056104177706,0.034810093729031,0.126271040062689,0.0192927134202393,0.170978968813445,0.645841573556825
2771,0.0379785411166593,0.128201933167502,0.457216860000904,0.0254422348521432,0.108671675776236,0.242488755086556
2772,0.0221199595717232,0.0443703889957792,0.0730339665142873,0.178689411933913,0.492036000093825,0.189750272890472
2773,0.0860616306396847,0.260084401585871,0.114621370666484,0.0298059490885757,0.374051674963906,0.135374973055478
2774,0.104492096638529,0.368527733858292,0.0918297959518415,0.0506207227111615,0.269186182308483,0.115343468531692
2775,0.00180570908216235,0.0151548790564684,0.0637024122044678,0.00924194268133622,0.131634835019413,0.778460221956152
2776,0.0115358028355464,0.0527253981608852,0.0913769843439562,0.0625583167095278,0.352044238942081,0.429759259008003
2777,0.0017537326038916,0.0201261948558813,0.0606312789975592,0.0110635379110361,0.0944444772433003,0.811980778388331
2778,0.0856694142099804,0.108561326392241,0.121653066153113,0.0809007164314621,0.142483275263003,0.460732201550201
2779,0.0364444803205844,0.037323415345503,0.287361499065819,0.144610688026852,0.158840463765292,0.33541945347595
2780,0.0448736228558257,0.209773446740995,0.262440065524691,0.0395948513531009,0.125389907858268,0.317928105667119
2781,0.0221342075232076,0.0310606960271552,0.060746217189837,0.13263348571748,0.48735451407085,0.26607087947147
2782,0.0133001282094386,0.0328534491855503,0.223355340500479,0.0240469172168143,0.115041682047594,0.591402482840123
2783,0.205944731261578,0.359648924499849,0.118314170468043,0.0834636369030064,0.154589551100702,0.0780389857668213
2784,0.0767322762647733,0.191607264826941,0.0456518503922731,0.108605485210665,0.496926188311961,0.0804769349933863
2785,0.00272516577211369,0.0101936247545806,0.0271217857081303,0.0197936653681719,0.259039677014237,0.681126081382766
2786,0.0194343540022248,0.107032244778576,0.0567275087990897,0.0522345305277263,0.440922185152199,0.323649176740183
2787,0.00738494722551641,0.0455233897240823,0.102084898951697,0.0188940025194476,0.175667065098664,0.650445696480593
2788,0.0166185320176177,0.0710688856630721,0.1461062257131,0.0308466539160875,0.137565140837867,0.597794561852256
2789,0.069980670397795,0.0899608594768975,0.350189703184806,0.0682763273890209,0.186900495224385,0.234691944327095
2790,0.117465756745423,0.139722290084019,0.0574069658782354,0.120096780605959,0.392380319095582,0.172927887590781
2791,0.278277174049777,0.093616513229994,0.0279077246748903,0.399425124033758,0.143110279753033,0.0576631842585467
2792,0.456542326339413,0.309783287581518,0.0267096965758411,0.0573842015975545,0.119491551015603,0.0300889368900703
2793,0.0087304349821386,0.0636503933521165,0.0370380573466316,0.0217183923362817,0.497549798537632,0.3713129234452
2794,0.399957771093515,0.280418154358933,0.0527822983160985,0.0935620089100519,0.142849508145491,0.03043025917591
2795,0.479334715510673,0.0938186481218551,0.0331135880849642,0.309214890460381,0.06915727952734,0.0153608782947862
2796,0.00308222351849246,0.0196914565792871,0.0868437968964178,0.0162828938595071,0.133468731555342,0.740630897590953
2797,0.0497279199381459,0.0712016880413593,0.0965805867566499,0.0787137554617599,0.229836954428887,0.473939095373198
2798,0.0142321720499244,0.1530191218422,0.19484815670824,0.013495540937914,0.399917736669139,0.224487271792583
2799,0.144076010773343,0.16505563021282,0.254504882101555,0.033661143044741,0.190876681083914,0.211825652783627
2800,0.00852851384509742,0.0185454998500491,0.0479240049853341,0.0271983157353531,0.190272483488323,0.707531182095844
2801,0.00922315196374009,0.0354716777018045,0.0368704049138505,0.0205617322792411,0.393725892259131,0.504147140882232
2802,0.0260197651153096,0.0675767673783664,0.0602721723387681,0.0827668457604916,0.357239402911211,0.406125046495853
2803,0.0797516770220718,0.510964761862427,0.0913803822039401,0.0208487177638585,0.185315899663691,0.111738561484011
2804,0.024094207188012,0.0873594023707709,0.14144971953774,0.0456444347373007,0.38197843574511,0.319473800421066
2805,0.206810380708538,0.145217185971627,0.35398859282906,0.0697370463011057,0.104390487140985,0.119856307048685
2806,0.0770692175541478,0.0679045045211229,0.0507317028822,0.282148247623473,0.298534035265967,0.22361229215309
2807,0.109008772954755,0.148748778811141,0.236866502199514,0.0607115318872362,0.170895797564206,0.273768616583149
2808,0.00918702502097995,0.0363467426969803,0.0589977184467835,0.0352719631612897,0.289878429034478,0.570318121639488
2809,0.0547908494779627,0.107192091354586,0.339785498707605,0.0458559773127071,0.0752744407866819,0.377101142360457
2810,0.0153581149391805,0.0529889599800197,0.0694157861154198,0.126858885830669,0.414058019740766,0.321320233393945
2811,0.0116486527014079,0.157602494295545,0.209383509446935,0.0228973371317752,0.327629054933906,0.27083895149043
2812,0.338708693310409,0.313663243752667,0.12067193102115,0.0855571487514366,0.0963666798980364,0.0450323032663006
2813,0.123043452236342,0.130568188455525,0.127302973423059,0.15754004941474,0.279232246932581,0.182313089537752
2814,0.0235914155937555,0.278932963169251,0.197755839023471,0.0386840066107016,0.227334483179414,0.233701292423406
2815,0.0216135000913699,0.0720790919503874,0.121088033313612,0.0501979487050204,0.201370631412341,0.53365079452727
2816,0.167126581476511,0.1689395449254,0.352584150361184,0.0759898610417854,0.155475778945724,0.079884083249396
2817,0.0717973555054873,0.298577914463272,0.114021315916521,0.0552750413057166,0.269496235532811,0.190832137276192
2818,0.196532393568542,0.294547587891012,0.231638679188139,0.0382555407768175,0.117621783959416,0.121404014616074
2819,0.441335358185829,0.317464588390401,0.0356431800061448,0.0741911182360399,0.107781479448987,0.0235842757325981
2820,0.37174592545178,0.24422980935592,0.2720984843072,0.027671141515668,0.0512688282329302,0.0329858111365024
2821,0.00679914496856863,0.0568958672228273,0.0200190849041009,0.0115076666119703,0.486546831983651,0.418231404308882
2822,0.160324634621933,0.179154269256049,0.187166234676491,0.0556867321233951,0.271503991969665,0.146164137352467
2823,0.0363699529434649,0.108050897842061,0.100851720039709,0.0778228048280341,0.281773082322741,0.39513154202399
2824,0.0231887656694528,0.103073858198169,0.184303630544903,0.0399196912680991,0.261069581255929,0.388444473063447
2825,0.00526971576835115,0.0372419938277721,0.176746952205381,0.0105363073884416,0.0315650868987178,0.738639943911336
2826,0.0284431966553121,0.140813806427198,0.0554166240608635,0.040016204839151,0.573038077621159,0.162272090396317
2827,0.142764594916572,0.405460986756854,0.115826332310264,0.02849827518601,0.16467217560861,0.14277763522169
2828,0.016139801216033,0.146570062445667,0.104155894300878,0.0320540558205106,0.464124134832743,0.236956051384169
2829,0.0167229785657496,0.033270795946546,0.0412657508680565,0.140886906778703,0.603369135972568,0.164484431868377
2830,0.00581864028244773,0.0256458206396156,0.107215756329214,0.0317409268896052,0.163276248437058,0.666302607422059
2831,0.338119564059611,0.333937143591727,0.137959205819213,0.0647397706220963,0.0775028594334347,0.0477414564739179
2832,0.0188273836549105,0.234493094846755,0.187344846765756,0.023195301707115,0.283390368204354,0.25274900482111
2833,0.172003899195746,0.113237263255165,0.11789595978508,0.155808959076633,0.218750480225423,0.222303438461953
2834,0.0114820325751809,0.0679188416012421,0.0979412378864622,0.0236016361945043,0.256698980290061,0.54235727145255
2835,0.228576808154956,0.275322185162581,0.0448696800605647,0.105360130392701,0.2449936381004,0.100877558128798
2836,0.0201864623134509,0.0606805683007397,0.0470915073647942,0.0575208526492394,0.336386237042769,0.478134372329007
2837,0.0298206365421648,0.214340949843541,0.328421982291787,0.0427542780135945,0.223894140269117,0.160768013039795
2838,0.159837200421394,0.210811125576286,0.263074785689346,0.0776713098735752,0.0937737902505921,0.194831788188807
2839,0.172720825802308,0.195536755940925,0.135206667045293,0.120513497167368,0.209139427952646,0.16688282609146
2840,0.157783984304767,0.0660009833474989,0.147662608165771,0.294524110200099,0.147256489334553,0.186771824647311
2841,0.39529930396379,0.170739915253345,0.0964155284018252,0.0759986461854209,0.174463632510898,0.0870829736847218
2842,0.009531079089849,0.0462148140269998,0.0387796779073555,0.0255665452106703,0.476923964088653,0.402983919676472
2843,0.123600262578219,0.142255455009283,0.169534771370414,0.0286815028979566,0.359810017550289,0.176117990593838
2844,0.0224379077667431,0.0654878762920838,0.640861351490833,0.0148468002890873,0.0554777682983074,0.200888295862946
2845,0.250770327560911,0.331531324337399,0.128942034400049,0.189463517974427,0.0802023343929193,0.0190904613342944
2846,0.00877580122237465,0.0303478311957389,0.02653343264823,0.0353293872878193,0.42399218495639,0.475021362689447
