"CUS_ID","F20-","F30","F30+","M20-","M30","M30+"
2501,0.0688397878397211,0.497632021534656,0.101936430180691,0.0259506834439495,0.114877956537283,0.190763120463699
2502,0.0742493356256226,0.208485867433731,0.145201610535346,0.100023906029753,0.278900152170826,0.193139128204721
2503,0.0474237996725029,0.518740053789482,0.0571513650493742,0.0598856707669282,0.191682925196299,0.125116185525413
2504,0.486945809049685,0.106581434782229,0.107950318769308,0.139622887432392,0.0976457152181224,0.0612538347482636
2505,0.0662322266732277,0.169148268958314,0.179602592635571,0.0762488629829866,0.146123856449958,0.362644192299942
2506,0.0216716492053245,0.346497040681641,0.104620151796616,0.0319816672866444,0.174764757531502,0.320464733498272
2507,0.0221756380424361,0.0366485884241083,0.11189164183573,0.0475441979722076,0.174876469623281,0.606863464102237
2508,0.0159181980783705,0.0567358719267518,0.057478772142076,0.0571189884812683,0.377561740083561,0.435186429287973
2509,0.0546241861329704,0.0695385167276245,0.224280426657786,0.081812776474655,0.158147201458181,0.411596892548783
2510,0.0225447539406861,0.0736067142657471,0.0671826209035204,0.0497357959970907,0.30958817543729,0.477341939455666
2511,0.811575649254523,0.0680781286884148,0.0331471175126728,0.0521460200783914,0.0247104776090596,0.0103426068569385
2512,0.0524013549361125,0.142001909782719,0.0695616161944106,0.128903037759235,0.460094452348688,0.147037628978835
2513,0.0123663711296373,0.0217417308004234,0.0517271935008869,0.0420269834516611,0.336907499873599,0.535230221243792
2514,0.0862093117471278,0.711881299440215,0.0353618310445892,0.0223622194367591,0.0953013607377069,0.0488839775936016
2515,0.0188421949658831,0.0369079803197548,0.0663956717441178,0.0322958498701707,0.150775222047186,0.694783081052887
2516,0.0711665322540322,0.0803002005820763,0.0678064096440556,0.134102681282524,0.459423440070088,0.187200736167224
2517,0.0250391830055684,0.492879745279505,0.0842928810092941,0.0123447659278253,0.10367065464252,0.281772770135287
2518,0.41382730326714,0.30197288912781,0.101014144361689,0.0617563052671086,0.0627616790738261,0.0586676789024256
2519,0.0421397291824031,0.883815285796203,0.0139311420894748,0.00590212507391096,0.0278632374721463,0.0263484803858617
2520,0.025498737406423,0.0324902637982612,0.0270096156500769,0.0812912529759832,0.661195888795919,0.172514241373337
2521,0.0292425077933207,0.0859000581493095,0.319789343892062,0.0692365149662257,0.127050037624364,0.368781537574718
2522,0.324879708220989,0.195595874366419,0.192158116835796,0.0806123363517546,0.106962754764066,0.0997912094609759
2523,0.0463735855088003,0.501179778245634,0.0621852467729368,0.0197304051620297,0.170022270280233,0.200508714030367
2524,0.0402943219220516,0.135097782223841,0.3377787160077,0.0787170204671803,0.115406646540222,0.292705512839006
2525,0.0776690719074424,0.0731905618431086,0.0935909701204865,0.322561872802306,0.344572515562938,0.0884150077637183
2526,0.161456254264193,0.293511941199856,0.0647673449675737,0.0909701003984823,0.227302723942122,0.161991635227773
2527,0.617193695772163,0.129554181313685,0.0678557028298399,0.0437367899103527,0.0715177127324353,0.0701419174415233
2528,0.015523557805769,0.0256775344125338,0.0782085112086169,0.0617491455843476,0.181790170710033,0.6370510802787
2529,0.0938897003531712,0.152033431509305,0.273431186091304,0.0858756533789779,0.11650946488106,0.278260563786181
2530,0.0147500068947431,0.0385612798508524,0.221448756425645,0.0485603486942376,0.129621831302589,0.547057776831933
2531,0.0384594334495002,0.168790930413233,0.127182573738656,0.0978917957289751,0.264915450420922,0.302759816248713
2532,0.0384945575354112,0.212504728935066,0.176397825334388,0.0594752230446156,0.173648054809301,0.339479610341219
2533,0.00987805542492587,0.016921540616754,0.0835966987816682,0.0211745884485039,0.0486423997309508,0.819786716997197
2534,0.246924682551416,0.0969406476904298,0.097651649554114,0.341517904317686,0.122449576827871,0.0945155390584838
2535,0.0704260735228617,0.134935311847495,0.185971079286661,0.0682652273371359,0.153199843376053,0.387202464629794
2536,0.127128965047462,0.265348886275652,0.109997271827646,0.0651207079166342,0.152802649943266,0.27960151898934
2537,0.0346800863577116,0.825697873570529,0.0503937092113087,0.00636571618759276,0.0421019738790164,0.0407606407938417
2538,0.263151915683266,0.0961596793005963,0.0599238450710984,0.0967908959429151,0.293655580590939,0.190318083411185
2539,0.232398953616622,0.311871097517531,0.193435403072328,0.0439817460557606,0.0984468350257077,0.119865964712051
2540,0.272762356368046,0.12260749513133,0.055327430278708,0.149128336906833,0.338485420044565,0.0616889612705172
2541,0.132628202723436,0.0827460752853889,0.0390310632479361,0.26462037509024,0.414775840237403,0.0661984434155959
2542,0.0815987746695912,0.527806812648917,0.0599714351576025,0.0549762234925751,0.190309563716975,0.0853371903143394
2543,0.0251749940910545,0.0425622644672554,0.0977790937619458,0.0242697384286265,0.164819585113019,0.645394324138099
2544,0.100715965981953,0.145131496120405,0.164952122298878,0.2288447921013,0.154963771250732,0.205391852246731
2545,0.0463999905163182,0.439624435240556,0.0686346958318524,0.0262735898998189,0.203981583412991,0.215085705098464
2546,0.0428115204818209,0.0512162177724385,0.0335822624663048,0.196554605535606,0.581449393606358,0.094386000137472
2547,0.0575104873465912,0.167188180056301,0.400767387672035,0.060505053427245,0.120689119843156,0.193339771654672
2548,0.0676739226952714,0.0803681332831422,0.111162728092789,0.197264557530619,0.442824290709829,0.100706367688349
2549,0.0155155793412316,0.044469984029262,0.0401478131691877,0.0485223402290271,0.263114877074964,0.588229406156327
2550,0.0107337538982885,0.0154290742114434,0.0237476243371054,0.136038962491746,0.612853744953911,0.201196840107506
2551,0.171779517293395,0.181725229041307,0.0690960828959638,0.194802616871815,0.239173924945731,0.143422628951788
2552,0.122957038192037,0.354801835108959,0.211564273238215,0.050458911686177,0.108850919559108,0.151367022215504
2553,0.497626011108506,0.239012666096793,0.0377450140473147,0.076893738985924,0.116968261504488,0.0317543082569737
2554,0.139591402824636,0.289285384022674,0.102850974731329,0.118876663677458,0.23910311328103,0.110292461462873
2555,0.0290813332997392,0.131744947874011,0.137968371098265,0.079472710430396,0.377778697095903,0.243953940201687
2556,0.0676319266750527,0.316416953529393,0.328542546464515,0.0564438769062097,0.0986326384688778,0.132332057955952
2557,0.431087656699872,0.173585518638647,0.271815455957451,0.0490742161218114,0.0453719274508225,0.029065225131396
2558,0.0446229510599444,0.116698950661517,0.597984495778299,0.0602052807104379,0.0791269374982245,0.101361384291577
2559,0.071811818914625,0.505111083806331,0.162162859454464,0.0287952362345664,0.0821989662411731,0.149920035348841
2560,0.0167892889778986,0.117584453666277,0.111602955818351,0.034851848708886,0.142992711873635,0.576178740954953
2561,0.0313178762298397,0.0984355904978758,0.208063425199804,0.0258897591011526,0.118350334062904,0.517943014908425
2562,0.291304023482489,0.371710409509699,0.0450236666258085,0.058204565348567,0.179392004569806,0.0543653304636304
2563,0.385575265863572,0.145364707834167,0.207313597832792,0.0817804667025079,0.0960217582889314,0.0839442034780303
2564,0.145919744143595,0.0775604665428704,0.0915094392406126,0.318743266194906,0.239214033723888,0.127053050154128
2565,0.0349734451556252,0.088134147839858,0.0887399035467616,0.0546614767668499,0.179589687751159,0.553901338939747
2566,0.0262714406902011,0.0478448002042305,0.131083672443572,0.108141607653128,0.246165878749776,0.440492600259094
2567,0.0450809278282995,0.162434307635758,0.127929234375613,0.0536134231373279,0.127537501296943,0.483404605726058
2568,0.0204700922899737,0.0680530864145543,0.0789934793283691,0.0383077026303499,0.198498924808291,0.595676714528462
2569,0.0541542262816429,0.120652000577418,0.196851464191418,0.0344441685102392,0.137474912732509,0.456423227706772
2570,0.0367741152807009,0.583163156450345,0.107576365637201,0.0183113691066129,0.0927092732306948,0.161465720294445
2571,0.0808468984744438,0.0855486259106712,0.0435031374932922,0.220924394961337,0.414779412030353,0.154397531129903
2572,0.0914943123071398,0.0866498817351759,0.330002302734459,0.111042820191007,0.133499536456547,0.247311146575672
2573,0.0765945551459163,0.267924182157506,0.0936408490174247,0.0415589614423239,0.187386035718658,0.332895416518171
2574,0.0353751263122554,0.0603291200393311,0.0455440254571614,0.24006882278058,0.50227225602927,0.116410649381402
2575,0.0174637592777099,0.0203085079267734,0.0211904507037575,0.0899055983516345,0.719849610947534,0.131282072792591
2576,0.358600631956981,0.35156932768628,0.123023700655323,0.0599982531711019,0.0438954440630413,0.0629126424672725
2577,0.0357906437196934,0.28421395386839,0.339334354223651,0.0304425090683962,0.116563874470073,0.193654664649796
2578,0.0068474049458362,0.0129430649773815,0.0420912953726022,0.0156770983651907,0.0690527135883649,0.853388422750624
2579,0.347626041094822,0.191997208992901,0.188736519450183,0.0587398940792222,0.109867308053256,0.103033028329616
2580,0.0545772049016662,0.337586153208211,0.139581362293007,0.028666805696365,0.149563272085215,0.290025201815536
2581,0.0148984354300293,0.0462384281692632,0.0806936811049098,0.0823702401477928,0.320473697974593,0.455325517173412
2582,0.234388536880381,0.485399672214132,0.0733502936046874,0.0336326044701955,0.109633389185471,0.0635955036451333
2583,0.0983074084033255,0.527389458929848,0.189443280963315,0.0225236336754713,0.0674648418314521,0.0948713761965886
2584,0.288751544782197,0.569584871425778,0.0468338565029839,0.0218357692046226,0.0459523876457395,0.0270415704386789
2585,0.0252542052559791,0.0630190695340845,0.0688787529270199,0.0852168587351779,0.435034277390677,0.322596836157061
2586,0.0427120202181413,0.229267969697743,0.0828790741738447,0.0299822004131576,0.142236376338426,0.472922359158687
2587,0.199512740379562,0.0641886998094815,0.0530172799323471,0.197230874212782,0.381476208302746,0.104574197363081
2588,0.027507211419863,0.0232588564027689,0.0288411768344316,0.0910822373774591,0.741789715085262,0.0875208028802149
2589,0.0841142158437445,0.117145056394984,0.0646930399437416,0.137968614310429,0.486933883538004,0.109145189969096
2590,0.024780894302947,0.0704966219962341,0.140995211225008,0.106549606617068,0.220996468055361,0.436181197803382
2591,0.0953845762032496,0.174161857312554,0.331379583361803,0.0504704698315179,0.0784469916314841,0.270156521659392
2592,0.0135120692717768,0.022020813288296,0.0269713893483212,0.0768497776328436,0.771423250041556,0.0892227004172068
2593,0.189606998895988,0.211238896302779,0.0838018589577531,0.158485968835435,0.219165783014209,0.137700493993836
2594,0.0452094349069442,0.0808002821664533,0.0643238253124655,0.0489783272991963,0.304273594672731,0.45641453564221
2595,0.162641705261116,0.1136312278571,0.220461707164096,0.187072017298168,0.178503039958297,0.137690302461224
2596,0.786145345473529,0.062509381534036,0.0153198743301217,0.0864939851511179,0.0396942049581252,0.00983720855307059
2597,0.0204039723415965,0.0628282244397254,0.247270328330857,0.0519740290542104,0.150921815481021,0.46660163035259
2598,0.0251965789220228,0.0972392039514142,0.095446965064103,0.023442643878471,0.123405127779168,0.635269480404821
2599,0.239369555210531,0.292356928990078,0.0718016454502976,0.136902319671746,0.169724555804493,0.0898449948728547
2600,0.0258477702372112,0.0754031601874938,0.11411205779711,0.0830941783297789,0.531488554209093,0.170054279239314
2601,0.0426746799480546,0.0991443792680015,0.241894041879072,0.0557835965870676,0.119893888014721,0.440609414303083
2602,0.0368513613195186,0.104150602603032,0.121148300943492,0.0527842070525423,0.169427006021836,0.51563852205958
2603,0.036356603925366,0.676754357814061,0.0319913749589819,0.027396850991784,0.144372270213772,0.0831285420960352
2604,0.0593891110333083,0.118245388237797,0.354120050460725,0.176655167920987,0.116089816311451,0.175500466035732
2605,0.0112491156976718,0.0961161159307975,0.268675061428939,0.0633764736779193,0.221760787940687,0.338822445323985
2606,0.051972277154698,0.105336289000405,0.160989203793683,0.0608896051473193,0.16964064186589,0.451171983038004
2607,0.0191575007516127,0.0301460230407852,0.076601277925457,0.0433168203196745,0.129556483491606,0.701221894470864
2608,0.260189798522452,0.175347710764377,0.0681691099094429,0.125948245142581,0.198907114769112,0.171438020892035
2609,0.0203898547871813,0.0319599856362995,0.0478714572525708,0.10872005356914,0.540682534707233,0.250376114047575
2610,0.100162680691778,0.229936514176774,0.0707356018867951,0.163558841402533,0.245678574138175,0.189927787703945
2611,0.0378587019018888,0.152363955705354,0.295767366466725,0.061135070232428,0.0874340584206541,0.36544084727295
2612,0.0614824463767554,0.217123519127044,0.135823461282193,0.0576961945112574,0.139967491468615,0.387906887234135
2613,0.578534359894158,0.276934060542722,0.0290732884647516,0.0481267430358855,0.0542823512469936,0.0130491968154893
2614,0.112893886793588,0.133288406511057,0.0889219964293338,0.135249356128947,0.23439825568101,0.295248098456064
2615,0.518699325751873,0.211759343360378,0.112199012734244,0.0520601464075109,0.0676965276084257,0.0375856441375689
2616,0.0182041717465699,0.0546077489428554,0.0882322224833375,0.0789287773594248,0.36490804206032,0.395119037407492
2617,0.331628364725849,0.345917835875473,0.13837898567167,0.0317840543267896,0.0956446812174729,0.0566460781827457
2618,0.0788616076122873,0.0824721784077065,0.0880788565976867,0.0879461924196889,0.396190548424959,0.266450616537671
2619,0.0159139429840783,0.0164064002285413,0.0182321277991754,0.0627038460154638,0.733066162842759,0.153677520129983
2620,0.0257437050917159,0.158795692001658,0.298485699470857,0.0490037605742529,0.209564848465907,0.25840629439561
2621,0.0550166778628568,0.118329343818843,0.0562014445974463,0.13599386581537,0.500210920259369,0.134247747646114
2622,0.00977964825465111,0.0159314509529677,0.0423308973029278,0.0230237421075777,0.105253837176391,0.803680424205484
2623,0.360448125110566,0.261353989565144,0.0377397241321251,0.0776754135514468,0.207258337044046,0.0555244105966724
2624,0.0326365876206872,0.073872488152976,0.159235279941632,0.0677501367797713,0.139157154206159,0.527348353298774
2625,0.150023681162717,0.275078227635779,0.390427554232871,0.0442788671693708,0.0584935115201282,0.0816981582791346
2626,0.0154706669311844,0.0270245544541457,0.0553844755204147,0.0280326061903402,0.120670944266157,0.753416752637758
2627,0.0985703096425256,0.198349213088218,0.329252554617736,0.045521233121864,0.121070362276363,0.207236327253294
2628,0.154734787655473,0.24848921670012,0.0594281637018262,0.217932918585624,0.234354648348123,0.0850602650088344
2629,0.0363668924814802,0.211222952370076,0.0777123018170909,0.0479479007307336,0.247127041160913,0.379622911439707
2630,0.161627793801298,0.095225125691348,0.128714498216808,0.0936507181931718,0.217593758957162,0.303188105140213
2631,0.0265307662528838,0.303605785561535,0.237046408920768,0.0358787107068735,0.172801552725002,0.224136775832938
2632,0.0160870551203813,0.0317686026285118,0.0839902649973385,0.0380039687626027,0.158702137594002,0.671447970897164
2633,0.118905700517715,0.452581614485777,0.0808907605128792,0.0772758674475942,0.154454058252833,0.115891998783201
2634,0.0425108511201008,0.101864361328019,0.260116069017725,0.111343523165145,0.161013210505098,0.323151984863913
2635,0.0460181241345522,0.161912083236208,0.0918774372189626,0.0735417632110461,0.388194992270992,0.238455599928238
2636,0.0504543698298713,0.0720761128495257,0.147422052877797,0.121805956302706,0.330009144043044,0.278232364097056
2637,0.027633932514276,0.0667708571284757,0.0380606411681954,0.0468305579776078,0.642235463538731,0.178468547672714
2638,0.0760447332688148,0.050987127050403,0.0868770180800878,0.335136809388825,0.214018717814325,0.236935594397544
2639,0.134374084939417,0.0672599349757014,0.0617893301692626,0.192758750136983,0.440111846260474,0.103706053518162
2640,0.0317359821267003,0.0480012618476422,0.0787251352381848,0.0423691693527386,0.121887100298108,0.677281351136626
2641,0.294865778270469,0.146015272091555,0.14473464549678,0.117052904993418,0.167954896405471,0.129376502742307
2642,0.0264949010430178,0.107719309104577,0.157958264569175,0.045905173249291,0.189594194081005,0.472328157952934
2643,0.444288448517371,0.346519259055775,0.0183743723935291,0.0780181708432596,0.0851661790507748,0.02763357013929
2644,0.0153798184416959,0.199553322211272,0.066344897981006,0.0295374982098577,0.186233602362583,0.502950860793586
2645,0.0382524844031791,0.0535357850986967,0.0451227948975397,0.0816732871929651,0.40782070559371,0.373594942813909
2646,0.0134927053584316,0.0443514182494489,0.153041765200901,0.0447879007170032,0.0892562098579111,0.655070000616304
2647,0.0674236770075793,0.0780967245418234,0.100895900308206,0.119765182481503,0.264795874786608,0.36902264087428
2648,0.163410824007433,0.251427909115128,0.406946315830302,0.0307468949655166,0.0506251088792568,0.096842947202364
2649,0.0422216461019036,0.0596785029807899,0.0993174546579549,0.0674457426355971,0.211116641407308,0.520220012216447
2650,0.0731391525003109,0.0599731497989999,0.219435094849103,0.0950771051296885,0.138357170499786,0.414018327222112
2651,0.0240093843856053,0.0541212801063455,0.0473645877203333,0.0711751518904356,0.465922400580877,0.337407195316404
2652,0.0315581907102505,0.161722315216228,0.0975563848038793,0.0686488076424999,0.321179440390596,0.319334861236547
2653,0.256432791262975,0.277617110962743,0.0879793731265879,0.0670592377960079,0.150128869051695,0.160782617799992
2654,0.0127205585568302,0.0426942161125807,0.080593385285976,0.0461730489195026,0.127531579680093,0.690287211445017
2655,0.610106160324417,0.196928893209302,0.0268819797081385,0.0569565167752714,0.0854692038901826,0.0236572460926884
2656,0.0249926617662573,0.0947219722853733,0.0752295074929144,0.0556638595878413,0.360351579229317,0.389040419638297
2657,0.0284556213841654,0.0655240764154301,0.219998068670469,0.0455496618505305,0.109089099317052,0.531383472362353
2658,0.172969113363251,0.130143145247866,0.140388042810626,0.244610641906808,0.207466365305319,0.104422691366129
2659,0.304990277025677,0.125914181317299,0.0943581451001095,0.278627115625689,0.118178964956386,0.0779313159748392
2660,0.0191543349611451,0.0404466727996293,0.0539694374862954,0.0437980189260176,0.22906861093856,0.613562924888352
2661,0.0174631314882527,0.0546800715718018,0.181145266081497,0.0517992648818933,0.117437208478108,0.577475057498447
2662,0.0161042835953123,0.0722900789776284,0.149780547384769,0.0311297203383304,0.129583122455883,0.601112247248076
2663,0.0180884358141336,0.0438741164575984,0.0729444346533291,0.0515560011719667,0.265195122732607,0.548341889170365
2664,0.0522340807827601,0.143476809655147,0.0498711885358227,0.108177404133398,0.436310068039023,0.209930448853849
2665,0.278474435928905,0.295640977505583,0.136204367129723,0.0671131627775695,0.127710237305199,0.0948568193530215
2666,0.0170277894386015,0.0417283354854755,0.188418936993405,0.0381367643567589,0.0601517529116757,0.654536420814083
2667,0.0745097444407023,0.172979324142801,0.38178074461528,0.0737403385504037,0.154230834577045,0.142759013673768
2668,0.0244271462639206,0.102662025159157,0.378132891077258,0.039954260006632,0.111181105191209,0.343642572301824
2669,0.0826090318657085,0.276394980796401,0.117951723720314,0.0306942461146645,0.123817826276569,0.368532191226344
2670,0.0219585228480745,0.0669327820193212,0.182100188080779,0.0469391811138807,0.168518110747877,0.513551215190067
2671,0.0416138384653811,0.0844525798836407,0.0781180605182429,0.113397470414283,0.270518332558882,0.411899718159571
2672,0.0190602214800215,0.0809114635469774,0.172362933465074,0.040494062485298,0.152713845640431,0.534457473382198
2673,0.314072773432206,0.278466169804057,0.0560127202304496,0.10863643232618,0.169242298839541,0.0735696053675665
2674,0.0311978979638296,0.0477401094771883,0.0859256092071731,0.159945626524664,0.338892762606431,0.336297994220714
2675,0.73152664930269,0.147522136547443,0.00951214999677376,0.0656894347193265,0.0353780188222083,0.0103716106115589
2676,0.0337771192695767,0.0527193853675925,0.085153480976216,0.146933986157386,0.380556259348426,0.300859768880802
2677,0.0765730197882959,0.166815440768235,0.287417810459488,0.0915467424448362,0.201843101209162,0.175803885329983
2678,0.0483628687795472,0.13768795611124,0.25655510653912,0.0750858087727828,0.241114244168124,0.241194015629186
2679,0.00667093819201176,0.0156274193041018,0.0323839727600724,0.0320665809195786,0.304932916274596,0.60831817254964
2680,0.0786308432211652,0.125722914383863,0.34169355817362,0.213780630433574,0.125200463862263,0.114971589925515
2681,0.0363755455796639,0.204626089295414,0.14087569012205,0.0555430060900277,0.216552743056463,0.346026925856381
2682,0.0231777512209639,0.0361950898006974,0.113343794111383,0.142784973981256,0.206783547331072,0.477714843554628
2683,0.534146033380388,0.201346628517498,0.0316572507102206,0.112158596933323,0.0991605976857486,0.0215308927728221
2684,0.0197979609758183,0.0481095124021254,0.060545677262074,0.0963052976656182,0.382178199985567,0.393063351708798
2685,0.141764580396817,0.0969629282083771,0.235910328530863,0.0624201124478576,0.0982532104420899,0.364688839973995
2686,0.0308317723876399,0.130339527817959,0.144187080431413,0.0532304323970744,0.145685105065946,0.495726081899967
2687,0.286510465982038,0.248722052409886,0.0981562091135988,0.156157058086863,0.153722727557742,0.0567314868498717
2688,0.0370394929648039,0.135795107955991,0.0836262766634605,0.185644476411622,0.37647644901166,0.181418196992463
2689,0.181478678428308,0.565547437186941,0.0465769552455665,0.0554520021545584,0.103911931082488,0.0470329959021378
2690,0.0184896171581341,0.0293921221911589,0.0470361314502349,0.205765689318248,0.501679994565804,0.197636445316421
2691,0.0517163196823598,0.225083242800215,0.117988326403763,0.063649753358469,0.227272814882219,0.314289542872974
2692,0.114757183426973,0.137890578892377,0.233389241963778,0.0741707589519481,0.178950849504576,0.260841387260349
2693,0.0564483529527073,0.0797040393839648,0.190156396727565,0.0716378433666517,0.147224932428916,0.454828435140195
2694,0.0126029270977123,0.0225954754769381,0.0555481219049244,0.0707489362370668,0.301427806394535,0.537076732888824
2695,0.676328940150227,0.152917946225133,0.0312548949534756,0.0675559404155842,0.0522895629852768,0.0196527152703035
2696,0.0357425774235099,0.129234414885055,0.334993168432861,0.0497734829640443,0.100240372285705,0.350015984008825
2697,0.0934263913992864,0.212969559937651,0.256544368556255,0.0567933604723854,0.145691098192933,0.234575221441489
2698,0.0271058215724392,0.0675533011654991,0.251793475488689,0.0602128498851185,0.208740511454127,0.384594040434127
2699,0.0266541090822133,0.187728066896541,0.412483653076953,0.0255563690893913,0.0659248765452399,0.281652925309661
2700,0.0076786978680305,0.053323475443271,0.0433167001593212,0.0179444619664052,0.231429878355998,0.646306786206974
2701,0.0271161387382429,0.0550967491200691,0.106098693751154,0.0853316244192848,0.199442484215249,0.526914309756001
2702,0.487235760341554,0.175061991317148,0.145548582634549,0.0555224690237999,0.0659067737854168,0.0707244228975321
2703,0.106858558107415,0.0778661288428293,0.144247355584955,0.136098942068473,0.302619476229166,0.232309539167161
2704,0.0660018430999778,0.24984584499361,0.421362671298189,0.0543124669252491,0.0839195888830597,0.124557584799914
2705,0.0204425652724045,0.161287179978089,0.472930970080587,0.0315965794355377,0.0879329931183808,0.225809712115001
2706,0.0237117115421891,0.0751142335507819,0.20544529311794,0.158983596536262,0.200023128344101,0.336722036908726
2707,0.0166845305941933,0.0234906853508919,0.0279446791002465,0.0592955055514887,0.719723744540358,0.152860854862822
2708,0.371776166147436,0.308804253680116,0.0670782773632012,0.0785687241903442,0.128871200408194,0.0449013782107093
2709,0.0659270969777528,0.217462910059688,0.350143693646142,0.0498331587227199,0.0895596785497656,0.227073462043932
2710,0.0878833298162983,0.0826506896731307,0.278055590068482,0.0890548220640516,0.106122341598579,0.356233226779459
2711,0.101040931409111,0.0999171865927254,0.128241458707482,0.0808441461926275,0.277857075196144,0.312099201901911
2712,0.164707917664796,0.105904999069158,0.0980473675199917,0.187932482168507,0.320993841607158,0.122413391970389
2713,0.092129786883043,0.200630635162684,0.312506089652256,0.0854656586683909,0.105572973603846,0.203694856029781
2714,0.0135633570782628,0.10533023777797,0.246547728435212,0.0309659637812624,0.142688048820753,0.46090466410654
2715,0.0366889424218194,0.125378398967887,0.385401899408433,0.0503603422770444,0.179235777253298,0.222934639671518
2716,0.0358975407872873,0.0532701146100129,0.0661201093095872,0.08123959307432,0.424309779648688,0.339162862570104
2717,0.0192722655766732,0.0381044647932712,0.0510192194076254,0.0543162806024185,0.249031846204725,0.588255923415287
2718,0.0364650717182465,0.0699595234829693,0.270980284448401,0.0932035978689411,0.162096793147552,0.36729472933389
2719,0.0426192509639739,0.116545448313783,0.186104323537851,0.0727827390742661,0.257340079968908,0.324608158141218
2720,0.192769975461852,0.107028494193412,0.182742496337903,0.10095403111851,0.21351022909421,0.202994773794112
2721,0.0298837624104404,0.0730967272211265,0.130149415220882,0.0699218465941542,0.263923380065182,0.433024868488215
2722,0.30158647690265,0.493620111867266,0.115155794259181,0.0142014801909344,0.0459413951453745,0.0294947416345943
2723,0.0558295179874262,0.222760752117566,0.210050310022462,0.0655363221213453,0.135540559598716,0.310282538152485
2724,0.692854413412905,0.102893189397416,0.0426338342807856,0.0816175765920346,0.063797937614078,0.0162030487027808
2725,0.37487676148234,0.366602781139178,0.0306242907804328,0.116383750091435,0.0718005026119479,0.0397119138946659
2726,0.0680968468335161,0.139673453625759,0.0929542771551856,0.174849651373448,0.419306529805303,0.105119241206788
2727,0.0123523393045301,0.0475483644929098,0.0738391628170976,0.0542034997727845,0.295844531798912,0.516212101813766
2728,0.041976277287759,0.0668827747113819,0.220788949366688,0.0834505251383146,0.140878462910898,0.446023010584958
2729,0.226975623539773,0.273808843440921,0.0655881537468465,0.103919995355255,0.208890178735993,0.120817205181213
2730,0.0216787931337369,0.0403121083993755,0.0893548360977683,0.0717289452105238,0.288913355073968,0.488011962084628
2731,0.140699576361717,0.178652807674319,0.0906022744360451,0.165252689215326,0.304264455688166,0.120528196624426
2732,0.0371401587449903,0.0915312742038506,0.297033672607468,0.0513316028305777,0.118503521211311,0.404459770401803
2733,0.0466344008797783,0.130734496728837,0.163738197462928,0.200877861293416,0.347191784337619,0.110823259297422
2734,0.0168045166069125,0.858171928686379,0.0298792266584772,0.00496159958864155,0.0378558931747568,0.0523268352848331
2735,0.0452991758236063,0.416132508334621,0.155240455527968,0.0301893318319372,0.108551739917122,0.244586788564746
2736,0.0500724080691447,0.0936179746310394,0.0677294918493383,0.254483384888919,0.434455905979543,0.0996408345820156
2737,0.135094052170991,0.132675491819223,0.282189676342358,0.07300707971465,0.164966292512988,0.21206740743979
2738,0.0310976676090636,0.100929104183737,0.116784088521418,0.0559490045661291,0.128514270249831,0.566725864869821
2739,0.260958920607827,0.384965207205168,0.113317694911758,0.0446884551807875,0.126841926183916,0.0692277959105432
2740,0.272680175653828,0.294593246696576,0.0759007471370022,0.0914232850914686,0.123250625081539,0.142151920339587
2741,0.100073849920482,0.313729029030617,0.155960589226613,0.0552529647431616,0.203719332348223,0.171264234730903
2742,0.0589080798258068,0.0863667555765288,0.0661766337900283,0.174418855795205,0.415632677608103,0.198496997404329
2743,0.264897363571619,0.17008086353453,0.11374915683257,0.127050422975055,0.187640316547847,0.136581876538379
2744,0.0282507796835264,0.0728940182220069,0.0618447889615032,0.143177353977148,0.578457108227811,0.115375950928005
2745,0.0153607817791155,0.0824683971430531,0.313220083945947,0.104268543655632,0.256697628458059,0.227984565018193
2746,0.0318468082319543,0.0969537715748327,0.150909755994453,0.0516451689679696,0.187537569848445,0.481106925382346
2747,0.0225941203447675,0.0245506428644543,0.0190867441090449,0.0732657442500394,0.651742901129208,0.208759847302485
2748,0.0167915497510659,0.051948626764564,0.0701483219131952,0.0620409356698743,0.566434514532892,0.232636051368409
2749,0.253472428752076,0.170552106589588,0.054151809779309,0.216287463172627,0.203990344714959,0.101545846991441
2750,0.0224300858514347,0.0868275048777373,0.318586064058767,0.0551188161436354,0.141127688577468,0.375909840490957
2751,0.19222182084406,0.177166074308877,0.0746670941640044,0.150308630698004,0.330425690427114,0.0752106895579405
2752,0.0604960541658922,0.145561562927097,0.221296163916996,0.108753844864296,0.15539710335531,0.308495270770409
2753,0.0587709384846142,0.0832769084940794,0.0415715152533581,0.208285152119572,0.517787535452796,0.0903079501955807
2754,0.0264501271842779,0.292674006564414,0.104751835248693,0.0388985654775201,0.264472147595857,0.272753317929238
2755,0.00542448597247762,0.00952486691983442,0.0352260003903126,0.0169727202818996,0.176839658953756,0.75601226748172
2756,0.0200144831853851,0.0382578901324164,0.13158369385782,0.0410137636343368,0.0750226149744628,0.694107554215579
2757,0.020599185040153,0.24422765394065,0.0517788935948442,0.0542487977452418,0.301573859165514,0.327571610513597
2758,0.0782246414880215,0.279631919800011,0.187419183916478,0.0424312817468946,0.196212963003073,0.216080010045522
2759,0.028507507591309,0.229927938711198,0.0776132615877188,0.0195516888168689,0.155492804945581,0.488906798347325
2760,0.540526296465567,0.127826958889241,0.0397016114012777,0.220864068309058,0.0564103578680693,0.0146707070667865
2761,0.141101064821312,0.112914051856096,0.0923247283884537,0.185460732762245,0.36075676033021,0.107442661841682
2762,0.0186712660002523,0.118854765534005,0.130215700283527,0.0393659057390974,0.28931760077767,0.403574761665449
2763,0.0624884138109483,0.202866051722268,0.251998914652049,0.0618855492824692,0.162182847636993,0.258578222895272
2764,0.0264890480261286,0.0371132326126517,0.147570105050255,0.0405421881773392,0.117545781456629,0.630739644676997
2765,0.0398634845734397,0.183235315711158,0.241230516897462,0.0424445416695707,0.141383808439434,0.351842332708934
2766,0.0509087426710967,0.153106321882729,0.116482754859963,0.062647970133668,0.260027476415271,0.356826734037273
2767,0.0338498028623107,0.0614541996653017,0.108302878362182,0.33880161030455,0.214468438931206,0.24312306987445
2768,0.0509903913158456,0.235617845952678,0.395088040275295,0.0365596651443947,0.0867079805071169,0.19503607680467
2769,0.0669156423384274,0.456641326689743,0.0810986524287053,0.0819336969148703,0.187505986715936,0.125904694912318
2770,0.0104077873457817,0.0487462559981637,0.146151348021938,0.0342533174976915,0.150370478344949,0.610070812791476
2771,0.0312589060021944,0.149407392814058,0.500197852419693,0.0451921350406096,0.0847767273591605,0.189166986364285
2772,0.055784422822469,0.0793861951293107,0.139066514668092,0.21068446083949,0.303542870249947,0.211535536290691
2773,0.0715965150324266,0.350813779997672,0.152797659687513,0.0444599423311388,0.199357963010211,0.180974139941038
2774,0.0968268073515475,0.563855762191611,0.0709713855621517,0.0309564075239531,0.129752713931755,0.107636923438981
2775,0.00999382579779808,0.0272851724978762,0.132612723950369,0.0239781930796278,0.103951434433817,0.702178650240512
2776,0.0199963922792916,0.0452774916905389,0.0767139124052564,0.0575203121116736,0.206186907239167,0.594304984274073
2777,0.00750901471252393,0.0247193766705839,0.0957955431026644,0.0250211143898359,0.0910381345317601,0.755916816592632
2778,0.163104450205684,0.124733776763623,0.168279481042841,0.116005414995514,0.158964588980806,0.268912288011532
2779,0.0492970003801503,0.0746636212212911,0.312369435809546,0.141131586952834,0.157352824495708,0.26518553114047
2780,0.0524313698138374,0.179546174190592,0.388282710752486,0.0733988899554351,0.109375114827746,0.196965740459904
2781,0.0165160395765951,0.0243035057845271,0.0514412643161902,0.122618536551175,0.514336909957913,0.2707837438136
2782,0.0204686228730761,0.0492658607730637,0.215155227574898,0.0440947933058481,0.122679197156597,0.548336298316517
2783,0.430056725425225,0.306409937799669,0.0879320133048946,0.0627842052677811,0.0779965715010253,0.0348205467014042
2784,0.0827610108021054,0.263111839115945,0.0608438144844565,0.125020347372332,0.329023735795166,0.139239252429995
2785,0.00636773278074658,0.015017181906643,0.0444656988951833,0.0398290239300938,0.242580573429144,0.651739789058189
2786,0.0280095458051598,0.114237090709305,0.0869562607827815,0.0946934044579453,0.353467726315144,0.322635971929664
2787,0.01472130245959,0.0332930163336838,0.079643354195103,0.0313028645382375,0.157309425327991,0.683730037145395
2788,0.0295591821892783,0.0888668175111771,0.163880535315584,0.0550804057996513,0.133121251523489,0.529491807660819
2789,0.0593488059290885,0.0987282201802231,0.323377532842403,0.0907904701862847,0.167531608389173,0.260223362472828
2790,0.121419059347899,0.174014493726433,0.0616865567066521,0.105563674537526,0.317532028981772,0.219784186699719
2791,0.293258642671151,0.0916850777876163,0.0452244311625249,0.300912009831393,0.210079382344913,0.0588404562024017
2792,0.589590289696186,0.241133759229622,0.0202286141450307,0.0509236580700983,0.0766550969124254,0.021468581946638
2793,0.0173502787151267,0.0767202098333386,0.0687503139223591,0.0435418179585021,0.340867043659968,0.452770335910706
2794,0.49637998410826,0.199992913239203,0.0469016015505923,0.092266397324114,0.127538768974543,0.0369203348032875
2795,0.466904437476954,0.134559828047201,0.0473214668393732,0.213751980741994,0.109037218906706,0.0284250679877707
2796,0.0110336117617698,0.0282013449663113,0.110147510192708,0.0372848211616599,0.120052702916606,0.693280009000945
2797,0.0648557496383326,0.0737536330480774,0.105054874358087,0.11697708697451,0.174462320464042,0.464896335516952
2798,0.0163892336660804,0.306659702441367,0.188315348924362,0.0140568261671653,0.154746398939481,0.319832489861544
2799,0.176656624361169,0.181109986254009,0.310555944447613,0.0361936785419683,0.106744226335641,0.188739540059599
2800,0.0152872601621472,0.0247743552677335,0.0444141025544765,0.0379891989266697,0.144987038384379,0.732548044704595
2801,0.0169773562414543,0.0319339672515959,0.0295905256839712,0.0451876348760958,0.427417588273819,0.448892927673064
2802,0.0300477133662743,0.0877877562418093,0.0761594414076565,0.0850193602954796,0.286180142523363,0.434805586165417
2803,0.0722017490271031,0.628263675036965,0.0960327697793496,0.0201008023922164,0.0890823477195917,0.0943186560447743
2804,0.029438446132289,0.0921995471790487,0.144092051375106,0.0643311862267535,0.293705118878173,0.37623365020863
2805,0.345375889223427,0.143674795466804,0.225258267163056,0.083205852179696,0.121781823899587,0.0807033720674307
2806,0.0771191663367853,0.0599521728933141,0.0671056724942756,0.265269292627626,0.350811247015766,0.179742448632232
2807,0.102315931431708,0.189604498534219,0.201406973374487,0.0972936193117695,0.15639362389008,0.252985353457737
2808,0.0163276729082552,0.0370324132617377,0.0535358357624717,0.0352161443806562,0.194803854753662,0.663084078933217
2809,0.0483094569988995,0.126291211235236,0.399568831157272,0.0802204167935337,0.0861961264161638,0.259413957398895
2810,0.0136068370990115,0.0310818115212154,0.058500851408489,0.0880421530216241,0.419546477437087,0.389221869512573
2811,0.0195795054200672,0.138420998295837,0.186871756774425,0.0516959323998704,0.226673925589024,0.376757881520776
2812,0.498526547623795,0.302795962909744,0.0797373291187902,0.0456937269699144,0.0420679700958854,0.0311784632818718
2813,0.1659842037766,0.120056872533564,0.128268708790027,0.1257015377754,0.309760333913859,0.15022834321055
2814,0.0297083610296851,0.280853820510526,0.182174132537119,0.0439789596910736,0.143506250067917,0.31977847616368
2815,0.0457536395184167,0.0765533762983314,0.150657918912909,0.0801562634720855,0.153151101854336,0.493727699943922
2816,0.190712165650164,0.197884572979074,0.299674660442294,0.107396743271063,0.139414267952045,0.0649175897053604
2817,0.0825760857446962,0.465987886160457,0.0801226757209401,0.0638241366934419,0.161481814908476,0.146007400771989
2818,0.276525460795873,0.380331468291735,0.169815322699147,0.0348035429021678,0.0585173272231381,0.0800068780879385
2819,0.406499185041325,0.408002386827274,0.0546505166729484,0.0348410122287139,0.0635391711637118,0.0324677280660266
2820,0.389855455036881,0.230179533219868,0.246358370335751,0.0430715555047194,0.0592307585005174,0.0313043274022643
2821,0.00869794870861625,0.0405333813487184,0.0308466705946519,0.0205154263480922,0.300629927229514,0.598776645770407
2822,0.218813403041897,0.282552900728062,0.160748182589538,0.0601788328909409,0.149710897519816,0.127995783229746
2823,0.052527603437926,0.0900644145498369,0.128018706104549,0.0851596177306661,0.190398282160592,0.45383137601643
2824,0.0431054180566429,0.121807577615911,0.213331048993184,0.0658990514964384,0.208718062229136,0.347138841608688
2825,0.0152020682854849,0.0706854180076273,0.29639101486448,0.037033792289876,0.0536644458696261,0.527023260682905
2826,0.0462278641823454,0.188570100146994,0.0716151201859909,0.0707077670254679,0.378596178812077,0.244282969647125
2827,0.0966926037045949,0.557289639897609,0.117907717805892,0.0191826679622245,0.0843949750216477,0.124532395608032
2828,0.0323224648887844,0.150710636486973,0.155549767497949,0.0545663609987472,0.27035066295311,0.336500107174436
2829,0.0294904406015999,0.0371649059541648,0.0548466713104454,0.162404282444985,0.601387125394008,0.114706574294797
2830,0.0121112470678744,0.0350621485311204,0.137201958459045,0.0506323768567957,0.157425362753901,0.607566906331263
2831,0.379794425633399,0.434640368115735,0.0736482488505024,0.0408796579205161,0.0399280932800589,0.0311092061997895
2832,0.0326086654990204,0.40772134272201,0.173425892710969,0.0291310989202426,0.15106210432793,0.206050895819828
2833,0.210592497988127,0.111738503403017,0.0997703540460733,0.16177332562112,0.270638605663671,0.145486713277992
2834,0.0271186755699489,0.0788893721318436,0.107999785224883,0.0414708415521208,0.17796920109382,0.566552124427384
2835,0.177963235429559,0.296220640312642,0.0526003581140231,0.14435994645551,0.195888440798876,0.13296737888939
2836,0.0243430190339034,0.0514469370139621,0.0696227698404045,0.0821576068394111,0.256238604845722,0.516191062426597
2837,0.0412134935809592,0.258121652421987,0.349217541644401,0.0619158395655473,0.130841860902554,0.158689611884551
2838,0.243453419711881,0.209938323266601,0.218973706436994,0.0934686914304081,0.100365185313958,0.133800673840158
2839,0.10009900400446,0.167596147414721,0.172490768528441,0.131912159967924,0.219952256879069,0.207949663205386
2840,0.158613139554613,0.0864605815335614,0.11970433797764,0.204303435193937,0.246354167262192,0.184564338478057
2841,0.413265276311527,0.132565631475916,0.0708311453944565,0.112550679377043,0.155585668667711,0.115201598773346
2842,0.0160863403342659,0.045775012436219,0.0405985737474234,0.0506179517882543,0.426131956921736,0.420790164772101
2843,0.116513879368715,0.136770859001764,0.153970927917331,0.0638553360521383,0.280340419322975,0.248548578337077
2844,0.0411649985968903,0.160046614473271,0.466116455927254,0.039019522967926,0.0778878198783735,0.215764588156285
2845,0.264736523670797,0.425189508239932,0.114963225731994,0.115901046587406,0.0614814216050088,0.0177282741648621
2846,0.0102093470807633,0.0183066242327121,0.0339239418953328,0.034968204130979,0.237641600407875,0.664950282252338
