"CUS_ID","F20-","F30","F30+","M20-","M30","M30+"
2501,0.0885971148523152,0.491239710773801,0.0971322191042736,0.034926580606318,0.146096240179576,0.142008134483715
2502,0.0346743938446997,0.149177346558733,0.200699421558685,0.0731849080265718,0.343326152916558,0.198937777094753
2503,0.0579182414740247,0.38660707630137,0.0590410220704468,0.0704937107651115,0.318359537468494,0.107580411920553
2504,0.391462500163175,0.137549715321223,0.128971169076925,0.158107056290016,0.0952895947437745,0.0886199644048856
2505,0.0371099682477513,0.14114436666774,0.170803685841654,0.0549757141443016,0.17595020784296,0.420016057255593
2506,0.0216452994935558,0.334640092725399,0.0928595545033434,0.0266716043228164,0.258102360378913,0.266081088575971
2507,0.0139957139913035,0.0323707433877932,0.0897237908581287,0.0298711609078893,0.199976271535727,0.634062319319159
2508,0.00829426362213739,0.0356145732788999,0.0426138483747422,0.0334317847317032,0.420425256310083,0.459620273682434
2509,0.0285047528557146,0.0511907166704368,0.17744241561477,0.0438495568693072,0.168041373061992,0.530971184927779
2510,0.0169160299406057,0.0840425180323036,0.0581643945927368,0.0369919725752622,0.355176328206904,0.448708756652187
2511,0.686816284330327,0.0900599472084464,0.0674791244978867,0.0964055194603675,0.0404763586590857,0.0187627658438862
2512,0.0525704208424018,0.168426872053008,0.0745665260105672,0.138399213010116,0.449465335251028,0.116571632832879
2513,0.00719265448309531,0.0279006553944376,0.0856396722546759,0.0288133320748092,0.264111542564207,0.586342143228775
2514,0.105139421117467,0.594214843884825,0.0569777396601851,0.0328058500975202,0.156621396432314,0.0542407488076887
2515,0.0160142376195303,0.0497825216492032,0.116482014846907,0.0370406243208032,0.177678134602624,0.603002466960932
2516,0.0765827862735258,0.114244619493772,0.0718968561668886,0.144628956137094,0.353303659529038,0.239343122399681
2517,0.0285176478403245,0.389649131140999,0.11976417120136,0.0155611648267169,0.183606406586077,0.262901478404523
2518,0.452042322008129,0.241762497338921,0.0932142351829738,0.0610929401048951,0.0894291938442733,0.0624588115208075
2519,0.042224541381012,0.856017565091304,0.0171776336240293,0.00849146108962101,0.0502023993480322,0.0258863994660019
2520,0.0257158212935321,0.0487870519299449,0.0203475666451903,0.0924455136619581,0.636450196208833,0.176253850260541
2521,0.0245856622855431,0.0704409756008532,0.301327292231289,0.0511356795633596,0.130528477891957,0.421981912426998
2522,0.337437907027452,0.234932964321182,0.173268558196069,0.0731531567608186,0.120083807627685,0.0611236060667941
2523,0.0566418898855959,0.399371773504489,0.0847781134822653,0.0168342960134003,0.284074612667393,0.158299314446856
2524,0.0464514360405818,0.127999137790674,0.295924466336675,0.064089954940994,0.134446346726536,0.33108865816454
2525,0.103345631714129,0.07402854883898,0.0752814713176097,0.398678474617989,0.284993124421682,0.0636727490896116
2526,0.104350857102451,0.23700880224889,0.0759433335619064,0.0965973861211328,0.311302108047846,0.174797512917774
2527,0.551501414633352,0.166714666038687,0.0837619725041501,0.0502089930507739,0.0887203962525075,0.0590925575205288
2528,0.00720911356932238,0.0217012389660374,0.0646183000287643,0.0491303242376671,0.214519801453258,0.64282122174495
2529,0.0683500513622244,0.0969982723299044,0.285271603103069,0.0637797204576328,0.118413303867109,0.36718704888006
2530,0.00431950063893589,0.0200843913626091,0.141390222741818,0.0217735569858231,0.109306214794948,0.703126113475866
2531,0.0366352068705443,0.145969832508254,0.143513868415777,0.0887069963009071,0.306705548639227,0.278468547265291
2532,0.0339703092069181,0.168712775757584,0.159686551516241,0.0690790513589073,0.255894217060899,0.31265709509945
2533,0.00393629864383932,0.0100112729488592,0.061522086826755,0.00953105096064606,0.0293848394202991,0.885614451199601
2534,0.232841496536747,0.0655564552609672,0.0539268654719261,0.487241515119012,0.100881747320296,0.0595519202910526
2535,0.0557430582499267,0.11931783359436,0.148293904048665,0.0587490768664395,0.182043989034517,0.435852138206091
2536,0.137933747619873,0.251873010423249,0.112982066720513,0.0633103282364235,0.183961730255165,0.249939116744777
2537,0.0301558607107224,0.778077234298658,0.0786297523904912,0.00699158489739546,0.0588393018350038,0.0473062658677293
2538,0.237909817857852,0.104917458540435,0.0647951113267187,0.104496663764799,0.318914710420469,0.168966238089727
2539,0.160865697580819,0.282842862335189,0.21716646488134,0.0420100179942137,0.145833275886042,0.151281681322396
2540,0.384488034353763,0.164551508805704,0.0395947081827926,0.151447918082704,0.218451379394682,0.0414664511803541
2541,0.136603014694507,0.0672362365965614,0.0220982680573822,0.381126043442615,0.327063569939368,0.0658728672695661
2542,0.10654462642031,0.465215436884456,0.0691516521174521,0.0366886727731305,0.265011405092743,0.0573882067119088
2543,0.0119509600084864,0.0268137841499747,0.0788812084670659,0.011705253217456,0.249305643304151,0.621343150852866
2544,0.0945965363661598,0.136674147525623,0.115308591323466,0.236034104080458,0.163083130313163,0.25430349039113
2545,0.0325929894624867,0.330966328807165,0.0486844052154131,0.0159630107050706,0.361794212899905,0.20999905290996
2546,0.0346666686458747,0.0345029045518631,0.0133063258440055,0.261265529067938,0.577341728978489,0.0789168429118298
2547,0.0876694413057172,0.178575193508842,0.280896490076348,0.0532625476811502,0.192784116314743,0.206812211113199
2548,0.0656608356905983,0.0836750661767122,0.112501262833192,0.214598708477125,0.41987326366851,0.103690863153863
2549,0.0088166545943116,0.0388829256753109,0.0395281264265966,0.0481309141074664,0.315808481885164,0.548832897311151
2550,0.0146785017152937,0.0254956015955738,0.0177063780800527,0.160297625486151,0.608911243713924,0.172910649409005
2551,0.125726345256743,0.209788646268257,0.0575122496400484,0.182618378219447,0.258567601180376,0.165786779435128
2552,0.144288196217392,0.376558049702878,0.157205207069738,0.0562139432581855,0.122197864532445,0.143536739219362
2553,0.517187666255836,0.201411006310014,0.0393571001059381,0.09916087148575,0.119953555576059,0.0229298002664039
2554,0.0979848710215917,0.192175354455728,0.102299091512338,0.13599865230088,0.371741146674488,0.0998008840349738
2555,0.0182852033522967,0.0778648566745565,0.0709663787119883,0.0507555830785328,0.573296604302685,0.208831373879941
2556,0.0811240353068039,0.284334723940414,0.293096909943373,0.0535970753048898,0.151982234992234,0.135865020512285
2557,0.314055365924177,0.236788156462812,0.314091382211257,0.0467785841816125,0.0605712422396705,0.0277152689804714
2558,0.0398384797035647,0.0966343615768184,0.622773438621604,0.0395032036459609,0.092934920955287,0.108315595496765
2559,0.070114976638112,0.487342567994882,0.133858550045251,0.0298552808944543,0.103389997260565,0.175438627166736
2560,0.00892392322011708,0.0947736052766368,0.0967150988999964,0.0269339763972655,0.173329625372662,0.599323770833322
2561,0.0233715229653378,0.0702363983493784,0.162699460798471,0.0166878623696784,0.112485197690202,0.614519557826933
2562,0.342239756760167,0.380515649517207,0.042462795412789,0.0369661065253595,0.169652561856355,0.0281631299281225
2563,0.274044263395782,0.181668404844918,0.251451728350069,0.0805896027108277,0.0999291086135432,0.112316892084861
2564,0.138976376739729,0.0785023240772731,0.0773337277531263,0.333708511243621,0.232733261556095,0.138745798630155
2565,0.0216993546534091,0.071279086114168,0.0743240173705021,0.0373332633706213,0.188313681580686,0.607050596910613
2566,0.0142126800281245,0.0347833425761457,0.0968715886648403,0.103355624790643,0.297360872813022,0.453415891127225
2567,0.0368154504007055,0.140260484786968,0.118893049411248,0.0550937761038676,0.14650870095905,0.502428538338161
2568,0.00982627432757195,0.0489225773222838,0.0713602380380198,0.0282324492712772,0.215894593293473,0.625763867747375
2569,0.0258788705289806,0.0822071876960708,0.212167016928158,0.0187410274083203,0.176194348726944,0.484811548711527
2570,0.0270523232425994,0.565256847490191,0.0983162776897361,0.0163297919736381,0.142389645498517,0.150655114105318
2571,0.120613075416074,0.0814571135437914,0.0313705137561961,0.322493542276223,0.322748936260499,0.121316818747217
2572,0.0790521883245037,0.0863553323872416,0.365927972325155,0.123202387706651,0.126154127587854,0.219307991668594
2573,0.0884047772851897,0.324096517188621,0.0869971488191677,0.0411123454915366,0.253525221434181,0.205863989781304
2574,0.0312233603480145,0.0567257399915503,0.0316006528276509,0.412425603896714,0.388656351897739,0.0793682910383308
2575,0.0196355612866914,0.02844802548508,0.0167593759939575,0.133926619163594,0.691548224880381,0.109682193190296
2576,0.306854523765823,0.32574372760663,0.116219132438401,0.0675696221962801,0.0923958541852139,0.0912171398076518
2577,0.0421666130072603,0.229536180844422,0.272965674702896,0.030019410449234,0.175052098320979,0.250260022675209
2578,0.00242553396584488,0.00829823827349802,0.0381120908787162,0.0102950748824954,0.0616448611435395,0.879224200855906
2579,0.282421481533151,0.203679554742072,0.299552483901777,0.0366205856514972,0.0888925206259328,0.0888333735455706
2580,0.0623780656594446,0.287175434697319,0.166463110584106,0.0309684215514945,0.201401770786269,0.251613196721368
2581,0.0132578152216216,0.0463617228754385,0.0871425501959809,0.111408100809091,0.446454253063909,0.29537555783396
2582,0.123239592243379,0.556386247380998,0.0636557642548238,0.029219733263164,0.17280422044988,0.0546944424077549
2583,0.0494991596087082,0.577597785007191,0.165353058970729,0.0165429989674924,0.100618738902078,0.090388258543802
2584,0.293006693646291,0.596708278281571,0.0285667636101317,0.0120451229348876,0.0527009653718392,0.0169721761552794
2585,0.0207205760544121,0.0631292019507293,0.0685528553687599,0.0671770416305655,0.470262364331359,0.310157960664174
2586,0.0430788841877395,0.282714404317629,0.122575497428754,0.0383140664433916,0.191210617383742,0.322106530238744
2587,0.197943579869681,0.0717033502786163,0.0558795123073185,0.268460020365724,0.298918127008315,0.107095410170345
2588,0.0450530356663917,0.0330022874779925,0.0271463877532781,0.152124426976545,0.621568905509012,0.121104956616781
2589,0.0477496451758743,0.0887177217187479,0.0495549126125875,0.134856215839113,0.57018528754465,0.108936217109027
2590,0.0139169237210495,0.0619152905913831,0.141336081553051,0.0684914171077792,0.17651768141556,0.537822605611178
2591,0.101950461750858,0.135088523867008,0.261712737320651,0.0447818438691888,0.0841705508423362,0.372295882349958
2592,0.0179695056530828,0.0483342659129694,0.0314335479954674,0.129685909727474,0.62537921651611,0.147197554194896
2593,0.199489795660947,0.217325789408673,0.0742513745260154,0.199171268433111,0.209404610725549,0.100357161245704
2594,0.0292523191382945,0.0572854890257022,0.0560360667804141,0.0291772063931441,0.412463172752491,0.415785745909954
2595,0.100318345482015,0.11860429429433,0.219881336526189,0.168121507441378,0.182094485322541,0.210980030933546
2596,0.811940955875936,0.058410415953008,0.0118237551091368,0.0821041466041647,0.0298079886471957,0.00591273781055905
2597,0.0101888125914082,0.0436246945988397,0.195726594512645,0.0320199813583744,0.182596714554197,0.535843202384535
2598,0.0170022985463296,0.10211160884051,0.124465771800725,0.0162964651464817,0.13164957154497,0.608474284120984
2599,0.216209276068366,0.224502645880907,0.106136554883448,0.180891356198332,0.172162332164892,0.100097834804053
2600,0.0202696553344777,0.0667728967388851,0.0965652537635867,0.0583959442444475,0.667057204796909,0.0909390451216942
2601,0.0381996684569403,0.0882661153189469,0.217292544394373,0.0477838966732847,0.132703351499065,0.47575442365739
2602,0.0232748198689031,0.0791101333870857,0.103055894537102,0.0401211714133735,0.189911085369012,0.564526895424524
2603,0.0396652459393916,0.592271596110123,0.0385582700867508,0.0256383610834338,0.234384206084825,0.0694823206954764
2604,0.0447703389398516,0.162432322463791,0.318842428574862,0.114086089095028,0.108412541608871,0.251456279317597
2605,0.00617201559743061,0.0878570157162188,0.28440651486807,0.037601565091164,0.228328077137177,0.355634811589939
2606,0.0417139390960535,0.0911034439542964,0.119134084514144,0.0428467965766666,0.230435578421736,0.474766157437103
2607,0.00748343917632326,0.0214454462620542,0.0677034556406572,0.0215789491598399,0.10001817014631,0.781770539614815
2608,0.220401150013679,0.167536728874483,0.0721154827725239,0.144861481402738,0.244829686988137,0.150255469948439
2609,0.0192004019492539,0.0460762753759942,0.0538490312406693,0.0984799588936352,0.434260611826573,0.348133720713874
2610,0.105033143448059,0.201808994980371,0.0554501686064366,0.164626658885177,0.279442118938336,0.19363891514162
2611,0.0219195812719532,0.0745097238964708,0.213084528384113,0.0372544849382571,0.0880078951518147,0.565223786357391
2612,0.0728823372332112,0.25876040102397,0.124367735886697,0.0401093142198144,0.13801679338748,0.365863418248828
2613,0.459757635997526,0.34928084334829,0.0526284317371373,0.0533229267156886,0.0659581432801643,0.0190520189211937
2614,0.133478953423958,0.107042081949636,0.0749457108014251,0.154638851650251,0.248816941775439,0.28107746039929
2615,0.450484419784169,0.249691547305896,0.152931642445048,0.0459001971339027,0.0628878673824481,0.0381043259485358
2616,0.010595123939098,0.0553434589436703,0.0709067871763661,0.0493862108518854,0.47184799560846,0.34192042348052
2617,0.182860335256911,0.314725604978147,0.256792725526929,0.0354936507720678,0.118810358943063,0.0913173245228817
2618,0.0586208493637209,0.0700862759278823,0.097842630320349,0.0610386333769257,0.439012380289317,0.273399230721805
2619,0.02739384795006,0.0328697049307997,0.0175352167049613,0.0710559266922884,0.720200508152346,0.130944795569545
2620,0.0119313167567913,0.113018541906713,0.248219372619741,0.0277499684191966,0.270795335407337,0.328285464890222
2621,0.0315861389231639,0.087184697207445,0.0476444320339297,0.124732166416334,0.582996196843329,0.125856368575798
2622,0.00498301651135348,0.0161127792357615,0.0320321152473199,0.0160237366790666,0.142085921239378,0.788762431087121
2623,0.247329992331997,0.21402030896733,0.0433978982847208,0.0723378675613766,0.345784445060215,0.0771294877943605
2624,0.0295907018778232,0.0552052214641386,0.115979763986057,0.0693989072955682,0.177629403136728,0.552196002239685
2625,0.0840966723836065,0.195544403995619,0.514971638055699,0.0351461122159614,0.0770276736579423,0.0932134996911713
2626,0.0113126845378537,0.0288613870832776,0.0618283504290106,0.0278829290479943,0.162443025511409,0.707671623390455
2627,0.0612963925450384,0.152582043245835,0.319898157256122,0.0312849728631208,0.176011818369398,0.258926615720485
2628,0.105501388758185,0.128387532215442,0.0770690495625573,0.32690820606403,0.285612677046413,0.0765211463533724
2629,0.0391122720541617,0.224567565591185,0.0618979690209517,0.0470189533187826,0.361639559015432,0.265763680999487
2630,0.139459706470319,0.127282473849642,0.139473216180371,0.0852764529886162,0.223892970518003,0.284615179993048
2631,0.0189234548835755,0.223913259789173,0.215622131909668,0.0269835832594603,0.27440417781978,0.240153392338343
2632,0.00664703689381438,0.0212703576721994,0.0699339974006427,0.0224851119055071,0.143193430666337,0.736470065461499
2633,0.130516095612309,0.414791402230765,0.0629611147670136,0.0859673615981795,0.219020283499772,0.0867437422919613
2634,0.0400436747512922,0.0759941361325459,0.267856410903219,0.0822171386762065,0.166018005077486,0.36787063445925
2635,0.0226776688119476,0.0839448227940254,0.0622449092878766,0.0351926271771787,0.600310576018682,0.19562939591029
2636,0.0266887993244939,0.0645831443060309,0.133194150558012,0.0453724596967246,0.355259664394279,0.37490178172046
2637,0.0176734781585645,0.0766251731982149,0.0307095172347226,0.0245977993220696,0.675033104886447,0.175360927199981
2638,0.0665357311155605,0.0477611835873986,0.0712699718137768,0.315163705410916,0.210440946875434,0.288828461196915
2639,0.100123366227268,0.0718841575455503,0.0503103138027712,0.33374351211849,0.358046636603565,0.0858920137023555
2640,0.0206857247148231,0.0390001431163151,0.0641281447231043,0.0298577866314933,0.129839666306434,0.71648853450783
2641,0.176177933916641,0.189740863951346,0.144776482781061,0.131226786983533,0.192334164341586,0.165743768025833
2642,0.0199405273641597,0.0923604222576362,0.136274324155943,0.0326102059010945,0.228977670703383,0.489836849617784
2643,0.392161149794429,0.354183939637349,0.0252294395853984,0.110656672461044,0.0912628004635139,0.0265059980582661
2644,0.0086418471632914,0.125694320746859,0.0426409619429652,0.019142748120815,0.221346882063012,0.582533239963057
2645,0.0224902400605445,0.066808430861687,0.0408917095171105,0.0552761952842015,0.308733515249627,0.50579990902683
2646,0.00528018048605569,0.0217985391329092,0.0929659123657808,0.0219755150733337,0.0581301488574266,0.799849704084494
2647,0.0784678763060677,0.103573489524231,0.118379826817817,0.129900205115916,0.244788119409799,0.324890482826169
2648,0.158861110635956,0.263382103579825,0.404533642011806,0.0203844642192671,0.0501354909352222,0.102703188617924
2649,0.0418596303812472,0.0595659069031745,0.100527589990643,0.0522459181217834,0.242244196118763,0.503556758484389
2650,0.0599180244020364,0.0513843159081897,0.222152138762171,0.054451910957125,0.112262190608424,0.499831419362054
2651,0.0268458673281424,0.0798776988179357,0.0405045350259682,0.0539232385512477,0.55291506970178,0.245933590574927
2652,0.0210233112537575,0.183561203992091,0.0619929111294287,0.0484239763196076,0.41091716498898,0.274081432316135
2653,0.258379035207068,0.255222166170011,0.126375345826079,0.0555593119835332,0.17728548300994,0.127178657803369
2654,0.00696821626383486,0.0451296034001336,0.0890071681381705,0.0485873421420034,0.147196720411025,0.663110949644832
2655,0.445108580758654,0.23780302309797,0.0609966773943312,0.0841835743739721,0.130238483333031,0.0416696610420415
2656,0.0119556817465437,0.0678304225105582,0.0638093810466339,0.0332898399815258,0.396550141624883,0.426564533089855
2657,0.0188291490017009,0.0421004684237142,0.205126605816979,0.0320837328488129,0.103553350635834,0.598306693272959
2658,0.173108787675701,0.179181113256805,0.158103656704061,0.25185580540577,0.136744512830889,0.101006124126775
2659,0.16007248679687,0.0872545407259833,0.108472634694651,0.445309595137945,0.103995411299921,0.0948953313446301
2660,0.0108927894471032,0.035381478885435,0.0421247212748042,0.0369645879645222,0.253761009882955,0.620875412545181
2661,0.00538867777953016,0.0273173117468903,0.104516795938848,0.026697632948121,0.100093149911926,0.735986431674685
2662,0.00742458867988332,0.0521285277162326,0.113977703231668,0.0143044716853801,0.122158337320703,0.690006371366133
2663,0.00773809697140902,0.0311373750402402,0.0484645715392684,0.034883915268683,0.395642951452163,0.482133089728236
2664,0.0397806837161877,0.106182034102445,0.0360767294429343,0.101044058992606,0.539415959955396,0.177500533790432
2665,0.249120492276847,0.292764207198358,0.102774418139926,0.0609631402265638,0.175163408950836,0.119214333207469
2666,0.00807949599990309,0.0212022998833118,0.139384121947818,0.0208221999098379,0.0376495048663163,0.772862377392813
2667,0.0735213226191365,0.142278719877851,0.426686567940695,0.075083345955015,0.174475194390738,0.107954849216564
2668,0.0166113885013837,0.0766328778511925,0.44541271465397,0.0261444159893398,0.121859209971222,0.313339393032893
2669,0.0522348053798675,0.188306201517145,0.111479564414697,0.0290549177593823,0.212802731002302,0.406121779926606
2670,0.010910052126925,0.0558666723802026,0.159901457921167,0.0254250443122975,0.188594802810457,0.55930197044895
2671,0.0353228179301545,0.0827974268740379,0.0446871244154727,0.101328617930188,0.345930700497067,0.38993331235308
2672,0.00841498761442351,0.068177734029652,0.142466281654558,0.0223693166364658,0.192601118837402,0.565970561227499
2673,0.328184220992758,0.318536210056718,0.0529429798435394,0.107828088334518,0.148173859567733,0.0443346412047343
2674,0.0313519014992022,0.0474061395250624,0.0697921239767429,0.248955342291855,0.374036443039416,0.228458049667722
2675,0.588404454161891,0.175177885179592,0.0175147240329204,0.135042430421802,0.0685691683109847,0.0152913378928099
2676,0.0270414550789548,0.0369812941746965,0.0576107411816199,0.134803751552508,0.427380531905267,0.316182226106953
2677,0.0777243941691307,0.204062242795197,0.301559765363926,0.0549350035476902,0.212931316017482,0.148787278106574
2678,0.0477324237559655,0.180196695302532,0.213159024222691,0.0552561093262023,0.279042753044611,0.224612994347999
2679,0.00339715664375526,0.0196324238597627,0.0456753366359776,0.0235196876812034,0.311961637291702,0.595813757887599
2680,0.0597771467807923,0.115885979971523,0.335023851640995,0.173871943308564,0.14489287530388,0.170548202994246
2681,0.0392935736887489,0.171340620870136,0.12181375538533,0.0700921009692328,0.298748684290506,0.298711264796046
2682,0.0159803384531752,0.0391882988810909,0.120118615948176,0.1521006898968,0.215946745940458,0.456665310880301
2683,0.463031268920582,0.273833782989015,0.0365150814187257,0.109145518395562,0.0984190194782884,0.0190553287978262
2684,0.0123402691205048,0.0427779315688839,0.0491587632393558,0.0905025273808758,0.432401396763202,0.372819111927177
2685,0.142489422100939,0.0947000005384371,0.151108040963323,0.0404940342698595,0.0898975568276165,0.481310945299824
2686,0.0189675290370144,0.156046064351778,0.159575010632885,0.0437231275528973,0.188382006134542,0.433306262290884
2687,0.324608737130778,0.211710682518148,0.0962245680458997,0.162167999395917,0.16661748181481,0.0386705310944468
2688,0.039988864061195,0.155040681195406,0.0742423425011175,0.251547125337156,0.346702823698654,0.132478163206472
2689,0.175151183825472,0.601281786719023,0.0301660735611141,0.0428414084014301,0.121078934978512,0.0294806125144494
2690,0.0122406275070471,0.0256406191610313,0.036023258616518,0.213345605631696,0.466821433187202,0.245928455896506
2691,0.0426691140927336,0.231882346591402,0.0815772195842981,0.061254265121587,0.32032395505747,0.262293099552509
2692,0.073290807298894,0.109124071102065,0.226895059806452,0.0720106671077899,0.210741500347253,0.307937894337546
2693,0.043545569856156,0.0771668517437188,0.241017962118118,0.0540055303677532,0.148885420172949,0.435378665741305
2694,0.0114309544421253,0.0293087815291802,0.0745030354570384,0.0526657773208227,0.209125225260917,0.622966225989916
2695,0.615557503094512,0.170858478985719,0.0428376236684374,0.0897383912546146,0.06075653535706,0.020251467639657
2696,0.0236884065625203,0.0921718761533106,0.309422748947101,0.0343279354699276,0.126729677897957,0.413659354969183
2697,0.048427106768642,0.156812682334553,0.264123840282589,0.0392984588051494,0.162960766270701,0.328377145538365
2698,0.0187730491627699,0.0568737445341939,0.225415691673143,0.0519590645292315,0.209989380565496,0.436989069535165
2699,0.0171654439856115,0.123688071010676,0.344701317885931,0.0206686760506315,0.0845240718774583,0.409252419189692
2700,0.00311254786645764,0.038291191059741,0.0294109816550046,0.00908520941618779,0.3053243016906,0.614775768312009
2701,0.0217189193144069,0.0493810940185564,0.0924849163892221,0.108194786881004,0.27783107451385,0.45038920888296
2702,0.444885264289907,0.182047611439513,0.174683571305689,0.0623077261739022,0.0724516042392871,0.063624222551702
2703,0.0977949568705239,0.0826162887063186,0.153732843583378,0.0981818969172133,0.258366111619757,0.309307902302809
2704,0.0378023019146646,0.208807044112354,0.468143112241239,0.050977034977934,0.109049049583415,0.125221457170393
2705,0.0185653689204956,0.161052110435484,0.436034627307099,0.0222124504794032,0.130614081070646,0.231521361786872
2706,0.0159737817089983,0.0868251443417582,0.186074511482791,0.141168782907399,0.182074623959257,0.387883155599796
2707,0.0146093755050991,0.0333437931713848,0.0318995283725867,0.0595872421980002,0.62678261583841,0.233777444914519
2708,0.367997539105248,0.374783185210946,0.0646578954380772,0.0532612722266232,0.104290379734383,0.0350097282847228
2709,0.0723127581406365,0.170986718302983,0.305603952931832,0.0467617711394585,0.110002108539511,0.29433269094558
2710,0.0821052873714941,0.0762677893499179,0.218742696465032,0.075041874737989,0.126667189554644,0.421175162520923
2711,0.0353684824924674,0.0711907221736352,0.165615509358759,0.0461394117433538,0.275052206445865,0.40663366778592
2712,0.129224259655735,0.0898196088856901,0.0948388083430939,0.191632707329134,0.333509872519336,0.160974743267012
2713,0.150745028334926,0.239326984518981,0.253672377079706,0.0572951536273047,0.109743838770519,0.189216617668564
2714,0.00558280243462208,0.0635121345655944,0.131166604691838,0.0209352343432996,0.161745200073688,0.617058023890958
2715,0.037623981594939,0.114999176091085,0.40348643418545,0.0419388262949908,0.208961839113659,0.192989742719876
2716,0.0310599028961811,0.0657061389392291,0.0917491886657218,0.0706097695410881,0.398210933268753,0.342664066689027
2717,0.0127207223505128,0.0421811699155469,0.0385041416192329,0.0368384984625777,0.277672699368675,0.592082768283455
2718,0.0209722058418725,0.0578580083654502,0.276921862084391,0.0690770935965465,0.169221037856992,0.405949792254748
2719,0.0378220387019027,0.120533192329305,0.209979351337115,0.0574678775144491,0.320356226622272,0.253841313494955
2720,0.105577476538428,0.101224369810497,0.250476888204438,0.0903117573514354,0.22996578315884,0.222443724936362
2721,0.0186505941040178,0.0563283853339884,0.0955585599045893,0.0475295142137911,0.320527022547015,0.461405923896599
2722,0.293390031085571,0.501762729933068,0.115244161102046,0.0130005944211965,0.0524819566169444,0.0241205268411746
2723,0.052298402180689,0.143418701870845,0.117618680761358,0.0636748214601013,0.201121894603785,0.421867499123221
2724,0.711065236099633,0.0829641047749649,0.0509505005435183,0.0878236999966395,0.0482864766036028,0.018909981981641
2725,0.266648592262918,0.281235115888838,0.0629533621565932,0.20300850247478,0.120300557058834,0.0658538701580368
2726,0.0641830712596421,0.106030775884754,0.0598345586755564,0.168865159420242,0.53016269847143,0.0709237362883755
2727,0.0070363694397585,0.0411401403121305,0.0769778137452399,0.0350316651041638,0.299129136669112,0.540684874729596
2728,0.0226949501596234,0.0442850716754947,0.14374904190137,0.0559870443635864,0.139639234206307,0.593644657693618
2729,0.169845326217661,0.232574543838434,0.0837304826133333,0.111646348267153,0.253087986279092,0.149115312784327
2730,0.0174450463407437,0.032315952562902,0.0799539786595559,0.0625845503550001,0.406714950629385,0.400985521452413
2731,0.176729836729453,0.162531649569074,0.0689580796780807,0.164771079606874,0.317949288726516,0.109060065690003
2732,0.0264496896012455,0.0778127847473782,0.277049807811507,0.0350630146149245,0.118941292565314,0.46468341065963
2733,0.0516058033503145,0.136830700828316,0.143920622800387,0.171668040535413,0.391975365776311,0.103999466709258
2734,0.0309539497982436,0.721207788443036,0.0425012294239171,0.0121911349472534,0.108943382938607,0.0842025144489435
2735,0.0440247488095188,0.461903819447467,0.137286423863886,0.0299420725898228,0.128351144022576,0.198491791266729
2736,0.0355754487283701,0.0834172349728937,0.0533338602511279,0.349263995365444,0.373343879081572,0.105065581600592
2737,0.157933935598373,0.106355138190095,0.276414541633223,0.0901674847848439,0.172125540073269,0.197003359720195
2738,0.0283804569742281,0.109274729926182,0.130155447193425,0.0619645946679727,0.14627549566566,0.523949275572532
2739,0.13431437079478,0.271379625599334,0.247351487051708,0.040015409423042,0.208676883866786,0.0982622232643496
2740,0.252907139176892,0.341444180752606,0.0552123497923716,0.0878463568401876,0.113604406488596,0.148985566949347
2741,0.0641029728511387,0.324568160376182,0.118034182013551,0.0335238754363836,0.307928487470367,0.151842321852378
2742,0.0595160740209305,0.0654655417174221,0.0426306263082307,0.214055110925639,0.460244846709446,0.158087800318333
2743,0.201803211294402,0.21832990623208,0.104031571263378,0.108492216055713,0.220740006571868,0.146603088582558
2744,0.0272922129870997,0.0775948732129264,0.0529758797828654,0.122708985037432,0.618946408261991,0.100481640717686
2745,0.00938282722652039,0.0891982496678842,0.304125342136186,0.0795902992347713,0.29502256002217,0.222680721712468
2746,0.0210265055595154,0.0866632404982206,0.117671348875213,0.0376238766519163,0.287605974929761,0.449409053485374
2747,0.019428821738652,0.0284807143935256,0.0130678986473426,0.0871042244967149,0.66583914264522,0.186079198078545
2748,0.00983626776558022,0.0499865652834659,0.0684282157145815,0.0400476067156017,0.601344881234928,0.230356463285843
2749,0.217322501874389,0.109113741376746,0.0583586690246297,0.299567719735314,0.232514577442948,0.0831227905459742
2750,0.0133569943427592,0.0631549694378154,0.386539532881561,0.0339477664721131,0.122069226530247,0.380931510335504
2751,0.225694600464305,0.176569129814892,0.0571868978587846,0.114658723844922,0.367134162557352,0.0587564854597449
2752,0.0478120426920935,0.170204708431877,0.19236022549855,0.0826073973254128,0.17693953586173,0.330076090190337
2753,0.0602105885223962,0.0689581061595829,0.0194170801295595,0.345379040685855,0.452740462822828,0.0532947216797788
2754,0.0144864478970848,0.252515624873979,0.0916512472041138,0.0214775736352177,0.35473846240312,0.265130643986484
2755,0.00360469306509641,0.00945759365301578,0.0446832622835135,0.0128859955990561,0.199465472701865,0.729902982697453
2756,0.0101890941450289,0.0231037421376277,0.0798242303934798,0.0208473453393976,0.0454490410951767,0.820586546889289
2757,0.0102785503816189,0.147878518820644,0.0264797731849243,0.0379641070091793,0.494652433317295,0.282746617286339
2758,0.0921434332662368,0.264699045301387,0.195604136078466,0.0322691895483543,0.250267645039549,0.165016550766006
2759,0.0217964390428025,0.204944518062379,0.0899332237579284,0.0172808954635095,0.245307388598357,0.420737535075024
2760,0.40577272558638,0.0730830695932835,0.0265394861946204,0.441145165313181,0.0436299173549763,0.00982963595755875
2761,0.180051933567664,0.141926574634615,0.08400862428527,0.244869980407875,0.239904922109978,0.109237964994598
2762,0.010336566292242,0.144278063937502,0.126604191224061,0.0228430795186967,0.357852869943487,0.338085229084012
2763,0.055017705914021,0.178144839247069,0.308527180109337,0.0589377892087723,0.196799765657927,0.202572719862873
2764,0.0143567382545586,0.0292213911186296,0.163157512892072,0.0213264851989567,0.108454154287918,0.663483718247866
2765,0.0247370334123055,0.162383781524399,0.223249256001968,0.0330074898387017,0.174206892102117,0.382415547120509
2766,0.0343106579108631,0.127225083454915,0.101966139398795,0.0576649760091029,0.343330463105552,0.335502680120772
2767,0.0272609667203383,0.0619618498903778,0.0897377107076607,0.305852793731745,0.245561482312481,0.269625196637397
2768,0.0532242422548575,0.271894199443911,0.378103951605546,0.0241219337316011,0.100277503827753,0.172378169136332
2769,0.0494928768618286,0.329859521338187,0.0990995673310146,0.0772659924181441,0.282994676126515,0.16128736592431
2770,0.00418978282722536,0.0421966085435661,0.183329509242348,0.0227679389252829,0.141937354949197,0.605578805512381
2771,0.0305443800122737,0.141412085152942,0.493243192801545,0.0369874516781281,0.123661294394329,0.174151595960781
2772,0.0634480069954421,0.0757885262810196,0.0960583553002685,0.18367514950185,0.412759565474296,0.168270396447124
2773,0.0679209845943034,0.320184661427693,0.130702182494521,0.0377548974627048,0.284685513450471,0.158751760570307
2774,0.112162655293782,0.414272097659258,0.0895711750546087,0.0458598144424404,0.219022127647567,0.119112129902344
2775,0.00350736243682182,0.017537742908041,0.102227302583746,0.00996772625606198,0.090815757432845,0.775944108382484
2776,0.0118227340837419,0.0313235628351225,0.0540304979781834,0.0460471692247598,0.246474707657161,0.610301328221031
2777,0.00238671259256803,0.014575174714993,0.078846212663488,0.0131207048985001,0.0576795293233054,0.833391665807145
2778,0.0778574311030312,0.140941532310692,0.137572576959457,0.0896108781624667,0.180814403557369,0.373203177906984
2779,0.037918566760518,0.0654802597866357,0.334232733262863,0.11662609284629,0.157822798441027,0.287919548902665
2780,0.0510675275433478,0.229106524197967,0.308073599233794,0.0495174254418331,0.12681941642571,0.235415507157347
2781,0.0150332671650961,0.0318471004567502,0.048459064844689,0.098316777864506,0.543312973952513,0.263030815716446
2782,0.00914838423318584,0.0374187320078999,0.196771829548559,0.0240069581891379,0.103377259082154,0.629276836939063
2783,0.31232088484605,0.403797277277037,0.109217520010171,0.0492949465708604,0.0883384347997311,0.0370309364961509
2784,0.0610893485217462,0.298450435543867,0.0527644063560679,0.121114749414819,0.381429679009667,0.0851513811538323
2785,0.00330212220128353,0.0166474298037833,0.049265605183376,0.0332621212657282,0.2280488597514,0.669473861794429
2786,0.0172630173272737,0.0767948244973043,0.0634670433156268,0.0688217649634973,0.396721312480202,0.376932037416096
2787,0.00747692161495647,0.0375329829036568,0.0929558734706096,0.0234008509283601,0.230428151703748,0.608205219378669
2788,0.017385251058428,0.0624182724592787,0.116863278854013,0.0357796256448169,0.145640299431954,0.621913272551509
2789,0.0600947851098279,0.0721050292739416,0.3081636455353,0.0752873646117014,0.199921015884912,0.284428159584317
2790,0.0662972559864518,0.146060904090115,0.0518262463795031,0.0957598818747494,0.405462245518859,0.234593466150322
2791,0.215921582954539,0.0605772166966116,0.0310180074244926,0.51494865448001,0.125412846537493,0.0521216919068545
2792,0.604531581777041,0.230619218760338,0.0230796935467227,0.0476847356666401,0.0721424638267076,0.0219423064225509
2793,0.0096765754031216,0.0704284285876483,0.0488647611940203,0.0273775871083614,0.44464222181387,0.399010425892979
2794,0.492876261201316,0.240555019934723,0.0512835058345892,0.0852952825934646,0.100787347735874,0.029202582700033
2795,0.392211526513568,0.110432228713066,0.0424491169960249,0.329409776420365,0.102237142383993,0.0232602089729825
2796,0.00553950241951785,0.0289975467227501,0.120201260770399,0.0240747076806215,0.099657081279627,0.721529901127084
2797,0.0368997088405635,0.0519061403595435,0.075284337084793,0.11044130633675,0.179575609321348,0.545892898057003
2798,0.00887457500421783,0.154146563116622,0.206977236591161,0.0143286602301777,0.238447947603697,0.377225017454125
2799,0.110657527698203,0.180499417431769,0.330480334074323,0.032276184967186,0.143443468874674,0.202643066953845
2800,0.007938730411514,0.0277949038002322,0.0418485839270039,0.0427875385613966,0.220005888432568,0.659624354867285
2801,0.0150364739207248,0.0430866178918352,0.0288774762535394,0.0370805943328799,0.478351707220583,0.397567130380438
2802,0.0274077642370479,0.0905389608312417,0.0614423063732249,0.100851458392757,0.332459000455993,0.387300509709736
2803,0.0791605287201145,0.546431534931202,0.0856355676547055,0.0234027239017911,0.162673836951422,0.102695807840766
2804,0.0180636996447366,0.0798272172718199,0.130215255730002,0.0543413015022291,0.388698572927853,0.32885395292336
2805,0.259320773587771,0.169862913384737,0.275626766035479,0.0794818418477123,0.138421560781873,0.0772861443624276
2806,0.129459596883424,0.085048724579431,0.0637481789466839,0.242730033191444,0.260952060914379,0.218061405484639
2807,0.0728444550171358,0.179674933743551,0.179273463894759,0.0764039569046924,0.189564857783852,0.302238332656009
2808,0.0105762751074861,0.0434436412004926,0.0570999553268344,0.0296681198624912,0.283617083128898,0.575594925373798
2809,0.0362080129866926,0.0859810150770318,0.297368668070632,0.0585442917022261,0.108169657949325,0.413728354214092
2810,0.00968136953739136,0.0401146615515849,0.0682185616522681,0.0815480246442577,0.461362243747675,0.339075138866823
2811,0.0131865768193333,0.14530876102624,0.235294046806476,0.0483658770330338,0.245371997311283,0.312472741003634
2812,0.405237997392064,0.295278607358019,0.118579204636708,0.0727398424486318,0.0678413968856733,0.0403229512789033
2813,0.0710693487406486,0.118942606585308,0.156638033488013,0.115706542929754,0.29888556772182,0.238757900534456
2814,0.0225238481467384,0.232121012460393,0.20119257198276,0.0447127701387696,0.208813361358171,0.290636435913167
2815,0.0527873118064672,0.100342710399292,0.155611883129363,0.0785033593406523,0.167173212827559,0.445581522496666
2816,0.183222636907181,0.180706280778939,0.329834780964792,0.078398114740591,0.15271371764365,0.0751244689648473
2817,0.0826331120124271,0.322082167127036,0.111797278862937,0.0564315898946925,0.273432866180051,0.153622985922856
2818,0.281504489518164,0.276875018620524,0.187182314971076,0.0507131684607032,0.117201919348792,0.0865230890807416
2819,0.494602413669442,0.334872358176615,0.047170619178639,0.0431298028623192,0.0598663908647964,0.0203584152481891
2820,0.330600181189634,0.20212251087876,0.337949993139881,0.0339723562402106,0.0586549374433573,0.0367000211081573
2821,0.00403548279557687,0.031011520061367,0.0220184722069135,0.0107288186538423,0.435506660647803,0.496699045634497
2822,0.190288639748964,0.192908956114138,0.176096317778447,0.0592743726716476,0.258077415770037,0.123354297916767
2823,0.0632060102894092,0.102787536277521,0.119586082939303,0.0931573898857604,0.22645428805429,0.394808692553716
2824,0.0391192929727509,0.145056417689654,0.198910207603478,0.0446498019797194,0.248651352851297,0.3236129269031
2825,0.00525747741092438,0.0408699471309443,0.211935340921004,0.0150109337340344,0.033859561450124,0.693066739352969
2826,0.0261610761599412,0.182731092182476,0.052051281542946,0.0363948639623348,0.461690970512488,0.240970715639815
2827,0.106176890323443,0.399256931785291,0.122017262931283,0.0365869749145937,0.171048623658444,0.164913316386944
2828,0.0254356356302997,0.151764702056876,0.164865933310214,0.0522561655249871,0.376680749000312,0.228996814477311
2829,0.0247190991790686,0.0355710302183745,0.0350196066799442,0.14607902681242,0.613345492702308,0.145265744407885
2830,0.00445888865447978,0.0278660611413657,0.111526077915857,0.0253572744808216,0.155647546213009,0.675144151594467
2831,0.348353844288265,0.440371301178772,0.0817329928562366,0.0387843071127781,0.0556947792433436,0.0350627753206044
2832,0.0280187115694436,0.263938388563206,0.22436518566733,0.0249359724267194,0.226925326586588,0.231816415186713
2833,0.150114990759575,0.122456894678381,0.0848156715150153,0.183067643448929,0.273016610070838,0.186528189527261
2834,0.0212650175690876,0.0752128621894705,0.0874712421815132,0.0327898146234199,0.254748821621408,0.528512241815101
2835,0.251213163033537,0.222609623803207,0.0348135839237043,0.190428666583302,0.221671045526482,0.079263917129768
2836,0.0122850948431931,0.0273194792657921,0.0430867094174808,0.0459128174609522,0.233213153697178,0.638182745315404
2837,0.0507737072810775,0.227749732688678,0.345133469594891,0.0533623803437382,0.160904758787828,0.162075951303787
2838,0.146385863862527,0.217032514117381,0.249182049855842,0.0743520675955106,0.119937244474827,0.193110260093913
2839,0.15311300364716,0.172460729427159,0.131909181291985,0.0938121813498215,0.260749858801987,0.187955045481888
2840,0.140541992182291,0.0905213512376096,0.157866931615855,0.17423520687563,0.210945513959637,0.225889004128978
2841,0.466906321923243,0.104918531388436,0.0539512923093796,0.164953931268211,0.150900339864581,0.0583695832461491
2842,0.00732173909460937,0.0297377132613728,0.0247261173131615,0.0386376769257512,0.540004674884661,0.359572078520444
2843,0.138146124868796,0.124435471659001,0.152039158818503,0.0747287026973701,0.299252456911533,0.211398085044797
2844,0.0252666535768432,0.0943326617939164,0.614545667736851,0.0230366136878844,0.0682949697630768,0.174523433441428
2845,0.203190287897883,0.357044803463687,0.16443459491832,0.157465635256038,0.0926974199433011,0.0251672585207716
2846,0.0132779999799602,0.0452389159097034,0.0469387856489092,0.0490889389140731,0.388672296839573,0.456783062707781
