"CUS_ID","F20-","F30","F30+","M20-","M30","M30+"
2501,0.0596067826306599,0.410045314009585,0.14941874002121,0.0268563122149546,0.185645197433543,0.168427653690047
2502,0.048819765963886,0.14590251869254,0.105873072697656,0.0962356422023012,0.44923519553194,0.153933804911676
2503,0.033329441497591,0.467844851797422,0.0539114172135463,0.0380319461337523,0.33386076421059,0.0730215791470991
2504,0.366624262052641,0.165318852107586,0.114987443885767,0.143919093207809,0.0881852666745818,0.120965082071616
2505,0.0359857648454119,0.131613139133496,0.142676094001388,0.0494418512814625,0.132006789936417,0.508276360801825
2506,0.00957380223596711,0.373944314747335,0.112036546868718,0.027086743627788,0.255465656791243,0.221892935728948
2507,0.00855567169836434,0.0322259019972216,0.124404119197087,0.0162514204916089,0.140234080639182,0.678328805976537
2508,0.00643622951179815,0.0409134662385853,0.0254608050605294,0.0222565470270793,0.52975639692959,0.375176555232418
2509,0.0162690423110544,0.0319769716517237,0.118548331613682,0.0295398654468371,0.103308127705987,0.700357661270716
2510,0.00796343495354526,0.0527470466404123,0.0349537759870071,0.0179080341189858,0.36340663705714,0.52302107124291
2511,0.656509403688475,0.0822396101198951,0.0525070881141785,0.148065671131206,0.0456105161270142,0.0150677108192316
2512,0.0430229391334562,0.179002416880187,0.0541253797102982,0.10852875553745,0.511621719339589,0.10369878939902
2513,0.00778091586841058,0.025223926097394,0.0539395140421624,0.0323562527278117,0.402517191185108,0.478182200079114
2514,0.0734167012391701,0.63854940063325,0.0399017101547747,0.0216595384014937,0.189208226788837,0.037264422782475
2515,0.0117835941772615,0.0438235930686007,0.0545851858429454,0.0287968288562385,0.230169278464009,0.630841519590945
2516,0.0655793143831864,0.10822158690131,0.056872609454223,0.194398533947637,0.347188989811224,0.227738965502419
2517,0.0268915318198057,0.424356473112171,0.0915915771990456,0.0232717730660316,0.224574580351852,0.209314064451094
2518,0.434731499900427,0.208087708078181,0.152489904102508,0.064668311886687,0.0703721371747413,0.0696504388574551
2519,0.0347667951498101,0.874640289295035,0.0160490063450198,0.00673558192714672,0.0463523329717291,0.0214559943112591
2520,0.0259846516404311,0.0439808319244422,0.0234693470360056,0.134845683448903,0.564727123194183,0.206992362756036
2521,0.0510561526244853,0.103987495872663,0.354374099572778,0.0651614493208435,0.146591723967509,0.278829078641721
2522,0.320570033221569,0.169870810623859,0.152426084935033,0.0920582834744499,0.151347478691122,0.113727309053967
2523,0.0445156429184923,0.513816734167397,0.0463216700666662,0.0218906441359745,0.242454360500041,0.131000948211429
2524,0.0508922891257404,0.189460984833303,0.197226579716187,0.0687722593766498,0.177767474502248,0.315880412445871
2525,0.110644378623749,0.0788367577079626,0.0972904787434158,0.259023259465674,0.355088302231258,0.0991168232279406
2526,0.110597029510968,0.187497750205338,0.0755271022216967,0.1184529277611,0.401002346754157,0.10692284354674
2527,0.510013181754094,0.151030146842168,0.108788224294174,0.0403444836074242,0.107132083314495,0.0826918801876453
2528,0.00478448592270425,0.015133703001861,0.0390285471560812,0.0318328776838373,0.187549143056373,0.721671243179143
2529,0.0811329204467231,0.122453597903298,0.277668496917971,0.0798682544654765,0.144667809593244,0.294208920673288
2530,0.00662541903029025,0.0262306219649764,0.19903250172461,0.0258850523960164,0.107387634997755,0.634838769886352
2531,0.025082733883885,0.183773758896218,0.0906994420348719,0.0818679904457555,0.369329686942359,0.24924638779691
2532,0.0417012317361263,0.207182537366039,0.0891432162078754,0.0364709129092047,0.24388004000167,0.381622061779084
2533,0.00127115841957382,0.00918764498380668,0.0368884586470531,0.00447746134823363,0.0337638970587483,0.914411379542585
2534,0.225219874550684,0.0816657204002063,0.105763871509997,0.364199915545293,0.0841440269253462,0.139006591068474
2535,0.024833794791031,0.0902451650988733,0.18900837818924,0.0321673050838654,0.209089066260855,0.454656290576135
2536,0.146481133576923,0.290341040627992,0.116743184071393,0.0784089111658078,0.196571942496367,0.171453788061516
2537,0.0593197337315737,0.722599453529688,0.0792668659897358,0.0104809471951123,0.0912720372997547,0.0370609622541354
2538,0.24998171876191,0.137601039924804,0.0817126756854701,0.102992577623404,0.234185047470386,0.193526940534025
2539,0.213975780835724,0.230224713346156,0.214967669771699,0.0505037947625092,0.182215166831519,0.108112874452392
2540,0.283696489552556,0.0970853953590464,0.0606546423525161,0.24029545173884,0.264946411584604,0.0533216094124363
2541,0.117574740240844,0.045348968782168,0.0312611045455378,0.541898299400784,0.226393472192775,0.0375234148378919
2542,0.0744525919698885,0.487468431529593,0.0466296414380535,0.0359220516919725,0.315642779119668,0.0398845042508243
2543,0.00702300524350187,0.0209941258876669,0.0615091210333036,0.00577569374096439,0.149261662303869,0.755436391790694
2544,0.0609827612791649,0.140618022812373,0.133666726355946,0.270878670227498,0.147435040918487,0.246418778406531
2545,0.0321074657479766,0.23626590475457,0.0880732654620078,0.0156012516435447,0.481010389486897,0.146941722905005
2546,0.034012074767385,0.0441325205322683,0.0215438751432116,0.235873156808819,0.577715953413737,0.0867224193345796
2547,0.0637147780611974,0.113609181212845,0.411512124107079,0.0446016705674194,0.119130702208642,0.247431543842816
2548,0.043039320111009,0.0717780126384646,0.0972750170261311,0.346181198776884,0.338590774530203,0.103135676917309
2549,0.00495914368598891,0.0410367053709347,0.0322215364896473,0.0400279263306181,0.357404728608202,0.524349959514609
2550,0.0198253139464395,0.0200679854039143,0.0220608889200788,0.176924610278848,0.572853150983672,0.188268050467047
2551,0.240461911719858,0.227982758499634,0.0665645878506798,0.208620524655996,0.140171161657718,0.116199055616114
2552,0.104437769175058,0.330918494707927,0.217854360021131,0.0342531822156954,0.154610780216484,0.157925413663705
2553,0.372388212213612,0.253383667897298,0.0561738765884552,0.154134558672767,0.133509628824823,0.0304100558030455
2554,0.105604975715239,0.258596322013566,0.113596175426346,0.107354643918,0.340230456069153,0.0746174268576966
2555,0.0117754350683462,0.118255535971504,0.0862682288235572,0.0364090387277727,0.587673215816495,0.159618545592324
2556,0.0973028623967635,0.330583614976569,0.287168932007961,0.0439127712173386,0.11155731451014,0.129474504891228
2557,0.334755136510135,0.206678263980359,0.318814416879319,0.0589436591179004,0.0595003784287627,0.0213081450835227
2558,0.0211247562218259,0.0604302857529037,0.780021883278443,0.0218630595082131,0.0504521642588941,0.0661078509797197
2559,0.0708885940418213,0.448655372112401,0.163068041820444,0.0224198225544942,0.108360023748766,0.186608145722073
2560,0.0108934972566151,0.140237561623138,0.0919155771860767,0.0264167277625854,0.218879104371845,0.511657531799739
2561,0.0138955856754265,0.0578126383718189,0.219257079679357,0.0137944965767687,0.184777065090199,0.51046313460643
2562,0.221574789329927,0.384288465328276,0.0367004582865511,0.0586977633165367,0.268774967740682,0.0299635559980277
2563,0.322258889650349,0.154287378714606,0.181838607333091,0.163301564587149,0.127078231217832,0.0512353284969726
2564,0.166153338478317,0.0961557539704208,0.0741113352772366,0.335880042698662,0.171154956186406,0.156544573388957
2565,0.0184193170372997,0.0749116947453069,0.150268417217731,0.0467143066703797,0.243950745504709,0.465735518824574
2566,0.013150302924406,0.0457670227704048,0.110821072605244,0.0490612721665167,0.187357593819102,0.593842735714326
2567,0.026478444120693,0.121523251336226,0.128656241441151,0.0550719247738999,0.18508225568452,0.48318788264351
2568,0.00535207994053233,0.0540602321963206,0.0787964558649742,0.0220455995342647,0.365659595688894,0.474086036775015
2569,0.0387579744678917,0.110436249071024,0.190317675788237,0.0232646831452879,0.182372787050354,0.454850630477206
2570,0.0371450546216535,0.631251355988256,0.043386446112696,0.0123804050742207,0.143570614151694,0.13226612405148
2571,0.0727628854765798,0.072625605704486,0.0277988017880832,0.290731176613657,0.307024750574191,0.229056779843002
2572,0.0855064543862017,0.0893110677320293,0.286584434900451,0.108282235391667,0.104459359596231,0.32585644799342
2573,0.0638316222341704,0.293086879703195,0.0935428960914853,0.0262379600328718,0.223328249627483,0.299972392310794
2574,0.0287832177217583,0.0497229236768233,0.0344362295694357,0.237445690268393,0.549029728899947,0.100582209863643
2575,0.0247389572351756,0.0321814157473169,0.0165488369929166,0.161643553415193,0.623811081650194,0.141076154959204
2576,0.252105335062785,0.337165801171928,0.222383866691909,0.0819041620444328,0.0475146407856784,0.0589261942432658
2577,0.0432078816979634,0.253814045459052,0.393119789883518,0.0243973491021467,0.122522018267928,0.162938915589391
2578,0.00229387775607091,0.0126843267732082,0.0450009665413557,0.0100401503898156,0.0956704803035228,0.834310198236027
2579,0.284149707642943,0.190282832500636,0.231030735146377,0.0791312296805128,0.140102340183289,0.0753031548462427
2580,0.0597957471250583,0.337362437692978,0.143118175841289,0.020551952737493,0.227557519655417,0.211614166947765
2581,0.0037963278697537,0.0269138650845697,0.0657719537252722,0.0438964963699169,0.464068134343586,0.395553222606902
2582,0.195517094458072,0.451085638770599,0.0745930296451013,0.046497134134855,0.156317252658653,0.0759898503327195
2583,0.10476386781407,0.563649645396653,0.177101605884188,0.0213597706741001,0.0817480781247911,0.0513770321061981
2584,0.163643603628778,0.670621915914282,0.0475840842461829,0.0157930963219242,0.0730569182659511,0.0293003816228824
2585,0.0138963498774253,0.0722619335103876,0.0484379068167454,0.0720625866370626,0.48627684020883,0.307064382949549
2586,0.0411098634906603,0.278922312183719,0.125480734180455,0.0376485709499851,0.197063290737868,0.319775228457312
2587,0.193157429655696,0.0648725396740022,0.0515624054310581,0.358562836053787,0.232330748192737,0.0995140409927194
2588,0.0376472007542328,0.0298328006899999,0.0181672767507725,0.314618513495605,0.512846946212839,0.0868872620965503
2589,0.0605029051366055,0.0851510546659378,0.0438152734614305,0.186449590889703,0.533701331892208,0.0903798439541152
2590,0.0111662693399717,0.0584119533328294,0.110380630617627,0.0805241464113449,0.220465382751978,0.519051617546248
2591,0.0672543639779952,0.0819058034798467,0.416840200707251,0.0390935010057924,0.0738851740859084,0.321020956743206
2592,0.0158986359498307,0.0347644011180059,0.0125532189966173,0.18569934087604,0.607017120167206,0.1440672828923
2593,0.154202720405324,0.206011636313417,0.0830168606099578,0.10746632328492,0.317390748750128,0.131911710636253
2594,0.0399976272350674,0.0770818923007266,0.0629284942481236,0.0323581037632506,0.32369949703321,0.463934385419622
2595,0.109376743185834,0.0833694946059311,0.187207625410848,0.305765396772667,0.121775130693353,0.192505609331367
2596,0.644177335506202,0.0856933930433593,0.0156654881256476,0.209488374624941,0.0347270101177245,0.0102483985821254
2597,0.0061959453195768,0.0280827212591738,0.128914175894256,0.0161172732543549,0.14038192034923,0.680307963923409
2598,0.0139089127634238,0.101410658046247,0.0848864260726307,0.0157725355183376,0.207040797673271,0.57698066992609
2599,0.285109722888683,0.314060373728087,0.0600198006286115,0.0774433133272653,0.194718150344807,0.0686486390825456
2600,0.00767529366866101,0.0498241883161061,0.0695513302218806,0.0441747947745945,0.7195621086633,0.109212284355458
2601,0.0295072265822307,0.0623706671991602,0.188893984816269,0.0206384987682556,0.12215763791491,0.576431984719175
2602,0.0153135624420472,0.127514263287114,0.142916467976945,0.0371477858256925,0.242183569677257,0.434924350790944
2603,0.0382362453596951,0.618448233546243,0.0301051709607929,0.0219290854558956,0.226102788256682,0.0651784764206919
2604,0.0451494288510548,0.093609200087074,0.355389702119933,0.184518716326962,0.135085019953291,0.186247932661685
2605,0.00627033976326233,0.0892865831302,0.217088687407354,0.0298474579389534,0.21748335747014,0.440023574290091
2606,0.026528232719418,0.0854670574198621,0.160382445677745,0.0289245574832227,0.193383259621226,0.505314447078526
2607,0.010139930488229,0.0224790239234116,0.0550293819247942,0.0336540857707211,0.219149460128484,0.659548117764361
2608,0.127284298987135,0.217604686917048,0.0685410637158966,0.198815845981157,0.193879968222792,0.193874136175971
2609,0.0168403692838981,0.050716593641079,0.0404133101347785,0.112278523589511,0.493124087534948,0.286627115815785
2610,0.0706164375633845,0.171261430021805,0.060198230103922,0.180681021691272,0.393295488287443,0.123947392332174
2611,0.021041867755786,0.159608912447016,0.302514943981145,0.073441652125694,0.0771537616214726,0.366238862068886
2612,0.0335157093548659,0.216186848786629,0.14599832172228,0.0486936285014823,0.273469230181673,0.28213626145307
2613,0.526234002496912,0.281510006088603,0.0379668599875087,0.0674023409653825,0.0728269988169153,0.0140597916446791
2614,0.118594618761129,0.0903031278185699,0.0631209852934411,0.118376729302763,0.33411421416118,0.275490324662917
2615,0.517217677573154,0.172167520706674,0.13440322450755,0.0563405929507004,0.0746547645446672,0.0452162197172546
2616,0.0171594225748805,0.0561928085910879,0.0719796087471106,0.0444858823355227,0.385664965183695,0.424517312567704
2617,0.234189124286655,0.381291939351934,0.166863854323192,0.0499379702847438,0.118382682200098,0.0493344295533775
2618,0.0872184182779592,0.119377292355134,0.0754126901818241,0.0862458758384134,0.428029242506607,0.203716480840062
2619,0.0223479480118058,0.0314325235897741,0.0158838575404908,0.112936475637105,0.634699530005118,0.182699665215706
2620,0.0173971470384943,0.0822866123299505,0.168510101033508,0.0342941787754448,0.439159218722277,0.258352742100325
2621,0.026459554763481,0.0795593303769528,0.026855792683743,0.106069979575587,0.673771412454434,0.087283930145802
2622,0.0020315456623782,0.00709035052563086,0.0191944261742928,0.00974920811557562,0.119758968810005,0.842175500712117
2623,0.310833354436945,0.257743444518757,0.0424419409475068,0.0925353623895512,0.251043987857829,0.0454019098494107
2624,0.0197364528939666,0.0482763321489048,0.102700441709677,0.0348789731773002,0.199734266114067,0.594673533956084
2625,0.10755181609273,0.260506862597631,0.45997611642566,0.0285602698961838,0.0758387191165846,0.0675662158712113
2626,0.00588990535884698,0.0294780482936158,0.0634649188479169,0.0209179724291649,0.208979963854798,0.671269191215657
2627,0.084716009337003,0.195546039753566,0.404809356512468,0.0386249703588383,0.116182251775925,0.1601213722622
2628,0.128593550927554,0.223791470631027,0.0608981298374898,0.212878860500912,0.289849402918388,0.0839885851846289
2629,0.0223968243902293,0.150140737477808,0.0951916278655061,0.0275225077072957,0.417216671633071,0.28753163092609
2630,0.137009214718986,0.0881469482639819,0.11753039002936,0.0842352874094999,0.237269355802685,0.335808803775487
2631,0.0203857397777235,0.189953692123895,0.227502868420611,0.0347238235515122,0.240031839966674,0.287402036159585
2632,0.00482199148626253,0.0269383598308506,0.041456024935129,0.0183522293141119,0.160129838144846,0.7483015562888
2633,0.122044605473661,0.371717720431444,0.0841540998068858,0.0659776032728898,0.266847810744319,0.0892581602707997
2634,0.0401899001216251,0.108172209740608,0.257276599745932,0.0657679286762782,0.1423400299144,0.386253331801156
2635,0.0315667691695307,0.0843200743356711,0.0688722078802004,0.0429107947428995,0.588537079254847,0.183793074616851
2636,0.0409731607325429,0.0833041773495375,0.207958145918466,0.13035844911959,0.227437954318681,0.309968112561182
2637,0.027232090756936,0.0759208804008061,0.0224839073692798,0.0510327304884353,0.66392436275554,0.159406028229002
2638,0.0611741186388081,0.0409637874869522,0.140433331732906,0.224653256822179,0.193132953092479,0.339642552226675
2639,0.0908205434710259,0.0842688733790155,0.0485976152717427,0.423189827637855,0.250144317655093,0.102978822585268
2640,0.0126338257597983,0.0245461274853942,0.0418932565773511,0.0222139463765372,0.107793107823538,0.790919735977381
2641,0.230484580767312,0.164799803053445,0.189576773042551,0.0845226863493483,0.203818610249573,0.12679754653777
2642,0.0109544822174156,0.0786634130541174,0.0622311649970172,0.0189408569608913,0.218193041462847,0.611017041307712
2643,0.346307884137809,0.428683619928666,0.0195186868117357,0.0983412191371578,0.0811111435031933,0.0260374464814386
2644,0.00546334384311769,0.175898954046514,0.05043868843078,0.0157293266539018,0.29279683567003,0.459672851355656
2645,0.0263268770881827,0.0638768896752652,0.0334878909837877,0.0571255467643328,0.358290446725399,0.460892348763033
2646,0.00433142546792045,0.0195859662726561,0.152684535527399,0.0199641584114454,0.0611089269065545,0.742324987414025
2647,0.0488332182535643,0.0841141244004712,0.150594534781296,0.0967702285850703,0.276391184095142,0.343296709884456
2648,0.178012271065374,0.194117750522405,0.518367510094548,0.0321058820870529,0.0348847350976155,0.0425118511330059
2649,0.0356980738836471,0.0501995188061585,0.0824025628611696,0.0674889147889181,0.309846484536345,0.454364445123762
2650,0.0514911193803726,0.0456840177458295,0.151986231669964,0.0549564304144948,0.151477443337708,0.544404757451631
2651,0.0118905830849041,0.0616132748925616,0.0437478226177996,0.0558366475046543,0.52662724478213,0.300284427117951
2652,0.0157886459539852,0.142615302652148,0.0483322360201043,0.0315033916351975,0.500111614780645,0.26164880895792
2653,0.430843521573551,0.175279635758039,0.0777757138369587,0.0612641723774324,0.166033050095907,0.0888039063581115
2654,0.00430889666450218,0.0343841635078058,0.0459617006394458,0.0252057620099623,0.165367399278907,0.724772077899377
2655,0.480479966992055,0.164437228418362,0.0390213106594275,0.146912239516346,0.142489515618707,0.0266597387951033
2656,0.0149729025664847,0.0758556638469782,0.0434776422637876,0.0256059396938248,0.546082620855657,0.294005230773268
2657,0.0092435140960453,0.0350752286844398,0.148948922208892,0.0235590282609063,0.145521208641584,0.637652098108132
2658,0.140087386086421,0.128810505989117,0.107664749643944,0.347967416061461,0.147128081809839,0.128341860409218
2659,0.243303459127541,0.0952915035914462,0.0683153392871754,0.508732307457295,0.0455032760250565,0.0388541145114864
2660,0.0083469677120862,0.0258011085056421,0.0482605650801283,0.0282540053028027,0.252773818272233,0.636563535127107
2661,0.00729707619031293,0.0304894142391913,0.132949379806305,0.022597168598287,0.105232614163133,0.701434347002771
2662,0.00556921244711335,0.0593971559326217,0.0927463841777357,0.0150659587941021,0.170445097638181,0.656776191010246
2663,0.00526157933782621,0.0314359153352067,0.0482421384777699,0.0343944399653168,0.306069663527433,0.574596263356447
2664,0.0332845977983352,0.103887910590562,0.0313178893650811,0.0720925465154652,0.622123202333877,0.13729385339668
2665,0.204512586824771,0.238463084208267,0.189651092810834,0.0792081553865764,0.186800197434226,0.101364883335325
2666,0.00295047722266111,0.0085084375150678,0.0737624768530226,0.00591556485036461,0.0190658509771841,0.8897971925817
2667,0.0347339321857983,0.156637696923474,0.415958910569693,0.0465948350678565,0.204843900217302,0.141230725035876
2668,0.00780146544136718,0.0494595727696364,0.307472184082079,0.0135742583920955,0.0810064556503703,0.540686063664452
2669,0.0434476071251692,0.278689540698725,0.176315822703137,0.0272333455514661,0.170327383173992,0.303986300747511
2670,0.00826926513151643,0.0431888112906679,0.159232306951522,0.0253479372841597,0.172968683422918,0.590992995919216
2671,0.0335132083169829,0.0672330695172894,0.0493755414581525,0.0959091550273881,0.285911776555113,0.468057249125074
2672,0.0074600382426764,0.0437697906426565,0.124478337320411,0.0139983234889841,0.132426278675723,0.677867231629549
2673,0.239573680570984,0.294226387836617,0.0656890742311811,0.122310193681982,0.222017179672219,0.0561834840070167
2674,0.0155358052184303,0.0526409830992358,0.0768726303499032,0.178961602899975,0.39825574360926,0.277733234823196
2675,0.526805083538122,0.175300649663027,0.0162597835256905,0.223359829608745,0.0397185079087819,0.0185561457556335
2676,0.0260442907328071,0.062304541299036,0.0888141740288233,0.149796017588351,0.438156621425324,0.234884354925659
2677,0.0924494883010063,0.110040860382715,0.294037998095654,0.145776477320819,0.244955592326983,0.112739583572822
2678,0.0339145382762609,0.101583405219524,0.176819866827968,0.0536562438184655,0.412933524659127,0.221092421198654
2679,0.00492973529230044,0.0109973714776138,0.0264735095901236,0.0284616035948656,0.37354714670535,0.555590633339747
2680,0.0854821781709379,0.0751668848639553,0.316851980136065,0.282478221951345,0.0858494833711382,0.154171251506558
2681,0.0303834973090452,0.209359973671736,0.0908128312866423,0.0273240909625105,0.368678179202804,0.273441427567262
2682,0.00946589005299492,0.024808171676394,0.11732971892301,0.108272983540532,0.16044015671188,0.579683079095189
2683,0.574667924849096,0.145656579414203,0.0416888668444813,0.138254610100464,0.0816584872955522,0.0180735314962037
2684,0.0128254398869749,0.0374042112761764,0.0387693548418673,0.04380407668082,0.456175288407917,0.411021628906244
2685,0.0882509522801423,0.0658979032147369,0.241860362584689,0.0288660856497556,0.0702647777001357,0.504859918570541
2686,0.00826430771638213,0.0991617273649186,0.119141702515087,0.0171428921910325,0.178056151332303,0.578233218880276
2687,0.366890149525296,0.184402210713474,0.0888175128803669,0.16534087922347,0.15754345179405,0.0370057958633438
2688,0.0215113048551035,0.183109932960926,0.0679752912386536,0.117238144138943,0.395849319914747,0.214316006891628
2689,0.093135741159262,0.62848456701321,0.059234172093414,0.0412981083079004,0.145344404518531,0.0325030069076822
2690,0.0143117618382321,0.0332104568838612,0.0554801849099523,0.231076048403799,0.425342471698774,0.240579076265381
2691,0.0414916364458597,0.180176624661602,0.0871152922671504,0.0287887285501725,0.398259710764961,0.264168007310254
2692,0.063104677624009,0.0850397475191568,0.233097343322123,0.0697781867408749,0.165634743011916,0.383345301781921
2693,0.0193203671696778,0.0543704514194178,0.100623461151159,0.0376665569435889,0.107143003996701,0.680876159319456
2694,0.00592430059369586,0.0215632637972797,0.0314753832586204,0.0329856083559993,0.248861540076493,0.659189903917912
2695,0.614777657665157,0.148936620416033,0.0469402993762971,0.0935651964153166,0.068857592375349,0.0269226337518475
2696,0.018436783100564,0.124717420086267,0.286670983139694,0.024691356009827,0.0816428735196598,0.463840584143988
2697,0.0520086551232583,0.247958789997846,0.271377600415773,0.040427335337977,0.142274143430533,0.245953475694613
2698,0.00762737069078667,0.0345387200059558,0.175223465003008,0.0212462366334245,0.387954104844432,0.373410102822394
2699,0.0105283690373622,0.186963115830806,0.510009758470852,0.00692444118463608,0.0463445976099601,0.239229717866383
2700,0.00235107937169114,0.0361877890194328,0.0189341318737367,0.00660356845489432,0.386789062950535,0.54913436832971
2701,0.0128939755804186,0.0276960060733491,0.114069703418782,0.0714144684220243,0.218328178212595,0.555597668292831
2702,0.513381624478718,0.127579336784036,0.137636427492548,0.0873124553528754,0.0798149162168305,0.0542752396749922
2703,0.0942726831996037,0.0822832569569092,0.135940067773067,0.112716935233703,0.350364131790009,0.224422925046708
2704,0.0305072572622232,0.159599581414144,0.650235113879603,0.02846649818093,0.0590880277362859,0.072103521526814
2705,0.0118885296722314,0.144441591053285,0.344207331761747,0.018587395514946,0.117843902323559,0.363031249674232
2706,0.0197240636052122,0.0557111151686654,0.217649870390768,0.177487175893549,0.144349156279453,0.385078618662352
2707,0.00975613131293698,0.0209943983482195,0.0161005970349133,0.0625013884079965,0.731921232979681,0.158726251916253
2708,0.331486361615486,0.279564176628446,0.0750000908735855,0.124223882333144,0.157320332676121,0.0324051558732166
2709,0.0365254972765038,0.155123697191992,0.362225324122252,0.0538165214977528,0.0936098820878805,0.298699077823619
2710,0.0562994584978472,0.0737397531743993,0.312436879372891,0.0393991669481833,0.0998246498080622,0.418300092198617
2711,0.0669795868313841,0.131442414501747,0.100460579754497,0.0749922151169888,0.317649814736241,0.308475389059142
2712,0.177564686584025,0.10326186863249,0.0593126846741058,0.336758401349604,0.230183952393681,0.0929184063660937
2713,0.0795450342728706,0.149497434617268,0.277301338471121,0.0558946860848075,0.128927545121162,0.308833961432771
2714,0.0049604890100038,0.0864166299465516,0.180371446708444,0.0138273876945969,0.196376057265132,0.518047989375271
2715,0.0166260188777707,0.084718887555292,0.399736237204057,0.0469190906148393,0.279210116846274,0.172789648901768
2716,0.0273152707556194,0.0524232637632474,0.0593709245372537,0.0677618595222066,0.403588475912216,0.389540205509457
2717,0.00752175788550851,0.0248220133703484,0.0287157005572321,0.0215750210890588,0.207452014099307,0.709913492998545
2718,0.0198616628828688,0.0361148816289028,0.171702121415343,0.058426761667076,0.199311458371839,0.514583114033971
2719,0.0348378995953848,0.131409701379666,0.144817015032294,0.0525024997943522,0.362801463407143,0.27363142079116
2720,0.225127832918203,0.101153620752249,0.202303905991861,0.102094322365381,0.20628147483323,0.163038843139077
2721,0.0207933689475962,0.0764115414148738,0.1069801904286,0.0483017959180399,0.269426188011652,0.478086915279238
2722,0.247703048243648,0.463744506048629,0.147102043530613,0.0147223458927068,0.0913184183927317,0.0354096378916711
2723,0.0452480515963093,0.172748094124691,0.299355410657992,0.0477516342564525,0.118777445010599,0.316119364353957
2724,0.592811449589846,0.105491040253775,0.0597459484155463,0.144037327244542,0.0704721966772428,0.027442037819048
2725,0.254549621155857,0.474076211060463,0.0352895219103922,0.104924261652486,0.0975497605566088,0.0336106236641932
2726,0.0329866251311009,0.0581646660782604,0.0414551107892255,0.0945296937348107,0.731099674000233,0.0417642302663699
2727,0.00544302336197912,0.0364407412801221,0.0783102799130083,0.0418178486196072,0.341738881815214,0.496249225010069
2728,0.0157994556509157,0.0455969071531112,0.142431007281773,0.0315488901026849,0.0700284136118609,0.694595326199654
2729,0.221840178900694,0.245287126507798,0.0636807019354879,0.0842887999894133,0.293704394759316,0.0911987979072917
2730,0.0111862796370456,0.0416499557493526,0.104261329618187,0.0621203594423108,0.404891013043216,0.375891062509888
2731,0.108976567119741,0.127509165666636,0.0728071807910202,0.246806747228685,0.346862132244724,0.0970382069491939
2732,0.0194543455026097,0.0754291181219175,0.296891162724174,0.0174533476956187,0.0847129480646507,0.50605907789103
2733,0.0420563599763187,0.118946013946048,0.100667310133099,0.234119553676308,0.434661803365833,0.0695489589023927
2734,0.0209320405075334,0.769063677052822,0.0311342831727475,0.0070284725030548,0.116189418770559,0.0556521079932834
2735,0.0465370205179828,0.404529673872218,0.148718019427896,0.0178059568847892,0.13986599060326,0.242543338693855
2736,0.03829872204022,0.0848968505831998,0.0483749763757158,0.360673859454437,0.374150465089562,0.0936051264568646
2737,0.118247814807544,0.217502261267013,0.290312868196838,0.038795881101658,0.191173695003811,0.143967479623135
2738,0.0291790668954823,0.0919085275265417,0.136367096690686,0.0360531877060356,0.248201754858647,0.458290366322608
2739,0.253562436526671,0.331075109359594,0.117577513664072,0.0334757098527775,0.206013861190339,0.0582953694065458
2740,0.176779152151271,0.39238609872004,0.109766097893469,0.0906784362600292,0.128062129434246,0.102328085540945
2741,0.0661943885830572,0.270166451310796,0.115210600801662,0.0579026165517754,0.285276091791315,0.205249850961394
2742,0.0509534768476785,0.0795343990871718,0.0479386134894319,0.101295599808057,0.557101654244845,0.163176256522815
2743,0.186391300225505,0.213122719849228,0.11676903140311,0.147301545819469,0.193300324008524,0.143115078694163
2744,0.0173486398110526,0.0678722249135017,0.0423375161723884,0.146770971718186,0.554536708469911,0.171133938914959
2745,0.00535910145487445,0.0650823970999678,0.400399522661969,0.0538839930396523,0.244626928262894,0.230648057480642
2746,0.0108511796676965,0.0402472914843261,0.0814786521432894,0.0245055851394592,0.208262553187256,0.634654738377973
2747,0.0194834113280273,0.0351279930712806,0.0169793816791969,0.0613227906227231,0.561668974950833,0.305417448347939
2748,0.00555408277012216,0.0486655023184494,0.0473467447719961,0.0412180539965824,0.597329930255633,0.259885685887217
2749,0.264233799503728,0.0913755985963519,0.046759474066838,0.324306436706906,0.182718280783566,0.0906064103426106
2750,0.0104566167407407,0.097338735960783,0.290449517594346,0.038828725170723,0.135304461183673,0.427621943349734
2751,0.187675791171798,0.199333905257447,0.108099452622585,0.145081097300636,0.2783188277685,0.0814909258790332
2752,0.0305478982337508,0.132478146021366,0.201375754960308,0.0982621732018511,0.159620948554818,0.377715079027906
2753,0.0470076272989449,0.0731355042137436,0.0333186449066717,0.23849000962889,0.516982541145829,0.0910656728059208
2754,0.0167671173798134,0.247188584108351,0.0712921509051306,0.0141396589338737,0.528499619435719,0.122112869237113
2755,0.00168013412661974,0.00888857216933387,0.03934478804494,0.0115082910892239,0.239536923937618,0.699041290632264
2756,0.00375679374038028,0.0121987917767972,0.066272169984955,0.00714266597848908,0.0310206776635039,0.879608900855875
2757,0.0190667923793125,0.156186128566755,0.0420249154869184,0.0340862934130153,0.492053924245807,0.256581945908192
2758,0.0526082729874069,0.260143096955342,0.169353400308211,0.0223527513779872,0.35281304945604,0.142729428915012
2759,0.0241960004589796,0.242694852888829,0.0918443418436875,0.0190625844642324,0.29394649741515,0.328255722929121
2760,0.433514739422003,0.147535880950965,0.0613186318338471,0.252116497446167,0.0864282364644677,0.0190860138825509
2761,0.120389920086752,0.0987801585535182,0.0679350385848271,0.356441090327622,0.232846905068249,0.123606887379031
2762,0.00516884681741702,0.0720780148724087,0.0799316518110089,0.024919604416893,0.552265948208132,0.265635933874141
2763,0.0482146328716349,0.200109414713676,0.209728501721416,0.0444302672776129,0.229044357148912,0.268472826266748
2764,0.00816199145047942,0.0157231633691215,0.0916491802570687,0.0174279002853523,0.0709900097940758,0.796047754843902
2765,0.0372546803745075,0.147323753630687,0.232720787593705,0.0298639977835336,0.197132079385872,0.355704701231694
2766,0.0268583290530059,0.161171340303211,0.0909591532341102,0.0373560049046465,0.463014967139218,0.220640205365808
2767,0.0141067984067066,0.0449107315016845,0.0713896695560859,0.467636893841971,0.234776454670095,0.167179452023456
2768,0.0254738256546256,0.218391703485344,0.369528044549979,0.0214929622626524,0.0972546953535343,0.267858768693864
2769,0.0501162364632102,0.298694611531988,0.111020636686347,0.111551470880509,0.312313965020002,0.116303079417944
2770,0.00212315688904316,0.0310045532241082,0.116207471002833,0.0246635045971874,0.235734234390133,0.590267079896695
2771,0.0216249993699082,0.133163532345214,0.461796431344884,0.0369109038770911,0.0982411360235661,0.248262997039337
2772,0.0298661227139084,0.0665804435039774,0.113029111779763,0.237617791819921,0.355461250133297,0.197445280049133
2773,0.0464550773256775,0.245277885662759,0.114442068025266,0.0165653077365367,0.475522447519959,0.101737213729802
2774,0.0813285455884137,0.511099469460848,0.0624859168201162,0.0319033247347075,0.222989876762187,0.0901928666337269
2775,0.00186751543554443,0.0138230867044387,0.0706186195508308,0.00686929641596604,0.120388202553829,0.786433279339391
2776,0.00681072160105904,0.0376034527984555,0.0743366184383103,0.0569095562736792,0.294487579678688,0.529852071209808
2777,0.00144415275143146,0.0133698280708191,0.0567426693677328,0.0133556652619128,0.1087269203255,0.806360764222604
2778,0.169091635723634,0.119775244986488,0.151804188841973,0.107394391042416,0.157628903225414,0.294305636180074
2779,0.052273327203979,0.060303789029174,0.360108803491153,0.13171989250031,0.140135319666474,0.25545886810891
2780,0.0410626330291443,0.217140170857846,0.2461353447421,0.0509619044866879,0.132977042804448,0.311722904079773
2781,0.0113400079923012,0.0264427838636601,0.0652332401889294,0.207488531223053,0.434260215259399,0.255235221472657
2782,0.00946776726286037,0.0394215360104442,0.254428704542636,0.017383794722951,0.170251890397842,0.509046307063266
2783,0.360085359901666,0.290172092767263,0.120962311930044,0.113680941135426,0.0801423387774747,0.0349569554881266
2784,0.0793265089907678,0.216530563593409,0.0604690850134668,0.0721082791246175,0.492782942763427,0.0787826205143124
2785,0.00235636961637255,0.0106282064379097,0.0245165110722695,0.0194240517513479,0.358983812189507,0.584091048932593
2786,0.0121491323985005,0.09172746094128,0.0460006493993293,0.0470171204075204,0.421157052593715,0.381948584259655
2787,0.00371104698790569,0.02731489326201,0.0425210849189524,0.0182529532204754,0.189204323988631,0.718995697622025
2788,0.0109548847886203,0.0490473809891186,0.163206740727066,0.0299328511819679,0.111277665458589,0.635580476854639
2789,0.0576593813200639,0.0635885025593634,0.299954773023541,0.0681192446226671,0.238887799486943,0.271790298987421
2790,0.0727550388402505,0.135020412498669,0.0761027632240243,0.0982214702010496,0.462246162222037,0.15565415301397
2791,0.124956628974845,0.0929259475930036,0.0633673268539448,0.421618968329468,0.24023619484747,0.0568949334012692
2792,0.507383308890928,0.319992648867811,0.0251103189442318,0.0472613832816679,0.0819809622147581,0.0182713778006036
2793,0.00697864018274146,0.0517926472516092,0.0415175076378406,0.0171600778824006,0.520426081779863,0.362125045265545
2794,0.431959195735963,0.116209789256973,0.0709386370066782,0.184661516151273,0.148892325216929,0.0473385366321835
2795,0.373548389424568,0.115573400133162,0.0654904217986734,0.34058760299153,0.0839605377706776,0.0208396478813886
2796,0.00178477190191579,0.015553697421533,0.0760295851792221,0.0151161403904834,0.132020190053621,0.759495615053225
2797,0.0357818274176595,0.075383493054657,0.0865536359131552,0.0952939139473638,0.156091156654459,0.550895973012705
2798,0.0135581782066765,0.166706909554338,0.184572198188655,0.0146076669300547,0.321097162152543,0.299457884967733
2799,0.160064297356518,0.142768342400473,0.356792411177036,0.0216362315193615,0.137200318432943,0.181538399113669
2800,0.00682100165977311,0.0243647752732585,0.0773046407400534,0.0256972978709522,0.225397907233849,0.640414377222114
2801,0.00597059002533349,0.0237801623249822,0.016489039052019,0.0153574851092586,0.44362257040323,0.494780153085176
2802,0.0122093862747533,0.0524747966236504,0.0516623169731891,0.0453255487732888,0.471676655743431,0.366651295611687
2803,0.0531274875969898,0.602474642748236,0.104222397248268,0.0141541645304751,0.146423896017748,0.0795974118582836
2804,0.0106054150211311,0.0636998914538294,0.110839991627616,0.0321235205077302,0.402365902519695,0.380365278869998
2805,0.222249040726665,0.203891085329493,0.266831587022595,0.101217342256149,0.115230281523382,0.0905806631417149
2806,0.0839252317494525,0.0593518192461875,0.0522659333676005,0.438337613533799,0.227878511979924,0.138240890123036
2807,0.0737676714411242,0.15224311744134,0.204708992082472,0.0976508134308249,0.218525533686745,0.253103871917494
2808,0.00888187905546737,0.0351944050379843,0.0492858142527217,0.0227513943997191,0.230986070294236,0.652900436959872
2809,0.0399518937978511,0.0837750020268769,0.384916379594322,0.0314110821579785,0.0707949988065386,0.389150643616432
2810,0.00814046380771267,0.0487143070856799,0.0594175837049742,0.0934515094720096,0.435510368419481,0.354765767510143
2811,0.00655320557437406,0.145531401212989,0.123745810223818,0.0177442901782647,0.408590179702541,0.297835113108014
2812,0.445882169290549,0.219533861389392,0.144199883787876,0.0744690021216558,0.0854105407625099,0.0305045426480181
2813,0.152168003775252,0.0944240584286847,0.123460604790292,0.16147460986612,0.281994586102944,0.186478137036708
2814,0.0187626695282329,0.238768599376145,0.26840124330543,0.0310293353152262,0.176926635735419,0.266111516739547
2815,0.0131515895399319,0.0554103022745422,0.104537274540367,0.0482777171099911,0.15249037524258,0.626132741292588
2816,0.324033623231176,0.140206411735116,0.2252705583197,0.0921204160390152,0.16952367506814,0.0488453156068523
2817,0.058768864879395,0.484370354889506,0.110454996774663,0.0657360649253948,0.197438039006457,0.0832316795245849
2818,0.276016752254162,0.409350903940747,0.139169910465136,0.0326611636549004,0.0797798103450578,0.0630214593399977
2819,0.334501934955765,0.417831843769216,0.0673303862218443,0.0306500392322571,0.1246049509967,0.0250808448242171
2820,0.348919172281231,0.223946999749119,0.285111266051063,0.0598574752794926,0.0503615504220912,0.031803536217004
2821,0.004067647606053,0.0451260695597271,0.0219491421052583,0.00767224172674481,0.406840956868253,0.514343942133964
2822,0.160688163484824,0.260230285973758,0.219327046433962,0.0503140356226184,0.191656170919726,0.117784297565112
2823,0.0286278488419259,0.0752781833048804,0.091166531887047,0.0824226104971135,0.2054386395286,0.517066185940433
2824,0.0285584448921222,0.0795721666337167,0.202042923735376,0.052673385497905,0.327341650556156,0.309811428684724
2825,0.00333586991998866,0.028527455553525,0.14627820161255,0.014200589857238,0.043178275208921,0.764479607847778
2826,0.0289876291716526,0.189903268979106,0.0426577594107284,0.0455042772860619,0.495845051403077,0.197102013749374
2827,0.0751627338931388,0.579481558642598,0.122064315961498,0.0143813866135687,0.115048044007878,0.0938619608813189
2828,0.0115917966677438,0.130430643146189,0.0812832482725601,0.0236433282940347,0.426749121645235,0.326301861974237
2829,0.0522023218188484,0.038897705877668,0.0336278602819395,0.175974904063435,0.581096145366373,0.118201062591736
2830,0.00410584830476229,0.0372004132340577,0.134139533720789,0.0373268794528598,0.16212960830083,0.625097716986701
2831,0.315831944088148,0.390935488392213,0.111522689482352,0.0593872542617369,0.0768951914165406,0.0454274323590093
2832,0.0359014135111019,0.215669073108816,0.232089310973887,0.0248691720821178,0.328944158112793,0.162526872211285
2833,0.116837068427316,0.106621965445294,0.154573080245002,0.194973880223944,0.242553435180253,0.184440570478191
2834,0.00877236170472393,0.0474189383031468,0.120330245218953,0.0226431537858669,0.218042794090736,0.582792506896574
2835,0.205464813761549,0.256070128945886,0.0717782013040264,0.1128789047896,0.263241027538283,0.090566923660657
2836,0.0158106528319946,0.0511024314040303,0.0597009209022805,0.0580613279180915,0.387023155542919,0.428301511400684
2837,0.0448361463420313,0.245163376513448,0.303963429668519,0.0476937575821615,0.174743861626919,0.183599428266921
2838,0.223843527380945,0.263484463720531,0.15663179241284,0.0944034453699194,0.102271381044302,0.159365390071462
2839,0.0720753278859579,0.157329103026513,0.196013983199019,0.131088864811407,0.232624137540188,0.210868583536915
2840,0.113507152260902,0.0612756402467091,0.11715111184126,0.293381534909572,0.14393572697453,0.270748833767025
2841,0.417799879782542,0.135365536325081,0.0696508409349467,0.104435934216893,0.182954945518712,0.0897928632218245
2842,0.00542374857320767,0.0298745370880449,0.0219966597258107,0.0294945151265822,0.540714298433679,0.372496241052675
2843,0.0674626092793859,0.130013315872148,0.120710583475178,0.0263317865133324,0.30192229030863,0.353559414551326
2844,0.031930991028015,0.100954436733025,0.483318663510713,0.013962462557966,0.0830026326480182,0.286830813522262
2845,0.234622259029764,0.386047242153092,0.13689070380221,0.149657905138594,0.0652927394808938,0.027489150395446
