"CUS_ID","F20-","F30","F30+","M20-","M30","M30+"
2501,0.0405507308157399,0.556250544702516,0.0994715722439003,0.012607083678979,0.138287291965084,0.152832776593781
2502,0.16116147149647,0.187795193807013,0.128370521604241,0.100711660637734,0.27879744680835,0.143163705646192
2503,0.0254335678419555,0.590146120846354,0.022411537372941,0.0280785553268302,0.292192442553645,0.0417377760582748
2504,0.316643346765195,0.168509504794734,0.148118416669189,0.134884167295324,0.0727073746238069,0.159137189851751
2505,0.0987032370472445,0.249164373133103,0.10398066697581,0.0880054317298639,0.151603147320074,0.308543143793904
2506,0.00432548530120317,0.433047307572636,0.0793024263557199,0.01674527767228,0.237424609782805,0.229154893315355
2507,0.0072408960866274,0.0254644325418891,0.103357395573559,0.0553946043361881,0.200356523222737,0.608186148239
2508,0.00720474975620521,0.100387823948444,0.0470398989563654,0.043011116817655,0.440057557348226,0.362298853173104
2509,0.0820509930885828,0.0520635842029048,0.194268449091495,0.042739493103583,0.0995970522108474,0.529280428302587
2510,0.0148161671739734,0.125999398142338,0.0494976495702314,0.0197404238962341,0.327075122750474,0.462871238466749
2511,0.51704429042745,0.135367228457682,0.0798275949356286,0.159565646711007,0.0608554312634907,0.0473398082047421
2512,0.0424464271535089,0.134675178261684,0.0400205580383798,0.115120247110076,0.560947193440628,0.106790395995723
2513,0.0166091375681424,0.0460026445257108,0.0526507070416745,0.0340373203303002,0.383377972187619,0.467322218346553
2514,0.0807215520326589,0.424888861881089,0.0506859344474973,0.0291782107260583,0.341792595023501,0.0727328458891958
2515,0.00571903278491458,0.0263131158025324,0.0408412179714922,0.0159365864516493,0.202472847329402,0.708717199660009
2516,0.160069967371737,0.103234086161488,0.0242419033998947,0.22636277257464,0.286663988800028,0.199427281692213
2517,0.0429091860122756,0.346271693752472,0.126295231250301,0.0258596321841721,0.199439273430505,0.259224983370274
2518,0.3319138046408,0.302880746638544,0.110404761320529,0.0582141430473839,0.112877019205247,0.0837095251474972
2519,0.0506564805794103,0.860142158189443,0.0145836153164777,0.00673947443808468,0.0445050089027595,0.0233732625738244
2520,0.0265334096993364,0.0514570351323357,0.011728665622713,0.0967685854782918,0.664890790474947,0.148621513592376
2521,0.00336158814799904,0.0345939249975197,0.16156418079684,0.0141140253367508,0.0908241528033094,0.695542127917581
2522,0.388848099446354,0.157661416754186,0.134741565681226,0.108757752967923,0.0996047196934436,0.110386445456868
2523,0.0631108922978471,0.482936187950471,0.0791333442451716,0.0182763090888353,0.209827920832674,0.146715345585
2524,0.0533916635555981,0.165307847900851,0.227440326117129,0.170987260260645,0.119646300513178,0.263226601652598
2525,0.141921477154545,0.156980011685826,0.0528642161435091,0.220985740669949,0.247660523069711,0.17958803127646
2526,0.176283323431746,0.218755500264026,0.0726656064308869,0.059437830051829,0.245292706425198,0.227565033396314
2527,0.394990685145831,0.128156183862265,0.0948778295161399,0.0597792078763179,0.145593530351365,0.176602563248081
2528,0.0170631751314958,0.0219956190871649,0.0735869673795355,0.0539067064768805,0.159516633282018,0.673930898642905
2529,0.0739151231133369,0.144399827765727,0.196652617763255,0.0619646963309566,0.153441970175337,0.369625764851387
2530,0.00942658299517601,0.0158092675704031,0.169887871065723,0.012266299404377,0.0885321441925104,0.70407783477181
2531,0.0226548414223234,0.114883267843459,0.0538894353320736,0.093776967319722,0.470058650685617,0.244736837396805
2532,0.0499664627637644,0.302215102686587,0.127517665186375,0.0429724163331077,0.208389470488048,0.268938882542118
2533,0.00126690412669737,0.00579570072865814,0.0667043903956427,0.00581215533685634,0.0423787401540772,0.878042109258068
2534,0.130689309705942,0.123831461276498,0.117319604901254,0.391213070737312,0.132735741555845,0.104210811823148
2535,0.0490867591445551,0.0888102971842122,0.209664646434331,0.0360075901272815,0.198696933086386,0.417733774023233
2536,0.238004879018779,0.214396496345918,0.0674086891593154,0.0686204453853091,0.211212802521805,0.200356687568875
2537,0.0232433253005379,0.808330429268783,0.0426687162676728,0.00617525575155631,0.0821940019878834,0.0373882714235671
2538,0.25512697243143,0.1552781497993,0.0744766384766095,0.101261108060801,0.261170085048007,0.152687046183851
2539,0.196220331338586,0.237067049488245,0.156255273824817,0.0542379035144653,0.176216198552407,0.18000324328148
2540,0.154854685772814,0.0645217622112981,0.0476693488304672,0.17590676973687,0.423803315017321,0.13324411843123
2541,0.0903858868164078,0.0517619768866863,0.0312216521105453,0.467127447116937,0.327073807635539,0.0324292294338841
2542,0.0396522930082817,0.416331791651661,0.019142363981364,0.0319876607957703,0.452033704864422,0.0408521856985005
2543,0.0100275611433294,0.0269015419644671,0.137916652222915,0.0111432937636585,0.244724457207973,0.569286493697657
2544,0.104802001089426,0.0976891469118155,0.233067866094257,0.274427143508352,0.117442224607328,0.172571617788821
2545,0.0465235840377321,0.318774061146674,0.096307228699348,0.0299441554572001,0.2793697702519,0.229081200407145
2546,0.0674489462959288,0.130085122346153,0.0410583197810248,0.231020467496829,0.443665457032551,0.0867216870475135
2547,0.0141024912498927,0.0504933002148927,0.464953760637335,0.0199768140790129,0.112929404408031,0.337544229410836
2548,0.0812061672649369,0.0756161195376952,0.103650158915406,0.291737852567047,0.388003568268231,0.0597861334466847
2549,0.0443829377934272,0.158581120112518,0.0484857500105771,0.0464524950490797,0.258159737985074,0.443937959049325
2550,0.0307448707172052,0.0385174509156641,0.0202007418966513,0.166821333052523,0.563905786683675,0.179809816734282
2551,0.392566987044868,0.148629171386181,0.0291631744202947,0.198565638346739,0.138227535922755,0.0928474928791635
2552,0.0326472505401723,0.238187195729379,0.164359006025355,0.0268176947885495,0.318654043559894,0.21933480935665
2553,0.446334620496834,0.207968089484239,0.0627603731255021,0.0985849111412182,0.146903061299031,0.0374489444531754
2554,0.0987729808836364,0.207469913092232,0.135337727094992,0.0956775920470726,0.354785804250622,0.107955982631446
2555,0.0124832838367974,0.221611036444988,0.106204800194052,0.0489311370921119,0.440385243836075,0.170384498595975
2556,0.112251455549921,0.256467469334601,0.316679344529902,0.0352115068057406,0.142568930891114,0.136821292888721
2557,0.459090888565237,0.173960569821083,0.279512921887163,0.0331358691660114,0.0347097972572952,0.0195899533032103
2558,0.0201772917480638,0.0442943802829967,0.738517424096918,0.0293869695962273,0.0557080905123717,0.111915843763422
2559,0.0914436626905765,0.405070157842269,0.125721395829791,0.0307874007023887,0.155924730293066,0.191052652641908
2560,0.0134414338574962,0.187697130768274,0.0703746612328084,0.030755815574665,0.278964834578205,0.418766123988552
2561,0.01082613720883,0.0461870847665727,0.270045427921895,0.00383444518361646,0.152887153155866,0.51621975176322
2562,0.248085958391395,0.273990372163325,0.018886065136138,0.0762219787137851,0.350932478905534,0.0318831466898236
2563,0.42501916730073,0.0981164975891617,0.161321560459973,0.0834335225568599,0.129121625909313,0.102987626183962
2564,0.0897684999041637,0.06225497650277,0.118819697767885,0.401408628245396,0.0921781658298257,0.23557003174996
2565,0.071000540930836,0.141479458937533,0.0695207998837909,0.0553141832516403,0.196456585031312,0.466228431964888
2566,0.0285493056608573,0.0540569786560294,0.120772535252264,0.107804896437116,0.224919812635179,0.463896471358555
2567,0.0324163220834704,0.181408905594351,0.118857753528575,0.0224283453945793,0.187535185033858,0.457353488365166
2568,0.0263333887480428,0.0935440109302562,0.0434769686481317,0.0253419578571874,0.423292224685575,0.388011449130807
2569,0.0378144593597157,0.144984481209223,0.180254719009889,0.0127921916168378,0.111725192412072,0.512428956392262
2570,0.0328260233441018,0.701545391248675,0.0630639893664099,0.00948079142781097,0.0646924225979797,0.128391382015022
2571,0.0485374240749531,0.128486150167272,0.0314368089912861,0.153318613891838,0.463858319741459,0.174362683133193
2572,0.150179842578684,0.0968825115692413,0.401735293356665,0.0600986465064446,0.0895856454621399,0.201518060526825
2573,0.0521072480967786,0.161715255268994,0.0935000445705349,0.0274920647913667,0.360523661604519,0.304661725667806
2574,0.0486185069208306,0.0849676223163738,0.0363622606393587,0.264366974812368,0.470496229275882,0.0951884060351867
2575,0.0298787567392968,0.0431220372623245,0.0273952500463475,0.0909478382843384,0.671712092984017,0.136944024683676
2576,0.259618068672835,0.282453529314869,0.122770866329113,0.163019366474653,0.0667778967054865,0.105360272503043
2577,0.0382793005744583,0.205197633640642,0.230137551154549,0.0705896260764508,0.221991124082875,0.233804764471026
2578,0.00291023046375111,0.0138102175214812,0.0394935732411579,0.00343887077939189,0.130028080310473,0.810319027683745
2579,0.224179535558589,0.143254323026421,0.253989987093144,0.0797036414702754,0.17660481407869,0.12226769877288
2580,0.037350470430179,0.230416518355537,0.182361043780523,0.0165972109311592,0.232675454550146,0.300599301952455
2581,0.0011940375361658,0.0176323510260906,0.095374541830499,0.0322405979847925,0.250056143759944,0.603502327862508
2582,0.209435723558096,0.29335028922786,0.115867090177642,0.0434612446945108,0.207718941501091,0.130166710840801
2583,0.127020434943193,0.359416016136711,0.175082524540058,0.027603569082476,0.103296598863659,0.207580856433903
2584,0.140363391647865,0.376986822198986,0.0585843664571025,0.0467010434779364,0.320342659103513,0.0570217171145979
2585,0.0111880763835872,0.0700962091652318,0.0223756921677455,0.0572777344179381,0.590700587754427,0.248361700111071
2586,0.0397638835776975,0.182169211083317,0.0907480966771267,0.0293535080398435,0.247197977392585,0.41076732322943
2587,0.198407694218501,0.0469084236614582,0.0279381106959406,0.330927400227927,0.259880096953358,0.135938274242815
2588,0.064118027112241,0.0505333672878465,0.0285938816155921,0.232062667298862,0.415277139132875,0.209414917552584
2589,0.158047081208391,0.116133614573766,0.0311165584460886,0.238270607581565,0.340203058676219,0.116229079513971
2590,0.0405171787294566,0.102276682815488,0.182067055621988,0.244622861950813,0.236277328630299,0.194238892251955
2591,0.0923406587366871,0.125849552622589,0.418869450967216,0.0133119464570801,0.0577343676843587,0.29189402353207
2592,0.0105386438167816,0.0454698083305766,0.00815309891820365,0.107494189176076,0.683494570395791,0.144849689362571
2593,0.292524508942745,0.135015864241421,0.0506722255227482,0.131953833823751,0.330330799269579,0.059502768199755
2594,0.0510529547750611,0.22180761842212,0.0525388387722893,0.0572794365263547,0.338061795011955,0.279259356492221
2595,0.126393482657591,0.0710295557946293,0.191451807241595,0.384354637178591,0.123188459867406,0.103582057260188
2596,0.65714911418588,0.0839812831824486,0.0239051134276069,0.180374901834765,0.0437335564872311,0.0108560308820678
2597,0.00780133481691477,0.057558343866349,0.214610863060589,0.0135736009514162,0.14086746422292,0.565588393081811
2598,0.0158832587159497,0.110425748255415,0.0472579515560595,0.0122249221496892,0.26516796197358,0.549040157349307
2599,0.228274612235865,0.226100185293116,0.044989300693094,0.290956882861173,0.145462460246679,0.0642165586700721
2600,0.00677809615558404,0.0589582242971509,0.104665540299301,0.0239547353638612,0.703492715697031,0.102150688187072
2601,0.0776359423823694,0.0583938478976927,0.151749884881196,0.0208875219226995,0.139417128206456,0.551915674709586
2602,0.0163297118938691,0.0700092928819834,0.0847369494822177,0.0183168139786248,0.155127980647063,0.655479251116242
2603,0.0178316534428857,0.42280888806691,0.0562016750069819,0.0202610470426545,0.325110086957343,0.157786649483225
2604,0.0524185742834731,0.0897147697717278,0.390517522315476,0.154624150725522,0.164257837738743,0.148467145165058
2605,0.00028566234031384,0.0232714657816589,0.151354250630836,0.0089696786187516,0.240074816407997,0.576044126220442
2606,0.068586188049607,0.152430939406983,0.165149287702532,0.0439217470811986,0.141085697923889,0.428826139835791
2607,0.012136312556907,0.0248421186108956,0.0584404246034989,0.015692404271865,0.141512723222977,0.747376016733857
2608,0.280973825469994,0.183053792534597,0.0921309976439179,0.115696492058856,0.172340503233506,0.155804389059129
2609,0.045075326290889,0.0867400195131028,0.0444155809203233,0.122667080012665,0.447872685114999,0.253229308148021
2610,0.0848227470317766,0.173382085739945,0.0587098937937897,0.208883587910256,0.323404552166772,0.150797133357461
2611,0.0405619940208905,0.11574940492419,0.219751514451544,0.0291266637250488,0.0983001551683686,0.496510267709958
2612,0.047273085836365,0.271763332392551,0.0947245210883902,0.044570084488701,0.284693345300246,0.256975630893747
2613,0.445320303099446,0.279137710807934,0.0424738740273228,0.100060228796078,0.111783903425724,0.0212239798434965
2614,0.0718010211914148,0.126829384245337,0.0660091721381757,0.0954672750402732,0.356333400834743,0.283559746550057
2615,0.565702763797796,0.141872414655603,0.101968378109772,0.0471590757665337,0.0645189842468818,0.0787783834234142
2616,0.0128854352478985,0.0596607254472861,0.0821378673018211,0.111003197976414,0.403562848091336,0.330749925935245
2617,0.182101230102508,0.334628345060388,0.194229433499488,0.0263574941255753,0.192253579750924,0.0704299174611174
2618,0.0876993901920816,0.0954692131187182,0.066214893748047,0.0765851212167133,0.386524401082798,0.287506980641642
2619,0.0307120017440791,0.0294746381414515,0.0183396140466658,0.130992621825688,0.577042527215073,0.213438597027043
2620,0.0392933140214119,0.107262379300455,0.175192526639161,0.0438261792785768,0.409444038238049,0.224981562522347
2621,0.0305025177096344,0.153255263084977,0.0159798254232077,0.0593365413253764,0.648029234165722,0.0928966182910825
2622,0.00108570481229929,0.00363041115170534,0.0138565692961408,0.00340064484256971,0.0523508923216638,0.925675777575621
2623,0.324552648553695,0.221022969351213,0.045423019037269,0.110099715616674,0.248693084070902,0.0502085633702478
2624,0.00725775922422169,0.0360336089881571,0.103061848694881,0.0128880607419757,0.0887781574278615,0.751980564922904
2625,0.12340276531788,0.277446346190391,0.467085510761709,0.0270920500320503,0.0498026317144579,0.0551706959835117
2626,0.00667787875989584,0.0281627998428771,0.0329377534316783,0.0252419663090846,0.164261125822075,0.742718475834389
2627,0.0689900027728896,0.147402197133719,0.32990889577252,0.0183878391615954,0.136810472582312,0.298500592576964
2628,0.217141167518483,0.250202724332021,0.0333078799610004,0.185969703037598,0.254594542928306,0.0587839822225912
2629,0.037191584383748,0.266741706824081,0.0778423905530445,0.0317487564714216,0.318873217608188,0.267602344159517
2630,0.131998282193757,0.0448706855099168,0.0810526240032648,0.066937828604822,0.232030780982813,0.443109798705426
2631,0.0234847468618391,0.172922747234723,0.144846672650485,0.0182614398595065,0.330851441764355,0.309632951629092
2632,0.0115202561950268,0.0312743432124508,0.0914002165011813,0.0212170502027725,0.139142363035561,0.705445770853007
2633,0.0727661238682001,0.34153703833715,0.114387329324337,0.0539977554141382,0.269738236211241,0.147573516844933
2634,0.0291218498353231,0.0990607582385167,0.150775737448851,0.0385538335555585,0.155362843350751,0.527124977570999
2635,0.0354101883502513,0.217015270367867,0.0726078251024371,0.0419939067385109,0.386121094598324,0.246851714842609
2636,0.0361636173055453,0.0474545651444148,0.114896501061276,0.0516142201370791,0.209155461104017,0.540715635247668
2637,0.0428268131084081,0.147556882323166,0.0127260503818805,0.0528014363373431,0.625483378422061,0.118605439427142
2638,0.0696337509116812,0.0694177652428858,0.11863003627604,0.263724076253491,0.150849071112319,0.327745300203583
2639,0.13551920350308,0.0435270941274993,0.0550991562165141,0.381871519266138,0.260669354337248,0.123313672549521
2640,0.00422209406214159,0.0195587932874826,0.0388813630140552,0.0105993992811024,0.117572268791414,0.809166081563804
2641,0.424466780651126,0.137665871184625,0.153595209193759,0.112205103606,0.0988677904521533,0.0731992449123365
2642,0.00799580227177703,0.0553729660267503,0.108918561794734,0.015629666980471,0.197037682614741,0.615045320311526
2643,0.379651209928135,0.272203584394661,0.0270269916833709,0.137824417549357,0.134806506058054,0.0484872903864219
2644,0.00549689400986409,0.250174264725269,0.057165342079765,0.0128150725250395,0.300284914074571,0.374063512585492
2645,0.036897922562016,0.0389202119114794,0.0199375284685237,0.0681038684160459,0.400286183726195,0.43585428491574
2646,0.00661498718913295,0.0318203065340934,0.0710872656600431,0.0216602112752987,0.13252741534178,0.736289813999652
2647,0.0864751538511639,0.114268874323033,0.108501308601389,0.0695464040157989,0.311153830276476,0.31005442893214
2648,0.1299878305799,0.172817656830962,0.567882582332533,0.0229941713332506,0.0449645354773794,0.0613532234459751
2649,0.0511421960736105,0.0941274298601376,0.0934903583337686,0.0378620830035416,0.30209621806406,0.421281714664882
2650,0.0304511830918332,0.0249429887575128,0.204374689732051,0.0517912528775049,0.0865836928435916,0.601856192697506
2651,0.0118712270517783,0.0700653397415907,0.0346138445688865,0.0421642082269959,0.480178424568178,0.36110695584257
2652,0.0244885464454307,0.210496372758335,0.0652019812585302,0.0280847344507108,0.396313404073563,0.275414961013431
2653,0.175617808448303,0.226951922110812,0.0775302603252045,0.050269703669831,0.201523989304499,0.26810631614135
2654,0.00306643032183875,0.0197914261930826,0.0340114548723688,0.0235133283556587,0.171044818861195,0.748572541395856
2655,0.479895548844954,0.177056933034435,0.0339758950308155,0.129414605601477,0.147324636133083,0.032332381355236
2656,0.0101897560321561,0.0560816707613834,0.0439694697501594,0.0346189912908784,0.423896846881036,0.431243265284387
2657,0.00541895542429779,0.0285446568476621,0.0742903201353166,0.0099867658777928,0.0618244271277186,0.819934874587212
2658,0.131122753872853,0.158887668688398,0.0852046896043708,0.326523810643668,0.214135732199429,0.08412534499128
2659,0.325085605341126,0.118786714802585,0.0268802394106123,0.391911333890838,0.0947811827645675,0.0425549237902723
2660,0.00935633307292957,0.0582829452074745,0.0556159986272921,0.0154928137587792,0.387685359335589,0.473566549997935
2661,0.013296697285829,0.0389528280686952,0.115625729606478,0.0137122296607653,0.0871160613723002,0.731296454005933
2662,0.00859034343980903,0.0771578047923155,0.0655787479287501,0.0119901639547539,0.29500369250399,0.541679247380381
2663,0.016881840896653,0.0662727624093461,0.0824974747380782,0.0458798931567127,0.308379937510695,0.480088091288515
2664,0.0345303863028703,0.110443889131477,0.0214794671669521,0.0571915561156177,0.567278753265421,0.209075948017662
2665,0.185661326242744,0.251818241938058,0.110910209212781,0.0522706972301175,0.231952648368417,0.167386877007883
2666,0.000733855167788519,0.0052459013285345,0.0648821456008354,0.00125530799904539,0.0136126442536406,0.914270145650156
2667,0.038096427627885,0.111569273154557,0.381255797143201,0.0265723133729822,0.172035579419399,0.270470609281975
2668,0.00518065429451879,0.0396020658137368,0.282398056690137,0.00491525041464991,0.0608494679563196,0.607054504830638
2669,0.0761608945939945,0.265857744172385,0.102109703184608,0.0465269045238257,0.145162071296671,0.364182682228515
2670,0.00725352110485258,0.0269472778564202,0.126567507130655,0.0216651282740502,0.137128667645537,0.680437897988486
2671,0.0348961766066587,0.10248942756029,0.0933300177346343,0.136815600856235,0.351334018057687,0.281134759184496
2672,0.00675823007505817,0.0300543176632538,0.135456159983582,0.0121348624834429,0.126544291398358,0.689052138396305
2673,0.283679394666155,0.196447852918065,0.111325931562424,0.147483896804932,0.155646518922215,0.10541640512621
2674,0.00977157498198143,0.0359574864132138,0.069549467180552,0.0748918757309834,0.415514978069801,0.394314617623468
2675,0.640689794509257,0.194953393258332,0.0113560327776914,0.0796688977730482,0.0623964213315573,0.0109354603501142
2676,0.0136873339238575,0.0415376025818634,0.0368595157141524,0.0469756935436132,0.433605256544489,0.427334597692024
2677,0.0658187248461289,0.1006263214888,0.28281710403095,0.069691990733129,0.294942338155589,0.186103520745403
2678,0.0495593008336056,0.164258434313595,0.314238844743809,0.0507566922495367,0.23124344909533,0.189943278764124
2679,0.0103962705052773,0.0306770475998913,0.0253559877263641,0.0338626054854622,0.287682101351383,0.612025987331622
2680,0.0314046011442896,0.108676085933388,0.418796300087619,0.206298585072284,0.1294932066184,0.105331221144019
2681,0.0114471651688518,0.203256339414276,0.1780371686994,0.0188572327532709,0.352551044374027,0.235851049590174
2682,0.0210925725391657,0.0214976510317943,0.0957329591343198,0.179088298999157,0.157415515524172,0.525173002771391
2683,0.481980062046633,0.169214181245613,0.0400936771176521,0.213099097575305,0.0780948726080823,0.0175181094067139
2684,0.0183797329564203,0.0873180268862608,0.0551666523717428,0.059448840986656,0.41646639471254,0.36322035208638
2685,0.0572499562152739,0.0309434355760013,0.18848415734695,0.0260980367417138,0.0729791753303977,0.624245238789663
2686,0.0118985876647222,0.0862003708872828,0.0869916257049577,0.0255818771885483,0.185113269521748,0.604214269032741
2687,0.302269923717889,0.230765213904706,0.0953341298021766,0.147600050475598,0.170911670275549,0.0531190118240819
2688,0.0297083656976086,0.14054370000676,0.0724399634898285,0.128140728153278,0.413170542936487,0.215996699716039
2689,0.183261710683648,0.392021087322952,0.0633610645026945,0.0796871020327522,0.214193203893172,0.0674758315647806
2690,0.0294012359850856,0.0739402524717466,0.0741919253042265,0.184886174967148,0.367551959711374,0.270028451560419
2691,0.0478832817570079,0.156402775156729,0.115064039371113,0.076753068186499,0.312218972856589,0.291677862672061
2692,0.110592260401433,0.0878486461404704,0.265742256652403,0.0360360512150478,0.25521261280834,0.244568172782305
2693,0.0404643907047768,0.0540343086394455,0.110735595778977,0.066587419728874,0.165076809755802,0.563101475392124
2694,0.00423831680537231,0.0125055820677361,0.0380051844753263,0.0387399957635715,0.41714052919076,0.489370391697234
2695,0.500468917084032,0.127282765821435,0.0410315363962322,0.13921643179794,0.15666633635658,0.0353340125437808
2696,0.0227194587139921,0.08540757280875,0.271259285742677,0.0207779966331935,0.106802940672729,0.493032745428659
2697,0.0463089469806974,0.220790048505817,0.282729115440293,0.0222389049960966,0.205965250780796,0.2219677332963
2698,0.00535527489229664,0.0278967193259014,0.225406303912627,0.0115902750896407,0.253549426758118,0.476202000021416
2699,0.00955248090033413,0.157240570932833,0.579183708886564,0.00228894220987707,0.0317756977581099,0.219958599312281
2700,0.00395957756619073,0.0633216818047258,0.0392710673036192,0.00580946757401764,0.279835764307768,0.607802441443679
2701,0.00504275772907831,0.0416459321187104,0.117215388082269,0.0477307427285846,0.352398246516747,0.43596693282461
2702,0.316471013520884,0.184465885511952,0.200227763676751,0.0333023333134912,0.0901491916586854,0.175383812318237
2703,0.256998703550584,0.122881425018917,0.0983865550525463,0.172436268397206,0.204058056590444,0.145238991390302
2704,0.0727395680892579,0.148937684458727,0.514555850574069,0.0312061357851966,0.0934543867349422,0.139106374357807
2705,0.01231941511224,0.0988201410236509,0.241681439249452,0.0295518066430314,0.236981096687265,0.380646101284361
2706,0.0101129152423584,0.038995643408961,0.354524917667009,0.0808046210051144,0.253258508771736,0.262303393904821
2707,0.0152203282411291,0.0815895669775281,0.0308688975600329,0.0407038460631318,0.558981111832831,0.272636249325348
2708,0.325715048206844,0.258180842699539,0.0735728339330398,0.0864122806772734,0.21806054536579,0.0380584491175134
2709,0.058721156456321,0.257947436609705,0.336534370672701,0.0256977614278319,0.0909892219670082,0.230110052866433
2710,0.0586756511566118,0.0266410826443311,0.289216342676343,0.0263026955947111,0.0413090819642002,0.557855145963803
2711,0.11873010647389,0.117682854783306,0.10548406217002,0.0757538610265898,0.326470401615301,0.255878713930892
2712,0.0842773971793083,0.0595847420653217,0.0925308593828402,0.387863273372203,0.232743377912699,0.143000350087628
2713,0.0775298109596205,0.165312035168742,0.206667587729544,0.0602561277258414,0.120866054225942,0.369368384190311
2714,0.0116336718853156,0.127183608067672,0.206598125430581,0.00957080583305753,0.153619465284813,0.491394323498561
2715,0.0167878735033025,0.124463620253336,0.309407813585926,0.036434599231758,0.293801138372458,0.219104955053219
2716,0.0348330191703411,0.0716197087239657,0.0343056795104645,0.0374645700143728,0.354219232151165,0.467557790429691
2717,0.0249332153270017,0.0502473400141613,0.0645262013560758,0.041644145538728,0.418322324966072,0.400326772797961
2718,0.0291247781277304,0.0348550377025684,0.167264490460548,0.0317814002137194,0.0711681595646198,0.665806133930814
2719,0.0241977674802067,0.166311475691053,0.204330030347934,0.0475519578430716,0.263858453412042,0.293750315225694
2720,0.126784134757884,0.0651447041039671,0.177655813996329,0.161500429145565,0.194521083718605,0.274393834277651
2721,0.0283712316958048,0.109659735830782,0.19048664324867,0.0324093741734328,0.320945989252148,0.318127025799163
2722,0.334004726904828,0.330925875009884,0.135508798372817,0.0132953988806589,0.131651487226614,0.0546137136051978
2723,0.0198789723466795,0.204462677331038,0.265653571082651,0.0254296170593997,0.183209269744177,0.301365892436055
2724,0.579041012357466,0.138749704676449,0.0722640167739715,0.108854087530245,0.0608193658497063,0.0402718128121619
2725,0.48441938019729,0.241812423012877,0.0310613835084147,0.146143040431063,0.0733573847729532,0.023206388077402
2726,0.023860666110915,0.100345781978796,0.043400689120529,0.0710776048557697,0.693519124409937,0.0677961335240534
2727,0.00502058395691503,0.0428735480337944,0.0493353100720062,0.0338462988758173,0.386162169538004,0.482762089523463
2728,0.0204207380669435,0.0590406700597366,0.120500081770773,0.03024612638802,0.07789765407545,0.691894729639077
2729,0.180061320597859,0.297333802111216,0.0498116566017775,0.0861173857182565,0.308318368014329,0.0783574669565623
2730,0.00460392673162773,0.0407228715605936,0.0848423123323612,0.0281879133684187,0.282476726908791,0.559166249098208
2731,0.102865759495089,0.235431048306681,0.0776022865310017,0.21398279222327,0.264192466250463,0.105925647193496
2732,0.0242590736407973,0.0887849563962077,0.231012433158337,0.0140965437876282,0.107359483860928,0.534487509156102
2733,0.0405317208007169,0.164192071080586,0.10337015703022,0.0756805197109549,0.483863807682871,0.132361723694652
2734,0.0232984288387425,0.780913206229561,0.0291986024976972,0.00883052080117839,0.090071294456741,0.0676879471760801
2735,0.0880601453728685,0.334671018653319,0.193846576941495,0.0226720849637161,0.151534185504755,0.209215988563846
2736,0.0644069492140571,0.0542576852501209,0.0368120981929605,0.358307350890474,0.380788024390726,0.105427892061661
2737,0.134708754748049,0.116035028349291,0.451315402721668,0.0133082710430137,0.146256323844801,0.138376219293178
2738,0.0777637835524629,0.123693203123599,0.157230236415431,0.138011566794768,0.228428393346982,0.274872816766757
2739,0.174064816504504,0.286432813398773,0.128109514234008,0.0631683273047736,0.23019650957142,0.118028018986522
2740,0.262844441677014,0.265873084112765,0.0639191164512754,0.0813974223566678,0.163060043018877,0.162905892383401
2741,0.101048513429938,0.258831827109383,0.105803256498406,0.037139231027821,0.336561205605685,0.160615966328766
2742,0.0629993496622484,0.138539483387668,0.113173363498084,0.0619972813280834,0.395622474638233,0.227668047485683
2743,0.325442474218231,0.156176450834191,0.11488958750626,0.102858580608238,0.139351267207436,0.161281639625645
2744,0.0121819807257955,0.104774656741745,0.0224630729384503,0.0882299574544157,0.656657322226641,0.115693009912952
2745,0.00148696345777604,0.00839554843205419,0.330742363940431,0.060683521298133,0.337200134847386,0.26149146802422
2746,0.0175314891293312,0.0939478592745328,0.104861263458999,0.0299308187213842,0.186005683790842,0.567722885624911
2747,0.0173077092740923,0.0578032806113239,0.0266961819910297,0.0727183275474247,0.583983931710213,0.241490568865916
2748,0.00407238551622759,0.0579865225853962,0.042850692411394,0.0331696021281788,0.528856855573643,0.33306394178516
2749,0.203920037866739,0.129173016928191,0.0451727335166157,0.293467993714955,0.232550248082266,0.0957159698912329
2750,0.0146084568403643,0.119637257443036,0.167786144021519,0.0407910287760596,0.221565657017708,0.435611455901313
2751,0.156048555985048,0.09093638390929,0.0277955021195285,0.204355249762228,0.483175956083838,0.0376883521400675
2752,0.0439943405969779,0.0879284007805197,0.127141667247515,0.0169247539665726,0.0782586936076478,0.645752143800767
2753,0.0228133838675066,0.124420884193466,0.0368171342933452,0.15695055610495,0.563759869660211,0.0952381718805208
2754,0.0144152293517269,0.289633485772049,0.0483686268629046,0.0107772734722522,0.519935698318197,0.11686968622287
2755,0.00113821560822228,0.00704281608990229,0.0246678774421284,0.00820440611655952,0.301089971013503,0.657856713729684
2756,0.00299923838769,0.00555224126578217,0.0506645495585723,0.00685464434475414,0.0337372115443516,0.90019211489885
2757,0.0168632459753951,0.242078192949913,0.0518458185567253,0.0186232471730148,0.446330142001451,0.224259353343501
2758,0.0461775545383019,0.270756480705297,0.202004769046443,0.0162776177189647,0.30209645906365,0.162687118927343
2759,0.03131357672129,0.23057856004986,0.114512611268115,0.0223198648283938,0.245006920211847,0.356268466920493
2760,0.386844265134817,0.210123314920508,0.0927866180046565,0.210216469420743,0.070915022441955,0.0291143100773207
2761,0.112583184715222,0.0874414933920542,0.0652564658920948,0.219126230806294,0.402681051169447,0.112911574024888
2762,0.00502523293585288,0.0735851918843031,0.0718311307912881,0.0130140694431025,0.400855976037976,0.435688398907478
2763,0.0470280398887223,0.173252158513931,0.227464579114554,0.0478277368590555,0.26835025518822,0.236077230435517
2764,0.00265066064166544,0.00544990216370088,0.05697457687647,0.00705446148205807,0.0897633140172028,0.838107084818903
2765,0.0487973667267947,0.164441519769739,0.242090665271767,0.040597763163383,0.163562823844376,0.340509861223941
2766,0.0392584692059229,0.238612516361261,0.125615138845994,0.023707341017112,0.299971821220365,0.272834713349345
2767,0.00642911335720845,0.0073796522001711,0.00841363147552062,0.760198388759849,0.161320784959923,0.0562584292473279
2768,0.050409893297157,0.231085006678142,0.440289636552367,0.0130600630591472,0.0601560868883182,0.204999313524869
2769,0.0843300217023252,0.324704154751382,0.0770426765049821,0.107465102881225,0.28239664502179,0.124061399138295
2770,0.0018514037033763,0.0229213215830135,0.0896026160052194,0.0157794505549657,0.271813222031847,0.598031986121579
2771,0.0369413713567109,0.107492543727551,0.37610441186341,0.0260215094744192,0.132093813013907,0.321346350564003
2772,0.0263330192315236,0.030950702903219,0.155516612739032,0.235165215868719,0.406004734161389,0.146029715096118
2773,0.102574273144753,0.298794068942734,0.100627530207943,0.0203286001885445,0.380446894935101,0.0972286325809246
2774,0.0903612551968109,0.409903926406665,0.0892060228408735,0.0331884186656576,0.286965468054466,0.0903749088355271
2775,0.00184881485158486,0.0114482731263407,0.157436283892409,0.0134143176417308,0.121128210576733,0.694724099911202
2776,0.00910042008914432,0.0632730359078803,0.108454541222131,0.0604130394255479,0.288322474188181,0.470436489167115
2777,0.00206140252157799,0.0259479647264907,0.0852930551742228,0.0207712386047691,0.163070623597687,0.702855715375252
2778,0.136966981628727,0.0920175934829021,0.185559756052956,0.0678113787570498,0.101568979981676,0.416075310096689
2779,0.0449333136741196,0.0261701273818765,0.283361069694859,0.154332895839135,0.179778263305864,0.311424330104147
2780,0.0452923361534344,0.180529439404014,0.306682156963612,0.0383817147490686,0.181642559958261,0.247471792771611
2781,0.0131628581611939,0.0208251631891074,0.0637401013410661,0.124567489812029,0.518059498927676,0.259644888568927
2782,0.0148739426416216,0.0271596434769374,0.295382419940832,0.0221111456749013,0.0991651182213632,0.541307730044345
2783,0.360939119856902,0.269425107095303,0.113510078003874,0.0816664425234876,0.124123419726893,0.0503358327935402
2784,0.0825171966067958,0.223136078097951,0.0513593404250297,0.0843042393171009,0.421073231327614,0.137609914225509
2785,0.00100419451677277,0.00438592830668151,0.0139141532342586,0.0118090752403673,0.261900219555974,0.706986429145946
2786,0.0163030586072127,0.161888661799144,0.0738797060825384,0.0594806227435553,0.450859855169136,0.237588095598413
2787,0.00805237002328612,0.0603192593191398,0.08968797994082,0.0131929707619995,0.288415633762029,0.540331786192726
2788,0.0165576410761265,0.126436707873744,0.171604782868063,0.0229776927557722,0.168611092840574,0.49381208258572
2789,0.0558910398506253,0.147048018137889,0.30608075812246,0.0331886466997117,0.227580018541368,0.230211518647945
2790,0.141555722164377,0.108547275593076,0.044012060888006,0.108674157018432,0.363684530357845,0.233526253978264
2791,0.191814230340265,0.0381208466528588,0.019880831671657,0.587169866675522,0.119106668920555,0.0439075557391424
2792,0.368688374984353,0.345412111163666,0.0251357941652254,0.0613334057675648,0.146156248771374,0.0532740651478173
2793,0.0163282498205366,0.107718892875405,0.0510060815631712,0.0336543332635942,0.449008852424642,0.342283590052651
2794,0.268842200264505,0.270160018220019,0.0698178298555371,0.094002818679182,0.231095198116209,0.0660819348645469
2795,0.459848018997781,0.14011280162902,0.0289373693232057,0.314647607098389,0.047018380987133,0.00943582196447128
2796,0.00133258766417761,0.00769466474628567,0.0574713668306824,0.0125135545831509,0.0818304546042457,0.839157371571458
2797,0.0746676335101527,0.103291617630334,0.0789699373842435,0.0683393806964768,0.181744872916367,0.492986557862426
2798,0.0143968596018238,0.243826342946354,0.306042750218823,0.0101520402424939,0.219795685159464,0.205786321831042
2799,0.13681077644256,0.149165330481114,0.251009035770343,0.0292411931956252,0.13263655604185,0.301137108068508
2800,0.00990006430120025,0.0358410191906614,0.103398197310812,0.0162005329336098,0.150405581158272,0.684254605105445
2801,0.00776390975581,0.0270782042844916,0.0167722890209541,0.0172943591531423,0.4818170127429,0.449274225042702
2802,0.0454698007286223,0.105565229065849,0.0706895832489341,0.0560094711646279,0.411978767302817,0.310287148489149
2803,0.0711804877152443,0.443789458516131,0.146036843668794,0.029071631961805,0.148043189838262,0.161878388299763
2804,0.0208840915269988,0.0932486356400053,0.116829766093031,0.0348493541110258,0.407924202248184,0.326263950380755
2805,0.261420722396027,0.151885959224806,0.301357667259549,0.0600370079021855,0.0846834573827383,0.140615185834693
2806,0.0627735989567582,0.0291555546736583,0.028666088149276,0.536378742230709,0.221837292083289,0.12118872390631
2807,0.148767886217784,0.177834878784741,0.245847566843662,0.074735792389142,0.170050355827622,0.18276351993705
2808,0.00506263492002689,0.0263608426453283,0.0309710521380772,0.0247552309913294,0.296242343133262,0.616607896171976
2809,0.0549835841351307,0.0838252788253723,0.353731428213141,0.0282602864302622,0.0722721163820483,0.406927306014045
2810,0.00896425829183394,0.0533601470035938,0.0857540420700635,0.0902527207653871,0.35439062121323,0.407278210655892
2811,0.00824690754630915,0.112367537582747,0.130533926498029,0.0168554105605881,0.533730412537618,0.198265805274709
2812,0.289054034071949,0.334153519610274,0.109092938954438,0.0706102433498683,0.145368222758692,0.0517210412547791
2813,0.21005978406651,0.0787538147751232,0.0923395860877139,0.192332790634219,0.323231783876499,0.103282240559935
2814,0.0236825501801989,0.310432290732573,0.117407240930651,0.0309253087719587,0.178872514275258,0.338680095109361
2815,0.00616873713949336,0.0386835012882979,0.0539457216548033,0.0527861633444356,0.167289607330479,0.681126269242491
2816,0.140225623827525,0.139632470310981,0.396123746912217,0.0825165371413666,0.136324783617665,0.105176838190245
2817,0.100211145226614,0.412838716751236,0.06632673755805,0.0673949370648034,0.235901178191483,0.117327285207812
2818,0.22894510613746,0.351241821257816,0.152092328112973,0.0341445848981749,0.140328211599935,0.0932479479936407
2819,0.422544541937745,0.339551144681047,0.0334386032906627,0.0437549894211715,0.12076456653449,0.0399461541348844
2820,0.389955990635348,0.241082903064486,0.235261060412501,0.0339569681744379,0.0573260981324227,0.0424169795808052
2821,0.0172510544847382,0.103928482918864,0.021569012312735,0.0190209338032791,0.521851640021971,0.316378876458413
2822,0.132559307982022,0.239746831724039,0.149980474917736,0.0610851338862204,0.201275580090605,0.215352671399377
2823,0.0297080312225574,0.101290304724577,0.0995457703957584,0.0680709835332345,0.237506413013156,0.463878497110717
2824,0.0130308640842327,0.0803763122186516,0.191463570945176,0.0429037218564906,0.324954738490716,0.347270792404733
2825,0.00373575639382144,0.0130527283982148,0.208372072727671,0.00316046110754061,0.0107135493053523,0.7609654320674
2826,0.0360484137368748,0.176399146016991,0.038220482238056,0.0546760502737788,0.572903684495954,0.121752223238345
2827,0.0652501824919676,0.439447824977927,0.165394703219194,0.0217374108531813,0.143763476581869,0.164406401875862
2828,0.0143776144718014,0.150035460080735,0.133145238974113,0.0145807450307647,0.34199941580334,0.345861525639246
2829,0.0284598430070648,0.0391849965181896,0.0296292676667633,0.226570139274314,0.586210197303171,0.0899455562304975
2830,0.00382690079246615,0.0263499915836042,0.105750653803624,0.040396665933194,0.186814054187664,0.636861733699448
2831,0.344912061288285,0.259139821598429,0.150455064000213,0.114837444969979,0.0795433456079589,0.0511122625351359
2832,0.0147342787206527,0.212396300381831,0.221730106774448,0.020728575718146,0.23469551380164,0.295715224603283
2833,0.357295473428507,0.145598608939417,0.05331749076186,0.148797270643245,0.17639104265043,0.118600113576541
2834,0.016799923608502,0.130559525252396,0.0918517023865671,0.016941783151749,0.181975517546765,0.561871548054021
2835,0.229867956170889,0.230565377574176,0.0418510245995053,0.130431250214597,0.245328228734769,0.121956162706063
2836,0.0800355524970059,0.127350103417764,0.0717852103612452,0.094702382191595,0.318873738363546,0.307253013168843
2837,0.0208551914314471,0.163043580590131,0.384387651794647,0.0275762007889218,0.195744953752104,0.208392421642749
2838,0.147089605287213,0.265243192866966,0.245059145520915,0.0617507141936493,0.0893358616289458,0.19152148050231
2839,0.0915909170378598,0.222612574090057,0.177102022956749,0.145957873142131,0.19796442306978,0.164772189703423
2840,0.139094889002123,0.0817298617144687,0.165017653335629,0.358358930997332,0.11523248222968,0.140566182720768
2841,0.293756320263679,0.238794013531904,0.0790035802217907,0.0379203782037022,0.216749794898772,0.133775912880152
2842,0.0135074479215473,0.0802840116203739,0.0403954660259484,0.0153773454686526,0.427910493020863,0.422525235942615
2843,0.102752903349919,0.145057098622175,0.208478339606412,0.0100102821650386,0.34841776139064,0.185283614865815
2844,0.0437470423601127,0.124241972635834,0.482128274889048,0.0108187217238063,0.0639342007666467,0.275129787624553
2845,0.310782579945296,0.444111126803537,0.0797971970951562,0.0983947089532534,0.050524797347305,0.0163895898554524
2846,0.00614246519889754,0.0163508793900976,0.0209265734689211,0.0344069813300597,0.323765408207211,0.598407692404813
