"CUS_ID","F20-","F30","F30+","M20-","M30","M30+"
2501,0.888536410879255,0.0212193432269685,0.0463666509480126,0.0144433322788428,0.00313592656452786,0.0262983361023934
2502,0.48209763711439,0.046332807528438,0.148480100789087,0.0409206892964785,0.179084697750697,0.10308406752091
2503,0.901483926568905,0.00564063224721366,0.0617904106752172,0.00777340392157174,0.00819416346931094,0.0151174631177816
2504,0.915156468424288,0.0472400227957838,0.0102232059504841,0.00519245813639144,0.0173874137449412,0.00480043094811132
2505,0.610284535069942,0.0637765671338699,0.130402397148297,0.0172881645352345,0.0680663309274719,0.110182005185185
2506,0.715315349460855,0.010630540094814,0.0767722464738445,0.0155439653136358,0.0863802516644653,0.0953576469923851
2507,0.613911251260091,0.0091257578282442,0.0246923450809481,0.0429893250480968,0.0463941085948781,0.262887212187742
2508,0.400397962072844,0.00376730217452999,0.01261972951877,0.00173673577294186,0.100914353485422,0.480563916975492
2509,0.581437165263106,0.072156610420696,0.0335730548219281,0.0245085233776351,0.140352437872039,0.147972208244597
2510,0.61043039736181,0.0207418726667344,0.0530231410670568,0.02911000997694,0.0377165579248444,0.248978021002615
2511,0.957738625982433,0.0226781205216772,0.0075853229579396,0.00830073268305163,0.00221572950177782,0.00148146835312046
2512,0.795477221426695,0.0122620326592156,0.0254964732298608,0.0109585378073879,0.0799501820434884,0.0758555528333522
2513,0.367345208320079,0.0197681111678546,0.0332855224117763,0.00589098796246017,0.0468319619745266,0.526878208163304
2514,0.872058171413704,0.0407975186425205,0.0380418267626542,0.00708885261281682,0.0113880696337763,0.0306255609345281
2515,0.599572145508385,0.00822614075373547,0.0671929516714481,0.0168657471959,0.015518880097112,0.292624134773419
2516,0.742019487427124,0.0233242645009067,0.0191828832386924,0.025459441300497,0.112499265022237,0.0775146585105423
2517,0.73934889677035,0.0155684231263896,0.114284880764538,0.0106406586670397,0.0180591107057971,0.102098029965886
2518,0.930904753351245,0.0348016226558603,0.00997083161143367,0.00956170607243096,0.011715159457983,0.00304592685104727
2519,0.843767786015901,0.0966148160343457,0.0435144151810086,0.0010998008294094,0.00935371136603689,0.00564947057329885
2520,0.586125059776761,0.0237565357919575,0.00873936101526832,0.0136913145327712,0.244756696312421,0.12293103257082
2521,0.909307939218828,0.000892064643589232,0.0178898162715527,0.0151487229857498,0.00475051770608874,0.0520109391741921
2522,0.912031027228399,0.0430903012978965,0.0161477112917524,0.00824299821890267,0.0129499073566097,0.00753805460643999
2523,0.80003340344036,0.043157363289614,0.0724613503072687,0.00480202980286071,0.026879662645759,0.0526661905141379
2524,0.899126809429801,0.0019153437842447,0.0304953400763477,0.0310510340213032,0.0110277895487889,0.0263836831395144
2525,0.862981106683618,0.00814292149688361,0.0138726911114378,0.0219470384141415,0.0727737778948786,0.0202824643990408
2526,0.7730868840794,0.0503943252059642,0.0593459229692301,0.017101772235437,0.0407863325380898,0.0592847629718792
2527,0.942370468112759,0.0342776933988534,0.00829474072601813,0.00442826551936955,0.0045786956579104,0.00605013658508926
2528,0.647005544237352,0.005731235020736,0.0236747266827607,0.0302907251260859,0.0635290947745845,0.229768674158481
2529,0.672549798965112,0.0262465739557299,0.100607061840474,0.0186614204373517,0.0578285630910415,0.124106581710291
2530,0.356084594063201,0.0129162026151899,0.0290226890833387,0.0283934125351459,0.0362048947369828,0.537378206966142
2531,0.670730688102834,0.0130105006996661,0.054864797405436,0.0173950086212541,0.0958828661608608,0.148116139009949
2532,0.66338031879465,0.0256014774373673,0.0835337439354276,0.0195422263582284,0.107596105686812,0.100346127787515
2533,0.540413008225928,0.00489620023968058,0.0143703211029826,0.0138252742773154,0.0196723942557113,0.406822801898382
2534,0.89015325887246,0.00694292226502213,0.00741034540436096,0.0608382951020439,0.0271182708147166,0.00753690754139644
2535,0.756505657261919,0.024108530694461,0.037495709596545,0.0554769576066599,0.0229984456492935,0.103414699191122
2536,0.832869114728385,0.0296005046381174,0.0389393344322616,0.00717992292791317,0.0346356487209652,0.0567754745523577
2537,0.784206930580995,0.0543797309817676,0.140816272753573,0.00447479056128723,0.0032420432836195,0.0128802318387579
2538,0.877976415475836,0.0337338822154876,0.00798235423179624,0.0119607851786286,0.0373064295757446,0.0310401333225069
2539,0.841805601160279,0.0376267101302915,0.0616204869761228,0.0255709914193741,0.0085410417455532,0.0248351685683795
2540,0.942508087254322,0.0249534623826653,0.00301567540957892,0.00512080192818026,0.0161104123244622,0.00829156070079096
2541,0.867081937793362,0.00905849667816706,0.00352146823359712,0.00836130582346027,0.0912533431657727,0.020723448305641
2542,0.902894770021783,0.0211014158903654,0.0512015685267273,0.00149125189837501,0.00858487203378287,0.0147261216289661
2543,0.557655262712298,0.0144753340138966,0.035878048886396,0.0126798280132358,0.0450693468308023,0.334242179543371
2544,0.787126788037562,0.0250965499617507,0.0172832978650322,0.0423418163472371,0.0589805028368778,0.0691710449515404
2545,0.627706099324222,0.0908700321667115,0.0308352246052842,0.0109163797730182,0.0927389071851592,0.146933356945605
2546,0.692377177926322,0.00552552965141636,0.00576952176698645,0.0698858270372767,0.147704217493446,0.0787377261245523
2547,0.944346780870357,0.00303484599303463,0.00620398524778154,0.0355244052768997,0.00493938150323102,0.00595060110869622
2548,0.850684898074613,0.00646472516524867,0.016350161141878,0.017742325040019,0.0240418623736353,0.0847160282046065
2549,0.430313058561094,0.0109969323973536,0.0807382872651997,0.0139071413447039,0.0826494735856245,0.381395106846025
2550,0.639587727590424,0.00773574920507728,0.00581770406988108,0.0568396948620514,0.1538572799925,0.136161844280067
2551,0.781586323786581,0.122799951913142,0.0168156642529285,0.0035948284795758,0.0221966537001444,0.0530065778676286
2552,0.858149632191509,0.0556636018964168,0.0348725806956035,0.025785166864882,0.00466628442367262,0.0208627339279164
2553,0.951037633248135,0.0330011975364042,0.00503623343814994,0.00442465834869451,0.00323219903445758,0.00326807839415874
2554,0.748914876948539,0.0459386275749254,0.0396798866358605,0.0448925836275637,0.0653277958124952,0.0552462294006162
2555,0.592967641544659,0.00735922845143304,0.0184874188976547,0.0177272828823535,0.134630845766125,0.228827582457774
2556,0.787259351797408,0.0507043468240461,0.0907411631187016,0.0287370585100661,0.00938132082221866,0.0331767589275592
2557,0.896196081190999,0.0560611075486422,0.018761492378635,0.0222610514417206,0.0029517604701325,0.00376850696987058
2558,0.850674006557163,0.0104483032500282,0.0492537508820387,0.0552793473251508,0.0187852649879867,0.0155593269976326
2559,0.805575878033908,0.053018791593883,0.0847770278944753,0.00909703215052908,0.00935630344013092,0.0381749668870735
2560,0.393653465103353,0.0178708686555908,0.0903460012560634,0.0422265441644752,0.0634214728585796,0.392481647961938
2561,0.670817274595497,0.0182734027149002,0.0506551280728976,0.0301170772980724,0.00347839183932112,0.226658725479311
2562,0.932311822160004,0.0406267534831408,0.00785011942994451,0.00216413672963921,0.0098863533314077,0.00716081486586347
2563,0.86458728977891,0.0805284389642569,0.0181943289226017,0.0189666721832141,0.00723806372226295,0.0104852064287542
2564,0.829229987709958,0.0178542457529625,0.0117132930868415,0.0319860377951007,0.0866144233965046,0.0226020122586327
2565,0.529251304334903,0.0422131766915363,0.0814257207813058,0.031789781479021,0.0430434137744924,0.272276602938741
2566,0.460983765337896,0.00844124957600769,0.022869650982162,0.0505141511307112,0.0598336656954336,0.39735751727779
2567,0.750636450964126,0.0102269578855336,0.0549096857113208,0.0286249888253499,0.0160326367335535,0.139569279880116
2568,0.353625406497162,0.0219962330907251,0.0376405777501264,0.0108973332145823,0.0271225542477273,0.548717895199677
2569,0.657917328675975,0.0492140745269128,0.130589751231469,0.0157634411582065,0.0129019829225157,0.133613421484921
2570,0.73628418948919,0.0724311523737071,0.1197089457066,0.0141962167500909,0.00976232976967843,0.0476171659107342
2571,0.882155053798641,0.0104947733245578,0.0107309556809594,0.0072660849946766,0.0595069121513186,0.0298462200498463
2572,0.845444039303501,0.0161708164619304,0.0278250349911649,0.0732905089525238,0.01096679028224,0.0263028100086397
2573,0.889868001998603,0.0239810733338806,0.0243253906389314,0.00686750246644922,0.00840362216980625,0.046554409392329
2574,0.706054011514287,0.00667711849264562,0.0122537023020605,0.0209969092796546,0.21858313556178,0.0354351228495721
2575,0.6758565257033,0.00679429040004446,0.00397803930516894,0.0180726589609549,0.181895251074927,0.113403234555605
2576,0.892175907680214,0.0404203482595292,0.032213453808877,0.00911187084798426,0.0192664272732865,0.00681199213010878
2577,0.804157798209553,0.031033427662876,0.0582257555529151,0.0440366942049571,0.01880699357316,0.0437393307965391
2578,0.347386383628889,0.00228991273461533,0.0104051461332214,0.00708705854807991,0.010330724293626,0.622500774661568
2579,0.869078422160145,0.0536808644548507,0.0495150047152314,0.00581597315649989,0.00522193546403904,0.0166878000492344
2580,0.812898089427901,0.0166602988287073,0.0902067505076877,0.0152071374308773,0.0113575711660146,0.0536701526388118
2581,0.758723782836058,0.00245333273812128,0.0199086432525431,0.0838757709732535,0.0515463979547465,0.0834920722452776
2582,0.712108406312519,0.205968140963617,0.0273595706011188,0.0117098656970375,0.0253608542917985,0.0174931621339089
2583,0.624663149034412,0.180777708793098,0.133180638403458,0.00894644443627036,0.0211645941160814,0.0312674652166805
2584,0.909646165808528,0.0677663060332491,0.00781551419200881,0.00162377743593222,0.0106150286867315,0.00253320784355057
2585,0.666973538092635,0.00429756751507172,0.0242842386020302,0.00647243773593279,0.0440245169260082,0.253947701128322
2586,0.754624270396174,0.0338216790013947,0.0743016064916639,0.00870171112066027,0.0215958636604633,0.106954869329644
2587,0.86776692448257,0.0221525272111321,0.00919981776620431,0.0127900749847148,0.0604059664798296,0.0276846890755494
2588,0.721144055534118,0.00806315606332783,0.00484295974941231,0.00738808297393,0.203044428534072,0.0555173171451398
2589,0.649710691168268,0.063667553670271,0.0294551108849901,0.0185001165612815,0.129592899475225,0.109073628239964
2590,0.378549507196539,0.0278150619466409,0.133156794334362,0.0322776293772067,0.0918570352856963,0.336343971859556
2591,0.86447810005114,0.0148838022845919,0.0441954519902658,0.040940480666541,0.00244541109941972,0.0330567539080419
2592,0.688940931752667,0.00937141946172798,0.00620842837031211,0.00413828858216463,0.102695925785402,0.188645006047726
2593,0.886828204801247,0.0521518596047075,0.00807065648953385,0.0101449508767835,0.0139017361716783,0.0289025920560497
2594,0.603623652354588,0.0200262904389465,0.03570330547084,0.0196613466621082,0.0958381538730226,0.225147251200495
2595,0.777681067795327,0.0147353133850383,0.0149419112361539,0.055401642069705,0.103532646234513,0.0337074192792631
2596,0.980800393972693,0.0125494404168358,0.000848247184078694,0.00129601651228557,0.00414993757953349,0.000355964334573035
2597,0.627558840965678,0.0107870047806323,0.0657740690984795,0.091832073940769,0.0655683213403397,0.138479689874101
2598,0.536109832247702,0.0344353259421113,0.115077620366031,0.0136976258016908,0.0205830367933546,0.280096558849111
2599,0.869591118071691,0.0561223569759486,0.0298865813678234,0.00885104431700914,0.0200009204627334,0.0155479788047947
2600,0.842702513681815,0.00177962016240546,0.0169335246743967,0.0325848731395759,0.0244498637830209,0.0815496045587858
2601,0.804320551178098,0.0137735900333017,0.0637893663997599,0.0196308521226108,0.014258143308261,0.0842274969579691
2602,0.542685935842508,0.0265675239252887,0.0772907602110422,0.021464851729704,0.0363147817102416,0.295676146581216
2603,0.831757068114524,0.0369212697802644,0.0548340502344036,0.00738400233800391,0.0188722720139583,0.0502313375188461
2604,0.700911627224942,0.0672258116418877,0.0241477442783255,0.0713853927512732,0.0713985144931702,0.0649309096104013
2605,0.745177777077473,0.000933423071391376,0.0268955800522995,0.00443898752590477,0.0554129900782316,0.1671412421947
2606,0.809222205623735,0.0128579972053371,0.0313120023586594,0.0298773689887729,0.0254553112521239,0.091275114571372
2607,0.299640093263176,0.0131366906693961,0.0627718078158209,0.0209355014854797,0.0576036799228661,0.545912226843261
2608,0.856698675793762,0.0179424622875336,0.0210182841383842,0.00937878036410532,0.0731417184122996,0.0218200790039154
2609,0.540290837319227,0.0150170448200835,0.020392457473013,0.0158149584305006,0.126552379198756,0.28193232275842
2610,0.78956421363461,0.0318747996968176,0.0170326578471721,0.0182712797941752,0.0834037066779061,0.0598533423493188
2611,0.528784238602808,0.017602718828472,0.103460707849832,0.0379330807912558,0.0446927701089439,0.267526483818688
2612,0.800835332595234,0.0580387043801936,0.0446944152775071,0.0210399907887322,0.0103250286087331,0.0650665283496002
2613,0.902408461674061,0.0680653306038157,0.0146544945387673,0.00276209721764709,0.00589604510165368,0.00621357086405544
2614,0.852131651342026,0.0110347337732488,0.0181836549878563,0.0272970833535575,0.0256237600998597,0.0657291164434513
2615,0.910426200488161,0.0577450597377035,0.0205395281802458,0.0044681173576515,0.00274898475054604,0.00407210948569181
2616,0.422369000625421,0.0201302668501497,0.03988771223337,0.0299045110065919,0.25172786841971,0.235980640864757
2617,0.75378636102277,0.0796300963910157,0.123514412267313,0.0100745793371925,0.00801910304476459,0.0249754479369444
2618,0.669223088273,0.032969049798587,0.0318007873718762,0.0134535357613044,0.121960482713879,0.130593056081353
2619,0.700932307397597,0.0169593657555266,0.00485136234565977,0.00758940081148503,0.179604387820413,0.0900631758693189
2620,0.414401247456681,0.0264150890313126,0.117567619860176,0.0556187899346913,0.135854564664946,0.250142689052194
2621,0.681540034377022,0.0130219833293868,0.0216144691426012,0.0087618214062466,0.10860418767695,0.166457504067793
2622,0.594851203989205,0.00787714033330742,0.00637714005439885,0.00468984643846231,0.0303585623505289,0.355846106834097
2623,0.86639478898107,0.0717540197970349,0.0100086415923464,0.00477691431272171,0.0367819163031919,0.0102837190136349
2624,0.890589442299255,0.00184920184111763,0.0120972997881007,0.0245178268835652,0.00856962114611496,0.0623766080418464
2625,0.730242548283432,0.0906601760482241,0.10295642527005,0.0310284076655109,0.028826733204047,0.0162857095287355
2626,0.716688671093918,0.00903886268054017,0.0149221546773515,0.0131066356879306,0.0219818624349562,0.224261813425304
2627,0.718717494823398,0.0372145283009567,0.0930420603186204,0.0386807167257142,0.014854841422653,0.0974903584086582
2628,0.772100614447891,0.0201280466549732,0.0641501962255042,0.0222812737615432,0.0917453392766964,0.0295945296333915
2629,0.805228321683791,0.0161592214340707,0.0237647643701437,0.016354525824811,0.0496626065535288,0.0888305601336545
2630,0.854265261282203,0.0476614982850539,0.0123150832159788,0.0205556704411067,0.0133663443745778,0.0518361424010802
2631,0.577764217960509,0.0169309902306693,0.171391637579059,0.0308707660644765,0.0191819053471488,0.183860482818138
2632,0.395403599109357,0.00709887075310737,0.0245801263288222,0.0210129956299034,0.029749426112495,0.522154982066315
2633,0.886184137066255,0.0269176171551236,0.0255997375306633,0.0227000971683277,0.0217566400195444,0.0168417710600864
2634,0.692583869606978,0.00832917744522488,0.100641480527238,0.0279337272888168,0.0308369846482859,0.139674760483456
2635,0.550647207304105,0.0225835692978226,0.0502861992261753,0.0216175894566074,0.157458325604144,0.197407109111147
2636,0.458932466007677,0.0554642294946201,0.0302802327262562,0.0125840386034634,0.227960633274545,0.214778399893438
2637,0.521483400384041,0.0179982056151441,0.0235011155762299,0.00622877588036749,0.247819691567122,0.182968810977096
2638,0.813902680062277,0.013263227508313,0.0210707562060911,0.0472249674388785,0.043931847261489,0.0606065215229517
2639,0.743636847588019,0.0378501189718126,0.00822670050034069,0.0562918522151132,0.127581124500305,0.0264133562244092
2640,0.704361631986537,0.0133174817476002,0.0316862664320718,0.01236144841821,0.0152504314803217,0.223022739935259
2641,0.815829074997465,0.105074875695601,0.0166462504784902,0.0175859983474698,0.0242709349403758,0.0205928655405981
2642,0.707950609259309,0.00730227233854118,0.0451639583018563,0.0106185802739737,0.00697389486691858,0.221990684959401
2643,0.910445699549725,0.0627367916811297,0.00873925092759944,0.00569778770725388,0.0098552016610622,0.00252526847322941
2644,0.415570943117353,0.0146746786177614,0.0278131679726191,0.011334027250117,0.0741818982278821,0.456425284814267
2645,0.447305177940654,0.0775844162890272,0.0210895332429358,0.0114054978253545,0.0769517576866485,0.36566361701538
2646,0.510840970028648,0.00768259039190283,0.0540646624895421,0.0335474316296731,0.0182359037351537,0.37562844172508
2647,0.796773987497913,0.0275838946430725,0.0237086520366247,0.0221924344297152,0.03588965561663,0.0938513757760443
2648,0.950898393077349,0.0121352784205535,0.0162951479432742,0.019240088216888,0.000248160320015323,0.00118293202191999
2649,0.834855957332524,0.0112611147132326,0.0268234119344756,0.00833568444766956,0.0237651026849896,0.0949587288871085
2650,0.755855345853413,0.015754358680667,0.0176997130705218,0.0177354287673448,0.037736721809194,0.15521843181886
2651,0.706462963357459,0.0156259415887669,0.0218506202259432,0.0202172262040825,0.141927697449734,0.0939155511740149
2652,0.614069805698678,0.0495219281073308,0.0211711173978132,0.019819325560833,0.0678537138503666,0.227564109384978
2653,0.883764868126494,0.0415060734405541,0.0301806237980276,0.00397190807132059,0.0200086098077563,0.0205679167558473
2654,0.544483852466526,0.0121206583637691,0.0738157265099594,0.0427306873223418,0.0438766120632459,0.282972463274158
2655,0.910025867342949,0.0636199442214094,0.00898260239342361,0.00605697499005938,0.00651042895615812,0.00480418209600043
2656,0.397554727524892,0.0223059493080776,0.0446391279650616,0.0156948229183056,0.0954604659200256,0.424344906363638
2657,0.705202952168516,0.00619614254031526,0.0415760294335636,0.0388737378965806,0.0088319115044334,0.199319226456591
2658,0.914692855359707,0.00632301068050799,0.0104473829224417,0.0122647561782797,0.0410227629765935,0.0152492318824699
2659,0.842904938743451,0.0346700343072451,0.0109165728095315,0.0321265069076291,0.0718874257872166,0.00749452144492708
2660,0.493089616717376,0.0164060184011152,0.0314630504857629,0.0359752140532326,0.0631484143121543,0.359917686030359
2661,0.481990921500943,0.0120605291739916,0.0500341270067283,0.0512025675984199,0.0305497034049999,0.374162151314917
2662,0.546924712946249,0.0141143992425027,0.0791344239620062,0.0392949180194517,0.0385229240397114,0.282008621790079
2663,0.454575064415474,0.0174117914875852,0.0315809671516194,0.0177513321029622,0.136783125680028,0.341897719162331
2664,0.773356449948169,0.00905689239744754,0.0280455570405399,0.0129069388584797,0.0345752195619523,0.142058942193411
2665,0.884286419331287,0.0461065419144448,0.0171674569312066,0.0204121423856524,0.0106226532937368,0.0214047861436722
2666,0.956572058610634,0.000960171602318836,0.00397214443165546,0.00792880889014586,0.000477998001945749,0.0300888184633005
2667,0.77531835642743,0.0216624066830326,0.109966265183134,0.0464960780007189,0.010883764869218,0.0356731288364661
2668,0.808048441890237,0.0155465973302695,0.0580223450477446,0.0376123511834091,0.0172909137520956,0.063479350796244
2669,0.670325473818694,0.0588840338303014,0.0724173090574369,0.0230899435197554,0.0594579384000926,0.11582530137372
2670,0.529561679772801,0.0186489734025438,0.0559095015190528,0.0322664873074383,0.0711331058537996,0.292480252144364
2671,0.709428795807358,0.0131065054980944,0.0142173462840503,0.0547443959791806,0.0840555980347475,0.124447358396569
2672,0.503662041442724,0.0370517261402476,0.0878991509573373,0.0296323583049707,0.0720539479914161,0.269700775163304
2673,0.909405799174428,0.0388076089529248,0.00588185936113167,0.015409539365294,0.0242055700956751,0.00628962305054686
2674,0.749800633354876,0.00568868171727793,0.0271134285961947,0.116440072294587,0.0355151596325597,0.0654420244045047
2675,0.948464103819985,0.0412631789976327,0.00145973373893777,0.00195297157295945,0.00593092923691701,0.000929082633567805
2676,0.607254315559485,0.0146294613503073,0.0168576457236442,0.0235425197338617,0.111325677946505,0.226390379686197
2677,0.882507344862141,0.00929046704733857,0.00956928879557658,0.00458219183891324,0.0139919518887957,0.0800587555672348
2678,0.769480695765301,0.0359894506159121,0.0506554352545336,0.0489222321914947,0.0354326409907935,0.0595195451819647
2679,0.254207773661557,0.00759771164499915,0.035792033504819,0.00823774601253914,0.0875365101013406,0.606628225074745
2680,0.709829110065905,0.0214899985155342,0.0479154889483452,0.0465683074143273,0.114074526231639,0.0601225688242498
2681,0.777239523954616,0.00426947879771028,0.0401011904663261,0.049260122679086,0.0061290868295855,0.123000597272677
2682,0.532797406629663,0.0112617226739385,0.0428307763328076,0.0507138010769612,0.114478704689374,0.247917588597256
2683,0.909827474531268,0.0616715394913039,0.00517737168737052,0.00170705499598079,0.0186197287862892,0.00299683050778772
2684,0.479738485156275,0.00945428971958808,0.0263604374233424,0.0137122854851893,0.152378067804677,0.318356434410929
2685,0.940108906806524,0.0100114576269202,0.00429072696341786,0.0230583906768197,0.00238548419537701,0.0201450337309406
2686,0.692533514010718,0.0271034815395312,0.0731372398572168,0.0102517726675954,0.0556011032402334,0.141372888684706
2687,0.907772562722649,0.0374392831725222,0.0177735074894838,0.0176839065478729,0.0153713878164065,0.00395935225106606
2688,0.789996724730883,0.00886481933996429,0.0213780962253219,0.0328981795684923,0.0796292424203019,0.0672329377150367
2689,0.911550212752641,0.0426528676553708,0.0117802434995507,0.0086825197106162,0.0160852747045985,0.00924888167722242
2690,0.419951513183081,0.0113829322831032,0.0123083879001906,0.0397271017043999,0.288956950611772,0.227673114317453
2691,0.688910440036835,0.0523943668340155,0.0182526763621828,0.0280385090098643,0.0582464984850857,0.154157509272017
2692,0.670127701120588,0.0665722149865606,0.0927134907175191,0.0304783819323922,0.0200392599818198,0.120068951261121
2693,0.782000365833399,0.0321990388635382,0.0722794400451529,0.0176053041301566,0.0115378473618184,0.084378003765935
2694,0.57619784239289,0.00663126568111703,0.0280000078699963,0.0173270376447987,0.0379696806250544,0.333874165786144
2695,0.946211876316407,0.0265953704963779,0.00669306395195768,0.00997565853345346,0.00825310436824002,0.00227092633356379
2696,0.737045352231273,0.0186677947107514,0.0727237309038769,0.0515428642512916,0.0222250472989876,0.0977952106038196
2697,0.577931867477724,0.0411298500593293,0.180487802923456,0.0198231337425548,0.0109207745402105,0.169706571256726
2698,0.702729126231295,0.00488985752456387,0.0193583714029129,0.111678900883361,0.00284728404568631,0.158496459912181
2699,0.779503070598966,0.00817449898319944,0.0825793355198301,0.101469950536685,0.00128136155866341,0.0269917828026566
2700,0.266907494294926,0.0158760312242957,0.0410055898964973,0.00902941991093729,0.0467171644965032,0.62046430017684
2701,0.690514848696323,0.00258274592639143,0.0201088534013516,0.0936765750288881,0.0502004096117483,0.142916567335297
2702,0.928850947664704,0.0337234606364005,0.0159258251110789,0.0129936957520722,0.00345515703623139,0.00505091379951352
2703,0.774614981426055,0.0542489953973803,0.0365544256206631,0.0349428166206803,0.0400456254088074,0.0595931555264138
2704,0.660878912528779,0.0705632318243926,0.141068750627694,0.0922916622460214,0.0120414994243876,0.023155943348726
2705,0.791353037944074,0.0118801721933278,0.0937189837031386,0.0361974783182694,0.0120920511067081,0.0547582767344826
2706,0.610794676177743,0.0114516795503522,0.0222827482546187,0.169718079525784,0.0146904678096967,0.171062348681805
2707,0.556292292991354,0.0118096106816987,0.024532274883333,0.0137393484468871,0.108761409435789,0.284865063560939
2708,0.922792821121004,0.0368500654207791,0.0105698831878641,0.0106774137858646,0.0134862153937248,0.00562360109076369
2709,0.821272035363927,0.0113355425377191,0.085296522142653,0.0411403295394662,0.00169439992679931,0.0392611704894351
2710,0.888583349413232,0.0227008720531071,0.00737647736502136,0.0487413111049358,0.0158989609884206,0.0166990290752827
2711,0.606748017983593,0.123186598116964,0.0400581131352754,0.00902204592169726,0.062487506367766,0.158497718474704
2712,0.80566760315618,0.0157770342135009,0.00460199130802766,0.00426774555932653,0.154009106783302,0.0156765189796626
2713,0.919090471864309,0.0124352263390905,0.0278331758731343,0.0159806812757001,0.00979966849462486,0.0148607761531408
2714,0.445095703620385,0.0159965109208076,0.0724102064052436,0.110298918347849,0.033795418643748,0.322403242061967
2715,0.860677133437109,0.00346593581555092,0.0249453256534751,0.0542740121128386,0.00589635654551462,0.0507412364355115
2716,0.640046378687596,0.0222786096363225,0.0407722796020774,0.00862979605478619,0.07529924204822,0.212973693970998
2717,0.630625533398984,0.00703761811789233,0.0116434481892746,0.0249028239740638,0.0413808119878408,0.284409764331944
2718,0.585191938142785,0.0274322716932271,0.0687364977675346,0.0730631252834355,0.0734059876578528,0.172170179455165
2719,0.780346268327809,0.0196265195512103,0.055464977896045,0.0167008455834055,0.023541100630972,0.104320288010559
2720,0.766301822415174,0.0291467282676593,0.044673682420538,0.0121696318393366,0.023260612382914,0.124447522674378
2721,0.525692073059059,0.017854643598909,0.0241107283412543,0.0317593593929338,0.118157367957878,0.282425827649966
2722,0.90902091032325,0.0541539408248961,0.0263235245569394,0.00573252471028728,0.000922586098693733,0.00384651348593373
2723,0.769779778148198,0.0143101025833501,0.0557538635984936,0.0332462604754439,0.0166234113058425,0.110286583888672
2724,0.970897587406424,0.0120249534708326,0.00785063229603163,0.00247212500446526,0.00514014947082218,0.00161455235142412
2725,0.863560836508303,0.0643624559095253,0.0342162532458724,0.00728146134124531,0.0264135309788057,0.0041654620162485
2726,0.844779909163803,0.00619476533707966,0.0104137422439972,0.0457913136349692,0.0462189262055587,0.046601343414592
2727,0.499288990937903,0.00498664720157771,0.0486780945719451,0.0110118417865906,0.155706836812926,0.280327588689057
2728,0.629990042632375,0.0273217084118323,0.0381455769642903,0.0691216377692538,0.0270450619260959,0.208375972296153
2729,0.814709200371102,0.0415494912461762,0.0285152262692871,0.00815718282091308,0.0502186608638737,0.0568502384286483
2730,0.700657212750328,0.00223262988954686,0.0189899122168622,0.00930616890178214,0.0303160002157419,0.238498076025739
2731,0.87256181841657,0.0202200035776401,0.0175063210537526,0.0269149355979447,0.0344772394978995,0.0283196818561936
2732,0.785664607128295,0.0111097980148132,0.0695153249121734,0.043364685803178,0.00582122025719917,0.0845243638843408
2733,0.762361305772087,0.0102090274137205,0.0543630029625113,0.0522877322959949,0.0650368770147819,0.0557420545409047
2734,0.876954798752973,0.0269202331775271,0.0674776825762654,0.00347874792953997,0.0084944629847123,0.0166740745789818
2735,0.761934860341216,0.0595629526876722,0.0836801128743748,0.0207391884181726,0.0192711751696882,0.0548117105088764
2736,0.651482636641789,0.016813721839563,0.013848274493935,0.0335037853559247,0.245445396230898,0.03890618543789
2737,0.848997968923123,0.0210901385059442,0.044087440332808,0.0380840693948086,0.000824742651044051,0.046915640192272
2738,0.721236499415735,0.025833236384968,0.0620093789646842,0.0328588242059456,0.0394104546511145,0.118651606377553
2739,0.759185423516206,0.114144407372149,0.0696987546343913,0.00816218345234399,0.026662705533306,0.0221465254916039
2740,0.879296203339859,0.0568142581260507,0.0111781327785368,0.0191215868910899,0.0129803607040425,0.0206094581604205
2741,0.687236873418353,0.11260637706975,0.0476487334101401,0.021816120881343,0.0592731930621427,0.0714187021582709
2742,0.779445241196384,0.00835756529471761,0.0188420284136159,0.0345174306547094,0.0946099166992846,0.0642278177412886
2743,0.82638325406861,0.0609830023365643,0.0294335976595701,0.0225921777689543,0.0337351078837006,0.026872860282601
2744,0.734517352221206,0.00378973901647165,0.0352388538078546,0.0082466634165293,0.132585364750384,0.0856220267875542
2745,0.702813200496733,0.000690346041642092,0.00570460063078169,0.0192541614841173,0.0381598303960928,0.233377860950633
2746,0.631921925273251,0.0346167201746188,0.059287508227796,0.0458776728468833,0.100374427475251,0.1279217460022
2747,0.637991645913415,0.0104706853447042,0.00640985919279537,0.0163107012175223,0.154739099499977,0.174078008831586
2748,0.523498279006374,0.00644418160981422,0.0290761467165841,0.0159050381685043,0.108427795350528,0.316648559148196
2749,0.877007573689203,0.0108878109141405,0.0177747016680732,0.0165789497971112,0.0675392891739203,0.0102116747575522
2750,0.485668474979064,0.0187441253829113,0.17864125798365,0.0344410416069483,0.0606198319653859,0.22188526808204
2751,0.917624399043714,0.0243363247035441,0.00506594662459894,0.00366597534024141,0.0261495611801278,0.0231577931077741
2752,0.670971541053054,0.0756776485831526,0.0973040072763318,0.0211577002603909,0.0305405239034173,0.104348578923653
2753,0.816387054945396,0.00669126161520802,0.00743480278860245,0.0755081890978935,0.0666788090553344,0.0272998824975659
2754,0.518305284097796,0.0333810019354085,0.0840166855781543,0.00404488311676576,0.0311425077931996,0.329109637478676
2755,0.425027110864061,0.00121896642922247,0.0091188297014896,0.0105782735918018,0.0125870589042843,0.541469760509141
2756,0.802051779096054,0.00197313020946505,0.00811735206136609,0.0244243261266133,0.00585133995780568,0.157582072548696
2757,0.520395737257272,0.0379805790806517,0.0540841331305612,0.0405179734364734,0.11348030097269,0.233541276122351
2758,0.851090149611807,0.0216962204223445,0.0714116585329816,0.0150165606971763,0.0101855138861234,0.0305998968495677
2759,0.661159085570815,0.032624346181807,0.0886866009399316,0.008958317655308,0.0334597946455083,0.17511185500663
2760,0.938043835532407,0.00701538781434109,0.00409617427867145,0.0363452025426316,0.013315341539991,0.0011840582919575
2761,0.878230078431382,0.0161484992744517,0.0127951011499133,0.0217405991270346,0.0501230387775981,0.0209626832396201
2762,0.612517891591475,0.0358115325525088,0.0619141432143378,0.0155501154562327,0.0605235325418882,0.213682784643557
2763,0.701190287755886,0.0782215374745565,0.087765042027455,0.0430611328436927,0.030408755152654,0.0593532447457558
2764,0.694077269577656,0.018060678095353,0.0475801688602153,0.0256264415090923,0.015825983556236,0.198829458401448
2765,0.617616567475966,0.0486446536312293,0.0945521014296239,0.0484917407001893,0.0131619119843103,0.177533024778681
2766,0.641205769300858,0.0304642365214387,0.0552915707970674,0.0498449653810637,0.031021573243443,0.192171884756129
2767,0.791851198149263,0.00081440244058746,0.00082149859176909,0.00966042725075925,0.175777923004942,0.0210745505626791
2768,0.863116285296848,0.0321876767249074,0.0527535300081782,0.0279189371640603,0.00659774235210304,0.0174258284539032
2769,0.681247865614934,0.0468372297963236,0.103331405962905,0.00691623150383989,0.0626013889213661,0.0990658782006305
2770,0.331029292896352,0.0205429166621826,0.186741490397307,0.061325929810094,0.0294905952293311,0.370869775004733
2771,0.816529196987366,0.0195892817330489,0.0675196392935632,0.0626375589431104,0.00649162984922802,0.0272326931936836
2772,0.870330363017992,0.00580099528692948,0.00492944667612418,0.0203297773472469,0.0367282256136097,0.0618811920580978
2773,0.816012528076504,0.0307963616934831,0.063117454435611,0.0303626629866587,0.00466031143297222,0.0550506813747708
2774,0.843498226011409,0.0350640908431118,0.0359020993264897,0.0100759092728315,0.022783575707529,0.0526760988386289
2775,0.56837229665392,0.00327765887488268,0.0209938144566793,0.0382542166365243,0.0158894320011072,0.353212581376886
2776,0.549276505316328,0.00896473923023535,0.0179546847067755,0.0468227040729102,0.101255937296454,0.275725429377298
2777,0.29428447859217,0.00219176502068242,0.0408011177419722,0.0409318319343193,0.0152304052974527,0.606560401413403
2778,0.714548989854204,0.047234203296218,0.0402048229464535,0.0376482273944173,0.0427752295568915,0.117588526951816
2779,0.770809457449238,0.0166730518266934,0.0124630897426726,0.0945315037671574,0.0246003696727973,0.0809225275414408
2780,0.818892169065914,0.0194561875018543,0.0715057450703491,0.0428678272771217,0.0128844820041595,0.0343935890806013
2781,0.586126319815976,0.011682620474305,0.0106659276937377,0.0595203528436312,0.104116345897687,0.227888433274663
2782,0.661684750022196,0.00721824655861096,0.0484773379332561,0.0850398695614407,0.0111583140033688,0.186421481921127
2783,0.854718246468622,0.0903090966849867,0.025916028605055,0.00951953662575332,0.014655857560967,0.00488123405461615
2784,0.748307969115606,0.0499217119336765,0.0261539228919933,0.0252557197781669,0.0997136311798499,0.0506470451007078
2785,0.295539500015615,0.00474047569470212,0.0117338654998559,0.0105802180282113,0.0339091892790564,0.643496751482559
2786,0.522632113995606,0.00857725841675248,0.071183097923767,0.0306431025100169,0.0636740330669981,0.303290394086859
2787,0.582272179497187,0.0080373005201124,0.0449589619133415,0.0286194628111824,0.0567257873612398,0.279386307896937
2788,0.585085691870634,0.0165734743454108,0.0409034989828665,0.0259755094951567,0.0554718233525982,0.275990001953334
2789,0.799209009361411,0.0083759113229904,0.04976433375401,0.0500669806089973,0.0160172456034637,0.0765665193491276
2790,0.688972554758083,0.0961962028993154,0.0211152171255945,0.017405194618932,0.0495128847749007,0.126797945823174
2791,0.922689792012157,0.0109449297454082,0.00420813272041602,0.0119406057709168,0.0430580305406982,0.00715850921040385
2792,0.961160831024136,0.0239247345632571,0.0062008855477217,0.001879150425696,0.00256199662248867,0.00427240181670027
2793,0.529236856875894,0.0130710313558066,0.0415059653320117,0.0193252236265864,0.0440413087023874,0.352819614107314
2794,0.951586660456169,0.0164957691576283,0.00833310034731398,0.00208649115718869,0.0175110143049399,0.00398696457676007
2795,0.939761912444184,0.013232113155705,0.00513168145371607,0.00693512833554655,0.0322061417874987,0.00273302282334996
2796,0.4621562738975,0.00472516014582735,0.0758563026995096,0.029029413176739,0.043195828211999,0.385037021868425
2797,0.600600848552591,0.0360249634120466,0.033253571808888,0.0381283940869083,0.0812158890779188,0.210776333061648
2798,0.448476514674951,0.00948781884979567,0.145990577443148,0.058601834245797,0.0175638636763415,0.319879391109967
2799,0.826484210855273,0.0601467932151475,0.0339237483925833,0.0401272019134184,0.00413538890339491,0.0351826567201831
2800,0.56475826292901,0.0151299721787033,0.0129491284373895,0.0302862741250763,0.0467841555743455,0.330092206755475
2801,0.63200953070357,0.0111462946557953,0.0224809753592616,0.00711331429639976,0.0459367915377439,0.281313093447229
2802,0.713455262013298,0.0114641813491717,0.0217664593586225,0.0265570479412749,0.0249947412751751,0.201762308062457
2803,0.792477232379215,0.0889703896935827,0.0405167083183693,0.0163109398731522,0.0326645290668867,0.0290602006687938
2804,0.628389952127945,0.0216852479527468,0.0530184581068896,0.0416765358676654,0.0248556761702867,0.230374129774467
2805,0.87888661749339,0.0441530406260507,0.0258604586773596,0.0293079550118743,0.0121915378073004,0.0096003903840246
2806,0.89363885168869,0.00387941930858511,0.00342086602865123,0.0089876139119992,0.0546028588780712,0.0354703901840036
2807,0.710651928713648,0.0835140059009084,0.0409037903884875,0.0342882490325411,0.0367963078041394,0.0938457181602751
2808,0.581736686289012,0.0245233294110545,0.0339597332146542,0.020843066206762,0.0771857848379981,0.261751400040519
2809,0.717576855975545,0.0152740442558673,0.0530864271032071,0.0716781010488699,0.0576570418849279,0.0847275297315825
2810,0.443447168457571,0.00975347873702764,0.0312406224849233,0.0457065435919734,0.184908243007256,0.284943943721249
2811,0.554415205661772,0.0143652518540363,0.134531166266125,0.0386142366530764,0.00945466435053102,0.248619475214459
2812,0.904415935960378,0.0411254574091402,0.0322624860937387,0.0118669088608295,0.00468910452787141,0.00564010714804196
2813,0.610656953705726,0.101595478109693,0.0399445788812937,0.0192310380150484,0.0824630484412411,0.146108902846998
2814,0.642822302423386,0.0166173387847917,0.217862591273209,0.0163861004159975,0.0293063981251923,0.0770052689774244
2815,0.815955012182423,0.0124948966115742,0.0468518247950978,0.0159005953091781,0.014350398270475,0.0944472728312517
2816,0.836014228451825,0.0340928615081969,0.0513885522377021,0.0171597188618819,0.0423213964046364,0.0190232425357575
2817,0.765998067528098,0.0421896091309434,0.0701260706158605,0.0125234274198733,0.0734916003294336,0.0356712249757915
2818,0.896116464820529,0.0314833934953684,0.0374915664064095,0.0139903521876522,0.00865064272083585,0.0122675803692054
2819,0.951295360374479,0.0302006116009168,0.00701537380745224,0.00452560877413988,0.00362065575416875,0.003342389688843
2820,0.882159868515695,0.0413140037810109,0.0607536882960126,0.00818560043744939,0.00287463637369104,0.00471220259614132
2821,0.407185902557464,0.00605778954312367,0.0217697688716736,0.0028810544583425,0.0551257728741552,0.506979711695241
2822,0.892732498834814,0.016801664934699,0.0257692992564627,0.0273889288308571,0.0198306504936535,0.0174769576495134
2823,0.803720054150885,0.00844328094361859,0.016707824176614,0.0208012122813124,0.0449964555157927,0.105331172931777
2824,0.726384416285623,0.0310334661973351,0.0259669761440602,0.019410806263998,0.0477499593896213,0.149454375719363
2825,0.651502808662284,0.0147107450969997,0.0877944184000486,0.0544535215251553,0.0102356963765396,0.181302809938973
2826,0.543989662572194,0.0632209468424941,0.0420773457961023,0.0185981107940508,0.143622350413,0.188491583582159
2827,0.829580328026705,0.0412751470809388,0.0456026682570236,0.0229474299843987,0.0157415943325257,0.0448528323184081
2828,0.692690735491774,0.0368460355444136,0.0601579545928881,0.0332222686521999,0.0273386864106125,0.149744319308112
2829,0.612572684785654,0.0151964983300044,0.0132424748173865,0.0584196232864096,0.124569862747879,0.175998856032666
2830,0.361131203028706,0.00997460113353598,0.0233284364213461,0.0222954462848043,0.252935952121321,0.330334361010287
2831,0.903582632963518,0.0623161317705413,0.018405492291044,0.00687975155780314,0.00499924140686846,0.00381675001022552
2832,0.623163279305792,0.0306187350398083,0.160240895116454,0.0246834373707028,0.0246391521371738,0.136654501030069
2833,0.778476981651152,0.0495893791476008,0.0187762985957529,0.0450925346947151,0.0600397642680916,0.0480250416426874
2834,0.748793355976397,0.00849877667958559,0.0366246165212265,0.0236154841368481,0.0171610324090394,0.165306734276903
2835,0.933527340402298,0.0176003928604806,0.00801687752640439,0.00902538317254029,0.0183558368127926,0.013474169225484
2836,0.385451913958914,0.00969699900436256,0.0241465514904825,0.0250958355433418,0.14282376727211,0.412784932730789
2837,0.800695825048093,0.0115789377466761,0.070968152527271,0.0315073643902633,0.0203870011328674,0.0648627191548291
2838,0.771222411359475,0.076548130178203,0.0756521663401495,0.0233002700898109,0.0212719293298388,0.0320050927025224
2839,0.886675519088935,0.0132722401588858,0.0224838140813926,0.0124513008641131,0.0300364737014577,0.0350806521052154
