"CUS_ID","F20-","F30","F30+","M20-","M30","M30+"
2501,0.108526816093431,0.381414513209194,0.114582485355864,0.0312111554294519,0.190005546568661,0.174259483343397
2502,0.0437038564947489,0.121611046214779,0.181651115161639,0.0869971222739141,0.367417184978216,0.198619674876703
2503,0.0565991264839877,0.486496798691873,0.057165936786369,0.0480523274381853,0.27731121841653,0.0743745921830548
2504,0.388176653128209,0.161537513287405,0.158104500390867,0.114921261271591,0.079321976891999,0.0979380950299283
2505,0.0533925072471315,0.142749067989092,0.194151829204492,0.0586140592601725,0.171771472675971,0.379321063623141
2506,0.0167288171137394,0.249747851100292,0.0948926381939137,0.0323042687809616,0.27562340728869,0.330703017522403
2507,0.00836012702756353,0.0319603516370838,0.0993755565649185,0.0271852520881753,0.207045436774117,0.626073275908142
2508,0.00829808855258538,0.0445018960538968,0.0405554297626676,0.0418262500216118,0.433062385353494,0.431755950255744
2509,0.0369852388845533,0.0432358458825508,0.207489024980067,0.0392953231427602,0.12210986809146,0.550884699018609
2510,0.0200759331397311,0.124538567816741,0.0852971134915879,0.0258841840208726,0.251129574784565,0.493074626746502
2511,0.642991473857275,0.151801298505232,0.0669320397123902,0.0745460132272759,0.0411509596752569,0.0225782150225706
2512,0.0355503043123551,0.137950153630968,0.0670494803008666,0.110693604684848,0.543496970457147,0.105259486613816
2513,0.00734977159047491,0.0312624839958557,0.0786167134120605,0.0212531639188492,0.291817105698785,0.569700761383975
2514,0.14727811023508,0.56393411225391,0.0467368329421601,0.0237665669852177,0.177839024206374,0.0404453533772577
2515,0.00955717833920704,0.0375560845134003,0.062977998447511,0.0252092883643415,0.197455124285242,0.667244326050299
2516,0.0820062787056404,0.128259011256151,0.0717273203627621,0.179565855668291,0.260639216853461,0.277802317153694
2517,0.0475638811114185,0.400204628295961,0.132905370360104,0.0251453289098272,0.194050227429805,0.200130563892884
2518,0.337866957328178,0.222207017349467,0.119677012126538,0.0818680829813142,0.134440441311694,0.103940488902808
2519,0.0877821464580051,0.780591626281359,0.0245374566168701,0.0188988859645671,0.0589296242227065,0.0292602604564923
2520,0.0325139231634242,0.0423799265546597,0.0234054452311729,0.135577995057738,0.567643180089354,0.198479529903651
2521,0.0146318042972439,0.0779213419735891,0.228680175639709,0.0375320480745958,0.162802241039242,0.47843238897562
2522,0.45436915754669,0.211426958900246,0.110744574805491,0.0727315085455784,0.0888505540785515,0.0618772461234434
2523,0.0672277894764929,0.326512490963839,0.0937424262383764,0.0261990094100661,0.346509240377665,0.13980904353356
2524,0.0394812437065854,0.108683839853779,0.353908820780777,0.070604316031119,0.101313321348262,0.326008458279478
2525,0.188731858810849,0.108453555193743,0.058655170140912,0.363439280853885,0.218687015289369,0.0620331197112417
2526,0.117110110250653,0.21783348093503,0.0710162690072617,0.0898783114665196,0.33209044057819,0.172071387762345
2527,0.4048139141871,0.166891942768367,0.126341445601621,0.0789021667072845,0.120803148994874,0.102247381740754
2528,0.00732476647535376,0.0257380987028947,0.101662941470312,0.0518789556652701,0.235567604994311,0.577827632691859
2529,0.049499442606665,0.100503343452734,0.227013646360873,0.0382403051836298,0.127000342563949,0.457742919832148
2530,0.00361834561815742,0.0198056647104973,0.141657824101255,0.0185041923852542,0.109468370421924,0.706945602762913
2531,0.0298673233292244,0.161214919512485,0.108030926796262,0.147578911012075,0.341327846915105,0.211980072434848
2532,0.0520795732805639,0.186107975822469,0.156876895785136,0.0645394167127309,0.247559223032814,0.292836915366287
2533,0.00231890332981296,0.00896547103603263,0.086190577191421,0.0118605242632354,0.0499316283973861,0.840732895782112
2534,0.137385145951049,0.0590994324641659,0.0639531330543471,0.533931577381871,0.118187828165237,0.0874428829833287
2535,0.0641685616814214,0.121101497958258,0.249714298717905,0.0445594428250129,0.183447151235976,0.337009047581428
2536,0.2202436364217,0.229128269548972,0.100690138058594,0.0714494914748375,0.201926088212557,0.17656237628334
2537,0.0364922978462892,0.793216343404097,0.0623603141073686,0.00952869480745982,0.0610623949852917,0.0373399548494933
2538,0.130887095132395,0.0755833830585109,0.0846377352640081,0.105789841594527,0.319409431510007,0.283692513440552
2539,0.213637415445696,0.222717194157867,0.224720802398844,0.0489932946591585,0.127855612469427,0.162075680869007
2540,0.350847813504271,0.126904490529804,0.0333309076027879,0.203755073322051,0.231288281540219,0.0538734335008674
2541,0.127997216705312,0.0641344627448268,0.0187587475079034,0.474848855323444,0.265744582047078,0.0485161356714356
2542,0.0591860257154613,0.474275440261858,0.041947660142547,0.0479271504869766,0.327292660443483,0.0493710629496749
2543,0.010291437226555,0.028670919163947,0.068822053633165,0.0106013765265343,0.258766897187986,0.622847316261812
2544,0.122469062706718,0.175104578039182,0.161666558260744,0.150997826011579,0.16021713208701,0.229544842894766
2545,0.0444806551191995,0.279102380020777,0.067666313046525,0.0319069804971536,0.373044900761309,0.203798770555035
2546,0.0413994203534776,0.042233515794112,0.0189879110789593,0.204766864959241,0.594424237352148,0.0981880504620618
2547,0.041508929291174,0.106453655795723,0.449509020776605,0.0368425616319509,0.121933686983048,0.243752145521499
2548,0.048723633792531,0.0627870388182698,0.101496270871284,0.112022833092208,0.530288952332591,0.144681271093117
2549,0.00694687786816287,0.0528256020714733,0.0329780330544597,0.0340698113032356,0.320399504518361,0.552780171184307
2550,0.0198921162136705,0.0354891878975507,0.0201385269197581,0.163752402749082,0.560242389765909,0.200485376454029
2551,0.196181600444516,0.177594094476666,0.048325286670353,0.212476693799032,0.2280162625283,0.137406062081133
2552,0.154515310214369,0.343191326781679,0.158816175753145,0.0441813010467636,0.174486215552096,0.124809670651946
2553,0.449911240018851,0.19497445558629,0.0548855441820737,0.103610420443213,0.158427816726728,0.0381905230428453
2554,0.145298095862352,0.175591544761865,0.122813597501465,0.105882137474255,0.356022868809085,0.0943917555909772
2555,0.0181482178062372,0.102443126386944,0.0771911367329284,0.0514698729516152,0.557827534635256,0.192920111487019
2556,0.107567372344064,0.283038701538186,0.304313474893813,0.0463471438744951,0.146106673924768,0.112626633424673
2557,0.262706367901579,0.196452089628319,0.361020395530617,0.0601029367907175,0.0794058387901311,0.040312371358636
2558,0.0395456543466627,0.0889607762358936,0.682727843280254,0.0254900982560297,0.0621499238254396,0.101125704055721
2559,0.0923196887177938,0.4384030169185,0.101114448337642,0.0330141531896567,0.14874175955882,0.186406933277587
2560,0.00765703069546144,0.138705823067809,0.0927988485484365,0.0301801547947782,0.260968959376328,0.469689183517187
2561,0.0277813414609591,0.0626069583981943,0.206826315337585,0.0119702203279267,0.19360514894729,0.497210015528044
2562,0.292465999729071,0.369721529295987,0.0566045815551559,0.062373397130442,0.19035098223049,0.028483510058855
2563,0.313681881459289,0.141313916503654,0.197785207928664,0.0685138176875033,0.122134132592831,0.156571043828059
2564,0.0731157197976481,0.0673169857771183,0.092821889281461,0.354396400127736,0.180902073667931,0.231446931348105
2565,0.025868710146133,0.0803581874014582,0.076304752867814,0.0381086848665948,0.180315118557662,0.599044546160338
2566,0.0114739200119525,0.0295380929763918,0.0871238665644425,0.0965009181129388,0.415110608816649,0.360252593517625
2567,0.0412409444808934,0.175011065553336,0.120973273129904,0.0556655125671178,0.18506892291066,0.422040281358089
2568,0.00972082800163776,0.042745657617988,0.0688980014810676,0.0287335577103097,0.314112265840954,0.535789689348043
2569,0.0303510308343521,0.0891397820683627,0.185878376092566,0.0164109122810653,0.186437704041132,0.491782194682522
2570,0.0433036474781335,0.500873851632735,0.136261243173096,0.0205513085285093,0.124648949813705,0.174360999373822
2571,0.0753992581495273,0.0937411941975251,0.028779463893546,0.266935117106505,0.390234968522043,0.144909998130854
2572,0.0783991143443492,0.113900176914793,0.245297190743582,0.159384466614461,0.153117543204663,0.249901508178152
2573,0.0794889065318027,0.244588595074608,0.116344212432986,0.0339225057818761,0.300826079496462,0.224829700682264
2574,0.02647471127573,0.0500645923023766,0.0275162901877631,0.432410739534513,0.389900092633854,0.0736335740657636
2575,0.0188652714841187,0.0393755103856589,0.0180950555092503,0.118340442952688,0.661610605968467,0.143713113699817
2576,0.289687994577195,0.262803598698731,0.152089796417646,0.0918521043047692,0.0904401078045955,0.113126398197062
2577,0.0549405894903608,0.189408265224424,0.221230665297058,0.0422833334780748,0.223235940168538,0.268901206341545
2578,0.00243214419527177,0.0138492980462941,0.0490878316249128,0.00980284917681214,0.0891969836980343,0.835630893258675
2579,0.272080065063282,0.260182250809677,0.218930859453422,0.0483374415405399,0.120955178835574,0.0795142042975053
2580,0.0635547844257171,0.326211227531042,0.142364481054781,0.0268500917981873,0.221530617558331,0.219488797631942
2581,0.00728597220551776,0.0329890085004483,0.0833888261567071,0.050328219359395,0.298190402737012,0.527817571040919
2582,0.168392120815125,0.435324874354414,0.0931205718382077,0.0319596961986029,0.180143329138551,0.0910594076550992
2583,0.0714120521508401,0.535167834947721,0.147507971256545,0.0251443052199698,0.0946366392378106,0.126131197187113
2584,0.290251876697946,0.543592665517032,0.0447617372966182,0.0189076872387993,0.0761248436140448,0.0263611896355603
2585,0.0250061586796934,0.0665833829189778,0.0542107153547779,0.0560477925638049,0.505503674219751,0.292648276262995
2586,0.0366708847778094,0.262850646868372,0.0980877656028388,0.0366458869827028,0.240358891945698,0.325385923822579
2587,0.247208104014689,0.0726697884814945,0.0470283775220047,0.318949645637981,0.219051751326092,0.095092333017739
2588,0.0602244764215645,0.0337415859886866,0.023171620227626,0.238088120307594,0.498927379254493,0.145846817800036
2589,0.0544726639175358,0.0714772040493236,0.041533525217405,0.192238892496451,0.546881555947878,0.0933961583714058
2590,0.0295959173060888,0.0956461082821875,0.172657141341912,0.11215830911936,0.251405865114676,0.338536658835776
2591,0.0921494183238306,0.152342084732955,0.298873836598581,0.0242513195541154,0.0905771468143751,0.341806193976143
2592,0.0147200411564871,0.0438782855374369,0.020985246427168,0.155584425336299,0.648204275506916,0.116627726035693
2593,0.209781511627745,0.172173329497858,0.0735047306099897,0.102034391082987,0.317553653599768,0.124952383581652
2594,0.0474051478201414,0.0795495034679232,0.0650238938518849,0.0276862137506284,0.382524992016885,0.397810249092537
2595,0.13432353439891,0.141303298429062,0.202890591868839,0.190914102464412,0.16908825333411,0.161480219504668
2596,0.78894319050116,0.062522033341976,0.014699186625195,0.0995576580904314,0.0271332586099389,0.0071446728312982
2597,0.0105807011083846,0.035051782211715,0.149241647281377,0.0255550068966634,0.183911075137576,0.595659787364284
2598,0.020963039791643,0.105850558219432,0.0721543489447154,0.0180850521713197,0.192465895140407,0.590481105732483
2599,0.296731449198634,0.189636051370257,0.0646146125522986,0.163716498861413,0.188029916240829,0.0972714717765678
2600,0.00776020757970745,0.0638763567710287,0.0647370991153863,0.0365457622411617,0.720932464347052,0.106148109945663
2601,0.0390010882033445,0.0659058340007501,0.219141093206154,0.0480654755485759,0.134870589973367,0.493015919067809
2602,0.0140469670251473,0.0612313349671027,0.0715880877659065,0.028405437605229,0.212986688454306,0.611741484182308
2603,0.0589722840902154,0.514555480548988,0.0572230653922521,0.034849261668551,0.240502824553317,0.0938970837466775
2604,0.0997115144584041,0.125350298615658,0.3316623319479,0.106365488171747,0.135383286543697,0.201527080262593
2605,0.00239032551678097,0.0535260286725283,0.171704323726441,0.0284451401878162,0.320518461688195,0.423415720208238
2606,0.0453782831552779,0.0857488434123166,0.16298169074145,0.0355026997412711,0.186053912556901,0.484334570392783
2607,0.0104898286038243,0.0247815774767364,0.0805439991915645,0.025023784188954,0.129598737700033,0.729562072838887
2608,0.209320539328504,0.167516066521237,0.0741561339652235,0.16907305013991,0.221677090250284,0.158257119794842
2609,0.0248464738885394,0.0580617918180657,0.0527672370213036,0.149246381124083,0.388567864708862,0.326510251439147
2610,0.0800894883270546,0.146382445793257,0.0485962752878181,0.169725061745078,0.34043093947813,0.214775789368662
2611,0.0204592127944563,0.0621447743285191,0.16773439122177,0.0344492442502249,0.104419201411778,0.610793175993252
2612,0.0709632488553876,0.214642442405232,0.14824635364591,0.0503806650032505,0.160107998946917,0.355659291143303
2613,0.490991192877473,0.274469650016023,0.0452841736342846,0.0670715838357803,0.0993824582935352,0.0228009413429047
2614,0.0922869436451066,0.120090424331526,0.0941611984593421,0.0972495718371962,0.269973868057673,0.326237993669156
2615,0.376867546796397,0.211574124661789,0.183903562227313,0.0569837174426811,0.0807885948475137,0.0898824540243062
2616,0.00900616841893874,0.0485431341064645,0.0411173670648599,0.0648184422653959,0.533307959290264,0.303206928854077
2617,0.181053757597408,0.30171956278032,0.281218619900422,0.0333583885954757,0.113944302734888,0.0887053683914868
2618,0.0383947539836766,0.0798659591038128,0.101628652599198,0.0604171451404476,0.375343779655652,0.344349709517214
2619,0.0407444896453666,0.041280399974641,0.0219414110439207,0.172308593466191,0.527134494044331,0.19659061182555
2620,0.0161540600300622,0.123125451031675,0.263976468442895,0.0311376837652243,0.274764547772037,0.290841788958107
2621,0.0294792791023287,0.0903895029081066,0.0433881998831151,0.154951709529094,0.573750413004746,0.10804089557261
2622,0.00248220303434343,0.0117037539189013,0.0181410873366017,0.0135659799013376,0.143375689903859,0.810731285904957
2623,0.297658669978837,0.16797908182741,0.0445793337361335,0.0990753822055301,0.318500755288994,0.0722067769630956
2624,0.010826259820445,0.0567432795708768,0.117579955712149,0.0288500207745328,0.18159054330016,0.604409940821836
2625,0.147157961411182,0.336734108540351,0.337403468794391,0.0374654268980078,0.0750496124977836,0.0661894218582838
2626,0.00632018692162307,0.0187735972830498,0.0437241367861645,0.0201196884883595,0.125057272909027,0.786005117611776
2627,0.0865941774711682,0.173357287001753,0.284423600882176,0.026418680234737,0.169775216352483,0.259431038057682
2628,0.100206786505526,0.1413113825933,0.0712026827036753,0.299262307973609,0.322263114719678,0.0657537255042118
2629,0.027906802175734,0.136581922139134,0.0708594386624586,0.0408969626723546,0.420240139253358,0.303514735096961
2630,0.246370077176032,0.121341674163778,0.166616804940028,0.0818242979027762,0.182049726781822,0.201797419035564
2631,0.0327905105748742,0.23513477382969,0.168924628590504,0.0262577187438422,0.292077859340239,0.24481450892085
2632,0.00644534045172308,0.0194479892783789,0.0687559560835495,0.018251114121571,0.0982174063895575,0.78888219367522
2633,0.128005315079755,0.347548820712426,0.0887141972534091,0.0696174566009936,0.254016344679477,0.112097865673939
2634,0.0318026991618811,0.078537263446733,0.197470578206221,0.0545305779386671,0.179564332392864,0.458094548853634
2635,0.0313513657019372,0.132200005294577,0.11080934524723,0.0329207997593501,0.484752729758232,0.207965754238673
2636,0.0293096224839178,0.0518953559333322,0.0990849013557309,0.0624781490753053,0.291466507142662,0.465765464009051
2637,0.0296070849962118,0.109084330973088,0.0287033725688453,0.0391926723662133,0.65789258421046,0.135519954885181
2638,0.0584128767254304,0.0575673711142705,0.0634945279724168,0.399232715668852,0.15865585544911,0.26263665306992
2639,0.091229606199435,0.0594416622152866,0.044845559750661,0.467090633896752,0.245429144796732,0.0919633931411342
2640,0.0148555331443442,0.0350996707708395,0.0413585961280444,0.0185066942218375,0.142681087057672,0.747498418677262
2641,0.153464260476055,0.14417266819549,0.143390897995029,0.141710264969826,0.225184410304677,0.192077498058923
2642,0.0109751064803973,0.0898196174500241,0.147740125754848,0.026284606689679,0.218255942528786,0.506924601096266
2643,0.3356296834791,0.371883062928869,0.0263857280364379,0.128065461024434,0.103779423911308,0.034256640619851
2644,0.00468248399904144,0.0832702194184656,0.0426304362148254,0.0123334489508285,0.243683569394732,0.613399842022108
2645,0.0359629393518619,0.0565066153163216,0.0438112738090248,0.0954571647886851,0.263252233450988,0.505009773283118
2646,0.00369152943500789,0.020375026642873,0.107810946620721,0.0105095879393114,0.0533860113974283,0.804226897964658
2647,0.0502266481053334,0.0957461769622057,0.0945878803997533,0.127288614217227,0.27937257289308,0.3527781074224
2648,0.145838867468183,0.24858010344587,0.497622884919743,0.01522310125146,0.0338288062567026,0.0589062366580413
2649,0.0385117581273543,0.0498424809105559,0.104365122768977,0.0444368543763975,0.222573623684958,0.540270160131758
2650,0.0674507661507391,0.0436996134508016,0.211738249241405,0.0592777081371863,0.119950847054628,0.49788281596524
2651,0.0235298924021526,0.0979568672312762,0.0445553384491705,0.0613803629985646,0.481958764849118,0.290618774069718
2652,0.0195671704215582,0.103274407711209,0.0651607257008586,0.0366822550312721,0.510121179549952,0.265194261585151
2653,0.171576758721868,0.22564361150505,0.110344242975826,0.107220352752899,0.22128168022508,0.163933353819278
2654,0.00363340164093238,0.0351064831061972,0.077786416409431,0.0256717152778344,0.10712188336428,0.750680100201325
2655,0.466576100870337,0.207457867124182,0.0729843154158436,0.0709886810604543,0.140455670440433,0.0415373650887505
2656,0.00834069517104046,0.0451484193820196,0.0507910413570343,0.0215145433495782,0.405012306186425,0.469192994553903
2657,0.0133939719202651,0.0322419542381443,0.135564820107078,0.0182193942700924,0.0773843418688298,0.72319551759559
2658,0.109635295899452,0.152423876860584,0.104394533726506,0.404017844564297,0.133383094143511,0.0961453548056492
2659,0.178879614765921,0.0922681796399328,0.0757483403942744,0.479286896700448,0.103760969489036,0.0700559990103874
2660,0.0135017854569121,0.0419343401128302,0.0552627581227488,0.0345356799363308,0.275433765489043,0.579331670882135
2661,0.00713407441439384,0.0305908155849654,0.125255821355894,0.0351263808649074,0.0935645026059219,0.708328405173917
2662,0.00754745829378458,0.0549644840444349,0.0963943678390697,0.014438267538106,0.14094772033972,0.685707701944885
2663,0.00845557076757477,0.0293775650580225,0.0529551532761941,0.0406281103649521,0.4583292147813,0.410254385751957
2664,0.0547104411993217,0.146056859493657,0.0379633256997326,0.0880461769780178,0.531847912660967,0.141375283968304
2665,0.19804765030862,0.294747109711221,0.126085767794938,0.0493800043195572,0.191150079271515,0.140589388594149
2666,0.00248008418285368,0.00964968203602321,0.0956372834703153,0.00646369242682693,0.0219251582749463,0.863844099609035
2667,0.0926514992427337,0.122104275748112,0.38896271483894,0.0512152455129013,0.184477967018276,0.160588297639037
2668,0.00812848900586159,0.071801473824118,0.362181226644019,0.0112823123115417,0.103189042639866,0.443417455574594
2669,0.0430303571898545,0.188895430237635,0.132888631388711,0.0306447334124037,0.22785743549508,0.376683412276316
2670,0.00664596307339968,0.0403522454306844,0.126007741920963,0.0191705098137128,0.165740722930761,0.64208281683048
2671,0.0328633152377208,0.085280961757329,0.0607712829827225,0.135283295262973,0.307443523718431,0.378357621040824
2672,0.00950048186837775,0.0371006748468244,0.148278893570245,0.0186600697033186,0.154672105243129,0.631787774768105
2673,0.313699517739111,0.274371444020318,0.0738520009149097,0.120426267919598,0.16687196919179,0.050778800214273
2674,0.0333555286659977,0.0665690037413046,0.0764756943360021,0.167147717858496,0.340483287564794,0.315968767833406
2675,0.589075959432403,0.194742159854296,0.0196273734640263,0.0995382076041149,0.0821384119176427,0.0148778877275179
2676,0.0301126129643152,0.0439273438155155,0.0512063957547934,0.130312744074831,0.414991349144472,0.329449554246073
2677,0.0436318310642616,0.125561045214426,0.226599184258323,0.0866290516344777,0.292102681653075,0.225476206175437
2678,0.0471982680144964,0.182424854532767,0.26364916641049,0.0446937435417507,0.261480355011094,0.200553612489401
2679,0.00301848974485676,0.0185376893230281,0.0434356082846441,0.0246187331252557,0.322724609373155,0.587664870149061
2680,0.0584725148426856,0.127602836024004,0.310818256458393,0.279234778929012,0.127007047124784,0.0968645666211216
2681,0.0409562691440903,0.248892438857908,0.14043934906271,0.0336539330924574,0.355396142129134,0.1806618677137
2682,0.0111590727207205,0.0266888269129105,0.10017103420083,0.227219484421473,0.20366294388397,0.431098637860095
2683,0.503907427140346,0.249139101708535,0.0310271301213412,0.130875956656251,0.0720229957180872,0.013027388655439
2684,0.0113286583558246,0.0532780471094066,0.0412453939669659,0.112222040080035,0.431418284535171,0.350507575952597
2685,0.0660101458619699,0.0432622751500966,0.183585808087238,0.0522969765679061,0.0825340146073109,0.572310779725479
2686,0.0100745069825435,0.0841015281781792,0.118035785235313,0.0263480299332592,0.15873845553918,0.602701694131525
2687,0.493872285485886,0.17425324291914,0.0607079391520806,0.137419589232644,0.100196145191369,0.0335507980188804
2688,0.030187705065703,0.174765613219668,0.0752390263373205,0.188047488957191,0.35861267503001,0.173147491390108
2689,0.182156021176078,0.489711194318243,0.0506841840456268,0.070593597219463,0.173329186348822,0.0335258168917678
2690,0.0152791233695822,0.0416701387251669,0.0592597675235823,0.18885806715321,0.3918570479346,0.303075855293859
2691,0.0547340331991143,0.158788710441449,0.0785918787939095,0.0755722806670263,0.400675421361287,0.231637675537213
2692,0.199324837530717,0.112591302218901,0.202077530221372,0.0624994110856681,0.227493108893831,0.196013810049511
2693,0.0493267006831172,0.0634236085470738,0.221218957351668,0.0405600300074385,0.148548533862307,0.476922169548395
2694,0.00742671646371456,0.0316660700994636,0.0498482592971504,0.0470860748012656,0.317154995095713,0.546817884242693
2695,0.510731907196195,0.178640214563369,0.0590822049648272,0.118850605292535,0.0969875412454005,0.0357075267376736
2696,0.0187240953016888,0.0707391815399336,0.218019935444392,0.0245436005992065,0.108751303354799,0.55922188375998
2697,0.0652644289612607,0.161600597461588,0.233197742495507,0.0301103427531735,0.1974773327117,0.312349555616772
2698,0.00852837826207593,0.0347290640116264,0.221653468620925,0.0191353146234782,0.272583850680226,0.443369923801669
2699,0.0134767899889652,0.109205214731374,0.406158974180125,0.00989950319406822,0.0769798514150689,0.384279666490398
2700,0.00338152439868922,0.0502979063743587,0.0285754839185593,0.00881704036815091,0.397191020296299,0.511737024643943
2701,0.0153290447954415,0.036819701954283,0.0523841526288072,0.0974238636556025,0.380741978338812,0.417301258627054
2702,0.377743957712779,0.188609380652275,0.222799251480907,0.048472911422771,0.0726252935529937,0.089749205178274
2703,0.151993120595854,0.0772735973558328,0.181134116308274,0.100957677426676,0.212747729493352,0.275893758820013
2704,0.0582575956707791,0.178249204794651,0.464161625312037,0.0339258630931796,0.120296261910619,0.145109449218734
2705,0.0176297677890163,0.116765389990176,0.343675526902707,0.0255864592004159,0.188266817915168,0.308076038202516
2706,0.0230782995474869,0.063699570821754,0.263914303371011,0.096031561866893,0.230440780257051,0.322835484135804
2707,0.0106284950391163,0.0305841950470063,0.0312896256770161,0.0429095611272071,0.539175651333658,0.345412471775996
2708,0.309403678765971,0.320787984173232,0.0955612180612749,0.0854453076361865,0.146400661619897,0.0424011497434381
2709,0.0860272473369763,0.177632814282115,0.398924183992272,0.0298108537375394,0.100115602218043,0.207489298433055
2710,0.119700124250554,0.058555387640662,0.271780803264985,0.0652179277118489,0.0843572084767408,0.400388548655208
2711,0.0259477085376697,0.0563228875893708,0.0971007381929543,0.0576589425450911,0.334851721050435,0.428118002084479
2712,0.116594424053314,0.0858393926891926,0.12609210195196,0.309028845233976,0.204347605773615,0.158097630297942
2713,0.0826494586218631,0.207917371650405,0.235458340165756,0.0508966928850028,0.139873801182988,0.283204335493985
2714,0.00983710379990278,0.081700600338873,0.198029175412722,0.0154375919392901,0.203875937734866,0.491119590774346
2715,0.0393562742584454,0.109821640215262,0.423699745629979,0.0285332977663168,0.205404464243769,0.193184577886228
2716,0.0575161855170611,0.101266220621296,0.0908126785582394,0.0564828560743937,0.322602331937712,0.371319727291299
2717,0.0183817405424776,0.0349323084845661,0.0432191404400715,0.0387165957772654,0.280042595915996,0.584707618839623
2718,0.0205627233460933,0.0357799197130078,0.232706136978915,0.0444550983104942,0.153893807391494,0.512602314259995
2719,0.0272579195027549,0.113953655470199,0.142226390603308,0.0483138357031132,0.375967125409478,0.292281073311147
2720,0.166557440865143,0.119036239630729,0.253055415295252,0.0870205023053651,0.191959488056442,0.182370913847069
2721,0.0268420775928113,0.0871533771226202,0.126801990943002,0.045078563735936,0.382216378494826,0.331907612110804
2722,0.27687715129984,0.441151081711325,0.162972879685442,0.015086668144242,0.0682373723107704,0.0356748468483805
2723,0.0474198348500092,0.161433424347426,0.211877324768424,0.0499495433229341,0.172320502508644,0.356999370202564
2724,0.629463135871697,0.113747444325708,0.0859852973430902,0.0834513279333042,0.0562500820709544,0.0311027124552468
2725,0.400657595030688,0.263167121929164,0.05190233328679,0.166853539651156,0.0764351986706524,0.0409842114315494
2726,0.0432988357685271,0.0880207037983567,0.0625004785578036,0.102332874848226,0.625197306882813,0.0786498001442729
2727,0.00367521031585759,0.031162968451858,0.0566211132250503,0.0193052749520456,0.226097187956473,0.663138245098716
2728,0.0164016076950814,0.0266034120824306,0.133493825382988,0.0250883281229744,0.119014975622106,0.679397851094419
2729,0.105730638230669,0.249182622720224,0.120021884927243,0.0893771393971364,0.255501927932255,0.180185786792472
2730,0.00746912533639581,0.0285899862270468,0.0460730228745777,0.0489745336218894,0.430229992757924,0.438663339182166
2731,0.164520232048244,0.177975556126891,0.0944779317325701,0.162318796724653,0.306358826826813,0.0943486565408285
2732,0.0205014289319993,0.0803242961947274,0.25174937280896,0.0202842784577624,0.108021498674227,0.519119124932324
2733,0.0313925055303786,0.12962099654142,0.165441650896202,0.102093418109652,0.424729778966913,0.146721649955435
2734,0.0488564004913781,0.650700871957559,0.0507667418104968,0.0236273373698568,0.12530400996765,0.10074463840306
2735,0.109510619152388,0.468534959094218,0.121578947139373,0.033922252457755,0.113281442182488,0.153171779973777
2736,0.0474105948222387,0.0491355961676427,0.0276697910330507,0.59426518275783,0.22318319937286,0.0583356358463774
2737,0.154485790510447,0.129678527550001,0.308966774876247,0.0304126694587959,0.208735966879914,0.167720270724595
2738,0.0406390544174841,0.141882677896666,0.127594473610019,0.0817603331460709,0.214452836115209,0.393670624814551
2739,0.166975928259119,0.297155307869674,0.214083929222527,0.0355916145400116,0.200619295659909,0.0855739244487592
2740,0.279916845767863,0.319391912060268,0.0683469109319266,0.0680746874070289,0.150914713530901,0.113354930302013
2741,0.0874099971392324,0.306258436439651,0.136472385323051,0.0258717536359863,0.255965488677581,0.188021938784499
2742,0.0704410654197987,0.122458867861,0.0558748618309465,0.157845333872346,0.428796957677609,0.164582913338301
2743,0.217423376432804,0.177673771981859,0.104896028834589,0.119942743591059,0.196285271439243,0.183778807720445
2744,0.0169273907366205,0.110895340696202,0.0491660422742743,0.119169302615891,0.549631702378463,0.154210221298549
2745,0.00339175152451579,0.0275466918285849,0.292873768310605,0.0605458725818745,0.391226932132762,0.224414983621658
2746,0.0118258820427685,0.0587721045704722,0.101885579189528,0.0387871361689141,0.279732621318733,0.508996676709583
2747,0.0248084980320873,0.0343406638848628,0.0145797042955019,0.238380644583501,0.533712331608442,0.154178157595605
2748,0.00520415955916518,0.0508796360702692,0.0517456782659941,0.0334838505815764,0.565441689740715,0.29324498578228
2749,0.172013975276571,0.103207106928367,0.0575398771532526,0.309802913382151,0.231974391071218,0.125461736188441
2750,0.0175777343895936,0.0770029450782318,0.250721738258748,0.0505337951479192,0.180644670964939,0.423519116160568
2751,0.141438136300407,0.115516762883739,0.0397545876584711,0.222591823623577,0.413777634589856,0.0669210549439494
2752,0.0485986717811044,0.112877506290987,0.161265201217913,0.0483674852569768,0.158772337399886,0.470118798053133
2753,0.033563384886623,0.0761137887269,0.0199729971669819,0.363094097148338,0.429604476709629,0.0776512553615288
2754,0.0106641727911079,0.213436047456603,0.0607310259785098,0.0188550215866668,0.481574316297291,0.214739415889821
2755,0.00239203186346799,0.00881700166706137,0.0441288636525159,0.0150176146366776,0.361773694260995,0.567870793919282
2756,0.00733650635231302,0.0152262145120715,0.0915889172048643,0.0137492441337289,0.0413537231719137,0.830745394625109
2757,0.0151893428584272,0.143458541621077,0.0344632422756141,0.0295376868739618,0.543584722800079,0.23376646357084
2758,0.0632200878146471,0.232432228738734,0.176725638064087,0.03615223469558,0.309326098789498,0.182143711897453
2759,0.0222924628528088,0.218695458165895,0.101105617865374,0.0225487360565312,0.246580143700316,0.388777581359075
2760,0.347247169719909,0.0879621172496456,0.0345885241846728,0.472274086724426,0.045512848309103,0.0124152538122441
2761,0.16807887500588,0.0962246615805453,0.0632331787060979,0.308279499595982,0.260992690526192,0.103191094585303
2762,0.00797969350600109,0.106148321711307,0.0810060447750973,0.0297344019860543,0.402246798688258,0.372884739333282
2763,0.0551282609729934,0.162856893942424,0.231662855703127,0.0520203333733775,0.257280871098085,0.241050784909994
2764,0.00680885872920594,0.0209185925497841,0.111215901665194,0.0137195484666902,0.0985104977273191,0.748826600861807
2765,0.0547533279684733,0.138584190734685,0.242162708712234,0.0405696369266796,0.170414652712112,0.353515482945816
2766,0.029965637285268,0.109157543462886,0.0939725215125028,0.0486680812637368,0.41819339534092,0.300042821134686
2767,0.0092519438953825,0.0194375712807749,0.0293961296887877,0.564718700580025,0.250596544109875,0.126599110445156
2768,0.0501288791308264,0.20008291990652,0.314463117006501,0.024689836560796,0.13114800296383,0.279487244431526
2769,0.0597469647518322,0.280079033955862,0.0546603799420158,0.106302436954169,0.347217573749528,0.151993610646593
2770,0.00187807146464483,0.0279566177866835,0.141873330115062,0.0114677266543959,0.151087409584995,0.665736844394219
2771,0.0342638561287192,0.125116959788272,0.390167156505251,0.0226683022616982,0.136124710647851,0.291659014668208
2772,0.0318493568581681,0.0431927796942095,0.111921406343115,0.200878615835248,0.401541462568254,0.210616378701007
2773,0.0482597400086703,0.265083378018466,0.169015060657003,0.0191443408999201,0.330275784244964,0.168221696170977
2774,0.212386964054556,0.405213493742057,0.0872034475704073,0.0393377163734903,0.194877395156866,0.0609809831026225
2775,0.00199767020206625,0.0130843075330309,0.11715028817975,0.00891997521828078,0.112005411129366,0.746842347737506
2776,0.0123209521928229,0.0428439340575865,0.0680750062966686,0.038192228484346,0.280791684836519,0.557776194132057
2777,0.00115266395809228,0.0165064658283891,0.0901575165988119,0.00993107274028354,0.0865930100251729,0.79565927084925
2778,0.0990958112883629,0.128024499012795,0.141708555944518,0.105848522026909,0.175078684694483,0.350243927032932
2779,0.0450985176293801,0.0646505537561239,0.291027626108248,0.105054398287446,0.186538555671831,0.307630348546971
2780,0.0703196319963246,0.225829112864526,0.302918347806962,0.0552607195976704,0.141592184339186,0.204080003395331
2781,0.0250995383572307,0.027957074617595,0.0580949043090248,0.142539752449834,0.50991119370014,0.236397536566175
2782,0.0112343317821868,0.0264184966638427,0.244857663968797,0.0228675631774761,0.119905799523245,0.574716144884453
2783,0.629793298345693,0.204471932821919,0.0571369863576608,0.0419844016816878,0.046523637436455,0.0200897433565841
2784,0.0465191118567577,0.259587681001789,0.0679259320262923,0.0892765757198633,0.384039964576724,0.152650734818574
2785,0.00296928526287076,0.0126352993228206,0.0359436229370506,0.0183751217293662,0.29602807706905,0.634048593678842
2786,0.0226462408990526,0.119923161674275,0.0705504553853976,0.0604004388536668,0.409662423931921,0.316817279255687
2787,0.00852121465722111,0.0512086984369958,0.127124335735825,0.0295354992852323,0.274043455458214,0.509566796426512
2788,0.0107373268930695,0.0471623314720158,0.0991062295508956,0.0223235226374769,0.125984497342677,0.694686092103865
2789,0.0730831800181335,0.103015423303318,0.349635802839139,0.0632055705781333,0.159764966982651,0.251295056278625
2790,0.101421786057913,0.193361924720129,0.0596341839895967,0.0813410338663035,0.404228351061092,0.160012720304966
2791,0.144982118307523,0.0478055300728352,0.0269634640734932,0.62661956889226,0.106248621517766,0.0473806971361223
2792,0.486867808771547,0.274501717220523,0.0322667654934058,0.0730876824092467,0.100695524698788,0.0325805014064891
2793,0.00734609183744676,0.0506729135171802,0.035242471471932,0.0204619092058417,0.460104388613818,0.426172225353781
2794,0.371846223509582,0.171823988198422,0.064014746715795,0.238626347582601,0.120205441735118,0.0334832522584817
2795,0.432258503857924,0.148112448794087,0.054628852959584,0.260766869927681,0.0864589155024871,0.0177744089582365
2796,0.00204967619819509,0.0184159389217573,0.104139540844166,0.0168756366433014,0.0832450277725749,0.775274179620006
2797,0.0372632558418024,0.0455830772132889,0.0770350243785373,0.0627645728877312,0.140421981552049,0.636932088126591
2798,0.00835329196339566,0.157874984264744,0.213506205259992,0.0158763302412758,0.286869381155756,0.317519807114837
2799,0.110642987576536,0.155723142436756,0.29450745639954,0.0231509742629565,0.147653688580331,0.268321750743881
2800,0.00544816735985077,0.0253858441456649,0.0515602430592929,0.0276167721548459,0.252460659290531,0.637528313989815
2801,0.0137965352811963,0.0580832718631873,0.0224424784338021,0.0344472585728653,0.498531888583952,0.372698567264997
2802,0.0206608948755627,0.0769365188910067,0.0443120073984135,0.0603134983559681,0.519010540820756,0.278766539658293
2803,0.121712997183031,0.436813881427223,0.144377486017057,0.0379334841451211,0.151120956845241,0.108041194382327
2804,0.0148792660569871,0.0735598219873052,0.12718076410912,0.0287749074169759,0.420488226542881,0.335117013886731
2805,0.273772825480551,0.160744789915078,0.287530286249864,0.0760110506334026,0.120164028996435,0.0817770187246698
2806,0.0845852528985718,0.0498091471441569,0.0426888486438804,0.272775051552614,0.349719741720464,0.200421958040313
2807,0.0812167902698336,0.184010330300068,0.215615530949383,0.0836707040440525,0.191824911460322,0.243661732976341
2808,0.0118129900331712,0.0425503020647162,0.0453097479371955,0.0274611112918261,0.375805106618925,0.497060742054166
2809,0.0416023733459731,0.138805349427105,0.326928649665017,0.036628270090174,0.101296570932653,0.354738786539079
2810,0.0126662149167901,0.0586105441795718,0.0912068319443492,0.0697767389186044,0.420571429074648,0.347168240966037
2811,0.0133449271958176,0.134413610535668,0.184183791737811,0.0240000750481066,0.403967002874207,0.24009059260839
2812,0.513321408023083,0.26812143781631,0.0796948981836529,0.0570734703466946,0.0512832480442002,0.0305055375860598
2813,0.173430272055761,0.102971306281124,0.139904665468807,0.14257962989784,0.316992204255552,0.124121922040917
2814,0.0397033199588872,0.292788179649547,0.193748594496937,0.0413390963600175,0.200968485768162,0.23145232376645
2815,0.0306245841071356,0.069767835489947,0.106008413082485,0.121199392431806,0.217318983179703,0.455080791708923
2816,0.10147114119677,0.144608153181798,0.3036935498376,0.0743267030930316,0.198640287887056,0.177260164803743
2817,0.0984810282549489,0.318918615597799,0.129131275660217,0.0593673840118858,0.267736377708404,0.126365318766745
2818,0.295616907474803,0.266415120572109,0.202522696516449,0.0506170060341157,0.105635373858088,0.0791928955444347
2819,0.471441740382465,0.313530173205866,0.0795988967944216,0.0478967535844935,0.0677201065035553,0.0198123295291988
2820,0.338906689144427,0.221729776568957,0.288664975423776,0.0334078346923829,0.0678332795992142,0.0494574445712431
2821,0.00388334393920889,0.0377014116018749,0.0164078352086609,0.00918512862290002,0.4695481308163,0.463274149811055
2822,0.183339617666243,0.201376666294768,0.207853404273804,0.0551737665618275,0.204021016658945,0.148235528544414
2823,0.0388627336879951,0.0851304052875398,0.13096244023246,0.0827650220784859,0.194688510822847,0.467590887890672
2824,0.0515814419787892,0.110329608573487,0.216644205272977,0.0612261605091131,0.251956884301856,0.308261699363778
2825,0.00429302657325803,0.019487316947242,0.203794139361939,0.00811513765410758,0.016663675398398,0.747646704065056
2826,0.0254459390608179,0.15470477605526,0.0505868737197479,0.0365354243602095,0.517522658929717,0.215204327874248
2827,0.0699733197427475,0.449136388834659,0.127597614301004,0.0325015641603693,0.145276828562849,0.175514284398371
2828,0.02322742814197,0.155991830144336,0.211575798961701,0.0462067027708795,0.352979928024156,0.210018311956957
2829,0.0284772196613673,0.0322095905008787,0.0441273084522589,0.126811254533131,0.559317912428707,0.209056714423657
2830,0.00382791137323162,0.0268461269766676,0.0996216339175223,0.0263400253122188,0.154465137318297,0.688899165102063
2831,0.344567163229211,0.375255468789059,0.105736345856176,0.065034791291405,0.0684347191942311,0.0409715116399181
2832,0.0286280280923247,0.206708635598486,0.156130648995556,0.0380286721164046,0.32557404832541,0.244929966871819
2833,0.18100752894801,0.128595300033614,0.0878474492887467,0.257940242953389,0.193413322484992,0.151196156291247
2834,0.0166111263725399,0.0699634874647249,0.0796233867267999,0.0182028704476443,0.276354118019843,0.539245010968448
2835,0.215912704658974,0.216155875773486,0.0414738698201041,0.189584055712685,0.255903556835534,0.0809699371992169
2836,0.0156735929259265,0.034376137351409,0.0468229515890304,0.0633914422159957,0.300558830958725,0.539177044958913
2837,0.059807394824793,0.208523770918188,0.349301765860669,0.0455322938455811,0.175237002978331,0.161597771572438
2838,0.156282334612006,0.247158977404646,0.259385871299057,0.0494263224969466,0.12671267705597,0.161033817131375
2839,0.107099180794155,0.146091521071856,0.135620193834458,0.108439106048196,0.282212623944673,0.220537374306663
2840,0.115034059771421,0.0741168974819938,0.173385919144353,0.232356714094512,0.156842956473854,0.248263453033866
2841,0.472664965801609,0.139937134480471,0.0514854875115673,0.127235092083466,0.154458744544526,0.0542185755783601
2842,0.011465362288057,0.0470909937564126,0.0319154065233514,0.034958264092456,0.578364818424758,0.296205154914965
2843,0.0712970782685127,0.120032102638357,0.154725262068675,0.0144064883944402,0.464387042101126,0.175152026528888
2844,0.0326088067708238,0.170426471521456,0.457339560694349,0.0171300272241342,0.102521873384982,0.219973260404255
2845,0.28348195353638,0.389594933040935,0.129945757423171,0.102915922638825,0.0718148509538581,0.0222465824068303
2846,0.0052902453539773,0.0207195452656957,0.0200760427696231,0.04275973926662,0.374416198301589,0.536738229042495
