"CUS_ID","F20-","F30","F30+","M20-","M30","M30+"
2501,0.127383614474134,0.393855915444426,0.0900054364321524,0.0602521620500066,0.202998145105415,0.125504726493866
2502,0.0345433016107822,0.124910836592585,0.183152785229147,0.0771836461273779,0.379228287664553,0.200981142775555
2503,0.085702465529447,0.251991336907299,0.0812742087093716,0.0901459323569913,0.350666796918568,0.140219259578322
2504,0.240379416188204,0.16051956775096,0.160517240163641,0.163885316380239,0.123816435390185,0.15088202412677
2505,0.0317916224491582,0.113111557001577,0.188512625281233,0.0606086216118128,0.210023417500462,0.395952156155757
2506,0.040690723719554,0.279243360685274,0.112541407141103,0.0358220019265139,0.284765545492296,0.24693696103526
2507,0.0154352671538646,0.0400923048644298,0.0812579679228267,0.0297248913652877,0.209030334115753,0.624459234577838
2508,0.0132804742176152,0.04149522687869,0.0671409913668415,0.0372295351361506,0.371333508623502,0.469520263777201
2509,0.0157698782776917,0.0406691115592092,0.132482597130555,0.0289515527448305,0.161045357337734,0.621081502949981
2510,0.015517821546787,0.0593831882623976,0.0502105636833285,0.0394765735703258,0.377249136770423,0.458162716166738
2511,0.525804768274124,0.106906416202836,0.107953132957109,0.141614014661665,0.0761506568957958,0.041571011008471
2512,0.0722962729639356,0.196909425206557,0.0936397422356423,0.126257617160675,0.393624666647664,0.117272275785527
2513,0.00868697040029917,0.0376181940490051,0.121245684090969,0.0374641632979506,0.263283628961657,0.531701359200118
2514,0.10625152225251,0.537487353174814,0.0732199153716767,0.0445236053766379,0.180089674854366,0.0584279289699956
2515,0.0157158443668596,0.0570210442771486,0.152907730884188,0.0474774815647192,0.220610784016703,0.506267114890382
2516,0.0761568216653234,0.115616803823007,0.0865845746603488,0.1200017854599,0.302704042153166,0.298935972238255
2517,0.0425959563709957,0.272157242731045,0.140811675386352,0.0249401776497513,0.246409918767351,0.273085029094505
2518,0.372289541280763,0.22910782903071,0.094112378424949,0.0731620324230054,0.145623987395236,0.0857042314453362
2519,0.0474678728615296,0.767453162645495,0.0262441920654069,0.0142906063978931,0.102021949056803,0.0425222169728725
2520,0.0230240264338497,0.0482438962600095,0.0252101507889888,0.0950682171680245,0.616655159939755,0.191798549409372
2521,0.04830021216826,0.0925899508128206,0.285333419382245,0.0678821754596667,0.158514146989975,0.347380095187033
2522,0.292128506527648,0.236469987255274,0.18254927576917,0.076662324014912,0.146620539753706,0.0655693666792887
2523,0.0629527437852065,0.360251455938125,0.0901846714299639,0.0237474354872735,0.341343365386544,0.121520327972888
2524,0.0791768397444897,0.137321586062085,0.231990561569844,0.0686738652234453,0.177509393426141,0.305327753973994
2525,0.13660999054169,0.0813263500988745,0.0790148584778207,0.361417923081224,0.272038093988589,0.0695927838118014
2526,0.0774380033384607,0.165782979008611,0.0827219931529417,0.115696678863697,0.367569917819869,0.190790427816421
2527,0.411012770581743,0.225413951167965,0.107998227628091,0.0668753746687561,0.125954034194454,0.0627456417589906
2528,0.00980602666647736,0.0321048677370452,0.0760161239620387,0.0576988254183246,0.259936762724036,0.564437393492078
2529,0.0651815098048794,0.0727904195682204,0.279950943169984,0.0627587324466926,0.125714502218304,0.393603892791919
2530,0.00621507811491956,0.031429965960399,0.124663670544364,0.0260964924974298,0.138913072754541,0.672681720128346
2531,0.0451033296660794,0.136282222278749,0.161006014080108,0.0843545190196423,0.286835025240947,0.286418889714474
2532,0.0459047504758878,0.148572872442311,0.151538343967179,0.0844051081933878,0.28043578992666,0.289143134994575
2533,0.00337216959308875,0.0135242443739233,0.0687269106181698,0.0105688590155575,0.0322741710266281,0.871533645372632
2534,0.229509634275229,0.0775366029196351,0.0619892373748131,0.430928943409502,0.119186455245481,0.0808491267753396
2535,0.0432906233115605,0.0940266710811519,0.122069456747585,0.0605592672746935,0.204057539896266,0.475996441688743
2536,0.140022684713609,0.221764042191281,0.1579516572788,0.0579112875056051,0.186634810230485,0.235715518080219
2537,0.043857262983877,0.665140371993161,0.0916750429858501,0.0131655719086343,0.111410265191144,0.0747514849373343
2538,0.2256919345532,0.128917202989595,0.0819206161395083,0.102754171148318,0.310928431933622,0.149787643235757
2539,0.166294434441823,0.24204355485362,0.185308062107066,0.0549312504315539,0.192050862967882,0.159371835198055
2540,0.371754380019097,0.186319117657896,0.0510146819813082,0.156625237036509,0.186384886025169,0.0479016972800215
2541,0.13343997667562,0.087114843691778,0.0263690181184511,0.372834368635412,0.281698597119034,0.098543195759706
2542,0.135753276159799,0.334793873003667,0.104657680658767,0.0387853065861727,0.309075107497748,0.0769347560938455
2543,0.0115675905011278,0.0239582474676459,0.075701717232785,0.0136464036334636,0.261661279741988,0.61346476142299
2544,0.100807395377545,0.132164074940846,0.111527561865505,0.214844409405253,0.168510604973884,0.272145953436968
2545,0.0287624388973412,0.266396694519995,0.0508849284859205,0.0172364346497688,0.445934273576004,0.190785229870971
2546,0.042095924611106,0.0433557472598765,0.0155490714664291,0.284011954866471,0.518286047507202,0.0967012542889155
2547,0.119053615239132,0.187107605324199,0.184084932888744,0.0643767383306623,0.242752869763844,0.202624238453419
2548,0.0775101505194217,0.101883527522024,0.124206188357542,0.229269994546003,0.33463660096829,0.13249353808672
2549,0.00732717841998037,0.032398758876681,0.0500098741369494,0.0556785792021279,0.299879817915188,0.554705791449073
2550,0.0237608741930227,0.0378450312963306,0.0224291633891603,0.174488367318615,0.570279973619829,0.171196590183042
2551,0.0867684114376725,0.186758561859067,0.0835566352521932,0.179243027411991,0.266774761686489,0.196898602352587
2552,0.157222435824421,0.340581911168685,0.122199440660193,0.0755982178426472,0.158390332762223,0.14600766174183
2553,0.459902314875931,0.198063656462118,0.0513046673916469,0.131110978081683,0.135700793656547,0.0239175895320742
2554,0.0989146703350709,0.168017014097406,0.104358123688519,0.141140349725885,0.380500679288426,0.107069162864693
2555,0.0279885132753129,0.0734298676502138,0.0608477209015444,0.055536193959509,0.564040241821509,0.218157462391911
2556,0.0846954865972063,0.217964253360334,0.251347363149005,0.0656121880050114,0.215168890353134,0.165211818535309
2557,0.254018480159134,0.263922255839635,0.270426101037718,0.0731918323687078,0.0929315375817396,0.0455097930130659
2558,0.0583852440499173,0.133541047865603,0.477355123785265,0.0504832802237713,0.140217748718226,0.140017555357216
2559,0.08179524055471,0.402684111782745,0.14434902795382,0.0375636361528797,0.142114636724087,0.191493346831758
2560,0.0107653021308072,0.0732823072440136,0.0988663400049676,0.0344096493980439,0.192815910784237,0.58986049043793
2561,0.027698552800268,0.0725812868100577,0.152725363915614,0.0285359282059442,0.13880069516485,0.579658173103266
2562,0.354027739328244,0.358193428017451,0.0504127562753759,0.0403082113277916,0.170202711725251,0.0268551533258863
2563,0.193367994493713,0.217308016231273,0.225947649608425,0.103117877038638,0.129403716064711,0.130854746563241
2564,0.13934049926459,0.0850012418712542,0.0990295688465848,0.26559140950811,0.252015727206876,0.159021553302584
2565,0.0198048956247894,0.0573213614327695,0.0737337354351405,0.0377783790762313,0.212779937789698,0.598581690641371
2566,0.0131328502663232,0.0335862442602011,0.0884787059264938,0.113790003414421,0.237531362498005,0.513480833634556
2567,0.0465723465700282,0.138747812474395,0.117347781771518,0.0789898079345394,0.181929007751758,0.436413243497761
2568,0.0112016726916843,0.0412933599345457,0.0947704983904543,0.0301572900755211,0.230649930813649,0.591927248094145
2569,0.02099367852846,0.0769790268363071,0.233070590745167,0.0274014982936737,0.231305752453636,0.410249453142756
2570,0.0405601971138776,0.414565504805122,0.123345368025301,0.0345881966055307,0.231125835797266,0.155814897652902
2571,0.133416998956309,0.0890558021849849,0.050357979800638,0.330629506508541,0.275597687992662,0.120942024556866
2572,0.0880956000148753,0.104958100307901,0.318488535264152,0.152545694221488,0.147853688341285,0.188058381850299
2573,0.0983354728923305,0.308467918542171,0.114064003391971,0.0599537865692877,0.251449258790103,0.167729559814137
2574,0.0306310205183893,0.0647103177576277,0.0536406852113051,0.332159169520085,0.409291970723132,0.109566836269461
2575,0.0329007129814481,0.0483856889865613,0.0236486773464997,0.160529100291834,0.613636885464454,0.120898934929203
2576,0.278404758555743,0.258940111406396,0.117709613882179,0.0813677259800139,0.15835133433327,0.105226455842399
2577,0.0598452197642798,0.20438997042418,0.171859238610333,0.0424352017810382,0.246603988874509,0.27486638054566
2578,0.00332912869668304,0.0129675245682329,0.0504571751615019,0.0115780396797742,0.0698153286634774,0.851852803230331
2579,0.217923803826101,0.19738072089482,0.34929587671469,0.0433227471838448,0.0931158308096087,0.0989610205709356
2580,0.0843851301793731,0.23275485507828,0.170753523296342,0.0498437696804461,0.24597205893457,0.216290662830989
2581,0.0189469206877356,0.0637570178594495,0.0871086756033864,0.120707065454939,0.447539412314282,0.261940908080208
2582,0.0933347501154692,0.563433323659011,0.0498931074692486,0.0346157430705893,0.210771697286323,0.047951378399359
2583,0.047899101770241,0.542748744202571,0.173637329497028,0.0199495529561995,0.127943696666115,0.0878215749078454
2584,0.262766311895007,0.603715340228622,0.0312454333477682,0.0140572515445059,0.0677591807999875,0.0204564821841097
2585,0.0246677990318843,0.0585566957323363,0.0950605363984247,0.0722603925709993,0.434293507468582,0.315161068797774
2586,0.0552118174330645,0.285627027759398,0.146281611282305,0.0456143560272479,0.204946843514626,0.262318343983358
2587,0.18207677440179,0.0861780035319975,0.0836769534760389,0.265534981785238,0.244766510048888,0.137766776756047
2588,0.057890535809923,0.0559857815750033,0.0449205288023872,0.177491311738389,0.507229715407447,0.156482126666851
2589,0.0453304813588818,0.0870004609594409,0.0507998725276545,0.145445788772368,0.542971634917565,0.12845176146409
2590,0.0114916295376424,0.0587859443399871,0.130763829411905,0.0566372151542618,0.164031963597537,0.578289417958667
2591,0.082413471332191,0.114532772677463,0.21532547310185,0.057809100345382,0.113285032789987,0.416634149753126
2592,0.0267248670424381,0.0659009913968242,0.05613024957262,0.141554090220309,0.504850130509901,0.204839671257907
2593,0.194177888691725,0.226373077901734,0.0813609259506456,0.200825716219681,0.2043300384597,0.0929323527765154
2594,0.0275471174464809,0.0453580835558959,0.0636168534033463,0.0286796463498064,0.450322010160436,0.384476289084035
2595,0.0906621558761709,0.122395213483073,0.189090156978427,0.131722516218519,0.183159774199921,0.282970183243889
2596,0.744343284828486,0.0910792548757806,0.01787433141907,0.0970321863700779,0.040888785517458,0.00878215698912781
2597,0.008392976304116,0.0441234862959619,0.131282932348905,0.0213264866140449,0.174218795228706,0.620655323208266
2598,0.0226880366830545,0.105805869989432,0.162039503651297,0.023746674646976,0.166752002383131,0.51896791264611
2599,0.176374602266306,0.210292749312745,0.13866219621557,0.173988183012057,0.171525693265517,0.129156575927805
2600,0.0360138408449001,0.0874613676448083,0.117001577773445,0.082174805805168,0.569552134636916,0.107796273294762
2601,0.0438839325990204,0.101763710076055,0.193880602073274,0.0723297626694594,0.152032835999346,0.436109156582845
2602,0.017927260976937,0.0570788941366423,0.0963266045080456,0.0406170467444254,0.207599444198107,0.580450749435843
2603,0.0575527946594431,0.469862382709177,0.0507927024709462,0.0392007779619819,0.306213126354611,0.0763782158438404
2604,0.0487620837593016,0.226590321719955,0.231510685954793,0.0885220963204292,0.130887736172408,0.273727076073112
2605,0.0188807328121295,0.138399024064036,0.304453747402125,0.0432154847623157,0.208517310589208,0.286533700370185
2606,0.0475617539052047,0.0872207610581639,0.102431902955792,0.0508234448156675,0.255886043486554,0.456076093778618
2607,0.00583344083900993,0.0197496406875644,0.0713830417110382,0.0214290842563486,0.0947049121732301,0.786899880332809
2608,0.192193587616713,0.158664971350427,0.097487998304298,0.13339889758685,0.264982864247514,0.153271680894199
2609,0.0260506378554744,0.0639098345178646,0.0644960646116021,0.0999430753488231,0.393947509767744,0.351652877898492
2610,0.10129636283134,0.184196198049862,0.0699272492516256,0.135976009487478,0.296477268784885,0.21212691159481
2611,0.0248200370230657,0.0601608740047684,0.186846428342732,0.0395797049661673,0.113225590335527,0.57536736532774
2612,0.0600116637436866,0.206773150624576,0.138447436843482,0.0462867489030207,0.16566826079483,0.382812739090404
2613,0.371862746510979,0.356800676799407,0.0839037389164387,0.075680654623669,0.0805336302118446,0.0312185529376609
2614,0.145299128813541,0.0986048592958958,0.0817198543076416,0.172679477038486,0.240218546635937,0.261478133908499
2615,0.308455449298093,0.268834321853914,0.209819484932008,0.0561745135399036,0.0956733145864307,0.06104291578965
2616,0.0131139959336075,0.0545495751464246,0.0798207898622004,0.0349187222813952,0.464029432965002,0.35356748381137
2617,0.124706783292582,0.260397079084018,0.281771032824937,0.0499412746927953,0.13813180498608,0.145052025119587
2618,0.0551276716604518,0.0804716804756279,0.10254328349481,0.0599426554300552,0.429376621694925,0.27253808724413
2619,0.0407197739746864,0.0506040262348556,0.0271699656562439,0.0852653474675884,0.660325486948981,0.135915399717645
2620,0.0133233736458925,0.103250496594527,0.187365748868485,0.0320447861135846,0.35326058226172,0.310755012515791
2621,0.0303597841347551,0.0808124392470705,0.0631333438974523,0.129317750008064,0.543924556647788,0.15245212606487
2622,0.00419820265580094,0.0215707229830414,0.0433499837996947,0.0242683070706963,0.156440978293663,0.750171805197104
2623,0.178299997824016,0.194451846731252,0.0597246877072828,0.0781438889213908,0.394446707691509,0.0949328711245504
2624,0.0459091113360918,0.0585342141355515,0.114239324636775,0.0989155827935701,0.215568324731161,0.466833442366851
2625,0.080356125796369,0.200062112608982,0.433719003805107,0.0461579302145437,0.118219081719281,0.121485745855717
2626,0.0118487566891869,0.0459197310478801,0.0889944068924028,0.0366118168762547,0.182406456590929,0.634218831903347
2627,0.0616881140832265,0.132191770771826,0.312335677085107,0.0318905812823972,0.198937847967723,0.26295600880972
2628,0.101441779745802,0.10334314793422,0.114459087436749,0.281931959653811,0.295001216375667,0.103822808853751
2629,0.0484140119160408,0.215768542640512,0.0609343320820531,0.0544615634902698,0.408413549985592,0.212007999885532
2630,0.1052894262985,0.14358990390483,0.156072755876428,0.0989405872742627,0.224173698735609,0.271933627910371
2631,0.0208572702731406,0.15866270107615,0.208094144208357,0.0334657082169124,0.331418367788863,0.247501808436577
2632,0.00961415285661234,0.0292588471365581,0.0838816015612569,0.025268826945285,0.155401835539154,0.696574735961134
2633,0.13345368413931,0.315145260353476,0.0635424232464917,0.121278304523555,0.274761535857843,0.0918187918793248
2634,0.0510722080696278,0.0653736792609967,0.264293146043176,0.0761223722812673,0.169087892587557,0.374050701757374
2635,0.025180711396448,0.0630678606523672,0.0469468745480468,0.033016533525614,0.666463309272695,0.165324710604829
2636,0.0254071156124675,0.0710134688679768,0.135859012125626,0.0358438862516912,0.31281614211972,0.419060375022518
2637,0.0232117637536126,0.106581871871952,0.0363004911563766,0.0234967535501298,0.639057624898031,0.171351494769898
2638,0.0731312605444757,0.0516709587885309,0.0752171284682253,0.284363526942005,0.203244727689764,0.312372397566999
2639,0.0988747885354086,0.0944199999060337,0.060571990719622,0.320573646419124,0.311777171337236,0.113782403082575
2640,0.0169621876619532,0.0331799561999142,0.0648441759091996,0.0292023257163888,0.127479049983884,0.72833230452866
2641,0.120132606158686,0.18911288563134,0.138970671766768,0.142502497389578,0.219238834510382,0.190042504543245
2642,0.0308938487560514,0.10234098421846,0.169674518601545,0.0473757229774746,0.225743572561868,0.4239713528846
2643,0.316145726723046,0.388897944373167,0.0361451184441885,0.127692199359323,0.0964570630782275,0.0346619480220483
2644,0.0127073044465021,0.124779797187512,0.056412440005184,0.0233386990764364,0.261644119234277,0.521117640050088
2645,0.016390339115053,0.0663404549539561,0.0492898902315902,0.0424425313177063,0.279654189956559,0.545882594425136
2646,0.00331823780799453,0.0236954924772489,0.0944344244606074,0.0173772229358571,0.0634488912354451,0.797725731082847
2647,0.0720780508842872,0.106886065980895,0.13502096810671,0.131038991579852,0.244496021289013,0.310479902159242
2648,0.174499256845796,0.253648906752271,0.280531924816652,0.0418609446835424,0.100465253754494,0.148993713147245
2649,0.049729146753111,0.0761781892058255,0.133174242213478,0.0552067350798034,0.289292233033172,0.396419453714611
2650,0.0422627463885829,0.0593691066109209,0.206317327642076,0.0404383642873486,0.111210354170249,0.540402100900823
2651,0.0270837670740205,0.0854405714217392,0.0451341325029179,0.0553531491019073,0.582987741524295,0.20400063837512
2652,0.0188387233107987,0.167648293601609,0.0576947808768873,0.0458163621318665,0.452446975420012,0.257554864658827
2653,0.235195162865698,0.249307903321683,0.15081639847534,0.0529273889678016,0.198619726685447,0.11313341968403
2654,0.00746761182519013,0.0372966988733782,0.0652631468819476,0.0480278334680599,0.133354536171664,0.708590172779761
2655,0.290504120307995,0.256861039292015,0.101342513365197,0.116863052328101,0.164927692774786,0.0695015819319061
2656,0.0155538263511653,0.0732644746003716,0.0675447665843153,0.0361645345415245,0.45196491171013,0.355507486212493
2657,0.0193828577180479,0.0374327150481111,0.178728506535562,0.0426636748710846,0.124210907934728,0.597581337892467
2658,0.167795218457401,0.200821555210506,0.181806849982014,0.199940560838678,0.125256600808703,0.124379214702697
2659,0.139292820778551,0.101160994966369,0.140566624018381,0.377301051718342,0.122073003321204,0.119605505197153
2660,0.012867333609703,0.0329445479569426,0.0467994308312829,0.0446244769719262,0.289840430124477,0.572923780505669
2661,0.00516617790249675,0.0216236185535369,0.0653157857762914,0.0306164468977132,0.101479438724171,0.77579853214579
2662,0.0086583703226013,0.0452765894561227,0.0989655729884091,0.0151569819932844,0.156775786724233,0.675166698515349
2663,0.0097958635598004,0.0386114640841281,0.0627994928165163,0.0437235220911281,0.429324464426152,0.415745193022275
2664,0.0429900216931996,0.0785816046522292,0.0357867778839032,0.111672351606648,0.580779378897272,0.150189865266748
2665,0.226272243389266,0.296196754495388,0.08934040921052,0.0679382551043877,0.190740216328951,0.129512121471487
2666,0.0174936697901637,0.0451040994863482,0.168155153216465,0.0379885278664147,0.0627799738028395,0.668478575837768
2667,0.0785570237644231,0.136873953298928,0.360071413605568,0.100121151765515,0.208378570560145,0.11599788700542
2668,0.0194287143644583,0.0776398877182659,0.384549724919527,0.0344239423595268,0.161442955534622,0.3225147751036
2669,0.0471270734318762,0.179890682055878,0.106607540451278,0.0362921421155329,0.267394149340306,0.362688412605129
2670,0.00982689904490105,0.0444489823874309,0.138087088652086,0.0242305979790383,0.213099809412501,0.570306622524043
2671,0.0457977574002278,0.0840549886460334,0.0424119435184102,0.0992674438780785,0.361911016477981,0.366556850079269
2672,0.00692794860035928,0.0854192698765639,0.134064595194408,0.0192705631459985,0.159923784941602,0.594393838241068
2673,0.307714586584164,0.338824215185844,0.0534881092905867,0.10077792295676,0.155150190762819,0.0440449752198261
2674,0.0343296775688387,0.0497279057866543,0.0662053451280484,0.300869447084755,0.364705433447088,0.184162190984615
2675,0.45399443846397,0.193414807068335,0.0345359048400455,0.186092157690889,0.104597086423105,0.0273656055136546
2676,0.0313417541959254,0.0448377409499514,0.0690458299392216,0.138492793186426,0.398899266660375,0.317382615068101
2677,0.0917820670207498,0.225764246420377,0.289456657684816,0.051818222556906,0.187545155811957,0.153633650505195
2678,0.0450152255638579,0.151790854999895,0.15884429797796,0.0561009042648546,0.330361008383895,0.257887708809538
2679,0.00428571757539531,0.0233449584106646,0.0604186998485551,0.02855510894117,0.31921673358641,0.564178781637805
2680,0.0640131222264297,0.127636032672385,0.285969481273922,0.117594167357305,0.179577190453961,0.225210006015997
2681,0.0591608443913694,0.142696673200016,0.107861025790353,0.103407006320816,0.340564009964328,0.246310440333118
2682,0.0170217438237952,0.045625647390382,0.114422628979124,0.0904565579626745,0.191607959084798,0.540865462759226
2683,0.379984315686138,0.310276814209204,0.0604001094658386,0.113588262236659,0.104941342875206,0.0308091555269553
2684,0.0105085121799335,0.0444979479817193,0.056065302095506,0.0805474377642241,0.462033210447336,0.346347589531281
2685,0.119259575215667,0.10995820093363,0.114982310346809,0.0508280936142994,0.110626739112892,0.494345080776702
2686,0.0169190918719428,0.13490322053846,0.205913900369858,0.0392701173107655,0.227393608012819,0.375600061896154
2687,0.292146789005385,0.197977524092645,0.092138033867052,0.175614594818827,0.193388441819007,0.0487346163970829
2688,0.067544708823687,0.174057116462246,0.0764069726484434,0.222826201371655,0.333075840402165,0.126089160291803
2689,0.220733214514007,0.516709115405754,0.0295837894973647,0.0560013139862041,0.14494731020782,0.0320252563888496
2690,0.0125400431719137,0.0332778864288864,0.0439953697024181,0.182611780272369,0.423846712816777,0.303728207607636
2691,0.0490553725304274,0.222867888939789,0.0866324757471507,0.0629324052324731,0.305050564048999,0.273461293501161
2692,0.0404615662546699,0.104503144227291,0.20257745156946,0.0745577904770848,0.211846106145686,0.366053941325808
2693,0.0415224274783067,0.075802032471072,0.258338360715642,0.054749900442075,0.146895397064625,0.42269188182828
2694,0.0196980787356586,0.0469521292371004,0.118866642256235,0.0604151496044636,0.189921685121556,0.564146315044986
2695,0.539579582224993,0.21561187872984,0.0560047084573493,0.0961014038486769,0.0640508777322062,0.0286515490069344
2696,0.0297599978655474,0.0810914975191147,0.263256256191169,0.0376689713104764,0.169297081095777,0.418926196017915
2697,0.0486647366146383,0.132342378503208,0.244816856584037,0.0475365164985829,0.178011607649561,0.348627904149973
2698,0.0288375135452259,0.0741193869293655,0.190141552105829,0.071788690725904,0.209569380022897,0.425543476670779
2699,0.0285901713024506,0.121173184294331,0.258090089553375,0.0437602569268341,0.140364059195144,0.408022238727865
2700,0.0042796136309807,0.0304861666406678,0.0321026102989146,0.00856007789454849,0.335644669162017,0.588926862372871
2701,0.0270019566983097,0.052535743875566,0.0812230325336931,0.113848101608749,0.323577631093405,0.401813534190277
2702,0.413553556478159,0.183175471730126,0.181026278782519,0.0721241445657616,0.0832352942726162,0.0668852541708185
2703,0.0795620290019446,0.0888752469243755,0.149199516557692,0.0972430964116665,0.264875425665808,0.320244685438514
2704,0.0353316372085154,0.183565534344764,0.398692472671891,0.0666277067916679,0.162456308979232,0.15332634000393
2705,0.0231134040379256,0.168384232252905,0.342660682193075,0.0291446089959421,0.188876176822562,0.247820895697589
2706,0.0258837909001409,0.113955957754577,0.151746381861132,0.146559061188002,0.173739120089517,0.388115688206631
2707,0.0154070231263872,0.0341134669733277,0.0363658649152801,0.0642682996099284,0.599222096040024,0.250623249335053
2708,0.353310775186062,0.380532632450705,0.0588733161078553,0.0605820644866423,0.10583848915494,0.040862722613795
2709,0.0650219203568002,0.114234477286938,0.24378397086365,0.0652623102639759,0.12566836667486,0.386028954553776
2710,0.0721806108472363,0.0956471489284683,0.18084969314223,0.089150515954511,0.193150988217994,0.36902104290956
2711,0.0170977396619196,0.0683051566184436,0.202554778885731,0.0348588733371772,0.265315659838856,0.411867791657872
2712,0.112139064778216,0.0992286893122126,0.119807608480862,0.15274379634513,0.317735458959057,0.198345382124523
2713,0.160112957643521,0.184991425466715,0.214177623628078,0.0580995333356083,0.132620174447769,0.249998285478308
2714,0.00520038030698803,0.0467247025904024,0.089924332894092,0.0224651561652959,0.198089510387492,0.63759591765573
2715,0.0467646215668694,0.125638315836635,0.29969571676608,0.0571580785274029,0.281489992330239,0.189253274972774
2716,0.0342395559033735,0.0702007209194065,0.120474265289409,0.0745313375287477,0.423545528237431,0.277008592121632
2717,0.0156893138031321,0.0541383760700326,0.0445476405634069,0.039306524390804,0.292604785367113,0.553713359805511
2718,0.0221324485865928,0.0692137817710615,0.271150229994073,0.071852944016699,0.188458795020441,0.377191800611132
2719,0.057618022703791,0.149943911094404,0.199295441112258,0.0682769291231561,0.327006192117239,0.197859503849151
2720,0.0830891747493475,0.108229013145667,0.314953029432406,0.087211005100972,0.201322451541755,0.205195326029852
2721,0.024188241388432,0.0626520158694498,0.0949944641419518,0.0535678364689555,0.344489472402056,0.420107969729155
2722,0.2631254685521,0.511364487585558,0.106056181609654,0.0220014459402253,0.063440448077017,0.0340119682354453
2723,0.0547506955755589,0.101697263156648,0.104745592558105,0.0789881099310288,0.237180466693687,0.422637872084973
2724,0.626140231073948,0.0935387737992784,0.0771905362534747,0.0987977768965283,0.0650724405879442,0.0392602413888263
2725,0.182611270005865,0.254889475874296,0.0941803736610971,0.193215720265508,0.176334691886247,0.0987684683069875
2726,0.0640472077356771,0.101910884814354,0.0647993690567358,0.184486926047406,0.503113757982622,0.0816418543632057
2727,0.0112441777064949,0.0462313076832525,0.109076868948146,0.0419153459551841,0.319191140099686,0.472341159607237
2728,0.0170326476014802,0.0408770117671034,0.11084018662383,0.0525641692957878,0.14496799023154,0.633717994480259
2729,0.152683432277371,0.24875502140944,0.0933468785376198,0.0987408675879482,0.245245924990406,0.161227875197215
2730,0.0206904369155927,0.0401782102335847,0.103711036336381,0.0613677255962898,0.360547627855229,0.413504963062922
2731,0.149931022692386,0.12590071977936,0.0708652231285752,0.17126836851272,0.356154703855834,0.125879962031126
2732,0.0350908533501453,0.0879924598857453,0.231463249592471,0.0562842463457145,0.144286539767018,0.444882651058906
2733,0.0658948179350563,0.137835687437824,0.142565590122179,0.160928870517586,0.363756324168009,0.129018709819346
2734,0.0378464706873364,0.61270942737214,0.0483683723025956,0.0247335167536969,0.180062273736757,0.0962799391474745
2735,0.0571974019491613,0.374804312536796,0.150074260221519,0.044889763567184,0.167732158116584,0.205302103608756
2736,0.0336189942749766,0.0853176278223124,0.0475918962214502,0.3056793936716,0.39612409421359,0.13166799379607
2737,0.140109098245159,0.0974310243331026,0.214495298306073,0.17819493512044,0.175713489885531,0.194056154109695
2738,0.0387104501240662,0.119520447762124,0.120327642846219,0.0868575582830338,0.199982019404581,0.434601881579975
2739,0.0987901027000986,0.250706663667845,0.245583775057754,0.0397104995341441,0.239957132549537,0.125251826490622
2740,0.247903076392506,0.364692528437192,0.0497322681493516,0.096085641960613,0.122846098337706,0.118740386722631
2741,0.0573417434924623,0.285636365815625,0.109215213445463,0.0388903421004303,0.360603690304094,0.148312644841926
2742,0.0528961097320305,0.0464584291731326,0.0367411684641187,0.218636563351093,0.511875075601399,0.133392653678226
2743,0.143799098464578,0.187123454012654,0.115034757717877,0.11713490457082,0.240734898349337,0.196172886884735
2744,0.0362108660879979,0.0796917639765872,0.0791811764261555,0.129686807100235,0.558611433490151,0.116617952918873
2745,0.0271346880766248,0.192326973315018,0.236032301760996,0.0838671550493322,0.23699996452032,0.22363891727771
2746,0.0178632519024078,0.0726060352970443,0.103156485791243,0.0407278869808148,0.328647928869857,0.436998411158633
2747,0.0186913724480471,0.034290460012866,0.0175424698231153,0.101694643877111,0.622864507805183,0.204916546033677
2748,0.0105154275115817,0.0458434581634355,0.0790563661739959,0.038433580240894,0.556902199600658,0.269248968309435
2749,0.219004637963752,0.105025208954024,0.0737737880057081,0.286285769073273,0.216270261007171,0.0996403349960725
2750,0.0160804955393414,0.0732823613417274,0.350127811044978,0.0352627921630002,0.137935049769761,0.387311490141192
2751,0.24370630233734,0.202322891289305,0.06919987679753,0.110999879886564,0.292131613540252,0.0816394361490076
2752,0.0322443919167516,0.149518008060619,0.162634100464376,0.0702825452931934,0.215707499741685,0.369613454523376
2753,0.065579285384301,0.0696796999389309,0.0214806737219108,0.335527812400292,0.456059638113339,0.0516728904412267
2754,0.0188376902369908,0.211554196290073,0.121885303358486,0.031201237317402,0.347060738107224,0.269460834689824
2755,0.00355481681939156,0.0116829790977974,0.0559630648790861,0.0123109689153874,0.192693458077708,0.72379471221063
2756,0.0139433626270327,0.034490157880129,0.0823746364662943,0.0247459842808135,0.0503239000676581,0.794121958678073
2757,0.014100120973841,0.123861258518986,0.0321259183739361,0.0423646140522739,0.544499287338375,0.243048800742588
2758,0.101886990214108,0.235292991936892,0.188235514204997,0.0428804895586013,0.274756578734467,0.156947435350934
2759,0.0319134256412282,0.230080378314283,0.107496862277887,0.0232923052206797,0.305399909247106,0.301817119298817
2760,0.401617241533347,0.0748416966669406,0.0319247585860858,0.420817551173892,0.0557205866963554,0.0150781653433798
2761,0.164116762764914,0.158232521487401,0.0799412468306635,0.229345666504465,0.22943050587729,0.138933296535267
2762,0.0142584991750129,0.175872917012162,0.156773534625817,0.0278175427697972,0.356270725160327,0.269006781256884
2763,0.0505028776112501,0.170793813678798,0.289607538164555,0.0613654642485408,0.246254917360909,0.181475388935948
2764,0.0159703700752864,0.0353774372217426,0.168669049662184,0.0270725059069851,0.119430311126717,0.633480326007085
2765,0.0337223148952458,0.147085552934592,0.189842287822166,0.0497956710867678,0.193615907086455,0.385938266174774
2766,0.0371247781458182,0.133098646476401,0.0935056421624916,0.0786315264103372,0.359600603585482,0.298038803219469
2767,0.0563471763074274,0.1369964627655,0.142611199762374,0.149954174622689,0.245295174605578,0.268795811936432
2768,0.06381316171469,0.274552750612602,0.308795406184027,0.0318971165706155,0.142908682092107,0.178032882825959
2769,0.0538339791115942,0.213947248996313,0.130331419666254,0.0750906308605339,0.325782532518955,0.20101418884635
2770,0.00404461254716635,0.0512290101399085,0.188743997849125,0.0376944758360139,0.143819856617325,0.574468047010461
2771,0.0360108869495432,0.133347772545261,0.390397453687922,0.0646758728577016,0.193818060838997,0.181749953120575
2772,0.0947171790462254,0.113244012497941,0.110606759924137,0.14777720461537,0.359223449112134,0.174431394804191
2773,0.0777547201723083,0.245864713515909,0.114156294901161,0.0587676942458763,0.335103116801858,0.168353460362888
2774,0.130191804335514,0.340643712405201,0.0965490858050548,0.0668229812522807,0.240870898796879,0.124921517405071
2775,0.00450053168065441,0.0209633278973265,0.0870611173243837,0.00909667076954517,0.110177635954225,0.768200716373865
2776,0.0119386850343151,0.0362786497496301,0.0566830271525851,0.0532543741057676,0.28614347472235,0.555701789235352
2777,0.00282905010281875,0.0168684048592872,0.0802852766114104,0.0155122818330291,0.0583523338361579,0.826152652757297
2778,0.0662206855552356,0.148127469765874,0.131379025852206,0.0885465397306673,0.182719691662268,0.383006587433749
2779,0.0497596487763924,0.106427417108667,0.320118150240724,0.0950217675188362,0.162470139790602,0.266202876564779
2780,0.0606198369964104,0.202700037647496,0.238421911442203,0.0628330849127803,0.181548021392592,0.253877107608518
2781,0.0234669874835857,0.0544636112603561,0.0600016119885487,0.123815166290175,0.477760087310026,0.260492535667308
2782,0.01027157344899,0.0510549079744162,0.182196411687399,0.0299704306736923,0.123015510374565,0.603491165840938
2783,0.3074856665191,0.364794318411905,0.112150876925707,0.0640936542166317,0.104478775594256,0.0469967083324002
2784,0.0689315903306541,0.303851495557117,0.0542460005824961,0.105756771959552,0.390864605822587,0.0763495357475937
2785,0.00283097554250505,0.0240014217629267,0.0667612605497549,0.034188031341033,0.179216960395735,0.693001350408045
2786,0.0153516079828975,0.0466896432161662,0.0650656528331722,0.0614214526302202,0.390278400049795,0.421193243287749
2787,0.0071737851647544,0.0423066511906059,0.0767738206898681,0.0236398938078329,0.23255165275254,0.617554196394399
2788,0.022052125169213,0.0674461451567608,0.120914997182455,0.0442672446585787,0.183377801144613,0.561941686688379
2789,0.0678330280973856,0.073489656125458,0.256873611963565,0.0857654587754313,0.222694159612406,0.293344085425754
2790,0.0484378457527696,0.118153983741162,0.0590130286612752,0.10439143472327,0.449812884988524,0.220190822132999
2791,0.175567364861037,0.068333542814569,0.049121509427486,0.476037184537883,0.141668424410035,0.0892719739489898
2792,0.561998464490726,0.231215538503885,0.0367222140169286,0.060355341421915,0.0794283450267122,0.030280096539833
2793,0.0101530810390405,0.0576178457035714,0.0509929925365667,0.0312045977421459,0.479684040586384,0.370347442392291
2794,0.413385186522784,0.272707041255453,0.0773791391490477,0.0882467465103642,0.108331827403862,0.0399500591584894
2795,0.327080762627476,0.128006117862331,0.0542089199671733,0.337625524625877,0.118333602284536,0.0347450726326068
2796,0.00571060109516671,0.0371324236698532,0.100554855129935,0.0241836492038718,0.100555414416237,0.731863056484937
2797,0.0366994504009404,0.0497386924718987,0.0909813385792844,0.108760148164127,0.190193638957624,0.523626731426126
2798,0.013590840853455,0.116871095421228,0.165318112101659,0.028528110719648,0.301218177133367,0.374473663770643
2799,0.0812747592456242,0.182875609897653,0.289880892640522,0.0492574994503815,0.183939049420225,0.212772189345594
2800,0.00931440482461249,0.0361040368731424,0.0536174815597005,0.0696558770267423,0.272626187692091,0.558682012023711
2801,0.0130041738379286,0.0345296997788577,0.0373639097566089,0.0391138881752906,0.471997390386277,0.403990938065037
2802,0.0261688184743309,0.0800260343014986,0.0714011269257258,0.12746492166011,0.348617866646602,0.346321231991732
2803,0.0664845925696906,0.46054904149825,0.0905767943437967,0.0272500225864364,0.233635867830221,0.121503681171605
2804,0.0151625721108985,0.0716260984825778,0.118424926595537,0.0618582360482375,0.42227804062851,0.310650126134239
2805,0.208630406283418,0.177295019859121,0.240165253160745,0.100744915281742,0.176685736533463,0.0964786688815116
2806,0.158099749583617,0.123076398504207,0.0836891801031384,0.181937713681764,0.219495619614401,0.233701338512873
2807,0.069074048085639,0.171618364970061,0.153956242345965,0.0769803561918117,0.220702358630797,0.307668629775725
2808,0.0116796758933802,0.0400312379363151,0.0668827973726076,0.0305004807296364,0.316798752002632,0.534107056065428
2809,0.0371494035934932,0.0737329347957969,0.224941768945344,0.05806674610152,0.135995750472835,0.470113396091011
2810,0.0165472763638815,0.0471530645400063,0.0681723631138899,0.081111278137016,0.521934269735671,0.265081748109536
2811,0.0174061251738159,0.13225239816632,0.241917183425434,0.0675749981657741,0.243389927783793,0.297459367284863
2812,0.329668721083428,0.237998326580616,0.162728253642008,0.0991583183877521,0.105561888015884,0.0648844922903124
2813,0.0363863434975534,0.105490839600573,0.175306000008112,0.109573886381021,0.265983757864195,0.307259172648546
2814,0.0319240104167702,0.18340661454343,0.212582056012966,0.0564150086073685,0.27314892567061,0.242523384748855
2815,0.0412999883817886,0.0882348080228711,0.160089935779194,0.0750739101875582,0.170051239631489,0.465250117997099
2816,0.167642940811187,0.172094239217778,0.306182768923293,0.0742922447489816,0.168260230654217,0.111527575644544
2817,0.101308765041918,0.30227325153201,0.111323244327913,0.0597474196060757,0.280986179410998,0.144361140081085
2818,0.278951359531691,0.283172427688964,0.14555042780501,0.064189614617102,0.139378637619129,0.0887575327381047
2819,0.45327257988222,0.330523345246562,0.0584410301766665,0.0519716607782682,0.0784170409266914,0.0273743429895922
2820,0.250414256413593,0.192244172654085,0.350733690851571,0.0502115705957634,0.0941962827007121,0.0622000267842749
2821,0.00562016897767545,0.0346434072515553,0.0326138517232293,0.0126990686129075,0.452164428185737,0.462259075248896
2822,0.192992614279051,0.179821339925629,0.152038568792284,0.0731488739926782,0.304350125672151,0.0976484773382069
2823,0.0634684830061738,0.0980260919754099,0.123921437499525,0.087219986013819,0.248396565088886,0.378967436416187
2824,0.0448268177997193,0.162297997616966,0.186911494431958,0.052552721739973,0.233540582580757,0.319870385830626
2825,0.00690906866867518,0.0540916025155658,0.173425283139746,0.0193296539866992,0.0499680804588397,0.696276311230474
2826,0.0332759937753866,0.215433523776402,0.0559018725357613,0.0383373182000891,0.431492360567703,0.225558931144658
2827,0.103964457125045,0.346906209322069,0.0907313329265846,0.0471695367968557,0.251032302004471,0.160196161824975
2828,0.0237298181929172,0.118989375284985,0.164748096870558,0.0617310579591395,0.404272679350243,0.226528972342158
2829,0.0325221301583199,0.0613051386617414,0.0470653544218577,0.145561607927618,0.526629393189533,0.18691637564093
2830,0.00497328828653554,0.0289984558761758,0.0996406941802855,0.0183608151631307,0.144819429156567,0.703207317337305
2831,0.300077688293547,0.397996715412887,0.0956562160589444,0.0508897653279338,0.0957761397816909,0.0596034751249962
2832,0.0345060988550424,0.200956882210244,0.209632477638565,0.0358712938862947,0.281323965661832,0.237709281748022
2833,0.0898768996899934,0.114893535701264,0.0896416760009804,0.174459060493004,0.276962784919042,0.254166043195716
2834,0.0169918107700339,0.0675913585797405,0.0754258280307783,0.0383261294193022,0.263943203280522,0.537721669919623
2835,0.241122817206843,0.194976050132923,0.0363246296479631,0.206807806311622,0.245947376268706,0.0748213204319425
2836,0.0151172038332825,0.0318378151337001,0.0500954815324398,0.0497655001037926,0.25964966534381,0.593534334052975
2837,0.0790274802273594,0.209240071200302,0.311455046093843,0.0644017473250584,0.18789993711764,0.147975718035797
2838,0.135993048444379,0.203294073002304,0.233805601744422,0.0961986668346602,0.13228236377653,0.198426246197705
2839,0.16497295690753,0.172608489735226,0.143474166825988,0.0847108211200894,0.254699435594189,0.179534129816977
2840,0.0986225022156938,0.0977969854182775,0.184882148190198,0.135832853733441,0.213532139294524,0.269333371147866
2841,0.420980909961226,0.112284684975554,0.0612136017483445,0.210376713514008,0.143642757696443,0.0515013321044236
2842,0.00686267241708902,0.0261406517323221,0.0297536531469955,0.0429386322093821,0.577675053396435,0.316629337097776
2843,0.127797569556224,0.0973458011436716,0.179479679286643,0.157044686599637,0.226269270705516,0.212062992708308
2844,0.0295429913231737,0.0754765006970204,0.618346227374658,0.0237242116929179,0.0898596425593368,0.163050426352893
2845,0.161113324492886,0.254403571750466,0.187061933265825,0.177848509492059,0.159858912584567,0.0597137484141975
2846,0.0230139947233268,0.0614935392211549,0.0562540085958302,0.0627961407066452,0.399359714387426,0.397082602365617
2847,0.00995358168377347,0.0417555263024992,0.0454959036773745,0.0566606921658582,0.582667637613918,0.263466658556577
