"CUS_ID","F20-","F30","F30+","M20-","M30","M30+"
2501,0.0933742783392065,0.422223392074242,0.11533818691301,0.0456798381503723,0.188250669212789,0.135133635310381
2502,0.0304268973563635,0.113011973846556,0.155548118884151,0.0806001717526484,0.429542438270766,0.190870399889514
2503,0.0526206399850833,0.289470206214227,0.074806043062337,0.0716249172981782,0.390485481665092,0.120992711775083
2504,0.273298189403002,0.14785581421465,0.175889048171767,0.181328806429984,0.109426449802258,0.11220169197834
2505,0.0308544226658511,0.116619954794181,0.187952535288754,0.0701353704392966,0.227684548201663,0.366753168610255
2506,0.0196038173278893,0.289927953739989,0.115655796867312,0.0179656371205128,0.28592845738714,0.270918337557157
2507,0.0135452861770422,0.0407334311796421,0.0802857558117857,0.0322899879985708,0.244920506352577,0.588225032480383
2508,0.00578188740700432,0.038750057361928,0.0659479762617335,0.0215597736323455,0.353788747751049,0.514171557585939
2509,0.0128658504673998,0.0393971814919916,0.17039145339268,0.0273185581634589,0.152182534577229,0.597844421907241
2510,0.0110637211295478,0.0606748963477149,0.0499425164181957,0.0378461702012548,0.383162479661335,0.457310216241952
2511,0.604023610313388,0.102894225962087,0.0877971307138974,0.143218617380302,0.0425973064375365,0.0194691091927889
2512,0.0627919240872145,0.198432836059294,0.106275016604626,0.108419223281164,0.391739010259859,0.132341989707843
2513,0.00538543471994381,0.0348279355151994,0.106447449861598,0.0348332782224381,0.274158236435313,0.544347665245508
2514,0.124179032875777,0.534274689425693,0.0843647128984946,0.0371762520332705,0.168662189281044,0.0513431234857209
2515,0.0128091431037819,0.0590444042304951,0.143727328720948,0.0418852672915264,0.205704012559899,0.53682984409335
2516,0.101332004159884,0.126901039385526,0.0811111781367179,0.152405294213882,0.289623709339773,0.248626774764216
2517,0.0291749131120007,0.359540181681724,0.117623128824843,0.0228921217737813,0.27020566986591,0.200563984741741
2518,0.412484746329929,0.238424507593893,0.0853872528982026,0.0698333420254671,0.135592274079651,0.0582778770728568
2519,0.0393237961452912,0.819573430617505,0.0336676501695701,0.0087240833422035,0.0701533384259434,0.0285577012994871
2520,0.0286284085770759,0.0579976997932014,0.0246589957280408,0.111509430841166,0.565840642379951,0.211364822680565
2521,0.0250935452940479,0.0794358185727359,0.317809418589963,0.0455739560026701,0.146229517928984,0.385857743611599
2522,0.302770943628955,0.257930219186826,0.213499210098507,0.0643082109334787,0.103081241047427,0.0584101751048066
2523,0.0501982777749784,0.344890750481337,0.114124479272159,0.0158497312103853,0.318767137919022,0.156169623342118
2524,0.0673601303908331,0.163232887873401,0.227086995744136,0.0801833617674321,0.1972137784352,0.264922845788997
2525,0.143261565674404,0.095692958945269,0.0892335117432732,0.33675186103915,0.260597473216971,0.0744626293809328
2526,0.0994348485812925,0.163513006199001,0.0904004230819101,0.125196052431499,0.34155454059312,0.179901129113177
2527,0.494235046147582,0.210525517232015,0.111833805425582,0.0595648549984134,0.0778642438399369,0.0459765323564714
2528,0.00802057068046005,0.0233960440575672,0.0677418740697722,0.0741482804255073,0.258944341484531,0.567748889282162
2529,0.0661049744297785,0.0860514742903668,0.25864831326926,0.0610474371631242,0.135328557491055,0.392819243356415
2530,0.00271641999612918,0.0191569006807566,0.136217818565383,0.0166830547114485,0.102287907028022,0.722937899018261
2531,0.0384998162884375,0.146531019385845,0.14548660227535,0.0862945565892812,0.320240199599951,0.262947805861135
2532,0.0325291097125338,0.139618798518882,0.168842125512851,0.0703022812819649,0.299347512614964,0.289360172358805
2533,0.00162368568073268,0.00778630132559286,0.0598309381120168,0.00583181722035167,0.0296598609951182,0.895267396666188
2534,0.314073899501547,0.0779558183506373,0.0512006280276753,0.42609973686148,0.0861023660979666,0.0445675511606941
2535,0.0471146205658136,0.0919137467507088,0.14964538213817,0.0668166687362134,0.187197962915159,0.457311618893935
2536,0.119251391816413,0.230071897363452,0.154194644313516,0.0655239566475856,0.188686179858802,0.242271930000232
2537,0.0306597349626117,0.694815561432476,0.103362459630258,0.010201281507899,0.0983496033990373,0.0626113590677176
2538,0.193527335217101,0.128492496408258,0.0785308937271209,0.109501283724461,0.307659007519875,0.182288983403185
2539,0.151082478898724,0.261908195201514,0.186408080723014,0.0636212792017382,0.192875010526751,0.144104955448259
2540,0.383121670149773,0.170702646667412,0.0356600582664948,0.198789141942705,0.1782475483631,0.033478934610515
2541,0.117516026478064,0.0431587590851825,0.0157877802551945,0.468584849815938,0.283549962415292,0.0714026219503292
2542,0.0972317546347956,0.428370330703178,0.0976581594486576,0.0294741268860906,0.286555501839872,0.0607101264874057
2543,0.00685525872097713,0.024036892705772,0.0791106974683297,0.0105009981651078,0.245609188655367,0.633886964284447
2544,0.107356599063214,0.143488737492029,0.0990259456786586,0.248787692966479,0.176833521664789,0.224507503134831
2545,0.0259124898368406,0.330010815527065,0.0540186466795032,0.012307078820644,0.399869692822106,0.177881276313841
2546,0.0409595793927762,0.0372487293266242,0.0112529216935242,0.308328138510986,0.52691757462207,0.0752930564540195
2547,0.0928124598019461,0.188050987489574,0.207205625390106,0.0454166409895394,0.243554504031605,0.22295978229723
2548,0.0561158426323882,0.0620289013304491,0.0816642777145768,0.311590965395443,0.376791946936582,0.11180806599056
2549,0.00707207038579943,0.0336981367911039,0.0560727292477205,0.0568315009063759,0.345457017260247,0.500868545408754
2550,0.0158153003391911,0.0283115316529162,0.0133666398749814,0.18629073721026,0.600572760909736,0.155643030012916
2551,0.0820233054748869,0.153409975370396,0.0541162062113193,0.280211573374838,0.307578986461483,0.122659953107077
2552,0.150634027892391,0.309187706295874,0.133605683133069,0.0819978833332287,0.156787871089087,0.16778682825635
2553,0.441329449389782,0.195135987242403,0.0555602269754248,0.146816056423724,0.135518332548842,0.0256399474198237
2554,0.102177734313527,0.170342129202166,0.0915268429198572,0.152120449954175,0.398705817719899,0.0851270258903757
2555,0.0164297786230513,0.071007572363001,0.0466573776058824,0.045121457020471,0.65786774409384,0.162916070293754
2556,0.0789997432346248,0.242309218781671,0.221760195366524,0.0668416242716493,0.235934281645801,0.154154936699731
2557,0.365989975831651,0.257342681565218,0.214686546417557,0.0748757418944384,0.0624190526878783,0.0246860016032572
2558,0.039535490231991,0.108543305866561,0.485534680524386,0.0432023584333816,0.140616107154238,0.182568057789443
2559,0.0652777948565057,0.41172303277828,0.143640947127155,0.0353809587201988,0.140318276971121,0.203658989546739
2560,0.00655860712154811,0.0637665554351819,0.10000329116128,0.0216776894535663,0.173737205465278,0.634256651363145
2561,0.0171752593078304,0.0636377801407001,0.147378251012937,0.0182005955917002,0.109903679722183,0.643704434224649
2562,0.300121152105278,0.390447652147432,0.0482789696859755,0.039613987759635,0.196351389345547,0.025186848956131
2563,0.228765278854724,0.185142594443054,0.2732431624771,0.0957744677484782,0.0945879415041316,0.122486554972511
2564,0.142393892996498,0.0647304475823048,0.0795773249582333,0.36167523904792,0.221316553404757,0.130306542010287
2565,0.0167601059446549,0.0530319231866218,0.0703096452671787,0.0400507760744057,0.212285830556875,0.607561718970264
2566,0.0103978348814364,0.0375099706024881,0.0943056045689405,0.083400520846929,0.254512817060932,0.519873252039274
2567,0.0406856308986859,0.150307665658298,0.12643783864608,0.0635977658881936,0.1821153332473,0.436855765661442
2568,0.00661175923676178,0.0433749610306193,0.0840993215929287,0.0229091552401398,0.20047131666036,0.64253348623919
2569,0.0219460459545769,0.0763002617054737,0.213750037575113,0.0300000033410993,0.271061566653532,0.386942084770205
2570,0.0225559007378622,0.552148024373098,0.157578893814111,0.0109650053819383,0.130265816780658,0.126486358912332
2571,0.0962648842234542,0.0813009443588022,0.0417291570136244,0.323366073172766,0.335812838973221,0.121526102258133
2572,0.0929669276752025,0.0996270045026516,0.299253772934566,0.186471549280206,0.148517478072673,0.173163267534701
2573,0.088209669556873,0.323199731384969,0.129125076291156,0.04610047682235,0.244514657303583,0.168850388641069
2574,0.0335193290616891,0.0548367646543553,0.0383634523175898,0.396150535485903,0.384169005662657,0.0929609128178064
2575,0.026263871063669,0.0413925656250334,0.0203528374267736,0.174062134253677,0.604393679497155,0.133534912133693
2576,0.304387531603677,0.267768101308811,0.131070698626655,0.0743736707954568,0.131391440626543,0.0910085570388563
2577,0.0534687616136119,0.206119201170625,0.190592373914239,0.0390666332668325,0.239945849052685,0.270807180982007
2578,0.0016500774600466,0.00966150106888596,0.0527804421177513,0.0108569098768114,0.0772847307164151,0.84776633876009
2579,0.227877356648561,0.205571462615661,0.341653509009325,0.0437871854974864,0.0928089506907006,0.0883015355382668
2580,0.0753718868353905,0.279383959515757,0.205737208569036,0.0375821095205821,0.193338808256858,0.208586027302376
2581,0.0120578924478792,0.0381230593448734,0.0700980336058802,0.119541979987797,0.528387630305434,0.231791404308136
2582,0.0924308721260596,0.523182973336598,0.0670202703377558,0.0374654574977082,0.224218299327516,0.0556821273743625
2583,0.0532903763185819,0.578767738315673,0.17040401203435,0.0179624202397209,0.109699327004458,0.0698761260872162
2584,0.297884843017627,0.560459403017021,0.0318875772382553,0.0132556012281402,0.0758481247864722,0.0206644507124839
2585,0.0245244141821357,0.0630052806553671,0.0914827857095919,0.0735684154177995,0.425161563266755,0.322257540768351
2586,0.0463555767293682,0.288783020028437,0.173468003100509,0.0502816590433014,0.2039025034929,0.237209237605484
2587,0.188408268145097,0.0815174611625702,0.0718318245559584,0.322675704940642,0.235147576144652,0.10041916505108
2588,0.0533809756327749,0.0418121178170181,0.0292185419276127,0.197778908740055,0.548420453912272,0.129389001970267
2589,0.0340522844760502,0.0754279867941666,0.0459747528359215,0.149360728419678,0.573253561171981,0.121930686302203
2590,0.00659937080653313,0.0488240007916453,0.0982265359561146,0.0534163396521037,0.220239828703835,0.572693924089768
2591,0.100431675458415,0.093324364586833,0.238673751919544,0.0678967912640886,0.0898611511988047,0.409812265572314
2592,0.0224628592146581,0.0645024442605128,0.0322341186018988,0.174776142811435,0.547171449782042,0.158852985329453
2593,0.158304497832339,0.230573787072008,0.0870628516973364,0.217776790129932,0.206341212929494,0.0999408603388909
2594,0.0238805264731274,0.0544779770857507,0.0578537136612333,0.0306964965803404,0.464016484831719,0.36907480136783
2595,0.152731224346017,0.144035592048923,0.16927164649407,0.191620903504328,0.168863025831309,0.173477607775353
2596,0.778555489630072,0.0702442538196558,0.0138486129197748,0.0981616959675357,0.0342437165783002,0.0049462310846615
2597,0.00584092842241992,0.0396510973282849,0.137051558934291,0.0241819415243761,0.229480421542691,0.563794052247938
2598,0.0138927518230986,0.104768267585009,0.154727246548868,0.0159294353708124,0.152504022009773,0.558178276662439
2599,0.167537134922232,0.214319971120661,0.134350377437369,0.17167481910852,0.204230508835244,0.107887188575974
2600,0.0169357458490037,0.0864162970376633,0.064321704538135,0.0491966618196161,0.708985885406729,0.0741437053488533
2601,0.0343485088287255,0.0910121785333857,0.215849503651116,0.0639758238730609,0.145217427119948,0.449596557993763
2602,0.0164440724698676,0.064042279488056,0.094506104841821,0.0387788486096989,0.217958691996517,0.568270002594039
2603,0.0495384304567205,0.549354704010981,0.0540574724361582,0.0243391926197318,0.268916324973692,0.0537938755027162
2604,0.0376915842411558,0.206047868940277,0.272049142656533,0.0781444867031746,0.126210491513586,0.279856425945273
2605,0.00254449657973852,0.0669807645834204,0.26694220798387,0.00997544624912277,0.178079125124252,0.475477959479596
2606,0.0330019742010939,0.0803524963288944,0.0979449081184102,0.0412753236151,0.288669304704363,0.458755993032139
2607,0.005263294636895,0.0178232364323119,0.0690505162132094,0.0212825026778688,0.099423347612073,0.787157102427642
2608,0.187878566772974,0.175889290332089,0.152480362896031,0.121225976769598,0.204697280358601,0.157828522870707
2609,0.0162794564581869,0.0507253359460986,0.0557766896217754,0.080929742322465,0.375597286053832,0.420691489597643
2610,0.104072966489796,0.19550378901178,0.0545057033788344,0.169323783741095,0.311125805999652,0.165467951378843
2611,0.0210679792655803,0.0570666010246311,0.179202584684812,0.0325934940415573,0.10080590883648,0.609263432146939
2612,0.0507869020641988,0.221563591826064,0.132219447180273,0.0355225213162117,0.185474053409699,0.374433484203552
2613,0.459826712766507,0.307877190376845,0.0710119785316484,0.0764329078721883,0.0669363847753274,0.0179148256774848
2614,0.165544650352921,0.111449140645693,0.0841583168683067,0.186111745578299,0.225165203196542,0.227570943358239
2615,0.395739552775988,0.247127306798277,0.169241201875033,0.0774425305752576,0.074775952096475,0.0356734558789695
2616,0.00689612870968328,0.054476017476764,0.0719657009661892,0.0309904091966084,0.459351941361189,0.376319802289566
2617,0.163333834696702,0.311325214682586,0.288441381843297,0.047857407403457,0.107075161773117,0.0819669996008413
2618,0.0544955755513951,0.0844132839543986,0.0910834891035816,0.0714420960708535,0.475629247107601,0.22293630821217
2619,0.03272596682491,0.0495344605675266,0.0234726277757757,0.0886977869619398,0.648524819611676,0.157044338258172
2620,0.0137891355371673,0.111671053694824,0.177068318945025,0.0295324412596058,0.339636770759794,0.328302279803584
2621,0.0441917144051634,0.0904417797536829,0.0606496480335709,0.140552024607659,0.530366200562675,0.133798632637248
2622,0.00261472445592961,0.0190997764254716,0.0463581575276365,0.0113185296092742,0.146772327651518,0.77383648433017
2623,0.210175056887043,0.203765389604173,0.0607446874831514,0.0780437859427589,0.376670389846831,0.0706006902360428
2624,0.02123598911108,0.0382863933669586,0.103160183005764,0.0819078491627976,0.195867508030207,0.559542077323193
2625,0.0782962120909354,0.235925150290204,0.464474037899507,0.0318599626999146,0.0959168298585303,0.093527807160909
2626,0.00587963158831118,0.0300560891672647,0.0790254910148391,0.0240292536426983,0.205720381757896,0.655289152828991
2627,0.0595247524014044,0.13503360265332,0.317986609119134,0.0306405325499234,0.156359186020398,0.30045531725582
2628,0.112584236908248,0.116432346409965,0.102084177560535,0.288710754167459,0.302807895253453,0.077380589700339
2629,0.0331654637423052,0.237814962731901,0.0695274650463684,0.0382924480215001,0.401957888807618,0.219241771650308
2630,0.132663140597128,0.153472172865371,0.154914807116045,0.109195735226559,0.20438758286803,0.245366561326868
2631,0.0211139306167797,0.142691522229167,0.221530509598441,0.0326765392383381,0.323838978112362,0.258148520204912
2632,0.00736327821993465,0.0247887754258476,0.0855776743292939,0.0264283738374817,0.153131327536973,0.702710570650469
2633,0.152744159779962,0.292109754338269,0.0543766382899438,0.118271036940743,0.300622781107209,0.0818756295438725
2634,0.0421927135306437,0.0681385449913525,0.243349211602181,0.0698249459211823,0.183945298571491,0.392549285383149
2635,0.0222875797918928,0.0652928213044023,0.0463121603751613,0.0411365699754974,0.674911970913626,0.15005889763942
2636,0.0266864322517891,0.0774414914078171,0.166301815456864,0.0317126925933519,0.266406893268461,0.431450675021717
2637,0.0172149565923102,0.107003729070629,0.0289572834264081,0.0228007904547134,0.674593803380227,0.149429437075712
2638,0.0910672674966009,0.0555091864638232,0.0820203919054063,0.317887986979215,0.185295198599421,0.268219968555533
2639,0.097849268623706,0.0888836336850416,0.0477625976966588,0.362556889986195,0.31129731762851,0.0916502923798882
2640,0.0123257614849229,0.0363281990550805,0.0792295026047424,0.024698485514546,0.14464041745842,0.702777633882289
2641,0.135572832538656,0.201461852827346,0.12453949048809,0.182673831393889,0.207878439280436,0.147873553471583
2642,0.0345754292899993,0.112763601877222,0.190602989993827,0.0448595227671255,0.241644447000693,0.375554009071133
2643,0.353581206999507,0.349154906401484,0.0383489528467653,0.122707428007078,0.108772702696437,0.0274348030487293
2644,0.00586472767528277,0.121301724623066,0.0504207413128352,0.00972719366901761,0.213859158863726,0.598826453856072
2645,0.0138785050035231,0.0581717263689776,0.042995322267182,0.0493016194474509,0.264761547521529,0.570891279391338
2646,0.00328284499589518,0.0187950629451377,0.0788762213047191,0.0120199221815744,0.0579808847710821,0.829045063801592
2647,0.0678492975947553,0.10609871841808,0.109273686203163,0.142792457922652,0.270392442231029,0.30359339763032
2648,0.191184000575463,0.236332369937254,0.358531685840731,0.0315935361461392,0.0607297486832036,0.12162865881721
2649,0.0368988478678021,0.0578509557192498,0.130944914272846,0.0488730162942291,0.260004060518448,0.465428205327424
2650,0.0490651242761282,0.0478287013853651,0.266413587998488,0.0460408004528227,0.0863177162310162,0.504334069656179
2651,0.0311905960794918,0.103876255072135,0.0439249217247503,0.050538616408747,0.550392749547547,0.220076861167329
2652,0.0123518225590114,0.175308633753514,0.0507034329839663,0.0332706669697363,0.446782551262811,0.281582892470961
2653,0.278792961245577,0.253562839181216,0.134892830309981,0.0641720527103315,0.186761916694468,0.0818173998584276
2654,0.00368457588188329,0.0306201357602359,0.0924915664348926,0.0412899003796628,0.162964655988311,0.668949165555014
2655,0.331472065839085,0.274997868046426,0.0746290227356535,0.11907251872111,0.162440437950886,0.0373880867068402
2656,0.0109038496720183,0.0734132475387319,0.0679158966949241,0.0292219630925585,0.409026071723659,0.409518971278108
2657,0.0145895375642361,0.0435178310449366,0.17886387395908,0.0299816452752832,0.114026956625068,0.619020155531396
2658,0.240831236886357,0.178284649761018,0.162609808223473,0.237254844406185,0.0973686357717308,0.0836508249512362
2659,0.184320468423246,0.0997662937109866,0.11069875760224,0.422434073257127,0.112177975061607,0.0706024319447928
2660,0.0103867072428656,0.0362105199312903,0.045865003444276,0.038713119988233,0.25887933788651,0.609945311506825
2661,0.00499454961295505,0.0206207520912232,0.0918588192008595,0.0286839927631217,0.0984504103230439,0.755391476008797
2662,0.00554319791742534,0.0431406738217637,0.103819938248783,0.00977671359544136,0.128780402424962,0.708939073991624
2663,0.00695872278464532,0.0369534280950068,0.0620576964632387,0.0269946433487539,0.392473708013248,0.474561801295107
2664,0.0463061605797098,0.0836526308567174,0.0405392569117712,0.133648257558692,0.519108585350029,0.17674510874308
2665,0.252929395485238,0.258585739537633,0.0889909548412973,0.0762681332492617,0.188533178603063,0.134692598283506
2666,0.00413225811350436,0.018937394389587,0.151887465589619,0.0147633215241827,0.0453409715180309,0.764938588865076
2667,0.0759377031805605,0.125701473816785,0.3651252431224,0.102285306247914,0.209146341943585,0.121803931688755
2668,0.0118398384466945,0.0718336990199124,0.386933783790266,0.0208950961990562,0.138952657959097,0.369544924584974
2669,0.0463357873096523,0.199299711816627,0.116066556806679,0.0312306534164126,0.264899391067656,0.342167899582973
2670,0.0109318667463427,0.0622970465780198,0.126017309041995,0.0302824148027835,0.256812387757096,0.513658975073764
2671,0.0292589254122355,0.0964666304166761,0.0299329754561241,0.0952032438203456,0.448843534635825,0.300294690258793
2672,0.00367990234465244,0.0464617387816093,0.144638381548368,0.0143862423216495,0.162099570113784,0.628734164889937
2673,0.342025029465927,0.3050935350315,0.0512997414670028,0.120214096306246,0.145621274089342,0.0357463236399812
2674,0.0263664275149894,0.0407934684365938,0.0653857157983344,0.270916398461684,0.356967628464472,0.239570361323926
2675,0.53537564857807,0.221856200834258,0.0254963077241444,0.134676401283626,0.0716270818443277,0.0109683597355739
2676,0.0299385697313045,0.0442439679479641,0.0667113024190015,0.115395625681004,0.402008751331024,0.341701782889702
2677,0.108458177026163,0.0914788803991839,0.557504713400035,0.0542158507721598,0.0805734518759246,0.107768926526533
2678,0.0510159576748855,0.168688315024349,0.154927511610049,0.0585871001675115,0.319812740805283,0.246968374717922
2679,0.0034278467740438,0.0208048660739996,0.0639579080939738,0.0285972288208504,0.296672637688374,0.586539512548759
2680,0.0647103581294356,0.123872476517568,0.308072451163841,0.13062070893469,0.178096660184911,0.194627345069555
2681,0.0359465139248649,0.133233666214221,0.10362842393398,0.0924559477616809,0.354373809537065,0.280361638628188
2682,0.0186101712653277,0.0415379253280374,0.141517902967267,0.148956887902266,0.207051642964791,0.442325469572311
2683,0.485088549927863,0.292062605352586,0.041098944722988,0.0982509647456601,0.0728614269436489,0.0106375083072546
2684,0.0100439647361131,0.0464570243720514,0.059520868397597,0.0709195316899163,0.440412146210564,0.372646464593759
2685,0.143238826019926,0.0779404479421548,0.12631761096968,0.0450571056083801,0.0747063821895748,0.532739627270285
2686,0.0108412261981058,0.135623297247691,0.173869890075445,0.0311269613941805,0.226295230356807,0.42224339472777
2687,0.322146420515605,0.191515653086119,0.079950427422618,0.19451331297669,0.181739808308109,0.0301343776908592
2688,0.0421742071500183,0.176871289561783,0.0829202563535031,0.191473338172974,0.357297815595583,0.149263093166139
2689,0.262620821513133,0.490092084491005,0.034528658712578,0.0519832810325921,0.133484817931396,0.0272903363192963
2690,0.0117439451381502,0.0305968454053443,0.0366892130780419,0.203640506105738,0.458265228160812,0.259064262111913
2691,0.0351765514722189,0.277664501520306,0.0785842383007365,0.0508919887810547,0.313205631552804,0.24447708837288
2692,0.0439345421395929,0.0823791848856033,0.248091287013591,0.0815894862476506,0.201070480188774,0.342935019524788
2693,0.0288288371438269,0.0641415073422099,0.279920917726143,0.0523055104177546,0.148548311383482,0.426254915986584
2694,0.00846901358283127,0.0299759589924716,0.0894737819144212,0.0449943606396937,0.190724897272179,0.636361987598403
2695,0.567608880971732,0.180233186682381,0.0490786703627165,0.109143187235145,0.0707424043089445,0.0231936704390814
2696,0.0176678119515076,0.0752274659422062,0.275547134969177,0.0304462512863487,0.151668021834518,0.449443314016243
2697,0.0395268589825432,0.131722487819133,0.271115717300055,0.0473373476340437,0.163514999235175,0.346782589029051
2698,0.0113005657599342,0.0572163344776614,0.139853991240707,0.0645095932260053,0.267560051427058,0.459559463868634
2699,0.0197648558854167,0.150402827883944,0.319599668634362,0.020550277280062,0.0859591477326871,0.403723222583528
2700,0.00161248126289629,0.0385706710445512,0.0328452300237335,0.00697524747119269,0.346032963190695,0.573963407006931
2701,0.0230023171327815,0.0521365974228188,0.0898911914737449,0.110272210990127,0.328006495402754,0.396691187577774
2702,0.358690349647295,0.216175030796744,0.195412400336505,0.0736936307181869,0.0901883222017252,0.0658402662995441
2703,0.0644020012900824,0.0631461554073791,0.137867149976113,0.110483597555301,0.280916733117544,0.34318436265358
2704,0.0338868961548342,0.207881358999753,0.442083090628061,0.0428051136750352,0.12886704428741,0.144476496254907
2705,0.0215247120505785,0.167555927869816,0.346952053500842,0.0206031240708834,0.182128593979698,0.261235588528181
2706,0.0102167516418329,0.0756668635068857,0.125618872337749,0.125482945737289,0.22460176441558,0.438412802360663
2707,0.014006268362672,0.0394752577265539,0.0323391885406528,0.0694215476068956,0.577449394151935,0.267308343611291
2708,0.37880539627802,0.380890902441113,0.0438330802135437,0.0632328497569019,0.111910678519031,0.0213270927913906
2709,0.0930761691453534,0.10903826510118,0.293821643057449,0.0656610988861173,0.103418581572062,0.334984242237839
2710,0.0824300547660278,0.0795375208803014,0.221195778833675,0.0926616005115211,0.148577796138967,0.375597248869507
2711,0.024117166253827,0.0822393170111497,0.208153885853783,0.0451121468539127,0.281885581592153,0.358491902435174
2712,0.143068112844527,0.0892401689035821,0.108313030313746,0.191133305218704,0.303199511530496,0.165045871188944
2713,0.153697242376273,0.228132283190111,0.209267555154914,0.0617550585814738,0.147711412500443,0.199436448196786
2714,0.00378861610654363,0.0461579003159479,0.0816691308676889,0.016035477676739,0.174465939698845,0.677882935334236
2715,0.0444244353641332,0.130749238605654,0.297146371008044,0.0477600377249834,0.282641868271735,0.19727804902545
2716,0.0309203046132652,0.0706689029588555,0.124321942253067,0.0826710879357601,0.343927876915839,0.347489885323213
2717,0.0134718874208669,0.0561788592609967,0.0470418623713037,0.0426459618156119,0.307159574291638,0.533501854839583
2718,0.0180998035985221,0.0636387020927411,0.281076277580446,0.0604454832490316,0.166768513721077,0.409971219758182
2719,0.0228950059262029,0.129626124747365,0.196568327004993,0.0393432340172717,0.383162601843582,0.228404706460586
2720,0.0962477245521913,0.119299842207077,0.344043194389035,0.0974766078983077,0.161550219905325,0.181382411048065
2721,0.0185477731433061,0.0597995592372081,0.0850279061079617,0.0399431245914116,0.327781057346661,0.468900579573452
2722,0.275292017611103,0.48227251055299,0.115976790657508,0.0223943653242295,0.0734321476936451,0.0306321681605252
2723,0.0410091685733606,0.111240588485789,0.116334142392406,0.0608713766941574,0.232230043902847,0.43831467995144
2724,0.658433377078595,0.0865853508032358,0.0732982608620469,0.114934023682776,0.0449100971258413,0.0218388904475049
2725,0.268444841541324,0.296155284745911,0.0809442474255127,0.173378708242832,0.135931116373931,0.0451458016704889
2726,0.0594917991512824,0.0771451894191617,0.0351257331584169,0.205890531068097,0.565620674696898,0.056726072506144
2727,0.00554152287309727,0.0375785241907618,0.0766767914445001,0.0342788535679613,0.378609659654557,0.467314648269122
2728,0.0157399439318738,0.0364544746620915,0.125313038203938,0.0439685764412806,0.121973765226907,0.656550201533909
2729,0.13257117222918,0.234242034437153,0.114722169387938,0.0963353876512217,0.273551851848401,0.148577384446106
2730,0.0125135888193842,0.027319338285269,0.104293815286963,0.0515103816404537,0.356436072295853,0.447926803672077
2731,0.184579831913339,0.134973687826947,0.0611189661312865,0.193292338084783,0.31434527254715,0.111689903496494
2732,0.0357940464207794,0.0775069229429159,0.281473140110954,0.0568029458013158,0.113217443645467,0.435205501078568
2733,0.0927782185160174,0.0964247910429553,0.107190335950669,0.24241211071308,0.362345261864073,0.0988492819132057
2734,0.0302935166075421,0.582091682172714,0.0677879711044935,0.0133690777311208,0.187040488980059,0.119417263404071
2735,0.0409301593082852,0.418611631338126,0.153873227757845,0.0376201879203063,0.156187400972069,0.192777392703367
2736,0.0461723676829483,0.0909905156219551,0.047154940426346,0.341578938490211,0.357239047813259,0.116864189965281
2737,0.162407411370232,0.101880430268144,0.211168512784547,0.207803477635999,0.152293105659753,0.164447062281325
2738,0.0253355091269195,0.117730460236114,0.116708610078785,0.0934057688376823,0.237755360208114,0.409064291512385
2739,0.0966920276261584,0.251465712172935,0.246512697990068,0.0524542165618505,0.257175400819579,0.0956999448294096
2740,0.258127640631442,0.302337332127352,0.0497438203350126,0.120987665618381,0.135576643057437,0.133226898230376
2741,0.05803967706193,0.280554480758239,0.0902703646735473,0.0381376216627628,0.377842268670904,0.155155587172618
2742,0.0587667112297374,0.0561996420553275,0.0443369050341324,0.212892033811136,0.459963999306955,0.167840708562712
2743,0.159552242981297,0.197729596065689,0.113303940327175,0.123609428012785,0.223885393011787,0.181919399601267
2744,0.0283885134411305,0.0667733124234378,0.0447818798539535,0.135123938071727,0.635495655646851,0.0894367005628996
2745,0.00493799792043769,0.0595013751923997,0.173337389518153,0.0774670910104733,0.288425447595218,0.396330698763318
2746,0.012791749124189,0.0840815890367894,0.0954123319596154,0.0326414944896956,0.361466130519865,0.413606704869846
2747,0.018996280008094,0.0380218246460009,0.0187602963780684,0.102007499161188,0.618740762465035,0.203473337341614
2748,0.00839156152038956,0.0470726359781393,0.0634782519442563,0.040513062862548,0.568536207775906,0.272008279918761
2749,0.220176314727275,0.092318530152593,0.0654341559018058,0.323272673483028,0.235349677359485,0.063448648375813
2750,0.012632227971141,0.0660471110420999,0.341710975518991,0.0209610482328771,0.128231189317766,0.430417447917125
2751,0.222103860980275,0.231156995538196,0.0576198463883864,0.0952784916471142,0.327694219482974,0.0661465859630552
2752,0.0361767056209087,0.119896195487322,0.178277325335386,0.0810212060015782,0.205262693654397,0.379365873900408
2753,0.0755828388525506,0.0602872141929131,0.0157193642880919,0.383240010905394,0.416826736511229,0.0483438352498214
2754,0.0104738171438801,0.216076683077477,0.121389325191089,0.0164298089893809,0.314007084942647,0.321623280655527
2755,0.00259617221996593,0.0113633073433106,0.053328165001778,0.0124840284795748,0.19717111425484,0.723057212700531
2756,0.00877878747252039,0.0190995662984138,0.0814877877740069,0.0186557542964304,0.0363932904862843,0.835584813672344
2757,0.00886675313282923,0.129256211230054,0.0279436537459912,0.0289167998089387,0.554180200021012,0.250836382061175
2758,0.0858938604403315,0.273020062057503,0.192638654801098,0.0370757331891872,0.270746144644887,0.140625544866993
2759,0.019927659921832,0.193599546063846,0.123145018351768,0.0192108200889254,0.301108018533007,0.343008937040621
2760,0.40539392534884,0.0749044955849541,0.0242356572724633,0.439173764017379,0.0474682235457558,0.00882393423060803
2761,0.180617629159664,0.150240375702842,0.0687044584465654,0.268529725601466,0.233124575824697,0.0987832352647669
2762,0.00455286470877993,0.138809440656777,0.131375939566719,0.0105356920977845,0.342511443218704,0.372214619751236
2763,0.0426295725776908,0.17430647920187,0.293447301538365,0.0579757343447358,0.241902691438486,0.189738220898853
2764,0.0115762140052237,0.0224201137557858,0.163893190649182,0.0303484952016155,0.111331792357289,0.660430194030904
2765,0.0239992784341716,0.160540997258464,0.193368080704137,0.0481316269406857,0.185556134795827,0.388403881866714
2766,0.0351255282760923,0.147394102128016,0.095096904045047,0.0705100311469141,0.369495581969536,0.282377852434394
2767,0.0703588633123417,0.0970597053397366,0.0875108974366219,0.286572191125593,0.291964404162305,0.166533938623401
2768,0.0447718118922435,0.292255570806164,0.315361178310109,0.024276496688369,0.132956510254173,0.190378432048941
2769,0.0405474376121111,0.226516694812524,0.147001730382415,0.0641690099730458,0.33296757275469,0.188797554465214
2770,0.0020064094534767,0.0292864079586879,0.150976582358551,0.0188113433156122,0.152985677585114,0.645933579328558
2771,0.0283556206239754,0.144056962285894,0.444033775514124,0.0356195631816937,0.168518187054232,0.17941589134008
2772,0.0478983060538847,0.0823775344327083,0.101311428714294,0.156082229259804,0.439773811388795,0.172556690150513
2773,0.051395771970549,0.271594074879147,0.0925453700339337,0.0474032746917657,0.395640467906597,0.141421040518008
2774,0.117073286802635,0.396187725885447,0.102540050288569,0.0537773800044999,0.229009591713121,0.101411965305728
2775,0.00145751980943795,0.0137438617319346,0.072126819200112,0.00613467864100008,0.101512155789695,0.805024964827821
2776,0.0100492126901883,0.0348163992357436,0.0581270355264686,0.0410197668978931,0.286194591823634,0.569792993826072
2777,0.00114269005322816,0.0117545669761394,0.0635107366676152,0.00717412223896442,0.0560978218634022,0.860320062200651
2778,0.0751366446186887,0.151113968859788,0.153278082815699,0.104874079320957,0.171856748548359,0.343740475836507
2779,0.0518834872955118,0.0752286691774672,0.393967751556988,0.122394122766971,0.134762653886552,0.221763315316509
2780,0.047343502899713,0.191987635538982,0.262988925578078,0.0435817260339733,0.144049116818882,0.310049093130372
2781,0.0122978991154565,0.0367015066951862,0.0403939417660972,0.112942207259597,0.543083941253801,0.254580503909863
2782,0.00776104598622628,0.0373092250839806,0.195016782219019,0.0249337667542278,0.105280904587965,0.629698275368582
2783,0.34852976628088,0.383019991691952,0.094274027674649,0.0656135368680453,0.0843438518339734,0.0242188256505006
2784,0.0698768285389932,0.275587641130998,0.0542973780741168,0.133428249467627,0.387839920807583,0.0789699819806819
2785,0.00158690211865853,0.0164811435407382,0.0549345286247346,0.0226762284515033,0.183063573468011,0.721257623796355
2786,0.0149451050174231,0.0564653407960521,0.0618459481230026,0.0587204610015078,0.379071611538324,0.42895153352369
2787,0.00437708285735615,0.0299242742689431,0.0870380503120209,0.0220012951703206,0.259662333718064,0.596996963673295
2788,0.0158352058169001,0.0550342709715028,0.113035942936485,0.0275497701462292,0.143497274479514,0.645047535649369
2789,0.0691710626936098,0.0721616695112726,0.292290009749855,0.0897629055675609,0.192485774257032,0.28412857822067
2790,0.0477558658723292,0.124141676775525,0.0551237623019574,0.127493279029099,0.427273731705953,0.218211684315136
2791,0.210562496214054,0.0577360520564401,0.0384603169040281,0.537197542019123,0.104277614304047,0.0517659785023078
2792,0.589382071780954,0.222773448220667,0.0309948953830193,0.0666311913761923,0.0711619894892046,0.0190564037499634
2793,0.00765604548306405,0.0667069573656954,0.0443702683559207,0.0304102845394591,0.513462388120206,0.337394056135655
2794,0.4933164232279,0.250747023050124,0.0578857661106474,0.0955205089413452,0.0822309379959114,0.0202993406740717
2795,0.49237305583865,0.0861475925481443,0.037358955686251,0.306637290650723,0.0645714201729563,0.0129116851032753
2796,0.0035328282527573,0.0243638028979539,0.0993195626004473,0.0172139140060689,0.0963443176505638,0.759225574592209
2797,0.0356473620050286,0.0490502049359869,0.0839186500546759,0.105477861869194,0.17396905177476,0.551936869360354
2798,0.00858296252206502,0.145650050707175,0.161661522327404,0.0185845009190156,0.313731321254044,0.351789642270296
2799,0.0822822401892175,0.17415997696406,0.326234150183402,0.0484729902167973,0.155506807496359,0.213343834950165
2800,0.00503943091480643,0.0322369169526936,0.050401725665693,0.0526301870174069,0.288114305590112,0.571577433859288
2801,0.0106840860446626,0.0387362351529357,0.0361077253427252,0.0446922152906906,0.465767465670889,0.404012272498097
2802,0.0213281900114606,0.100810800359519,0.0669265936305913,0.0966343697418065,0.357862314137922,0.3564377321187
2803,0.0497722008469133,0.537497323884367,0.096557627534716,0.0148770529371443,0.186632582580446,0.114663212216413
2804,0.0142893655186964,0.0670372366862147,0.114672130346272,0.0691121987716827,0.425802437007533,0.309086631669601
2805,0.204993107585252,0.204864257651535,0.293596962295265,0.0774754126731484,0.136499846069827,0.0825704137249728
2806,0.179310433903645,0.115038414045674,0.0899652705120195,0.198574217554044,0.180731366111394,0.236380297873223
2807,0.0609194722748877,0.198172994546264,0.158665366052281,0.0868453171148525,0.2437134049374,0.251683445074314
2808,0.00980111392559694,0.0575883570263994,0.0705056254885577,0.0347367861580818,0.359654898987983,0.467713218413382
2809,0.047910866102914,0.0895123442318452,0.241505867026651,0.0592437457341506,0.124303139555211,0.437524037349229
2810,0.0107294143796138,0.0485296150474438,0.0634637161975452,0.0844599433202965,0.477977106536021,0.31484020451908
2811,0.0102489607531052,0.154530522140208,0.210584872939601,0.0436056985978781,0.279371494923153,0.301658450646055
2812,0.37009965988445,0.274350853745465,0.138396295225782,0.0992567618606569,0.0811739785187362,0.03672245076491
2813,0.0448406930062125,0.109226455463253,0.141363830182234,0.137924604850941,0.295928217599722,0.270716198897638
2814,0.0212694344020954,0.178742345624813,0.235115503975196,0.04110912287723,0.252716597447425,0.271046995673241
2815,0.0364148484159675,0.0960787503067702,0.155740050463066,0.0622868609582456,0.192106927837547,0.457372562018404
2816,0.225874084539786,0.154463888669803,0.260604360099432,0.104397163814199,0.163597696395688,0.0910628064810935
2817,0.0952603891058768,0.261791198174564,0.109509990637465,0.0566651478762168,0.344021866314092,0.132751407891786
2818,0.275028552251232,0.278043179849425,0.173266976208094,0.0592688007665161,0.138014111660678,0.0763783792640547
2819,0.483561272510453,0.316886029761235,0.0539585383188192,0.0553184659976786,0.0679943358720002,0.022281357539814
2820,0.333015960918072,0.173868984079957,0.345760565781971,0.0506166551749153,0.0597168386099229,0.0370209954351608
2821,0.00291090189530868,0.0329079158534906,0.0300715480713219,0.0102820244233677,0.479929103068444,0.443898506688067
2822,0.191647360823496,0.167774456773458,0.148535977141638,0.070385243745528,0.311997355593119,0.109659605922762
2823,0.0534395015882529,0.0963646988797342,0.124343588226897,0.0777061752336503,0.241709247471077,0.406436788600388
2824,0.0332566339403782,0.139660183256464,0.161390853631014,0.0542018326196886,0.286575187745738,0.324915308806716
2825,0.00398408873057368,0.0257383896799874,0.183416572893137,0.0123393886456037,0.0325707779848909,0.741950782065808
2826,0.024881027286744,0.18272076643991,0.0492442527088341,0.0296019761052486,0.483178759681607,0.230373217777656
2827,0.0988672465410781,0.377520866346284,0.133803766045177,0.0365394381631279,0.203337559343199,0.149931123561134
2828,0.0169469817305203,0.137590292139393,0.153558409353014,0.0508927123150057,0.423659487505761,0.217352116956306
2829,0.0322038484182607,0.0554175199849088,0.0338805454191313,0.173267907965387,0.555714351767919,0.149515826444393
2830,0.00313657920602254,0.0339644465429291,0.100601003802241,0.0147781628039659,0.171798583520303,0.675721224124538
2831,0.330033931388895,0.376490704422725,0.0913319153518479,0.0596790220874317,0.0975817572800764,0.0448826694690243
2832,0.0324489204831362,0.260474241917998,0.223550311666598,0.0244072157092253,0.251106305839244,0.208013004383799
2833,0.130319876948962,0.133847858404078,0.0877445512039686,0.178958932419816,0.246349116877146,0.22277966414603
2834,0.0180757470617734,0.0626734587463241,0.0863017556100015,0.0385888073909305,0.291476112145604,0.502884119045367
2835,0.225364911589903,0.207066119390393,0.0389375020112647,0.208066531171552,0.25456432609619,0.0660006097406974
2836,0.0193048872815748,0.0390300757949261,0.0529908317156831,0.060324769030294,0.292531164525391,0.535818271652131
2837,0.0682908919833135,0.220310852672023,0.289935393941323,0.0508954926225575,0.200801396513222,0.169765972267561
2838,0.136575705266607,0.198975377902234,0.29789805198506,0.0727461961545161,0.0999692320223164,0.193835436669267
2839,0.15295570905169,0.163008322579759,0.152982130788922,0.0799012189903268,0.257705889732419,0.193446728856884
2840,0.120220468506736,0.0883583793556238,0.195782620968881,0.166160116112968,0.195280416917328,0.234197998138463
2841,0.424041182533664,0.124726357162171,0.0585694418304057,0.21484900645484,0.138650862404013,0.0391631496149067
2842,0.00612724000517372,0.0315655283035472,0.0272591667286349,0.0430331626239382,0.547353386567589,0.344661515771117
2843,0.0774140097295574,0.0674873213530705,0.123528653825217,0.186425779735361,0.254067265488684,0.29107696986811
2844,0.0183109138952048,0.0802823132421042,0.593585395914769,0.0193949816484464,0.0904155148161509,0.198010880483325
2845,0.222020798689903,0.272840808608958,0.17454858141853,0.170458202307193,0.130555911704178,0.0295756972712381
2846,0.00894971569032999,0.0412517003017419,0.0536805397016952,0.054040179102379,0.430935824993931,0.411142040209923
