"CUS_ID","F20-","F30","F30+","M20-","M30","M30+"
2501,0.0858430911367227,0.435527641280684,0.117850567912111,0.04162266963264,0.149505094422703,0.169650935615139
2502,0.0630060362228574,0.142886858707975,0.132311970575848,0.0917505118826014,0.364440762472523,0.205603860138195
2503,0.0655040810468907,0.350390185786872,0.0894348546099301,0.0712740329726117,0.26319997626427,0.160196869319426
2504,0.319191392771188,0.159936998708844,0.135267233361521,0.130341002172446,0.13668783321079,0.118575539775212
2505,0.0442418525132894,0.132825966420799,0.181652189627075,0.0703316158049737,0.169029633862049,0.401918741771814
2506,0.0227869958161506,0.320084636928081,0.110871686182787,0.0328294914987901,0.220226868666343,0.293200320907849
2507,0.016633601962434,0.0427456934549614,0.111957115476584,0.0332468272403934,0.173673028105097,0.62174373376053
2508,0.0157502014559785,0.0507142874162715,0.0586395550967785,0.0421638784126864,0.411386067434145,0.42134601018414
2509,0.0281455267437787,0.0593733405675023,0.164711632515442,0.0499596189271293,0.149658654818198,0.54815122642795
2510,0.0170291472921004,0.061895413411065,0.05426177104632,0.0349147439969811,0.3078268525029,0.524072071750633
2511,0.64712761221831,0.106861437639817,0.0547197440174542,0.113253264669009,0.0561938572849691,0.0218440841704416
2512,0.0569724659780164,0.168532266832292,0.0800740399135482,0.107457886663003,0.46188764233623,0.12507569827691
2513,0.0118555765970805,0.0320485203234404,0.071015568024123,0.0459802676164076,0.339497714222135,0.499602353216813
2514,0.0918282774398284,0.652265662288597,0.0441980405389996,0.027249515864017,0.132069597764641,0.0523889061039173
2515,0.0176531276658074,0.0419590960881932,0.0712424395547187,0.0384646979912463,0.17556681254192,0.655113826158115
2516,0.0793504482075837,0.109314807293941,0.0753492514894252,0.133092341407017,0.360208589005682,0.242684562596351
2517,0.0511919129264735,0.378436194602597,0.103017569978571,0.0252365784578781,0.155221691167778,0.286896052866702
2518,0.348360482147611,0.26358165475889,0.128740780146059,0.0689630593870637,0.099616966510963,0.0907370570494132
2519,0.0524857095056589,0.824474844074063,0.0229235199834771,0.0107600861513816,0.0518696120051935,0.037486228280226
2520,0.0283752726646437,0.0416389459532449,0.0275695516630647,0.096745342361441,0.626564405833431,0.179106481524174
2521,0.0607173509734608,0.105994727756596,0.326618216201909,0.0838318807771434,0.135118004823453,0.287719819467438
2522,0.331481435241556,0.194152270471616,0.157278413572549,0.0922705732528842,0.125689101393676,0.0991282060677183
2523,0.0609181712018378,0.47879180675536,0.0664765934041224,0.0315170348380335,0.203290092235877,0.159006301564769
2524,0.0849616951838955,0.168477845170571,0.239841145066138,0.0898763296556975,0.157620273999187,0.259222710924511
2525,0.129982579004399,0.0936797234790047,0.10462599288655,0.262619118212696,0.332475224248479,0.076617362168871
2526,0.125994101971961,0.195196166844278,0.0852390126476825,0.107836571642064,0.31577938586092,0.169954761033094
2527,0.506097247674428,0.14841227634766,0.0983953572910543,0.0545739703998887,0.100710892498502,0.0918102557884669
2528,0.0154384484831917,0.0317721126796842,0.0762756787637435,0.0649301176233093,0.226448423823015,0.585135218627056
2529,0.0668989292852442,0.111689421151542,0.27815302706896,0.0708772202128284,0.127478930807018,0.344902471474407
2530,0.0105713850107811,0.0489759310016696,0.212044723591393,0.0442209235782216,0.126013430018918,0.558173606799017
2531,0.0457528466437233,0.168588797494649,0.128661192870731,0.105803656863156,0.274576717966482,0.276616788161258
2532,0.0596727063570406,0.186521618556022,0.131899396144718,0.060064661907635,0.203761626020945,0.35807999101364
2533,0.00734436358313712,0.0240349738199443,0.0813337179454426,0.018006566342718,0.0583164757995801,0.810963902509178
2534,0.232381870374095,0.0968241510552338,0.0937240998507854,0.329095323009284,0.129288075966192,0.118686479744411
2535,0.0520190250417461,0.122358605857232,0.179581500909288,0.0627093896252303,0.193977777097075,0.389353701469429
2536,0.151614454364782,0.249928084709683,0.118859960357677,0.0859422052235885,0.175974007475836,0.217681287868434
2537,0.0691689918863108,0.700357845273394,0.0728802013479373,0.0143522853293711,0.0850348314384822,0.0582058447245046
2538,0.234406963840746,0.116419558802333,0.0794871723976023,0.0965776650138332,0.262554291365971,0.210554348579514
2539,0.22704921410602,0.255462343187933,0.175456673199173,0.0595488765468916,0.148245296644102,0.13423759631588
2540,0.301003903020097,0.126600680332902,0.0659176073654914,0.162733228110569,0.280994757168475,0.0627498240024652
2541,0.152266289755418,0.0803136817907627,0.0529538634266931,0.303543784135243,0.333693786781374,0.0772285941105092
2542,0.0949822775012022,0.416496093601791,0.0773790277290792,0.0582920792842137,0.261641269877483,0.0912092520062303
2543,0.0191968042272947,0.0367784957383644,0.0730668839536567,0.0202143929219819,0.188370587791856,0.662372835366846
2544,0.102070566427795,0.156782378058927,0.146973622759787,0.240646579158262,0.140307541974738,0.213219311620492
2545,0.0379469829762868,0.30975960849093,0.0828123153456739,0.0261561464626106,0.330786290482787,0.212538656241711
2546,0.0504824381012616,0.0500064629302112,0.0290956658699088,0.222905069799825,0.551249301930451,0.0962610613683419
2547,0.0873533114603256,0.173709810131289,0.317407767521762,0.0694470827158229,0.140048592885421,0.21203343528538
2548,0.0598561321895565,0.0839686807224945,0.121836364843433,0.236432341935088,0.372163458756418,0.12574302155301
2549,0.00913067740189217,0.0387162480236047,0.0424473631020906,0.0516068177070036,0.295900156752842,0.562198737012567
2550,0.0206450416048707,0.0250786893537461,0.0236324353934305,0.16683700356543,0.584277060360149,0.179529769722374
2551,0.140456636558272,0.191406831753862,0.100580283993788,0.205355593143984,0.204598731695964,0.157601922854129
2552,0.120887131173805,0.340209726943479,0.175782935241088,0.0593039633782578,0.147492232961108,0.156324010302262
2553,0.405894428187854,0.234898208952981,0.0596229298796275,0.132531946494795,0.132101166440209,0.0349513200445336
2554,0.116644311720695,0.239271595387834,0.0998412869964112,0.120972422293313,0.30818356199553,0.115086821606218
2555,0.0235320257654152,0.136396344835488,0.106865104604177,0.0602300888738282,0.449411533925227,0.223564901995864
2556,0.0813236703567113,0.301424186417216,0.307403569415948,0.0654343121765355,0.117842642131185,0.126571619502404
2557,0.310102488098875,0.227882860434935,0.282035122940509,0.0728446051863402,0.0697472186403211,0.0373877046990196
2558,0.039740265743393,0.109923474735944,0.626036220214686,0.0480506233914007,0.0831762110230342,0.0930732048915422
2559,0.0779542958955472,0.428865732169719,0.154463112525682,0.0364511665804379,0.11223892206086,0.190026770767753
2560,0.0158786630327115,0.123623580882986,0.089648092577315,0.0376216979613347,0.181734372984354,0.551493592561299
2561,0.0310607395709958,0.082670126371947,0.193764836669087,0.037211034991149,0.163122846666581,0.49217041573024
2562,0.260848742034282,0.384579998003243,0.0495502078527931,0.0693164836776148,0.192946952185554,0.0427576162465126
2563,0.252314880132822,0.185585656552992,0.199006586277059,0.135607952948533,0.135578045627246,0.0919068784613472
2564,0.156095641855227,0.0942558127999685,0.0909593812999129,0.26999676669284,0.239416745533984,0.149275651818067
2565,0.0207693155176582,0.064180961886504,0.0991974784159972,0.0524129713516923,0.19752205113149,0.565917221696658
2566,0.0208147694247211,0.0447422809908914,0.108563497618565,0.0838481850112245,0.205197067137933,0.536834199816665
2567,0.0522615706352761,0.149088067621798,0.131656116617548,0.0747875802465715,0.154999006577812,0.437207658300994
2568,0.0144607457590374,0.0653597637792084,0.0931163832186909,0.0399878754816568,0.261040524002655,0.526034707758752
2569,0.0398467674910206,0.111035297295987,0.199604514163298,0.0420554571877838,0.187808119925336,0.419649843936575
2570,0.0614712621034675,0.524714383133068,0.0823464045410195,0.0320984198095045,0.142819855665354,0.156549674747587
2571,0.0805974472746858,0.0874147608790085,0.0546382522415337,0.227684286722771,0.361074931183701,0.1885903216983
2572,0.0995964245954437,0.127040469631689,0.283714838936591,0.149352023544084,0.119048971764202,0.22124727152799
2573,0.0784945010142631,0.271113244010672,0.119844966545322,0.0457406563899803,0.205649161678149,0.279157470361613
2574,0.0477182913814259,0.0592406846952044,0.0560314277742281,0.24253140194957,0.492123470231995,0.102354723967576
2575,0.0269354771095566,0.0357703886781075,0.0244606597670041,0.126922466002794,0.651444203070136,0.134466805372402
2576,0.297117940244719,0.301487633947794,0.177300385460283,0.0824554178814757,0.0657796165877594,0.0758590058779699
2577,0.0487625757228176,0.260307308775776,0.312215151466322,0.038472950611219,0.14640780464906,0.193834208774806
2578,0.00700788992480157,0.0218765367472232,0.0626195633135238,0.0189041792333042,0.0838596360571601,0.805732194723987
2579,0.282245410325905,0.210744713557923,0.215692529883349,0.0693291180376654,0.121370429320909,0.100617798874247
2580,0.076809799515515,0.31418836569283,0.152730641149797,0.0347707969131058,0.179467261433464,0.242033135295288
2581,0.0152715909367917,0.0442377318731348,0.0769335355360432,0.0842153658115085,0.387125657221857,0.392216118620665
2582,0.174182699897936,0.478610456068132,0.0737634457023461,0.0471376633865649,0.152277629457598,0.0740281054874223
2583,0.0974779464073329,0.529833549132804,0.177706901725211,0.0296114038644715,0.0869619023752905,0.0784082964948899
2584,0.205293706137775,0.627124832929186,0.0476868415852968,0.018902207126976,0.0695537792763978,0.0314386329443682
2585,0.025243389359496,0.0631852963064734,0.0693077946595905,0.0806316583582612,0.423122129722348,0.338509731593831
2586,0.0543650803497232,0.22678834744838,0.117083620034004,0.0439357398437597,0.166866590855779,0.390960621468354
2587,0.215524916641572,0.0804688286146171,0.0691037515812524,0.215232460454836,0.306173569547009,0.113496473160714
2588,0.0412245510833767,0.0376474264665023,0.0358703827509168,0.134162235921017,0.640016405961938,0.11107899781625
2589,0.0605038373334788,0.0941410392871656,0.0573172720318597,0.146511995695743,0.512017498859236,0.129508356792518
2590,0.0187229678623941,0.0628354401160283,0.131451216205125,0.093902429647073,0.207977657888999,0.485110288280381
2591,0.0831189555918938,0.122072409945121,0.285787633777974,0.0756787332434975,0.103979759584326,0.329362507857188
2592,0.0230541181541285,0.0370801716989987,0.0355736464580386,0.118871497414212,0.65196792472579,0.133452641548832
2593,0.199450684555295,0.216595219490096,0.0927295213410159,0.158238771434979,0.207646575883066,0.125339227295549
2594,0.0524536677984808,0.0877192639650652,0.0752055569577817,0.0438462301724313,0.301723673660507,0.439051607445734
2595,0.144507601726416,0.122790071612868,0.188398728066997,0.188995942496362,0.157095875724768,0.198211780372589
2596,0.668211780865951,0.10140769972655,0.0251955034285955,0.138495428834843,0.0501616133877964,0.0165279737562652
2597,0.0175090380484941,0.0536299269540134,0.171299587239973,0.0443294264319877,0.170281681801115,0.542950339524416
2598,0.0232623997759722,0.101801633112535,0.10050416189312,0.027245054452839,0.167147605700625,0.580039145064909
2599,0.25160789607941,0.257581783700832,0.0829686253732361,0.113526316865459,0.191797132550035,0.102518245431028
2600,0.0300996360231434,0.0919237320537009,0.108683631715948,0.0973964827507012,0.527967059381741,0.143929458074765
2601,0.0631444798776769,0.0939534938251317,0.218001215503129,0.0733487716763335,0.136560780057207,0.414991259060522
2602,0.0176365040361295,0.0958618218790972,0.127761382753474,0.0517041518744014,0.207424917490382,0.499611221966516
2603,0.0478341642340169,0.596159027197305,0.0394888945183894,0.0330637801101867,0.188114526866881,0.0953396070732203
2604,0.0573194961649631,0.154533892335251,0.313201583719626,0.138970521424577,0.14725505626847,0.188719450087113
2605,0.0358677134939924,0.150982791729554,0.278052306918722,0.0570166979782122,0.166483524508568,0.31159696537095
2606,0.0589667567834019,0.110105647111332,0.166101215841908,0.0612943649984494,0.203674674611305,0.399857340653604
2607,0.0133171493562564,0.025335800003629,0.0670779881505425,0.0338394154934336,0.156832607009808,0.70359703998633
2608,0.176399952025836,0.175605853649244,0.0775413413116145,0.147369937429275,0.219564410346546,0.203518505237485
2609,0.0280810489324579,0.0479726845809089,0.0601361760961391,0.111777580750479,0.44866038025053,0.303372129389485
2610,0.0869373344670683,0.175192064931705,0.069107154985301,0.157574899370127,0.31465026994244,0.19653827630336
2611,0.0282199459479783,0.123859515429265,0.284706516159555,0.0697413076330176,0.0902869941701183,0.403185720660067
2612,0.0520440716758562,0.212867376530938,0.145995732394534,0.0582956626763992,0.184152928907369,0.346644227814904
2613,0.506952694384981,0.296420392677962,0.039475843243985,0.0626238490655342,0.0764044571032734,0.0181227635242643
2614,0.123907349866881,0.10318638506359,0.0805287985482587,0.134599696146831,0.247339645601637,0.310438124772801
2615,0.404031648071654,0.222679501160474,0.160179589905829,0.0586325150346435,0.0913352572584051,0.0631414885689947
2616,0.0227865843368149,0.0576148954172471,0.0791225404246864,0.0642947727724202,0.378771152138136,0.397410054910696
2617,0.214579252358182,0.345927909467572,0.194793884233177,0.0455534372985636,0.118518685521431,0.0806268311210739
2618,0.0674286231729753,0.109253247235601,0.0908153709267856,0.0753152245665035,0.404057177895341,0.253130356202793
2619,0.0237537034719169,0.0301124477846606,0.0233163571296865,0.0996244248975841,0.642714984137154,0.180478082578998
2620,0.0237684357292305,0.116776693792923,0.205257052836045,0.0454260282341947,0.319271369467416,0.289500419940191
2621,0.0391586221338371,0.10418710515052,0.0592281515943822,0.141142783891241,0.519687176038985,0.136596161191035
2622,0.00800764358111468,0.0209025094076587,0.0449800039169015,0.026163321520368,0.124789353124038,0.775157168449919
2623,0.232158932888071,0.254381751272694,0.0459276963123172,0.0854479079717397,0.304822903105439,0.0772608084497387
2624,0.0457912757251757,0.0756617569002207,0.116768095950768,0.0787734691146258,0.183516895280568,0.499488507028641
2625,0.103110632733462,0.277530710465792,0.411234253123249,0.0400408983633867,0.0798184026827755,0.088265102631334
2626,0.0156008041371747,0.0369659004031347,0.0769142106847775,0.0376338507324892,0.150280190426013,0.682605043616411
2627,0.0851372370733828,0.186134163957466,0.299792245802088,0.0553747990999352,0.14332110631624,0.230240447750887
2628,0.12467776061365,0.177808342442416,0.0729541550408613,0.221301734118462,0.291048120176734,0.112209887607878
2629,0.0332156787593713,0.151679730026371,0.0925088581903562,0.050175689496769,0.345458575696523,0.32696146783061
2630,0.144324947332099,0.107485196350697,0.130507936292986,0.100992103817174,0.217720064468704,0.29896975173834
2631,0.0304872598171164,0.229412345758443,0.239297776832545,0.0449225270956771,0.204563969286024,0.251316121210195
2632,0.01353896206914,0.0379467627594624,0.0656146967481521,0.0309892804314313,0.12803166084495,0.723878637146864
2633,0.137408956839898,0.363902671310367,0.0803152367131478,0.0865781026254024,0.219671162360073,0.112123870151113
2634,0.043598121991211,0.0918723909866762,0.257395900506437,0.0840509407668064,0.154722549639839,0.36836009610903
2635,0.0418447325848843,0.116811776772783,0.0842595399568671,0.05640868673996,0.470290385164039,0.230384878781467
2636,0.03403000091952,0.0838237042913186,0.154478136836037,0.100331738646383,0.291946589452135,0.335389829854606
2637,0.0444327469308623,0.0868345992789822,0.0411432289009621,0.0454190583763153,0.602693110016955,0.179477256495923
2638,0.0863500089743607,0.058836844547517,0.110053500375934,0.315107420627779,0.202294272395349,0.227357953079061
2639,0.0857666259549453,0.0801033042039418,0.0584109173920083,0.282258438769124,0.366410743621033,0.127049970058947
2640,0.0208507583755099,0.0369546724116045,0.0712020650374679,0.0372280213297088,0.118715303121436,0.715049179724273
2641,0.217928516175847,0.155744001236534,0.15644319224116,0.110880685933547,0.212930748296441,0.146072856116471
2642,0.0277976073198633,0.104455960498739,0.126049015795408,0.0468680031129904,0.201538382080772,0.493291031192226
2643,0.367991555350365,0.375311298608245,0.0255964137997234,0.105443031259889,0.0901813690431563,0.0354763319386225
2644,0.0115839651594663,0.137037379602372,0.0672350922833752,0.0266455916312654,0.202502769607318,0.554995201716204
2645,0.0260592916188572,0.059749602964306,0.0495335440299661,0.0645044349376337,0.337404483094721,0.462748643354516
2646,0.0128270150245338,0.0402331362301169,0.17734145782168,0.0396069993213407,0.0811732125658344,0.648818179036494
2647,0.0584008003895573,0.0882215469313641,0.12975756872884,0.132912271445433,0.264253375401209,0.326454437103597
2648,0.220253105547359,0.241528599867273,0.31840122496557,0.0634317453211366,0.0725140431756112,0.0838712811230502
2649,0.0463148738852806,0.0646972398009295,0.108861424107004,0.0689269308072804,0.284887439539998,0.426312091859508
2650,0.0693424362647913,0.0676064822008134,0.179829257036092,0.0740977599853346,0.151208516705243,0.457915547807726
2651,0.0235571865722526,0.0675895088708593,0.0511112971206926,0.0672872076694753,0.494558216304368,0.295896583462352
2652,0.0278395470195929,0.165560832676397,0.0788608388439489,0.0541242509366512,0.375089831783671,0.298524698739739
2653,0.279675422396645,0.225070705288987,0.102825160044063,0.0823841047745014,0.169021867832423,0.141022739663381
2654,0.0114805490072926,0.0427663268221707,0.0691204232337268,0.0434413712994999,0.148714582985135,0.684476746652175
2655,0.475724800768176,0.18942094223172,0.0425520879640442,0.118737783424963,0.137148487734378,0.0364158978767192
2656,0.0216119918755569,0.0716529824734704,0.0640786883829907,0.0422866791284565,0.419206240860882,0.381163417278643
2657,0.0209517793403835,0.0537841960140206,0.169254263639366,0.0469713516629745,0.120014947967251,0.589023461376004
2658,0.163537769194102,0.164050707649831,0.144829673412643,0.218009402966922,0.179524761815124,0.130047684961378
2659,0.22506494492541,0.132969797541092,0.112331480685105,0.338720833293392,0.110582021812514,0.0803309217424866
2660,0.0162664681294996,0.034715388972304,0.0582290795602572,0.0422846539308656,0.256670598927627,0.591833810479447
2661,0.0141275594507974,0.0480600435252123,0.161647959251839,0.0587465134789223,0.126343880947441,0.591074043345788
2662,0.0119289436560998,0.0692876555857132,0.115690833188089,0.023445291735632,0.145718959812962,0.633928316021505
2663,0.0120415514546399,0.0407103865056133,0.0695458617299737,0.0531926317145683,0.326665589797705,0.4978439787975
2664,0.0525062993589918,0.115544546610954,0.0476574362786381,0.10906478875391,0.499752893602641,0.175474035394866
2665,0.212267545793003,0.278325152715179,0.13428065555244,0.0788086201816514,0.179144566084636,0.117173459673091
2666,0.0169407411213258,0.0404304910682953,0.19513285546291,0.0418816061244614,0.0584572129731673,0.64715709324984
2667,0.0553291788296685,0.159998532256239,0.403281203757216,0.0642515019846682,0.176858836541771,0.140280746630438
2668,0.0214136801139707,0.0883685799068876,0.354740158686048,0.037522123855944,0.101230224942647,0.396725232494503
2669,0.0566923478706355,0.255953098969343,0.148716656564804,0.0322744160879169,0.158273399030538,0.348090081476762
2670,0.0143440818000497,0.0541830064552664,0.155553749785505,0.0403428558643155,0.178840317252901,0.556735988841962
2671,0.0467727296800384,0.0733312918928545,0.0510452436273083,0.115774051786071,0.269956851878173,0.443119831135554
2672,0.017992793991681,0.0771556205219015,0.157968013467222,0.0340489660454893,0.150001786801458,0.562832819172247
2673,0.292692580512661,0.28794537029359,0.0623795917512653,0.109842485175756,0.183785729754497,0.063354242512231
2674,0.0336083004953961,0.0577322289975453,0.0808472129117095,0.227818440256413,0.339119836316762,0.260873981022174
2675,0.56705315205307,0.19440119585309,0.0190942670672074,0.142506100836618,0.0543043798412523,0.0226409043487619
2676,0.0277931341642565,0.0575890457898703,0.0823477090436677,0.146711209068232,0.412110219700782,0.273448682233192
2677,0.0910958632220202,0.153890088377872,0.255764052453651,0.115887681856136,0.223711922098099,0.159650391992222
2678,0.0507933775516817,0.135350830051439,0.191697990490698,0.0700152835222222,0.316891059930452,0.235251458453507
2679,0.0081627689178777,0.0147368481833564,0.042150356557569,0.0399910153435,0.343960193855654,0.550998817142043
2680,0.0799590537320527,0.121268965116657,0.333025755613891,0.180476860974014,0.118304913601741,0.166964450961644
2681,0.0521409357638335,0.22153244596624,0.107156126411722,0.0635691536565216,0.284684976707022,0.27091636149466
2682,0.0199811446475706,0.0385983190986998,0.127813652117184,0.139312654329625,0.178988937722356,0.495305292084564
2683,0.496658516467744,0.197592025063353,0.0600553322788539,0.113007614904017,0.103220775373043,0.0294657359129889
2684,0.0207925403914668,0.0509085405220607,0.0552048082493555,0.0738322124255786,0.417045175281899,0.382216723129639
2685,0.121296668097926,0.0977882153301544,0.201102589239777,0.0566519692322019,0.103597223636736,0.419563334463206
2686,0.0174535583437241,0.108430022771332,0.161277349218419,0.0372447024780407,0.175587147553255,0.50000721963523
2687,0.305064845536084,0.199661828701143,0.0958630432907913,0.171987144118321,0.16983318037372,0.0575899579799407
2688,0.0489851539741214,0.181536558509713,0.0945899204405057,0.158746520636673,0.320403524859031,0.195738321579955
2689,0.159522677177099,0.563256910612063,0.049583844841253,0.0544611531033919,0.132769613620399,0.0404058006457939
2690,0.0190101105333927,0.0421464389661959,0.0595374480663919,0.19602970235976,0.465385534768257,0.217890765306002
2691,0.0601282238114577,0.201945545728315,0.0920619759372775,0.0525479328405361,0.28995913302159,0.303357188660824
2692,0.0739187148282973,0.107565467888986,0.23285252915335,0.0925878220009738,0.176715323651146,0.316360142477246
2693,0.0478937532795362,0.0690081002521426,0.180725425267048,0.0762974048519119,0.133697444755476,0.492377871593886
2694,0.0154580146512632,0.0371333104450646,0.0658754449463765,0.0592403636704912,0.283135806801705,0.5391570594851
2695,0.614941871598229,0.16777391937625,0.0454057608245831,0.0783930691980676,0.0658897572077155,0.0275956217951543
2696,0.0290132420974696,0.141401878006929,0.286647247041201,0.0483680332674662,0.112297084723256,0.382272514863679
2697,0.0547178470711745,0.197115462145158,0.2613009025586,0.0494191448160076,0.142495231398555,0.294951412010506
2698,0.0180116347991292,0.059322446966523,0.187320393452579,0.051125768269242,0.26903143824984,0.415188318262686
2699,0.0237560787368494,0.158927531152405,0.364837251856267,0.0344189716930084,0.0873572782412021,0.330702888320268
2700,0.00699001246581715,0.0457305665632723,0.0335221539693481,0.0170821588868668,0.315775417668936,0.58089969044576
2701,0.0296862922997774,0.0437506946057856,0.0991947456121156,0.0941069230996026,0.24011763041581,0.493143713966909
2702,0.45517088633139,0.170632835189332,0.156769121424216,0.0648348290045402,0.0812568383669682,0.0713354896835547
2703,0.0831774568551055,0.0798909846122287,0.138095006164647,0.118593532568021,0.334690190350398,0.2455528294496
2704,0.049457035836237,0.202657161591334,0.481908338330141,0.0609355583648694,0.0944982222781415,0.110543683599277
2705,0.0202725970674043,0.175195497381295,0.353349878622731,0.0374482494116705,0.136078009821704,0.277655767695196
2706,0.0316204273449103,0.0806895061800994,0.200338781216585,0.160174745337875,0.15697485490419,0.37020168501634
2707,0.0150589582226161,0.0241352369471484,0.0309131206001304,0.0590558199105585,0.69119304479484,0.179643819524706
2708,0.346255934421933,0.303867278530927,0.0666397347900371,0.0924594160476337,0.147125106352558,0.0436525298569107
2709,0.0671557260461056,0.158426508523842,0.297851962370055,0.0918316858376398,0.104143255366154,0.280590861856204
2710,0.080093652438971,0.114417045978459,0.270625720320895,0.0853164463344647,0.15481661787099,0.29473051705622
2711,0.041144671590201,0.104479643508674,0.124477982866312,0.0633797412928811,0.3111855509412,0.355332409800731
2712,0.14787566549283,0.120785522175523,0.101036805554347,0.161216787901855,0.316705846022117,0.152379372853329
2713,0.108533312217716,0.18321057473846,0.249987096697056,0.080452016763975,0.123473037925391,0.254343961657402
2714,0.0113930485088422,0.0973416432940214,0.187784285332979,0.0321724275639745,0.166537061253515,0.504771534046668
2715,0.039130797945137,0.126782265507218,0.361763345693874,0.0675612223663297,0.223687255978104,0.181075112509337
2716,0.0356940956241599,0.0647100203509229,0.086579255273756,0.0774376182156097,0.401955442574629,0.333623567960923
2717,0.0200823915659788,0.0396651890245533,0.0411273979111016,0.0430132528862165,0.238293031567788,0.617818737044362
2718,0.0291572164591844,0.060472252315675,0.211464162125534,0.0835804051841145,0.20298041302756,0.412345550887932
2719,0.0487580018307903,0.149851997243608,0.166081493649042,0.0778849627055327,0.308950549746503,0.248472994824524
2720,0.182340969781722,0.114093621881433,0.230145233837476,0.0976708572543367,0.187707876901238,0.188041440343795
2721,0.030595637050146,0.0886655144385669,0.125167612164009,0.0633891933269046,0.273471729026008,0.418710313994365
2722,0.255524282285935,0.471880058336712,0.139747335470408,0.0207848832921091,0.0728593250305722,0.039204115584264
2723,0.0528219063210846,0.156195507207586,0.250123222068725,0.0751040763559742,0.135132458381098,0.330622829665532
2724,0.61182710167967,0.106730951864061,0.0659863748666613,0.100749861575305,0.0816649046932588,0.0330408053210434
2725,0.281781977419654,0.374802434179004,0.0476599384956188,0.127451019168727,0.112794590654075,0.0555100400829214
2726,0.0626688830763252,0.106949965546157,0.0825034692020392,0.14891115360347,0.509003372772989,0.0899631557990201
2727,0.0132208870036503,0.0461007055991582,0.0998340103905688,0.0520125781181276,0.295499323771174,0.493332495117321
2728,0.0242000919148165,0.0580572405418959,0.153917658505151,0.0565696905007448,0.120945465016461,0.586309853520931
2729,0.191835659931966,0.265040047986406,0.0844200043900619,0.0872095294508046,0.253341563643083,0.118153194597679
2730,0.0255986222389144,0.0480023316194194,0.111610183239896,0.0835041939479638,0.307576802813827,0.42370786613998
2731,0.134078272531552,0.159606472677306,0.0884656574455189,0.200371902073126,0.296463499568842,0.121014195703654
2732,0.0438791991893745,0.107706163844895,0.279576423817068,0.0529992094178362,0.116112346419263,0.399726657311564
2733,0.0600446812228507,0.131633711527435,0.153753016203495,0.202136081906309,0.350637711498157,0.101794797641754
2734,0.0272196984423888,0.734665553389469,0.0399409753630545,0.0119865822221427,0.098659296401188,0.0875278941817572
2735,0.0659494113490812,0.39174268892509,0.146677572719039,0.038306995376347,0.119777216806111,0.237546114824332
2736,0.0532848322730927,0.0949848804213746,0.0654856481899884,0.296496538807537,0.378218194521921,0.111529905786087
2737,0.133903830992359,0.18148310977551,0.260212285234511,0.109766496752202,0.156914934939026,0.157719342306391
2738,0.0501060440321264,0.116537851190486,0.144382470193367,0.0595929299301834,0.180287813636085,0.449092891017753
2739,0.185008305647569,0.356660363080274,0.142419488136403,0.0400956769787081,0.184776079127011,0.0910400870300359
2740,0.213582803644119,0.367781379363904,0.0787690197353424,0.0899631042602419,0.130717746436851,0.119185946559541
2741,0.0658652796326684,0.291865067638272,0.127225958779066,0.0601298191878017,0.248121698636896,0.206792176125296
2742,0.0717055731950961,0.10395067295741,0.0703455736403229,0.143755399108193,0.450935731469836,0.159307049629142
2743,0.183840648860241,0.180311675532244,0.11277626457876,0.128220645038284,0.221450277465045,0.173400488525426
2744,0.0390514863916293,0.0853441834259557,0.0809066925143086,0.13979854683073,0.510430729678028,0.144468361159349
2745,0.0296771901884264,0.151909344281003,0.303629086692714,0.0824093416624746,0.184645100602132,0.247729936573251
2746,0.020877286453148,0.0642559278499899,0.105664592744859,0.0437592535585343,0.223278278245153,0.542164661148317
2747,0.0268183931744837,0.0341099983980407,0.0230499449996296,0.0902606861770851,0.591823765161929,0.233937212088831
2748,0.0123802928973931,0.0590788380738249,0.0669675723075274,0.0542579013420523,0.512192508124074,0.295122887255128
2749,0.268439982722187,0.112435989486471,0.0626636261074469,0.240597412186633,0.207989431135788,0.107873558361474
2750,0.020136077372742,0.0985172465718073,0.314740032958049,0.0509175684251092,0.145245751254009,0.370443323418283
2751,0.184978642464127,0.1958192412939,0.105692881603639,0.137477644457426,0.269501414878712,0.106530175302197
2752,0.0358281946806722,0.12454405786805,0.203016753009135,0.10316597936055,0.16394064867275,0.369504366408843
2753,0.0593275633843071,0.0820092956033252,0.0351790772592316,0.24550508738232,0.493000698780254,0.0849782775905617
2754,0.02807059287084,0.240425465426811,0.124326593936532,0.0356725471396096,0.321161003668215,0.250343796957992
2755,0.00549788437277431,0.0146203798561073,0.0477156329226285,0.0198584490722453,0.21022899954323,0.702078654233014
2756,0.0181210416592201,0.0361014755734446,0.102299646839812,0.0292402741475958,0.0595054642572068,0.754732097522721
2757,0.0215215626882896,0.170147633736008,0.0552929374579002,0.0526930966347967,0.396634723688221,0.303710045794784
2758,0.0756125469513087,0.24840802782311,0.167125258422013,0.0438184043363607,0.269081437668152,0.195954324799056
2759,0.0309992408435564,0.229822328211861,0.0906542916760735,0.0277335488063532,0.233804277775276,0.38698631268688
2760,0.500294338687559,0.131590216971518,0.0435945925834684,0.233866593911491,0.0719301046998223,0.0187241531461407
2761,0.123061902146216,0.1098524700551,0.0761508242562846,0.215100204109522,0.333045457634081,0.142789141798796
2762,0.0168633034964918,0.120354453161513,0.131977718394383,0.0602419946229083,0.367051964716068,0.303510565608635
2763,0.0507414450560414,0.201911014190511,0.232507237834711,0.0607114938101579,0.190194938017862,0.263933871090716
2764,0.0197281358194849,0.0353541870198641,0.125146719100794,0.0346061721805318,0.110697556033353,0.674467229845972
2765,0.0567191233940182,0.153940093515483,0.219142478342018,0.0554133092432818,0.166030012355565,0.348754983149634
2766,0.0352530933072656,0.148703222698358,0.0891980255287201,0.0643796179668741,0.358269450450398,0.304196590048383
2767,0.0443754219109049,0.133215245659486,0.1664951632798,0.213697697853677,0.242211820583776,0.200004650712357
2768,0.0513473785749075,0.268594265601039,0.317448834243128,0.0479189433598925,0.110208318931182,0.204482259289852
2769,0.0611356727827338,0.306613445787824,0.114425339778146,0.105569697723143,0.254958682088408,0.157297161839745
2770,0.00603905522894489,0.0478442462919447,0.134023693073051,0.0401605114796165,0.167397167637893,0.60453532628855
2771,0.0364209604360599,0.163446670122665,0.442200017358424,0.0695514548994902,0.108041921128798,0.180338976054563
2772,0.0532304791432007,0.100514928129547,0.144480209770529,0.194179701995216,0.309646249058468,0.197948431903039
2773,0.0704628095847125,0.275322793676141,0.151038376084556,0.0461533359603972,0.301565617972111,0.155457066722082
2774,0.131945739198591,0.460258750243347,0.0736562515229697,0.0485472166402213,0.166231145826199,0.119360896568672
2775,0.00850230871130259,0.0317800370956515,0.108521153132231,0.0237870094043566,0.156055250342685,0.671354241313774
2776,0.0173738712001021,0.0502044846213794,0.0791908254360164,0.0696551882099873,0.283589243384807,0.499986387147708
2777,0.00574575454280306,0.0237899429379963,0.0800526708271421,0.0251690876220428,0.0964356899280607,0.768806854141955
2778,0.140291885575385,0.126414422490443,0.148028757115644,0.11627949954356,0.170945958756418,0.298039476518551
2779,0.0635409159917475,0.120255260837758,0.31925898938472,0.117906380762798,0.144475029169421,0.234563423853555
2780,0.0546434825204763,0.222001382879623,0.282802507080451,0.0624668722783964,0.141617072771404,0.23646868246965
2781,0.0226536452213543,0.037513508317206,0.0659098165571091,0.179577775756939,0.454285169489411,0.240060084657981
2782,0.024780666201018,0.0645424351559019,0.24319672194236,0.042988624142073,0.163332896102864,0.461158656455783
2783,0.364739081864126,0.314603367368474,0.0935764889012,0.0861365946641142,0.100200080505799,0.0407443866962876
2784,0.0863460426030676,0.242418654663107,0.0658382838333344,0.100059221354216,0.393296900664147,0.112040896882128
2785,0.00744166971551496,0.0230064015149541,0.0470331587007478,0.0336241469095304,0.265944094434234,0.622950528725019
2786,0.0239783407383309,0.0907520658334362,0.0687504621642674,0.0700187118214525,0.350995670214784,0.395504749227729
2787,0.0127800999714933,0.0462561970386593,0.0751312346980213,0.0338927509922119,0.186090379274044,0.64584933802557
2788,0.0179788417206047,0.0693660138606232,0.170142397442102,0.0437973322143013,0.122227700359554,0.576487714402815
2789,0.0796979114838668,0.0936745499284161,0.292579372313553,0.0999154455880037,0.190577675019888,0.243555045666273
2790,0.0823948567567407,0.155291596626563,0.0814743807943047,0.116324574847288,0.383343692755796,0.181170898219308
2791,0.183864663673967,0.10937813212306,0.0691370533775124,0.29725553406509,0.255448708840645,0.0849159079197251
2792,0.499489301720852,0.315989755431494,0.0255668130292004,0.0511246156807661,0.0834229818014672,0.0244065323362198
2793,0.0157665303052743,0.0675241744151084,0.0531240638249175,0.0400735798790476,0.419291992877555,0.404219658698097
2794,0.445444914890139,0.163529314361649,0.0722516064864278,0.131117956841319,0.141854561663723,0.0458016457567426
2795,0.409332498269518,0.134961489046928,0.0744253400331339,0.240482637488792,0.108621740735191,0.0321762944264371
2796,0.00803620494407123,0.0291844163783193,0.112498219322668,0.0287241013646955,0.116808101336221,0.704748956654025
2797,0.0436310966668925,0.0673489661786938,0.105213018860992,0.0962948764235779,0.1676241663333,0.519887875536544
2798,0.0201629400890723,0.188121789608557,0.154639016406286,0.0248953293142044,0.254406550413055,0.357774374168825
2799,0.140489083056927,0.171390291582059,0.258958533985944,0.0456019049744116,0.162749099687635,0.220811086713024
2800,0.012864552261424,0.0331895286609202,0.0693942887502397,0.043996139969101,0.206733700644046,0.633821789714269
2801,0.0140351160040392,0.0329682385705374,0.0325740191117698,0.0339852454550563,0.421803922437684,0.464633458420913
2802,0.0300726017949512,0.0703990180947033,0.0656574153947227,0.0872812756372921,0.353398047718172,0.393191641360158
2803,0.0741791545978928,0.553784426915812,0.108174216488427,0.0211869113463095,0.1360142797639,0.106661010887658
2804,0.0207485093477426,0.0919177264646762,0.130120225518577,0.0632788962328017,0.33644093404999,0.357493708386213
2805,0.224219665840277,0.177670268891504,0.270148013001115,0.0968304383301525,0.130446774517799,0.100684839419152
2806,0.0944622880699543,0.0676077022125422,0.0597974825093797,0.304529142329821,0.301611426843398,0.171991958034905
2807,0.0824517819519306,0.157921343046012,0.205951829463317,0.0900893698998,0.190995329836596,0.272590345802344
2808,0.0138770997008283,0.0396081618636649,0.0561155263791595,0.0360564729116881,0.244233710605001,0.610109028539659
2809,0.0543289952839391,0.119110696299339,0.330688083237261,0.0575900984564488,0.0930092240325164,0.345272902690497
2810,0.0153037838332078,0.0441594883729379,0.0680134458419847,0.106181178151603,0.416967314357872,0.349374789442395
2811,0.0202533277982959,0.165709479636026,0.190428900375023,0.0433698099914727,0.263096958807972,0.317141523391209
2812,0.464106079662726,0.243719932942266,0.11812533318198,0.0715640106792916,0.0674250405289426,0.0350596030047948
2813,0.13688336991013,0.109720938448106,0.128273956169522,0.135604437438591,0.290747629247758,0.198769668785893
2814,0.0326596111361251,0.23321008815529,0.249077720524219,0.04727822682012,0.174235749877757,0.263538603486489
2815,0.0333533637021108,0.0698730725835166,0.134073580497945,0.0900116628453412,0.167356623972854,0.505331696398232
2816,0.198770032990987,0.16890793599699,0.268287859630656,0.0918747078112709,0.172612435449842,0.099547028120253
2817,0.0695528036491725,0.429231686001076,0.108131516460251,0.0670549632964847,0.191653077919607,0.134375952673409
2818,0.27207836535028,0.369045573760814,0.157154457371923,0.0404747994756829,0.0768407946206005,0.0844060094206993
2819,0.411809407676498,0.374672500350493,0.0605461813087435,0.0401613958968967,0.0830474587963626,0.0297630559710058
2820,0.304106217926368,0.232657057809037,0.284359986113606,0.0607897281982538,0.0697067136490597,0.0483802963036761
2821,0.0109694125551668,0.0554128623261208,0.0391452497398572,0.018970747915671,0.373633345980798,0.501868381482386
2822,0.199684194914598,0.278330902114261,0.162032311682607,0.0586893554457745,0.172330947057628,0.128932288785132
2823,0.0516062258698643,0.0849656852047429,0.107446392175646,0.0972643959214547,0.190104034054733,0.468613266773559
2824,0.0427991655865501,0.116664211777985,0.204496399955275,0.0717871939646582,0.233713157105785,0.330539871609747
2825,0.0106100810678679,0.0696478816469625,0.220500253624665,0.0359639523889567,0.0657766106465642,0.597501220624984
2826,0.036956663324535,0.184236436929202,0.0643875137231304,0.0573646814009227,0.430543421834854,0.226511282787356
2827,0.101129508252124,0.507217740389598,0.110276992006268,0.0247172221071498,0.117832629567499,0.138825907677362
2828,0.0242473944104375,0.160327376475501,0.119658754552364,0.0583166342032703,0.327499773097341,0.309950067261085
2829,0.0353949264015766,0.0407814085075321,0.0468121714225649,0.158535531546143,0.562524649523627,0.155951312598556
2830,0.00983486874714346,0.044250697611292,0.128215482745316,0.0423596730602011,0.161665474733902,0.613673803102146
2831,0.342302638389864,0.390845387803525,0.10139076749162,0.0558724109453616,0.0632165629946987,0.0463722323749307
2832,0.0357587215917697,0.256364699695948,0.189077314947742,0.0391963564839943,0.242008070466564,0.237594836813982
2833,0.133845625954828,0.114871730707749,0.12494751454677,0.17733645480437,0.26088266120532,0.188116012780964
2834,0.0246225207029399,0.0695613527463625,0.110005692837248,0.0444095146458927,0.21722929339802,0.534171625669538
2835,0.217301174988814,0.261914603467079,0.0596679214932369,0.15473561581243,0.199441073440609,0.10693961079783
2836,0.0211940069906967,0.0526830086136221,0.0660931012634525,0.0668089735696438,0.31672340673464,0.476497502827945
2837,0.0557654138650255,0.247535169004567,0.322363429812702,0.0608332070376053,0.156839881818797,0.156662898461303
2838,0.191050184216561,0.214733890328601,0.18917114852821,0.0949346902624628,0.125998389502108,0.184111697162057
2839,0.107857885609643,0.168589575155365,0.175063993028642,0.131816148495199,0.215774770126704,0.200897627584446
2840,0.127717682827649,0.0819373678700086,0.1438815807896,0.204115216940624,0.20294888195633,0.239399269615788
2841,0.427708930061101,0.138439371675996,0.067636435866178,0.121128467141162,0.160873306965849,0.0842134882897137
2842,0.0134061375322137,0.0423437957009205,0.0409504489532597,0.0565754322180234,0.470868867912356,0.375855317683226
2843,0.109351575818644,0.137947016166321,0.181705825589252,0.0981345554105486,0.191679584869816,0.281181442145418
2844,0.0403722378847482,0.10967027912904,0.496150725952637,0.0287664090460047,0.0915812928999624,0.233459055087607
2845,0.233970044696307,0.348827088736246,0.152052372039697,0.131035872506829,0.0959404761681379,0.0381741458527839
2846,0.011249396593995,0.0237050857666064,0.0342589875359328,0.0437684143342635,0.347514925957347,0.539503189811855
2847,0.0152013919295385,0.0481178743357581,0.0418887599791614,0.0509039106603449,0.446597540372665,0.397290522722532
