"CUS_ID","F20-","F30","F30+","M20-","M30","M30+"
2501,0.0522188435917981,0.395609516541242,0.148581561031287,0.0274147823812794,0.131517639271453,0.24465765718294
2502,0.110446175067047,0.192344304515964,0.075254146635394,0.129500675918001,0.334063390447418,0.158391307416176
2503,0.0384977987230726,0.533246946100234,0.0769445975884472,0.0441786571378652,0.174834464992442,0.132297535457938
2504,0.427225365985621,0.13236379579462,0.108536405788103,0.121187706983482,0.122517691610725,0.0881690338374495
2505,0.0640043316211929,0.150142447578438,0.17344137003958,0.0801915283095015,0.116040626352905,0.416179696098382
2506,0.0156958129206127,0.36471225345815,0.138919912096762,0.0392198895001548,0.150815445779448,0.290636686244872
2507,0.0207993750420451,0.0448977218922935,0.157862516348658,0.0344475800781901,0.120069327473822,0.621923479164991
2508,0.0216138583117214,0.0770108320789574,0.0563477011980929,0.0507121206474432,0.414884732142137,0.379430755621648
2509,0.0353530515432824,0.0623722611235355,0.169782934936348,0.0762154210208149,0.127166202467327,0.529110128908692
2510,0.014685853805661,0.0447582483713994,0.0438078500827725,0.0341578369124719,0.297964986812303,0.564625224015392
2511,0.808179199796972,0.0595910017575291,0.0230269740719929,0.0704845075607136,0.0305152044369604,0.00820311237583218
2512,0.0541967716621814,0.150889986336863,0.0676804363019196,0.0971933843542857,0.47976178930982,0.15027763203493
2513,0.0154070929558059,0.0194616427510511,0.0338023129983534,0.0603650235894086,0.460414833205156,0.410549094500224
2514,0.0612463486241659,0.780140711405079,0.0232449991416638,0.0149436276627263,0.0848010737607068,0.035623239405658
2515,0.0182282286788578,0.0299196531034066,0.032432552237101,0.0296836037211594,0.162099128709978,0.727636833549497
2516,0.0591568217794479,0.0741535330728979,0.0618709770592374,0.14359045673581,0.478923489070872,0.182304722281735
2517,0.0314812120226695,0.510094872582973,0.0618499614773841,0.0190720166409893,0.103365350385707,0.274136586890278
2518,0.37457993376852,0.284330878116915,0.156425239129153,0.0648427772213566,0.0513351949766574,0.0684859767873981
2519,0.0357697383382593,0.886487765708877,0.0158591230897357,0.00525699365088891,0.0259114415757639,0.0307149376364754
2520,0.025812954790563,0.0262169449648094,0.0370503170307661,0.102294556745044,0.616138959073361,0.192486267395456
2521,0.0938971480777248,0.137056945823162,0.357103289226997,0.115809977907976,0.124410268078139,0.171722370886001
2522,0.297424664211396,0.135639758110943,0.165087733060804,0.0970765230014863,0.125679103380107,0.179092218235263
2523,0.0360891453280322,0.61072819111856,0.0332283447525858,0.0309346286729667,0.112967905656681,0.176051784471174
2524,0.0660486670381823,0.214740920944155,0.220108432951456,0.0975255771980258,0.166138364815507,0.235438037052675
2525,0.0784842550605877,0.0722530904604168,0.129916023014916,0.188364769872646,0.418074099216425,0.112907762375009
2526,0.190200569742352,0.235912600952574,0.0701099357729729,0.121562095987822,0.269733702846082,0.112481094698197
2527,0.580240044555875,0.117529278837809,0.0845041972676941,0.0356539996783324,0.0829015896702079,0.0991708899900821
2528,0.0190294821878573,0.0257911922304122,0.0641863850249236,0.0558581761529313,0.17440201254988,0.660732751853995
2529,0.108339228224265,0.180280540327917,0.264102884003418,0.11324145257946,0.126631169283705,0.207404725581235
2530,0.0317700721175163,0.0741546224273376,0.316036013040847,0.0825008123874824,0.123627617737349,0.371910862289468
2531,0.0335633630737048,0.201977965351513,0.0934006603828309,0.0944371313756754,0.270220802108553,0.306400077707722
2532,0.05411493279592,0.244518994586006,0.103704226667904,0.0352618822314237,0.147144951705078,0.415255012013667
2533,0.00893196207197073,0.0308296535423475,0.071637068123804,0.0199774878184273,0.0712758730110738,0.797347955432377
2534,0.230244117287591,0.112413334571185,0.164011847156146,0.201418565062539,0.100242081600347,0.191670054322192
2535,0.0382695262094533,0.114085642869879,0.228429485192343,0.0520410689630461,0.179918873667629,0.387255403097649
2536,0.133154015639377,0.300251371927887,0.122471675991996,0.0851390307968587,0.149535431554455,0.209448474089427
2537,0.08547853899479,0.737927253296737,0.0524128090638281,0.0121065360695937,0.0684178186505165,0.0436570439245345
2538,0.283434924043954,0.126520588635626,0.0751994251971679,0.0886523472878134,0.208773319519615,0.217419395315824
2539,0.325616145185653,0.253757801312055,0.167326286758279,0.0563673367897042,0.110005346942781,0.0869270830115276
2540,0.172528344395507,0.0725993430510641,0.0959085203052857,0.185830851428938,0.397827914690673,0.0753050261285327
2541,0.141056715976448,0.0751116669572264,0.092289402074478,0.275977057161688,0.357623964536131,0.0579411932940288
2542,0.0669686992593594,0.520737826140411,0.0590608987180629,0.0692500067069566,0.190519849138622,0.0934627200365885
2543,0.0236731252899831,0.0428006730368429,0.0772580228230519,0.0213691736839574,0.0909931544551408,0.743905850711024
2544,0.0698429247944669,0.15533959870273,0.191968528495301,0.268643296321304,0.135187908053293,0.179017743632904
2545,0.0500959343202483,0.368844071772665,0.137755377162356,0.0308190828984396,0.239057177304946,0.173428356541345
2546,0.0469934660936236,0.0654215880219053,0.0596880212820813,0.165977301872185,0.556233292163938,0.105686330566267
2547,0.0533940356645805,0.129723924639267,0.478699031302881,0.0683622821476035,0.074574407213779,0.195246319031889
2548,0.0496785171695641,0.0808939574983006,0.117291914705234,0.314921944154719,0.330285961051811,0.106927705420371
2549,0.01105318378373,0.0417812498046331,0.0388427884310155,0.0492669663877909,0.269801089880057,0.589254721712773
2550,0.0156889484844958,0.0121602210421053,0.0315719073873914,0.141133577533807,0.587905672296291,0.21153967325591
2551,0.238217480497445,0.183310547611949,0.109881058126361,0.214151695909467,0.142809558965619,0.111629658889159
2552,0.0929872610321674,0.302470339342129,0.273963964966407,0.0423924182044123,0.122480406272278,0.165705610182606
2553,0.338202473380655,0.320257880095589,0.0544314058075765,0.119452069546015,0.123098860124832,0.0445573110453317
2554,0.14316142696247,0.393174232174951,0.103123227195301,0.0928353234787252,0.17900737699269,0.0886984131958622
2555,0.0248522750284878,0.2130812566344,0.195209413731339,0.0715075381208347,0.293723723473182,0.201625793011757
2556,0.0757112328979754,0.369134238536882,0.307984100809683,0.0596820458852411,0.0644557623665183,0.1230326195037
2557,0.453117090965447,0.157511451393151,0.240439864531308,0.0743122464468988,0.0475119373393251,0.0271074093238707
2558,0.0324905385659125,0.104939408538276,0.67833280009202,0.0528836084744985,0.0581902533069844,0.0731633910223086
2559,0.0699144965813869,0.447428400804227,0.217311743298368,0.0261661686422152,0.0803337322083814,0.158845458465422
2560,0.0274311723227852,0.165781326495301,0.107413750566445,0.0428486170357515,0.150686725492686,0.505838408087032
2561,0.0272723784857678,0.0946145135070388,0.257718447130431,0.0423972222906043,0.17439513317733,0.403602305408828
2562,0.185734137060413,0.371222222751179,0.0418478355522306,0.0984422660412478,0.232902507796317,0.0698510307986127
2563,0.372149626836867,0.132606162669472,0.146191466704085,0.180543204451951,0.127915453936297,0.0405940854013282
2564,0.190499325064207,0.103818122264247,0.0948799518060299,0.247965849656786,0.226707892130153,0.136128859078577
2565,0.0290365431453349,0.0774498250564041,0.165487744195162,0.0731368260888159,0.208650730618141,0.446238330896142
2566,0.0334308939772783,0.0673506220763301,0.141973137830939,0.059463219331406,0.133818541658706,0.563963585125341
2567,0.042763981543118,0.143092756692497,0.139386949760521,0.0695951473161214,0.144803948508493,0.46035721617925
2568,0.0151080414451413,0.0850290521602666,0.102702588035667,0.0418398105320082,0.281359077131333,0.473961430695584
2569,0.083923738456657,0.169245110299812,0.182762130252772,0.0632574990353645,0.136316968186117,0.364494553769278
2570,0.0701716389551678,0.586397732228384,0.0577562938491037,0.0242446248432589,0.101926343324958,0.159503366799128
2571,0.0468829304186729,0.07026446764391,0.0535606597450974,0.177046015671825,0.38215796994504,0.270087956575454
2572,0.112764020361319,0.109522510751853,0.243208184804487,0.116300464691964,0.113064106929507,0.30514071246087
2573,0.0587583614844656,0.22132395770101,0.108261439791738,0.0327341182829865,0.126837141887686,0.452084980852114
2574,0.0333605635544691,0.0470095199294909,0.0603741277535313,0.0995864665326878,0.620146516279762,0.139522805950058
2575,0.0239022540193532,0.0225109361951003,0.0247834955792696,0.101114263459415,0.662073358186757,0.165615692560105
2576,0.289699764186512,0.352576464152246,0.228457384471052,0.0677302896053146,0.0221347192930561,0.0394013782918196
2577,0.0341789944956104,0.309313956739451,0.442779933210633,0.0264880871217179,0.0696431088073838,0.117595919625204
2578,0.0138441650147667,0.0284774318269501,0.0648125605413503,0.0245932350579975,0.095273912525677,0.772998695033258
2579,0.320019748462104,0.173747517996811,0.131072842776819,0.123738788176865,0.159198589459327,0.0922225131280739
2580,0.0617715699779997,0.38174942750738,0.119150134334168,0.0261811551154696,0.149595481607375,0.261552231457608
2581,0.00905360591722302,0.0342235856635974,0.0603749209960841,0.044484829105773,0.299616055851421,0.552247002465901
2582,0.337579354621034,0.382473804190972,0.0715457249200352,0.050674322682793,0.0805235014396059,0.0772032921455598
2583,0.195955701412263,0.47644009375335,0.198751751170113,0.0300217654516086,0.0487126337331999,0.0501180544794652
2584,0.156395364165649,0.649642726884999,0.0707900747795553,0.025060108462854,0.0527147153245384,0.0453970103824039
2585,0.0238439064491779,0.0720026198272182,0.063368523679379,0.110118587434339,0.395938437127903,0.334727925481983
2586,0.0460910439503682,0.202460230156628,0.0836479283218405,0.0318297512844868,0.121890356577191,0.514080689709486
2587,0.199197292709316,0.0658787577811269,0.0636850996971437,0.20536173096256,0.360425487393128,0.105451631456724
2588,0.0218827342908072,0.0235323412280942,0.0300369008133293,0.126101904112416,0.734371318040277,0.0640748015150764
2589,0.102689353364779,0.117138301184619,0.071317837676385,0.169063480073173,0.436035951171826,0.103755076529218
2590,0.0211662909545491,0.0595493448701017,0.106280758702758,0.123996653003321,0.258519712587911,0.430487239881359
2591,0.0657572949482409,0.11481082528919,0.451174562583827,0.0741831213582447,0.0768202175762324,0.217253978244266
2592,0.0150351745851888,0.0161748399736738,0.0186640860490163,0.0843561253086704,0.78389559664416,0.0818741774392907
2593,0.138936198146909,0.209963369676906,0.103352626311971,0.0961480593717954,0.255931595481857,0.19566815101056
2594,0.0691607738274973,0.103726816803107,0.0751249036304736,0.0608814915745523,0.201399176736375,0.489706837427995
2595,0.195632852346312,0.0916556606948026,0.174021620315912,0.273913255177682,0.13211615613798,0.132660455327311
2596,0.578507992387647,0.10492709082103,0.0271710779498557,0.204824948884343,0.059037774666252,0.0255311152908726
2597,0.0216347111104285,0.0571119623710874,0.184763449516978,0.047653069990246,0.135986251264418,0.552850555746842
2598,0.0270024098750255,0.0944452284964707,0.0693795408890839,0.0309678698520081,0.166087440594278,0.612117510293134
2599,0.279386677414485,0.378632706924323,0.0446352472648498,0.0517963579070148,0.178032054490174,0.0675169559991542
2600,0.0220575597966095,0.0770930596871181,0.106381052581426,0.113018078602083,0.442923035223388,0.238527214109375
2601,0.0503336539323546,0.0939846063275963,0.236391002649751,0.0466766289738168,0.122081023048324,0.450533085068158
2602,0.0263850134019783,0.159139771730727,0.17395555093399,0.0618201034529992,0.188301964830923,0.390397595649382
2603,0.0368527014305484,0.709908747209894,0.02525932989573,0.0283285013211866,0.110134369946517,0.0895163501961236
2604,0.0569261387619415,0.0784195052382387,0.346315326885813,0.259264264451771,0.145290334660791,0.113784430001445
2605,0.0524793670980246,0.162933160477753,0.233685334738148,0.0827391379487016,0.162160202578707,0.306002797158667
2606,0.043945649530216,0.107393184876373,0.224650759618938,0.0588793310118728,0.140748293624142,0.424382781338458
2607,0.0293644633165302,0.0301704598564456,0.0607643261885633,0.0689739524296626,0.243973228602939,0.56675356960586
2608,0.155759508216408,0.210929227041152,0.068915882350818,0.155605968003637,0.162919582642012,0.245869831745974
2609,0.0196333477842732,0.0304305190011256,0.0390276508137605,0.111934199542298,0.607811688912187,0.191162593946356
2610,0.069595541761661,0.199909299193431,0.0870359376410051,0.179121856618423,0.320969153385213,0.143368211400267
2611,0.0316846108077545,0.2719140059973,0.354565526111111,0.113760907988736,0.0585238756112382,0.169551073483859
2612,0.0299653945163374,0.168457707508807,0.162570231549869,0.0838306832865231,0.241638134692396,0.313537848446068
2613,0.632334008683719,0.226032949242373,0.0199303910934835,0.0553243178946783,0.0563189875524052,0.0100593455333412
2614,0.106824200102422,0.114081807222202,0.078016815424043,0.116575229299097,0.274225899358155,0.310276048594081
2615,0.538694205011685,0.155438825169855,0.101677400048121,0.0683553725303852,0.089606973334367,0.0462272239055865
2616,0.0385139767306098,0.0545567591965523,0.091338291070047,0.0756439029073139,0.260376775837671,0.479570294257806
2617,0.380505270300393,0.380346266909493,0.0774758194163306,0.0431476675446004,0.0860124771947288,0.0325124986344547
2618,0.110458485641164,0.138808346784924,0.0689448726201198,0.122302602193296,0.366456169924347,0.19302952283615
2619,0.0111517885694222,0.0133689841782675,0.0186065732710205,0.0862783900676816,0.667264561201516,0.203329702712092
2620,0.0456072515955259,0.132250645187671,0.211533576435273,0.0803590826376399,0.317196051303333,0.213053392840557
2621,0.0611184464938309,0.125347825705845,0.050206161477214,0.133129672773049,0.510685421442042,0.119512472108019
2622,0.00969383630702967,0.0126267891542308,0.0437537740473087,0.024723883743148,0.0909444040655074,0.818257312682776
2623,0.380700104898734,0.322643931637232,0.035291650556826,0.0860060943046253,0.139823061527843,0.0355351570747392
2624,0.0426822975920865,0.0886539214957336,0.151767267028132,0.0595726924626194,0.166071859822188,0.49125196159924
2625,0.177613021330387,0.360851210130942,0.299090863309224,0.0396283578379155,0.0576457419648129,0.0651708054267191
2626,0.0144679177145839,0.0358910134558373,0.069869355461931,0.0305985455001496,0.135073348007192,0.714099819860307
2627,0.134019392930871,0.243204421119415,0.344475357055247,0.0749784936669972,0.0769043251500149,0.126418010077454
2628,0.168063511784434,0.382392166959549,0.0479499006250406,0.109947326318232,0.195573562966247,0.0960735313464966
2629,0.0258502157188277,0.134952515337282,0.129353071992181,0.036307560567971,0.242311385364029,0.43122525101971
2630,0.151509840115742,0.0708791497286289,0.111694149689704,0.100228350910486,0.218953359563125,0.346735149992314
2631,0.0320890175195593,0.265064808855908,0.265784230203344,0.0592220980198411,0.121582662224259,0.256257183177089
2632,0.0201948602446524,0.0534649445965697,0.0599120977524076,0.0437164457711268,0.165004037057235,0.657707614578008
2633,0.119669597211751,0.422109642672541,0.101854410983163,0.0693048252110054,0.162126240075875,0.124935283845665
2634,0.0493108779853068,0.136461893466306,0.26102429486029,0.106239468076559,0.132073919218192,0.314889546393347
2635,0.0664793243858355,0.164837301264751,0.102444138971213,0.104112705504576,0.327267599923442,0.234858929950182
2636,0.060048122698532,0.0812810813712307,0.189305928325791,0.303522595069133,0.185705854284098,0.180136418251215
2637,0.054071782224838,0.0633328475137406,0.0376345767826174,0.0939117003976974,0.582703205420761,0.168345887660346
2638,0.0808270413972859,0.0470167129052198,0.171967067402286,0.26058707544563,0.213128296748265,0.226473806101312
2639,0.122370787010092,0.0873478716777704,0.0660346019164961,0.192971390546925,0.389666222497352,0.141609126351364
2640,0.0274872306151389,0.0365984246780995,0.0679675202422221,0.0457557412643682,0.101003349405376,0.721187733794796
2641,0.344253818378451,0.117453998145801,0.176907149749841,0.0765454538596941,0.185358025796767,0.0994815540694465
2642,0.0265147526233548,0.113928719740772,0.0934865470586973,0.0456380891806461,0.166745219733187,0.553686671663343
2643,0.384850260179478,0.426194795885581,0.01462098386734,0.0644290834014342,0.0781185869973134,0.0317862896688532
2644,0.0149281531072947,0.279902279962489,0.0912791378939293,0.0320163740674009,0.191743185502544,0.390130869466343
2645,0.03955188528364,0.0487024663166418,0.0416658459577669,0.0801911069838312,0.472646887245047,0.317241808213074
2646,0.0201961555227901,0.0524825130028392,0.277986989554027,0.0602844949303594,0.0976670640656148,0.49138278292437
2647,0.0438884676653784,0.0629639173252257,0.129585499431869,0.0999641414690595,0.278753070346379,0.384844903762089
2648,0.212399542513175,0.197702257399297,0.386616421683283,0.0954041282331465,0.0545086889705852,0.0533689612005146
2649,0.0418343698863484,0.0557670332206574,0.0940591893478387,0.103180049337028,0.270054005559175,0.435105352648952
2650,0.0710087970755376,0.0719340519855891,0.152745363077597,0.115362317722579,0.198065502993528,0.390883967145169
2651,0.0131347707952585,0.0367812098770688,0.0519438866589374,0.0788501531671714,0.418198556629281,0.401091422872283
2652,0.0336602932826377,0.144023026731316,0.0964342452333512,0.0645742619089211,0.33779123764325,0.323516935200524
2653,0.420244543169747,0.203732010299123,0.0559612911216049,0.0725877659861845,0.129664765561901,0.117809623861441
2654,0.0142579314036752,0.0351072387142031,0.0478654655239273,0.0318823992622088,0.134297760315821,0.736589204780165
2655,0.635087374567474,0.143605328161417,0.015696341615495,0.0967964261558908,0.0918644720531027,0.0169500574466204
2656,0.0419300027298463,0.116686469008676,0.0634389241776132,0.0594887327954075,0.436253312487421,0.282202558801036
2657,0.0226376676223746,0.0699442856395599,0.171787059697444,0.0585511519442557,0.158905786289335,0.518174048807031
2658,0.15864244179525,0.0974998369386663,0.101325761576417,0.259968578927961,0.246195837779446,0.13636754298226
2659,0.437984689877096,0.156711189270211,0.0769074547093512,0.221984652105647,0.0667518825906067,0.0396601314470878
2660,0.0211591092471185,0.0314254868516212,0.0648043158054672,0.045548710681626,0.216201865659509,0.620860511754658
2661,0.0347569448436495,0.0764154819619608,0.250883052476234,0.0710536184106899,0.131303270546752,0.435587631760714
2662,0.0183321751107777,0.0921506291598973,0.13365123665117,0.0445074329798618,0.17677458889618,0.534583937202113
2663,0.0161583498651436,0.0466006473707413,0.0820701674768889,0.0610160810876258,0.187412047219189,0.606742706980411
2664,0.0542617130054295,0.142665958907397,0.0562563245158065,0.100404432261417,0.459996082750896,0.186415488559054
2665,0.230617921963206,0.242204013139435,0.224375063775968,0.0959547478705907,0.127715540935728,0.0791327123150726
2666,0.0208025908485239,0.044470037245072,0.175323952408288,0.0371059935548389,0.0602438444187485,0.662053581524528
2667,0.0373595673829284,0.195968405686594,0.358690213102814,0.0576226062569615,0.165365037156276,0.184994170414426
2668,0.0207126462992541,0.0865906097306023,0.26066479649432,0.0400112893765965,0.0788645611664482,0.513156096932779
2669,0.0666000153283655,0.393108207818887,0.162462861849494,0.0269617464637064,0.0819746941956991,0.268892474343848
2670,0.0237330218748245,0.0583450401276861,0.185915216406017,0.0659900552048663,0.154145318300613,0.511871348085993
2671,0.0482461298584243,0.0644884849035207,0.0804324998271953,0.109362987590804,0.199011823218661,0.498458074601394
2672,0.0287705273275443,0.0738293009379366,0.173532361610068,0.0425531313479953,0.10402052772061,0.577294151055846
2673,0.231137608764581,0.261888970473781,0.061647726211765,0.11329457341296,0.234784054558232,0.0972470665786817
2674,0.0214132661731554,0.0527679463625796,0.0986926893379256,0.135124724024593,0.322072958292073,0.369928415809673
2675,0.683452328166084,0.165414546757396,0.00963113659617394,0.103219193508057,0.0216768234892449,0.016605971483044
2676,0.0333762635543123,0.0871239411696976,0.140326987642676,0.169673521783593,0.355836166851308,0.213663118998413
2677,0.102004011958882,0.0976781673155905,0.242914043322,0.244229938449534,0.180435555171165,0.132738283782828
2678,0.0393395130919956,0.0777227036653455,0.209620761333884,0.0907107624508668,0.330281359441372,0.252324900016536
2679,0.0131408481396269,0.00845320406320832,0.0214266829928432,0.0480742074421746,0.346410217928356,0.562494839433791
2680,0.118527639010905,0.0976009850961893,0.325318997993634,0.266340528172004,0.0813017355974926,0.110910114129774
2681,0.0406575457217276,0.254148948852202,0.108250467325038,0.0352809137370229,0.220218871912458,0.341443252451552
2682,0.0198676478626618,0.0285636448226777,0.122771861898919,0.10004612490203,0.148559247009943,0.580191473503769
2683,0.60272199234716,0.115371687804518,0.0483732199158395,0.113958788651369,0.0905738004335488,0.029000510847565
2684,0.0289563332658424,0.0457429096739663,0.0621174628825659,0.0531996481055784,0.373066610803544,0.436917035268503
2685,0.101878204983134,0.08713278473211,0.354336753740878,0.0579315362612887,0.0856257281467684,0.313094992135821
2686,0.0183167037054691,0.0874228530293236,0.128932030311352,0.0276318689594231,0.134225095123286,0.603471448871146
2687,0.290326585488055,0.224093816615822,0.0924083369952592,0.166299300713986,0.160857188932125,0.066014771254753
2688,0.0285009143326716,0.15380381067577,0.0850704438760585,0.0866016057502624,0.35709485078688,0.288928374578357
2689,0.104800769459785,0.585125090730222,0.0837295894489993,0.0560756835739167,0.112048438649185,0.0582204281378923
2690,0.0233390547897277,0.0400489761684446,0.0762783128259135,0.201372983163966,0.484933731799186,0.174026941252762
2691,0.0569275185661796,0.186072693683016,0.126631736258171,0.0339316731591449,0.233239435172322,0.363196943161166
2692,0.0852341030329478,0.112948581222867,0.243095642492261,0.0937217065445935,0.131924541527739,0.333075425179591
2693,0.0305014048954119,0.0619322206825118,0.0945452988785023,0.0713103077516199,0.1037463374469,0.637964430345054
2694,0.0104916275557155,0.0209084491480025,0.0327031936023299,0.0570308576352114,0.351674906737881,0.527190965320859
2695,0.703377322287703,0.13454983131758,0.0292081574255014,0.0578090593790828,0.0514105211376484,0.0236451084524844
2696,0.0342347526404646,0.207986193776576,0.305501574242489,0.0542458560424756,0.0668253662120007,0.331206257085995
2697,0.0939807418848323,0.311126993234057,0.248727834477036,0.0693710428273673,0.104483665453773,0.172309722122935
2698,0.0190390005075999,0.0603189738867232,0.195164760270135,0.0430330412223483,0.339246758016773,0.34319746609642
2699,0.0253682352111053,0.279690509826321,0.464680743404508,0.0217844830365464,0.0456241790985032,0.162851849423016
2700,0.0099593077371132,0.0549264228885772,0.0352377606218294,0.0233139329128507,0.263048290325073,0.613514285514556
2701,0.0250517051436456,0.0326950890133596,0.124611560437694,0.0644265874850329,0.134780720944702,0.618434336975565
2702,0.564138275600464,0.127147497310491,0.10477003350156,0.0753223876000682,0.0698370419845065,0.0587847640029098
2703,0.0766240455214646,0.0725003506545726,0.117641500141853,0.154960801097943,0.421897427395899,0.156375875188268
2704,0.0630384590031935,0.219461757581035,0.534313693736774,0.0481486239624093,0.0532739945933972,0.0817634711231909
2705,0.0170005593344231,0.174544305026948,0.38690737473806,0.0378553656663108,0.0746719267596544,0.309020468474604
2706,0.0407897570137169,0.0572112626561195,0.207665955648948,0.219048766574262,0.144019912898284,0.33126434520867
2707,0.0134923418730345,0.0127230089706663,0.0173571963179471,0.0588334564875661,0.805602669916457,0.0919913264343286
2708,0.310088859569126,0.223961036638643,0.0663510478148226,0.164404774820627,0.189163631221445,0.0460306499353354
2709,0.0378378201564239,0.190590691975604,0.374515533719695,0.0933184844372714,0.0748170297290605,0.228920439981945
2710,0.0628179478731968,0.117048070971649,0.372205025180845,0.0662643775175228,0.115028292368994,0.266636286087793
2711,0.14953690949533,0.172065611284729,0.0776273006682666,0.113194269846452,0.275161835426385,0.212414073278837
2712,0.217061106892073,0.142812375613816,0.0704345602238357,0.215154388848837,0.274511609796708,0.0800259586247304
2713,0.0523826177923287,0.12548000435119,0.324146981016991,0.0976782794463402,0.113750344764546,0.286561772628604
2714,0.0161952011075446,0.145565601702696,0.306010820159604,0.0319612889935849,0.156197999274737,0.344069088761833
2715,0.0242721470327604,0.111368487868957,0.368426646134934,0.0820104617746565,0.217036405102339,0.196885852086353
2716,0.031652803722022,0.03935432464005,0.0510554450036077,0.0903175289814313,0.430585869078619,0.35703402857427
2717,0.0158240363138681,0.0249354668788313,0.0394463596975183,0.0409005618446584,0.177186912967751,0.701706662297373
2718,0.0406278100837238,0.0558753443135301,0.18144859685542,0.101961527211536,0.206871984344267,0.413214737191523
2719,0.0510466676062489,0.137684011653849,0.137711422612782,0.0869665219353162,0.254997791231532,0.331593584960272
2720,0.377998960991511,0.101974064447375,0.131147833359519,0.103659075083152,0.156949075984605,0.128270990133838
2721,0.0417356972881311,0.105748283034278,0.149569503481077,0.0888885855433937,0.191954601406607,0.422103329246513
2722,0.257678485233157,0.470902053869349,0.13516425498067,0.0189650605143312,0.0712461302504742,0.046044015152019
2723,0.0431729399505837,0.208481212191767,0.445773840406462,0.0559353198698023,0.0628517171343737,0.183784970447011
2724,0.576450822081589,0.126497580070492,0.0499919170185291,0.114370933087777,0.107393253183909,0.0252954945577047
2725,0.288654758516461,0.56150249583224,0.016071018334402,0.0487986856557499,0.0612449118202018,0.0237281298409456
2726,0.0557949591345991,0.109468065846333,0.100495500308084,0.144527997559636,0.500557088730019,0.0891563884213296
2727,0.0156851214349552,0.0451475018806871,0.0930396777395233,0.0799297764078586,0.318379629247641,0.447818293289334
2728,0.0388539779166607,0.0926552975985122,0.240840620261454,0.0694035408365549,0.0844157837080488,0.473830779678769
2729,0.302041433814736,0.289637979672028,0.0513606572303096,0.0737054793331049,0.210548828409165,0.072705621540657
2730,0.0268581271971432,0.062202564980457,0.141931382131253,0.092666215188548,0.24624711989388,0.430094590608719
2731,0.0816088886635591,0.140715783929084,0.102448769293526,0.246469153153121,0.311062540065133,0.117694864895577
2732,0.0457053482005897,0.111340567323478,0.316476464724473,0.0494312214296327,0.0962257306502388,0.380820667671588
2733,0.0470321106013448,0.115902889280382,0.137950817108288,0.294323705847127,0.328500191502996,0.0762902856598619
2734,0.0119880115676716,0.881858595408056,0.0243716320457843,0.0032186274348716,0.0367744177770037,0.0417887157666124
2735,0.0548650809614959,0.346339463537339,0.160272158508126,0.0236743323783622,0.105583912196855,0.309265052417821
2736,0.0588718047592904,0.100072795929507,0.0711739918517496,0.209755898833648,0.465186050200717,0.0949394584250884
2737,0.0940417992435598,0.283362823670093,0.253007599352783,0.0621206441294623,0.153032002945973,0.154435130658128
2738,0.0422437127265668,0.0896419489243499,0.129164524705541,0.037426600578912,0.196025550309232,0.505497662755399
2739,0.381827646579369,0.415323933349335,0.0409087341472012,0.0314732847516948,0.0925268185652314,0.0379395826071685
2740,0.18791963983139,0.34673751922393,0.1347363536954,0.0993783854777744,0.133557670274858,0.0976704314966486
2741,0.097914485035119,0.262455791756422,0.141455805704727,0.11129282397091,0.159647746847224,0.227233346685598
2742,0.0582331801618169,0.104652958074177,0.0879538811601995,0.0948747453074861,0.454583383443137,0.199701851853183
2743,0.234397350315836,0.150713143794521,0.122942322715488,0.174265774390027,0.176530316120387,0.141151092663741
2744,0.0257507262772261,0.06150527805232,0.072930918051818,0.170352643092775,0.472408856030914,0.197051578494947
2745,0.0324377571623467,0.133719572411817,0.360497307632312,0.0881344974098137,0.153555657057059,0.231655208326652
2746,0.0227402171402265,0.0498000580302567,0.109935386879063,0.0441754657314763,0.129438975836572,0.643909896382405
2747,0.0261455490280855,0.0264752186123219,0.028655301237419,0.0519626697021962,0.537254768436571,0.329506492983407
2748,0.016006000080265,0.057013892002061,0.0603678153020455,0.0822481007170276,0.499055126973545,0.285309064925056
2749,0.333178375291511,0.13929242116135,0.0446260481131464,0.198478512922085,0.166249499200297,0.118175143311611
2750,0.0232481714115426,0.139158854190899,0.251021918992113,0.0695177653330761,0.141559649782595,0.375493640289774
2751,0.144457938960901,0.208056227691897,0.167756150340051,0.164370632377369,0.192020511116006,0.123338539513776
2752,0.0366652369332077,0.110232986174875,0.245525474250137,0.158543492746725,0.140018948298086,0.309013861596969
2753,0.0507688775709611,0.079962410964272,0.0755876305024507,0.126613117654432,0.524044885858667,0.143023077449218
2754,0.0497698069661501,0.298765161711241,0.133555395999766,0.0468131114573452,0.293110556561629,0.177985967303869
2755,0.00505318711350283,0.0121600836078727,0.0334048216369074,0.021379445612617,0.18503357787889,0.74296888415021
2756,0.0192019886096449,0.041382172413928,0.146768461481415,0.0299229871721941,0.0710091871455278,0.69171520317729
2757,0.0430123562670518,0.258274275816609,0.0962313679463191,0.0612156451970193,0.241109934688822,0.300156420084179
2758,0.0534398428430272,0.2694807334122,0.163949192525445,0.0431072423418121,0.247369989684489,0.222652999193026
2759,0.0376834268410759,0.275578049411709,0.0820722385722847,0.02566671299581,0.163967275081172,0.415032297097948
2760,0.520044514444803,0.216223616013657,0.0652343052401406,0.0819009023393365,0.0920155807013772,0.0245810812606855
2761,0.0904556621508825,0.0823529973122897,0.088122959965079,0.199875455452524,0.406386556029555,0.13280636908967
2762,0.0189500422194331,0.0829298784154587,0.121015225743975,0.0806761211480719,0.384799561942582,0.311629170530479
2763,0.0513025646433455,0.233232242692224,0.161255131848756,0.0534644872569519,0.157671030986655,0.343074542572068
2764,0.0247264227477353,0.0294759896469633,0.0930232084863663,0.0530784562723273,0.0898435552089099,0.709852367637698
2765,0.081304368799511,0.167080554817062,0.228348983707368,0.0564837534525877,0.148969352321678,0.317812986901794
2766,0.0471667058470429,0.204296859019797,0.108476932490007,0.0591521886274468,0.309842721375327,0.271064592640379
2767,0.0401006677896759,0.118645370849104,0.190765151318488,0.277408511856261,0.206478004813214,0.166602293373257
2768,0.0303648512042164,0.208258319638986,0.34586403632387,0.0556329208867441,0.0913092547297817,0.268570617216402
2769,0.0715877927150999,0.432942675604258,0.107497678351911,0.115888286488345,0.169923957602516,0.10215960923787
2770,0.0100618532192688,0.0465553016699935,0.0948011744047643,0.0592884501923467,0.220284947207086,0.569008273306541
2771,0.0259397315719792,0.161054104000736,0.46026917279016,0.0779711209557291,0.06562533366607,0.209140537015325
2772,0.0372038248228191,0.0978039235020961,0.192395179053984,0.238074303849462,0.205078934622552,0.229443834149087
2773,0.062094272030828,0.303967851330833,0.161554102416669,0.0366246991967647,0.291229940061036,0.144529134963869
2774,0.0737613181245949,0.66295790643283,0.0456332020923027,0.0237184609960878,0.100218697491609,0.0937104148625756
2775,0.014381079995833,0.0368363857324903,0.112856287469293,0.0340985193295985,0.161625830739535,0.64020189673325
2776,0.0175465267455439,0.0599357757316488,0.106135945428487,0.0841421690034833,0.231122700459146,0.501116882631691
2777,0.011018854958919,0.028853053610206,0.0762891772013714,0.0404775574254783,0.161857505956582,0.681503850847443
2778,0.325051766136329,0.0937684408280633,0.162678386158644,0.130767059214255,0.12408753454586,0.163646813116848
2779,0.0821541915724495,0.113747863673335,0.325847761934685,0.147601096777172,0.129831831578787,0.200817254463571
2780,0.0466781925286047,0.175308523366786,0.330416159701336,0.0904429398439978,0.121422588410656,0.235731596148619
2781,0.0148907766443454,0.02363182375651,0.0691764948816801,0.259226985218496,0.389085953515131,0.243987965983837
2782,0.0346520118967215,0.0745142145244909,0.260393951773203,0.0495617635504271,0.208601832313329,0.372276225941829
2783,0.456187924649264,0.216829682004056,0.0851514899996761,0.13645392715817,0.0735171923410111,0.0318597838478232
2784,0.123233216350045,0.200942074041885,0.0747875888072969,0.0822953896726391,0.375388280380039,0.143353450748095
2785,0.00917013535841364,0.0156690860625271,0.0314641122507989,0.0336795832427322,0.340306872855344,0.569710210230185
2786,0.0260637940509122,0.127304145255871,0.0746901118297138,0.0801568744519266,0.334012841686465,0.357772232725111
2787,0.0123717989228935,0.0272303833143258,0.0366680690353151,0.0323741333264914,0.116296869021025,0.77505874637995
2788,0.0233890205941259,0.0802711539609503,0.251144593018082,0.0598318477941815,0.0987148267416923,0.486648557890968
2789,0.0659521005083631,0.0984520266717389,0.294928194350389,0.107644116295148,0.192371934699644,0.240651627474717
2790,0.125222221001988,0.16375653742401,0.102462949165889,0.119765312624313,0.332514767804332,0.156278211979468
2791,0.145737607689277,0.136031578486788,0.100647701382503,0.143344024206926,0.407143632046779,0.0670954561877267
2792,0.496285991840953,0.338437498729718,0.0209102410652605,0.0473550438965376,0.0790919799445876,0.0179192445229433
2793,0.0208569385936618,0.0661800499685111,0.0730888948118427,0.04546151322167,0.360069040277914,0.434343563126401
2794,0.436189014839661,0.0928355281456936,0.0663853537616982,0.161378152652699,0.180059594319254,0.063152356280993
2795,0.433121177084688,0.151845319803683,0.0898601913079774,0.182241248331376,0.106955439101527,0.0359766243707487
2796,0.00863293945227111,0.0214733871213049,0.0838184449423898,0.03476787615499,0.157723783596466,0.693583568732578
2797,0.0655053310512788,0.10587156679422,0.13367307902274,0.109180768879738,0.147281187182397,0.438488067069626
2798,0.0337263237418345,0.353767086808727,0.138785738553251,0.0196441559259372,0.168514362216045,0.285562332754205
2799,0.247460054145241,0.151949333557517,0.288697760384392,0.0357597612961801,0.10440723515234,0.17172585546433
2800,0.0199559729649079,0.0276011731030713,0.0880172971042314,0.0318012909672448,0.140840344924579,0.691783920935965
2801,0.00945908047945868,0.017332969328876,0.0216815692855016,0.0259610228027661,0.376227900530661,0.549337457572737
2802,0.0199017237936226,0.0562004894884917,0.0758414635946146,0.0514934118452415,0.348553594605932,0.448009316672098
2803,0.0473364294701351,0.682254584163326,0.111437552981368,0.0121571857748158,0.070145612750644,0.076668634859711
2804,0.0221967855423062,0.0866694299725705,0.127572279605341,0.05717424891985,0.269116922571004,0.437270333388928
2805,0.292236100147325,0.17392502220647,0.208003393615045,0.11528451898634,0.111618628171988,0.0989323368728324
2806,0.0524864793504529,0.0440051942510741,0.0599204183894967,0.419201494670542,0.314853975705602,0.109532437632832
2807,0.101486529472179,0.157930608506252,0.220359458923913,0.129091045560126,0.17306418825746,0.21806816928007
2808,0.0167188852705109,0.0298723343435816,0.0473561991250104,0.0315808520451343,0.139615030303022,0.734856698912741
2809,0.0592023883485829,0.131812308855024,0.470883502053298,0.0566572557708675,0.0605895514154888,0.220854993556739
2810,0.0144188833365022,0.0334662275535618,0.0500797234292391,0.108518698164452,0.386335776462328,0.407180691053917
2811,0.01668754870927,0.151402573750863,0.112485726423225,0.0314125531199863,0.293030243434402,0.394981354562254
2812,0.56945555795678,0.217440295805461,0.0954212445165445,0.0459947946352351,0.0477149252224552,0.0239731818635248
2813,0.299816468980359,0.087853223354888,0.0902488988723053,0.142959263376848,0.261662856155534,0.117459289260066
2814,0.03013303159124,0.265321910628195,0.254444359786436,0.036783538763709,0.111935303368343,0.301381855862077
2815,0.0164967105969298,0.0442306394806591,0.113198433101548,0.0619351284810542,0.130191684417347,0.633947403922462
2816,0.31706712535815,0.161096434383282,0.19511775251358,0.129546578805931,0.148718531065016,0.0484535778740404
2817,0.0504518918275863,0.650095842396401,0.0654423998730292,0.0682421026804913,0.0892565557869627,0.0765112074355291
2818,0.25223724094711,0.534618040495022,0.106066842560465,0.0210207799983179,0.0311977884661535,0.0548593075329317
2819,0.266513928365378,0.486529513832077,0.0735405169126603,0.0222288078100794,0.107096495726435,0.0440907373533698
2820,0.362631356749679,0.25090444545567,0.20270721981651,0.0933549135426217,0.0582141125301022,0.0321879519054179
2821,0.0149756327988888,0.063904512420167,0.0459401435234229,0.0231905179881244,0.239665884884657,0.61232330838474
2822,0.191173347286487,0.404959416057475,0.155042786208939,0.0501286172314261,0.0884659765247344,0.110229856690938
2823,0.0311565068699414,0.0638617397520679,0.0975987641277525,0.0821919532579416,0.152018521465502,0.573172514526794
2824,0.038422123672111,0.077729450010169,0.217884076821035,0.0969959308624322,0.236610597450839,0.332357821183413
2825,0.0178011589427698,0.0875733227253081,0.236824404247061,0.0721282219382524,0.107447540705808,0.4782253514408
2826,0.0597323996359514,0.202083932959024,0.069521270051347,0.105768774006237,0.347007544546181,0.215886078801259
2827,0.0663236044313053,0.716539350362685,0.096502476277758,0.00736725506003136,0.0456878624177339,0.0675794514504861
2828,0.019003302969512,0.132407738833469,0.0759831041254699,0.0358561271286802,0.244541342005932,0.492208384936936
2829,0.0628007629261131,0.0433993889356746,0.0592505572729693,0.195398271426537,0.544752576235563,0.0943984432031425
2830,0.0182074881888779,0.0563935207289831,0.166859420414081,0.0843477209921172,0.157433556179303,0.516758293496638
2831,0.356359133516614,0.401382928552422,0.0924378926124708,0.0587352178321907,0.049585896608742,0.0414989308775601
2832,0.0494489745430047,0.380993126336018,0.17777615064875,0.0380560477253349,0.188050751201445,0.165674949545447
2833,0.155038183110829,0.097250729338375,0.179775630654048,0.158840827931119,0.264321391110578,0.144773237855052
2834,0.0186922742420573,0.0553722736726933,0.151558243434433,0.0451434985878529,0.13885262721705,0.590381082845914
2835,0.136713874537833,0.326481935465804,0.10551586412772,0.0909871676477616,0.182564710870658,0.157736447350223
2836,0.0329417576613889,0.0917116409743093,0.100603456459887,0.101289884528133,0.357318385066557,0.316134875309725
2837,0.0426085030799661,0.291539223432246,0.306144944078218,0.0662822289946109,0.125830012143197,0.167595088271761
2838,0.344541195801096,0.213658437690655,0.12056517454945,0.125546956265329,0.0881899750225788,0.107498260670891
2839,0.0459436512195947,0.143966699279792,0.247645415802752,0.178340052698524,0.169411617997551,0.214692563001786
2840,0.131040086990023,0.068051692969048,0.091926821338928,0.280954301178258,0.207813166411428,0.220213931112315
2841,0.346373157239221,0.154914871858163,0.0833110076137807,0.0748504931178798,0.167414263801109,0.173136206369847
2842,0.0172255196880198,0.0492164777961744,0.0459917410442177,0.0584365853333847,0.386632890688994,0.44249678544921
2843,0.0661783712110748,0.139654607641646,0.136990227420426,0.0554819165401222,0.177720140395881,0.42397473679085
2844,0.0592163479429234,0.164220846307883,0.330868356561294,0.0337427583907789,0.0961260966136418,0.315825594183479
2845,0.28666864335579,0.431440097861878,0.102533938001813,0.101152512244789,0.0521919798317674,0.026012828703963
2846,0.00458507997065259,0.00719560370746095,0.019999811130115,0.0231947587854133,0.202521571767622,0.742503174638736
2847,0.0222909754421062,0.045181091442147,0.0346790714823001,0.0450451733692498,0.317295789978744,0.535507898285453
