"CUS_ID","F20-","F30","F30+","M20-","M30","M30+"
2501,0.0702000857546573,0.571270259604901,0.0924880762599038,0.0358876885756689,0.124162207480455,0.105991682324414
2502,0.0465224003601054,0.158540668646826,0.157688085572661,0.0693660084161818,0.357729955223201,0.210152881781025
2503,0.0559903034474577,0.265618185922895,0.0657597065290167,0.08569407790678,0.360412807936051,0.1665249182578
2504,0.299335213373854,0.147181060765925,0.107406615208066,0.185911118306693,0.137900626724291,0.122265365621171
2505,0.031212995906033,0.135187224381577,0.141675584335085,0.0596790661123706,0.192219254475672,0.440025874789263
2506,0.0188949827078004,0.402309808631513,0.0859662518123708,0.0202063108772814,0.251599801508909,0.221022844462126
2507,0.0162917218779651,0.0353544940282912,0.0885736329725276,0.0286716279841955,0.195922382791995,0.635186140345026
2508,0.00944796034352505,0.0328137967910329,0.0408030167863163,0.0266244981535454,0.463597444980976,0.426713282944604
2509,0.0217089486250253,0.054427564721688,0.137282775097604,0.0391070410465271,0.16855322209855,0.578920448410606
2510,0.01079141840229,0.0445126378450734,0.0373796390168901,0.0327589222363889,0.418819898435294,0.455737484064064
2511,0.546954700326372,0.0892806277049056,0.0786213953384583,0.191510211045896,0.0650352203903276,0.0285978451940408
2512,0.0643490301440136,0.20596171641113,0.0663500399649337,0.133665091603842,0.418836275571525,0.110837846304555
2513,0.0101709634016468,0.0346898653516468,0.0854492788572646,0.0441966729663639,0.304591024292626,0.520902195130452
2514,0.067604249623809,0.586190064807753,0.0634986138791479,0.0411509674978733,0.169347411816119,0.0722086923752974
2515,0.0202206785107797,0.0613311095166021,0.136758615218624,0.0479487959700613,0.185804102895485,0.547936697888448
2516,0.0885377549740149,0.109308112999971,0.0678131189830212,0.125150104645738,0.392072725088131,0.217118183309123
2517,0.0327737922384847,0.337054813786115,0.113543788392445,0.0190886798812046,0.192467295985724,0.305071629716027
2518,0.419956703407757,0.262710825954725,0.10619839412557,0.0555003332802609,0.0883797424197912,0.0672540008118962
2519,0.0328888250885375,0.861802361862196,0.0158264396339555,0.00625914829721524,0.0564758217494232,0.0267474033686727
2520,0.0242311915614537,0.0617916896310644,0.0187325867980985,0.0742372774403217,0.661234634104143,0.159772620464919
2521,0.0467471212861956,0.0681669612511974,0.348289806740691,0.0639349772121098,0.105384719849151,0.367476413660655
2522,0.235392540487858,0.220611009584858,0.21257202047316,0.0915850870470249,0.157184046368038,0.0826552960390621
2523,0.0581801946561693,0.505018282037864,0.0673304107518316,0.0170953898556648,0.213686917797018,0.138688804901452
2524,0.0779388220422283,0.165630594664899,0.206217727063666,0.0739459456115776,0.174745643217165,0.301521267400464
2525,0.0891209914696142,0.0764876981689212,0.106996405788417,0.283572996844973,0.364639473515491,0.0791824342125831
2526,0.0929808267024748,0.187951803084514,0.0931233017122504,0.0988549984234274,0.338158190900005,0.188930879177329
2527,0.596787753535493,0.146881575483956,0.0721513996613583,0.0426808385536722,0.0829339998775023,0.058564432888018
2528,0.00992275416394395,0.0232341188715238,0.0416060714855271,0.0527374971062615,0.213572572912215,0.658926985460529
2529,0.0665133698307684,0.0898250798629267,0.309633676058017,0.0800023459601532,0.123228151117659,0.330797377170477
2530,0.00581734593651887,0.027981712671845,0.157487293796713,0.0262529213398015,0.109456454638771,0.67300427161635
2531,0.0532230387462981,0.155331295688132,0.156263233075885,0.0690315507953462,0.278171287259946,0.287979594434393
2532,0.0415333192263998,0.163702127401626,0.135848261139963,0.0679193633218559,0.23736406116855,0.353632867741605
2533,0.00467012496676846,0.0146327392620288,0.0480370809957893,0.00865436875276215,0.0324932184971993,0.891512467525452
2534,0.310544475461653,0.101634853497794,0.0718148601507276,0.326114589698406,0.113746513540886,0.076144707650534
2535,0.0441495336847041,0.112357273708969,0.107740003183659,0.0635514013943193,0.186098649632511,0.486103138395838
2536,0.103576271744999,0.247315627672249,0.116652401443552,0.0779194755173601,0.18197601741995,0.27256020620189
2537,0.0512062990318305,0.693669166917847,0.0931079835832517,0.0106707391973014,0.090800885186464,0.0605449260833057
2538,0.331485174944713,0.135765622602353,0.0587887994481555,0.0937869473638399,0.257864994392855,0.122308461248084
2539,0.146599389938234,0.300085825723138,0.173008671592207,0.0511277953228218,0.194644347481431,0.134533969942168
2540,0.389242358456835,0.158603862174053,0.0552767854560604,0.125590989137389,0.222823258963824,0.0484627458118383
2541,0.13915260382805,0.0708041340616129,0.0369152884455919,0.338523535710326,0.335099940705309,0.0795044972491099
2542,0.148046240844547,0.370095126732897,0.0880819992193091,0.0366437338394425,0.284001674478342,0.0731312248854635
2543,0.0143631686730007,0.0266600766885236,0.0766863918112427,0.0140427779735967,0.240722357571546,0.627525227282091
2544,0.0895225703400715,0.115755510188429,0.0989317678937066,0.313497940319542,0.133206136838835,0.249086074419416
2545,0.0252614084723743,0.295905643868929,0.0516306435773799,0.0133634339185536,0.394510389662113,0.219328480500651
2546,0.0431869981481842,0.0410894012875177,0.0183331472226553,0.303705421604866,0.518879868062709,0.0748051636740676
2547,0.130643695404128,0.214516321710373,0.189130865925836,0.063187387288258,0.211154847218335,0.19136688245307
2548,0.06982951380451,0.0831279477265302,0.0986339064059457,0.34586737225475,0.314309787983476,0.0882314718247884
2549,0.0091385912065309,0.033190553558717,0.0444324659483566,0.0594312649984861,0.327337711189777,0.526469413098132
2550,0.01638329792247,0.0241644878962079,0.0188031041773943,0.187559836887539,0.600416012778826,0.152673260337563
2551,0.105081717665983,0.223195072080123,0.0888762507911797,0.180291549750766,0.219421796153481,0.183133613558467
2552,0.107250499546687,0.376981541294609,0.15362188152941,0.057142887260059,0.132508224578835,0.1724949657904
2553,0.495552342406874,0.193344026147485,0.0485307719091175,0.131649914527919,0.110615609234689,0.0203073357739152
2554,0.0720079557393401,0.188436730340426,0.0763253485172323,0.142415888308717,0.403532853159517,0.117281223934768
2555,0.0164559984856368,0.0840790494156132,0.0635081098691647,0.0397991666574796,0.588102800570319,0.208054875001786
2556,0.0624423351662403,0.261554382013436,0.311152726623862,0.0585262878614328,0.159989898503414,0.146334369831615
2557,0.305565640223521,0.279582980007148,0.283743513760632,0.0485455089158977,0.0565475531489027,0.0260148039438996
2558,0.0325796973301181,0.0882753419976947,0.638914305957139,0.0485108690729334,0.100648351422193,0.0910714342199218
2559,0.0674506125523743,0.456527278737206,0.154721854015006,0.0324874479331764,0.0983179284943532,0.190494878267884
2560,0.0122248566657032,0.0815697034099154,0.0781053974109554,0.0260199747900138,0.155537579066637,0.646542488656775
2561,0.0192774120038604,0.0756082584688898,0.150621339955112,0.0268333820976721,0.111973925303288,0.615685682171177
2562,0.314478578736146,0.380838469048702,0.0376917668439503,0.039871463086462,0.195584222759994,0.0315354995247465
2563,0.21508272527454,0.226140947199677,0.248435415105402,0.125246016768663,0.1055337218213,0.0795611738304176
2564,0.222582085011198,0.0883776084376014,0.0675348323536309,0.317421136533834,0.211583881607992,0.0925004560557443
2565,0.0158492272427409,0.0631585622276072,0.0854064059326273,0.0456983642561957,0.219800636746939,0.57008680359389
2566,0.0145465046784473,0.0376506464278232,0.105928036241629,0.0746293693085243,0.167667392341498,0.599578051002079
2567,0.044855143178432,0.130249489421926,0.132403783831414,0.0608545175937573,0.145736147361157,0.485900918613315
2568,0.013912259947317,0.0662669300832893,0.0830836975757547,0.0306483435367327,0.226757623459651,0.579331145397256
2569,0.026025030956532,0.0817660511491122,0.19670840620136,0.0310390467820096,0.195170311785877,0.46929115312511
2570,0.0327560856199264,0.618446370371946,0.0558454838776132,0.0188795819238467,0.156684101733523,0.117388376473144
2571,0.134001611262793,0.0916050751991291,0.0469035901429236,0.268267618454984,0.304123923029411,0.155098181910759
2572,0.0837788463864701,0.0881269043606461,0.429347532118962,0.10575777433147,0.0936474130545635,0.199341529747888
2573,0.0742927335562402,0.340638878822287,0.0824095089011328,0.0451824405474679,0.237897422465875,0.219579015706998
2574,0.0590903278690494,0.0673627774026547,0.0457640014726072,0.3219440098017,0.420961166064704,0.0848777173892851
2575,0.0290457060894766,0.0348763245000201,0.021978380199191,0.157925798102862,0.652033093858305,0.104140697250145
2576,0.312582677239569,0.321667108506851,0.128023274773739,0.0715719582909878,0.0910392686901478,0.075115712498706
2577,0.0423011010013145,0.262751973215482,0.319779654178324,0.0285159946727513,0.156383902180008,0.19026737475212
2578,0.00314802132074182,0.0105159837727974,0.0394673212862334,0.0120824559208505,0.0695246872048923,0.865261530494485
2579,0.280992879759387,0.167860360213799,0.314285157931158,0.0462348299400193,0.0857113640117459,0.104915408143891
2580,0.0706315386886354,0.274130600926993,0.192276418202065,0.0316252102678643,0.186270158955583,0.24506607295886
2581,0.0126766908964457,0.0422830505762074,0.0720146576426864,0.124339212594501,0.544736775178369,0.203949613111791
2582,0.105455792730383,0.545120888436449,0.0588359795557114,0.0441361360285149,0.19750537647223,0.0489458267767112
2583,0.0626297897763684,0.554760789463313,0.176217294881916,0.0215399874038581,0.114849776975004,0.0700023614995404
2584,0.218991862114277,0.631822923596462,0.0356454705864059,0.0161640864020512,0.074793837117476,0.0225818201833272
2585,0.0154018590502639,0.0539506055259095,0.0644891301403784,0.0690860676620418,0.449834883390166,0.347237454231241
2586,0.0610632326964291,0.247458341117926,0.151015444124677,0.0463948908454256,0.169707256989364,0.324360834226179
2587,0.185853720880735,0.0784448384158634,0.0657106769330889,0.22304934906854,0.322582723132251,0.124358691569521
2588,0.0431611739129959,0.0420497925338118,0.0306428049927488,0.12864993465837,0.63763137083468,0.117864923067393
2589,0.0485589252423259,0.101514412326654,0.0479407331661395,0.107829057022937,0.547287621276697,0.146869250965246
2590,0.00878367882952273,0.0450877773904413,0.111506276243724,0.0546772421060301,0.13800592424141,0.641939101188871
2591,0.0845742685352626,0.0969071615839003,0.231439502914389,0.080023714793264,0.0977960968703932,0.409259255302791
2592,0.0262668615724881,0.0469055580422397,0.0375841883709587,0.139670649177927,0.548773928867514,0.200798813968872
2593,0.218297300095218,0.222106723340087,0.0734345449006378,0.270770955060979,0.146272052318113,0.0691184242849657
2594,0.0287522981867145,0.0686671905821906,0.0627874990898582,0.0383385993902801,0.384373797702609,0.417080615048348
2595,0.0982947979007339,0.0995725452913656,0.216786003875347,0.17904495324801,0.150212815866929,0.256088883817614
2596,0.729393577624315,0.0894318568854418,0.0172270711284127,0.11066214214875,0.043909723178545,0.00937562903453594
2597,0.0113204230340427,0.0525256735361043,0.200618912853275,0.03349256715263,0.156623508576009,0.545418914847939
2598,0.0146919934351259,0.101813820767021,0.169261859055235,0.0194296190796139,0.145868613427348,0.548934094235656
2599,0.183984102501955,0.251174189106985,0.123426871598046,0.163655696190446,0.176938604790019,0.100820535812549
2600,0.0366814609555642,0.0744927875656545,0.116121429525044,0.0778780392566585,0.601737844587535,0.093088438109544
2601,0.0535114116343604,0.0962031101798898,0.193788189681512,0.0528438107834371,0.131690052592284,0.471963425128516
2602,0.0192154858953838,0.100429602232107,0.146824983874497,0.0511979492392842,0.21285916743476,0.469472811323969
2603,0.0341099949668026,0.586073184992041,0.0308169849981155,0.0214699947719307,0.260992162486143,0.0665376777849672
2604,0.0275296126617723,0.192592776938267,0.287825761876533,0.115371330332579,0.111770964684746,0.264909553506103
2605,0.017751328124368,0.126173765719192,0.363298667342229,0.0355541822390228,0.131396419997617,0.325825636577571
2606,0.052057249889578,0.113743907889756,0.111709247914302,0.0569718469519846,0.271376081363871,0.394141665990508
2607,0.00703380948272183,0.0219212386952809,0.0576335398936587,0.0230767146003677,0.124603887319599,0.765730810008372
2608,0.188398669170996,0.17722621832864,0.0753931218150127,0.134222411652274,0.254030420385552,0.170729158647526
2609,0.0252321443140468,0.050281882690765,0.0655154610647823,0.081528498498472,0.404381386887371,0.373060626544563
2610,0.117994819067146,0.215256723860081,0.0673672340786408,0.139605195472459,0.282993769514856,0.176782258006817
2611,0.025395345429444,0.0976327959854003,0.278491374620033,0.0494744379768781,0.0848328157146439,0.464173230273601
2612,0.0577647441663353,0.27998825851897,0.115494503380793,0.0350804475054459,0.168462893104664,0.343209153323792
2613,0.449734912491481,0.360428913133776,0.0534430387795224,0.057916537775655,0.061503644276315,0.0169729535432504
2614,0.16538530951337,0.088375366991481,0.0662438253434053,0.180956508943129,0.246572067283129,0.252466921925486
2615,0.437657318186055,0.26595833670246,0.150650959201043,0.0418989556719938,0.0686746304704005,0.0351597997680479
2616,0.0175319176092953,0.0601970375912175,0.115514972342151,0.0442846391228712,0.377068676179794,0.385402757154672
2617,0.174622659372773,0.325417499259837,0.235969873237574,0.0437616544441866,0.129257145937629,0.090971167748001
2618,0.0836827130709536,0.0915939116414352,0.0873436885317377,0.0614079154174633,0.458306523793297,0.217665247545113
2619,0.0238811864274802,0.0364200986233947,0.0190783508710062,0.0545356674887865,0.736410113860458,0.129674582728875
2620,0.0145099672462912,0.0950320195833114,0.181450332785063,0.0275178389632841,0.342008239348519,0.339481602073531
2621,0.0285124292464444,0.088182371437497,0.0460177186436946,0.108239328229124,0.594105882435514,0.134942270007727
2622,0.00636260672840057,0.0200110685586618,0.0481645383650207,0.0200368203860566,0.128298897194704,0.777126068767156
2623,0.156477968088474,0.244183164022633,0.0443469312704141,0.0656898339794957,0.399770166343368,0.0895319362956144
2624,0.0623060712511054,0.0518569196242312,0.0952721635957261,0.109310714817692,0.161123438565063,0.520130692146182
2625,0.0455308629622208,0.13419622880418,0.62178707272924,0.028948042723051,0.0724155167451966,0.0971222760361109
2626,0.0163457076320261,0.0426828665323234,0.0898353194764377,0.039550557943134,0.219056481180799,0.592529067235279
2627,0.0505414674812536,0.144029024434682,0.332429741387636,0.04247711730601,0.165839849806346,0.264682799584073
2628,0.108265992662818,0.114261778336034,0.0657180706856261,0.298479575195476,0.295404962430611,0.117869620689435
2629,0.0351903174919583,0.2272910069922,0.0662139967181859,0.0482123181159457,0.374584362772026,0.248507997909684
2630,0.080296007078722,0.104107118997015,0.0996137141303946,0.0931385056806435,0.251767225476116,0.371077428637109
2631,0.0175757187779373,0.195869108286461,0.257982476032829,0.0330081921837192,0.259666728673839,0.235897776045215
2632,0.0085423754681708,0.03055302226895,0.0562091541007821,0.0248265448589873,0.168837576604382,0.711031326698728
2633,0.136321653005974,0.364825756132477,0.0616407366868081,0.096724808069282,0.250154962956779,0.0903320831486807
2634,0.0414467067148724,0.0823755616705742,0.302017125638998,0.0904663382386037,0.154437236003552,0.3292570317334
2635,0.0282264422292794,0.0691445367346386,0.0445045846440217,0.0422171428725154,0.621191955051403,0.194715338468142
2636,0.0260768748841449,0.0940634400192479,0.166926059033064,0.0497713879487597,0.34084277515947,0.322319462955313
2637,0.0249107736590196,0.074116420726266,0.0345647513741693,0.0260661651191308,0.622195676713873,0.218146212407541
2638,0.0930337569584921,0.0542955536977008,0.108408463369632,0.247109924737787,0.222116341813503,0.275035959422885
2639,0.0762818171876216,0.0797251839284588,0.0585397245920663,0.276442167482506,0.398031609969334,0.110979496840013
2640,0.0176567750501641,0.0339337588764561,0.0877010107082318,0.0388062799657097,0.115471419929248,0.70643075547019
2641,0.244453875878902,0.210073498759224,0.146237676102402,0.104738389283096,0.166940133174438,0.127556426801937
2642,0.0297698749977066,0.086182476023053,0.106350390284938,0.0378298773833035,0.248600617929684,0.491266763381315
2643,0.426895557432071,0.317801613989899,0.0302398455899547,0.119380166608365,0.079561330130656,0.0261214862490539
2644,0.0119067700130305,0.134468408693562,0.0528742527986807,0.0285297810678899,0.213477501613592,0.558743285813244
2645,0.0163222880209331,0.0692219480694415,0.0435446932073572,0.0370875560054175,0.319969767287376,0.513853747409475
2646,0.00895420998922155,0.0311086531314115,0.1162761797848,0.0458183515332807,0.0765360950549824,0.721306510506304
2647,0.0866537517438793,0.100718966990335,0.151778314363355,0.133726597002329,0.249927545113056,0.277194824787045
2648,0.216792591455996,0.245076207052141,0.299417060413664,0.0418911129315998,0.0786928206958539,0.118130207450745
2649,0.0449652295740047,0.0751947780005734,0.0958387679356772,0.0580093012636369,0.318363950995962,0.407627972230146
2650,0.054871248353744,0.0560233347004552,0.181081035538482,0.0501977945623915,0.12275911511555,0.535067471729377
2651,0.0252656976182561,0.0744068417740718,0.0469152427386683,0.0525148197773722,0.571807010668177,0.229090387423455
2652,0.0203533432546396,0.244481220440443,0.0590841023267827,0.0444095316739625,0.344887953667271,0.286783848636902
2653,0.312474796287293,0.22807336325845,0.129901951814625,0.0536796836950223,0.155656482803046,0.120213722141563
2654,0.0119220867655566,0.0523156188123706,0.0714238407125019,0.0626158606216387,0.218473766613021,0.583248826474911
2655,0.418182056134442,0.198464737435251,0.0493946817740743,0.154226473065457,0.140929337018824,0.0388027145719517
2656,0.0201143288730797,0.0745205173426201,0.0617863373106506,0.0413761918257788,0.448415221078721,0.353787403569149
2657,0.0167714128631074,0.0511172077067525,0.212069856213885,0.041456868120041,0.13023058432683,0.548354070769384
2658,0.189983992558441,0.195741656417773,0.208807822780677,0.14055384931223,0.142985845432034,0.121926833498846
2659,0.158903048615206,0.101072625081477,0.116412681551165,0.432290725921372,0.0965284257632935,0.0947924930674874
2660,0.00926462088968331,0.0296760541861833,0.0466396019555204,0.0313934995432038,0.274447623109838,0.608578600315571
2661,0.00585660854472764,0.0290917641668368,0.102216286685269,0.0274563769380995,0.113309097854774,0.722069865810292
2662,0.00728484682881295,0.0545506224515232,0.11501616443313,0.0146454880598302,0.117686922428118,0.690815955798586
2663,0.00852359292540929,0.0397725354193047,0.0550893200096406,0.037712435973214,0.3330474640621,0.525854651610332
2664,0.0342578761213705,0.0827613279003273,0.0356138949533904,0.0995885812488597,0.558818920723717,0.188959399052335
2665,0.231599539554236,0.279862111139566,0.102357332603412,0.0796346800485937,0.191564345920238,0.114981990733953
2666,0.0169578304941484,0.0378479890520541,0.191247991024763,0.0470099890176315,0.0576379429717164,0.649298257439686
2667,0.0457170346788579,0.165216374213455,0.451227844468449,0.066753718846275,0.180751812408499,0.0903332153844653
2668,0.0238461934641527,0.0732301222466162,0.446015386946824,0.0426802094175649,0.111774585965093,0.302453501959749
2669,0.065533303651363,0.216114892143019,0.134747236684456,0.0337006225488451,0.189640095261715,0.360263849710602
2670,0.0139454574171526,0.061490485938707,0.168651682603292,0.0335259109377428,0.205129996564446,0.51725646653866
2671,0.0408020133401059,0.0759593171979339,0.0357935740726177,0.0889941259003855,0.344152236030589,0.414298733458368
2672,0.00943330460709379,0.0980534166938001,0.126593339871393,0.0240339896944801,0.199958700234358,0.541927248898875
2673,0.32082950242955,0.306623419256034,0.0542920956851837,0.103697051322442,0.164569514832167,0.049988416474623
2674,0.0258563975619048,0.0430572052804979,0.0629721995570319,0.29735267534716,0.384822017656261,0.185939504597145
2675,0.518192833892053,0.168930707941141,0.0207679494954957,0.212214931844072,0.0594484277101527,0.0204451491170857
2676,0.0211316562825681,0.0448458804449372,0.0694328057335701,0.126164855940772,0.458073111953788,0.280351689644365
2677,0.108494246933458,0.206385958887684,0.317352418250447,0.0539458257156236,0.210266933752423,0.103554616460364
2678,0.0504161693383155,0.155204399877141,0.147898621133417,0.063073901486595,0.350325866066194,0.233081042098338
2679,0.00730077857874141,0.0195151042443213,0.0495336619641957,0.0328806333032914,0.356018609601397,0.534751212308053
2680,0.063339656762385,0.0935413198047728,0.324989058371979,0.119933650184508,0.122227482737633,0.275968832138722
2681,0.0366796945573235,0.149191925291977,0.0845353695217149,0.0868182440593492,0.30803269078743,0.334742075782206
2682,0.0203390726827356,0.0475513357980593,0.130539291613168,0.107340791499618,0.197758442563698,0.496471065842721
2683,0.453434740967971,0.211363686726943,0.0577785013506737,0.119056374310148,0.127884346555264,0.030482350088999
2684,0.0157715855069493,0.0425302491966015,0.0469094147949421,0.0582494382043605,0.465457486361835,0.371081825935312
2685,0.190180828808398,0.139543078050137,0.131318793022588,0.0327272759835765,0.0997212594025306,0.406508764732769
2686,0.0224026674194667,0.167790087187186,0.179720255299879,0.0488745480406101,0.215221593853004,0.365990848199854
2687,0.203226383664786,0.200453680056246,0.137574657543669,0.177951787108467,0.226126701351705,0.0546667902751263
2688,0.0540331730338778,0.172002979701531,0.0880571043472846,0.220827158242846,0.331284777345974,0.133794807328486
2689,0.169879093939927,0.624148891414191,0.0304178794858012,0.0341964091944114,0.111849755071325,0.0295079708943441
2690,0.0152603870057304,0.029661818128253,0.0354431874827918,0.229039927483122,0.488509565543465,0.202085114356638
2691,0.0474289645314029,0.26107274422963,0.0870086031861318,0.0446617176160552,0.287561579107447,0.272266391329333
2692,0.0316113593611773,0.0916225949150805,0.229037112593299,0.0735572661015559,0.174472632039537,0.39969903498935
2693,0.0480437295247101,0.074967838385137,0.196024125496188,0.079249382537928,0.152454260572569,0.449260663483467
2694,0.0181386032316604,0.0357141147486579,0.0851293835012273,0.0540074268628498,0.200988439418488,0.606022032237117
2695,0.630972817954781,0.167543036466963,0.0477693739952042,0.0781872036795688,0.0548037732550657,0.020723794648417
2696,0.0268970626578094,0.128314611236234,0.350497723323076,0.0401804234143298,0.138037493788993,0.316072685579558
2697,0.0342501040900296,0.160253305795205,0.27884775057888,0.042700745998774,0.148077745446784,0.335870348090328
2698,0.0208938318684758,0.0628167164434421,0.184743745114444,0.078650346096223,0.232412529122307,0.420482831355109
2699,0.0173940892179489,0.131506532391693,0.342861192887645,0.0298519389837237,0.0843692243933263,0.394017022125664
2700,0.00442872374010397,0.0329601437256884,0.0294038450604559,0.0103425153923305,0.295867120364224,0.626997651717198
2701,0.0267217160686987,0.0563656878499842,0.147305317750539,0.0849227958163942,0.229919033105221,0.454765449409163
2702,0.450853495903401,0.173196463255785,0.154509931964998,0.0720600588930715,0.0892261012923064,0.0601539486904386
2703,0.0703592027990936,0.0830867235308212,0.11796717333243,0.0995943086999654,0.331596202388501,0.297396389249189
2704,0.0296072003900669,0.202653840696996,0.514874308393867,0.0646405624531336,0.0915390647104041,0.096685023355532
2705,0.0179202717689565,0.192996434771956,0.383373360666723,0.0266296556947554,0.134947821025776,0.244132456071833
2706,0.0157070394820246,0.0945412167762072,0.163968514137248,0.169578030642447,0.135508014326229,0.420697184635844
2707,0.0153512997656642,0.0331778844916947,0.0280136474723635,0.0742560297575302,0.69975355767553,0.149447580837217
2708,0.422424277150796,0.345418744054743,0.0500180705662645,0.0543088146930302,0.0967737591386952,0.0310563343964705
2709,0.0604269584203617,0.136472761842604,0.213268751042188,0.0871770742709369,0.1226991188544,0.37995533556951
2710,0.0583706267833906,0.0976801258014926,0.210235162156942,0.0759208913381655,0.175798899258598,0.381994294661411
2711,0.0373048535400903,0.100279643125349,0.184702351636084,0.0427248661559636,0.270080698834582,0.364907586707931
2712,0.141640039211275,0.0991896981777612,0.0772471585690856,0.127504253151986,0.385969142442204,0.168449708447688
2713,0.195840772189683,0.206630063968935,0.229094287292586,0.0728843104177037,0.104228872181765,0.191321693949327
2714,0.00480384656063767,0.0631838670523649,0.116996980578181,0.0259545211039132,0.125235558623287,0.663825226081616
2715,0.0304390879384916,0.120976469863696,0.341948493304235,0.0664939008668125,0.25959888441369,0.180543163613074
2716,0.0217071894467465,0.0570561656859513,0.0820148931439242,0.0736346030641234,0.459997923724722,0.305589224934533
2717,0.0139026834299328,0.0530396794720007,0.0398536012253699,0.0358689711786948,0.278358259482835,0.578976805211167
2718,0.0255445681926087,0.0795592672818056,0.22633950871472,0.094256856784845,0.205679915676271,0.36861988334975
2719,0.0501634051205216,0.15349959373799,0.21525570584904,0.069031767298878,0.314568449589771,0.197481078403799
2720,0.0880311148791853,0.089207129681086,0.256399014179268,0.0890917165816617,0.22745688185117,0.249814142827629
2721,0.015589686988272,0.0523693369739833,0.0865886473300695,0.0437315432010895,0.276304099421892,0.525416686084694
2722,0.256777225899712,0.504733512248134,0.121110850553659,0.0185015553850456,0.0711463979195919,0.0277304579938573
2723,0.0529398985965659,0.127352210798497,0.125244926470936,0.0697745372876728,0.185767561696347,0.438920865149982
2724,0.663989958959513,0.0829594518304691,0.047194115034544,0.119885992727133,0.0616433165661017,0.0243271648822388
2725,0.203916962183275,0.303839077048637,0.0679055111425222,0.201030569878004,0.149385738233825,0.0739221415137361
2726,0.0619915458204279,0.0985125176492925,0.0560645711030486,0.164404571210014,0.548633511825487,0.0703932823917295
2727,0.0157024029758116,0.0554542194836099,0.104022882993884,0.0638077118208775,0.361506609968546,0.399506172757271
2728,0.0203849428828395,0.0582167503983257,0.124256457342741,0.073120371836641,0.132331200356441,0.591690277183012
2729,0.222796749943804,0.223990471922915,0.0637710728282257,0.104152033719903,0.28110647643119,0.104183195153963
2730,0.0269378388289175,0.0404146896677645,0.134805808079799,0.0739586766125522,0.30899709227087,0.414885894540097
2731,0.175635139784391,0.15446209451856,0.0607273617012816,0.181797899151087,0.298712388587885,0.128665116256795
2732,0.0368282266848622,0.0888487540007084,0.293520377567072,0.0519653747899683,0.120741644720013,0.408095622237376
2733,0.0814711930059814,0.131286241237975,0.109718791061442,0.245189905594426,0.354139535538586,0.0781943335615899
2734,0.0200439305763105,0.746567735200157,0.0324272954224327,0.00864962295486231,0.117946714467136,0.0743647013791023
2735,0.0264691955096608,0.376016010021374,0.162505122632805,0.0321557921300073,0.145496998806751,0.257356880899402
2736,0.0326762161965086,0.121273967605791,0.0871739321914964,0.193501321177565,0.408370191607808,0.157004371220831
2737,0.152467402852402,0.119337056654196,0.256912373555041,0.169498023878644,0.142133552402384,0.159651590657333
2738,0.0339980946016961,0.0998046279160163,0.148668992368608,0.0492161764184431,0.138883073968132,0.529429034727105
2739,0.113560598034806,0.270646488766204,0.221901168993996,0.0438858125070998,0.235413846190449,0.114592085507445
2740,0.200379707470112,0.373120061514281,0.062519025703387,0.0999832578563379,0.106268810369729,0.157729137086154
2741,0.0409004996169423,0.275979692292059,0.111547066553696,0.0529876998110208,0.355931410061645,0.162653631664637
2742,0.0589437130243424,0.0687188578482555,0.0489842844223842,0.169008764333301,0.511838903146789,0.142505477224928
2743,0.158140979601884,0.237799957892849,0.113954039009669,0.100761173472039,0.242067376719374,0.147276473304186
2744,0.0551397259596812,0.0741615136938766,0.0634649132086259,0.131493255222984,0.590923112967666,0.0848174789471667
2745,0.0205883499283378,0.188918465234742,0.298570944656483,0.0750024438516901,0.174740109195651,0.242179687133096
2746,0.0248420707487456,0.0879496980951413,0.11100389930343,0.0326823277157838,0.267465402013294,0.476056602123606
2747,0.0177051602098321,0.0346921898711031,0.0173096663247223,0.0386218189682896,0.664221923731926,0.227449240894127
2748,0.0124296375002878,0.0532760955892914,0.069748248410135,0.0441182465533721,0.593428783172328,0.226998988774586
2749,0.281999420965425,0.117835353585614,0.0723326666579066,0.25938262648033,0.200649053991013,0.067800878319711
2750,0.0118973758646758,0.0717147759463785,0.423263813933841,0.0299616292141993,0.115800553328931,0.347361851711974
2751,0.270619817577187,0.216439636733884,0.0911665775514498,0.0679973257932883,0.284983443588186,0.0687931987560051
2752,0.0335286776865007,0.165639716404212,0.193032818908947,0.1091214957606,0.1739302304415,0.32474706079824
2753,0.0816412921574919,0.0780284269410765,0.0239470251301086,0.260140300608158,0.505315072840858,0.0509278823223065
2754,0.021637288031021,0.25077619080175,0.111714888505893,0.0228310226923681,0.34121942076665,0.251821189202319
2755,0.00428979325011236,0.012761598081322,0.0489642228903848,0.0121301814325228,0.138504459910595,0.783349744435063
2756,0.0105921709690741,0.0272298571477296,0.0625973117156286,0.023063510698608,0.0501463691974509,0.826370780271509
2757,0.0105808049400974,0.137408692308244,0.031818096844722,0.0475077346167783,0.443709228632298,0.32897544265786
2758,0.0994267582541068,0.281325274900757,0.177333453431395,0.0295298796176854,0.258967468384088,0.153417165411967
2759,0.0262068734516386,0.204889673619483,0.0793631888095772,0.021882589768849,0.298559328890794,0.369098345459658
2760,0.484632364213247,0.0913468214787887,0.0340792027523842,0.315396938319292,0.0611762948094488,0.0133683784268398
2761,0.134004627895487,0.151252071113181,0.0708285487229579,0.225391304254353,0.270746770348722,0.1477766776653
2762,0.0120426167305365,0.126597224158115,0.142677969789349,0.0290728321501702,0.387152357996306,0.302456999175524
2763,0.0501518732918225,0.190698762195412,0.3281324527748,0.0577045604661181,0.174920932426233,0.198391418845614
2764,0.0250790084001237,0.0381122828958408,0.16909727840483,0.0312705633413318,0.11729164555678,0.619149221401094
2765,0.0201035164937214,0.167715561712721,0.220355567201399,0.0332455474373212,0.178052727353794,0.380527079801044
2766,0.0317599176451339,0.15237456205689,0.0833411313111809,0.054130288603834,0.367216495526544,0.311177604856417
2767,0.0468412379351589,0.127785618699559,0.168155013700707,0.164081244036934,0.198872820223222,0.29426406540442
2768,0.0527461512687373,0.338476476517944,0.374280001552871,0.0280741751155496,0.0788075331462345,0.127615662398664
2769,0.0470137425718617,0.274554406257396,0.158629552813317,0.0784381044496132,0.278945114654839,0.162419079252973
2770,0.00584545572260251,0.0534968488449105,0.16665532115581,0.0429867386320229,0.157254319940723,0.573761315703931
2771,0.0328993143451357,0.155629245417841,0.504301813671463,0.0624981679476302,0.111602649845338,0.133068808772592
2772,0.0656088648100508,0.109567080956877,0.0918290998222855,0.16987658700938,0.407499722189642,0.155618645211765
2773,0.0905072825092812,0.289407554046704,0.107291193736757,0.0578517861393266,0.321804248610878,0.133137934957054
2774,0.0785412167285497,0.366978167657642,0.0817762916052369,0.0582867811639385,0.235582183573199,0.178835359271434
2775,0.00525020507926314,0.0262623122598606,0.0767042429598111,0.0140640609352978,0.123570786805652,0.754148391960115
2776,0.0125155969024234,0.0370412647931233,0.0640645858360023,0.0714841724254624,0.299885032222042,0.515009347820947
2777,0.0042902853005526,0.0173704483878444,0.062557143210585,0.018586466757201,0.062753664125753,0.834441992218064
2778,0.0794443411579279,0.133843238742782,0.127503052812254,0.0848637863042297,0.17210598113312,0.402239599849686
2779,0.0436214992972891,0.0795682567086205,0.350019621619254,0.128544631696182,0.135165392910792,0.263080597767863
2780,0.0402195244930745,0.234133566164817,0.253457160001814,0.0429286816403674,0.130277353713212,0.298983713986715
2781,0.0156476862922003,0.04250210583136,0.0563224362554079,0.11900545636499,0.499460344278063,0.267061970977979
2782,0.013665641855912,0.0603547717789097,0.201864443424911,0.0304067280154493,0.126549813765005,0.567158601159814
2783,0.135253835723721,0.452264543999658,0.133466593579456,0.0697218005683194,0.147434205100059,0.061859021028788
2784,0.088161227089103,0.251384252174892,0.0460155187913731,0.122185912478693,0.435698557164565,0.0565545323013739
2785,0.00457185908852824,0.0217230457884703,0.0497715413644406,0.039248600946931,0.216099773413224,0.668585179398406
2786,0.0156051738045904,0.0613364502750626,0.0531795884325368,0.0612213678943876,0.378665058732667,0.429992360860756
2787,0.00759612834139828,0.0379872863756722,0.0693941123956951,0.0211527675778344,0.180231615875456,0.683638089433943
2788,0.019859263146905,0.0735469067942747,0.15828434838199,0.0453664137389763,0.141636541564437,0.561306526373417
2789,0.0666537498367758,0.0650172589211098,0.278469227378285,0.0920653763976317,0.231101495004991,0.266692892461207
2790,0.0560338080484641,0.115127555943036,0.0611493974147027,0.124546337471243,0.412222691775412,0.230920209347142
2791,0.243092196348949,0.103571193202955,0.0483761468888546,0.33660717093333,0.193657765650938,0.074695526974974
2792,0.567593166378024,0.276786739138358,0.0217926272075434,0.0393029704903747,0.074165948036418,0.0203585487492822
2793,0.0126312486166244,0.0790427991744308,0.0515582908718744,0.0335226599455261,0.467623448342486,0.355621553049058
2794,0.495627622917885,0.249583976488743,0.0554013210749742,0.0550769749041227,0.111985432845189,0.0323246717690869
2795,0.380295474388767,0.0917363258998173,0.046162844622967,0.351816469959145,0.101939645860736,0.0280492392685677
2796,0.00892823686945766,0.034674031129309,0.115927382041518,0.0258198686043562,0.128308700983132,0.686341780372228
2797,0.0366290622758003,0.0649702583555376,0.087974886857095,0.125684749619744,0.216270099355433,0.46847094353639
2798,0.0151500492641611,0.136650807091533,0.167891998502447,0.0189721520020841,0.300357069017474,0.360977924122301
2799,0.119811544395862,0.184365005342806,0.280525060596061,0.048926188111727,0.183604984458458,0.182767217095086
2800,0.0115122493284899,0.0299765715810707,0.0519791406156702,0.0518685501909419,0.209440191788292,0.645223296495536
2801,0.0123343673383109,0.0304031743109303,0.0395917886763383,0.0280923242004008,0.413818684638728,0.475759660835292
2802,0.0314536731187824,0.0733159670566938,0.0692456730103498,0.119881438205452,0.259730262170545,0.446372986438178
2803,0.0563878582000516,0.57274928479665,0.0666087275063968,0.0154016742489645,0.185572744115402,0.103279711132535
2804,0.0207536582453404,0.0895094301889227,0.129305377307225,0.0806554795549577,0.359840874323673,0.319935180379882
2805,0.189585225373398,0.180570907438235,0.304593888782676,0.0872595071234601,0.137621821099352,0.100368650182879
2806,0.136162590854521,0.106218104364687,0.071055052890895,0.260602108679105,0.218974771879195,0.206987371331597
2807,0.0747026081623967,0.148759674954592,0.182437111678926,0.0681776351662904,0.193525185052198,0.332397784985597
2808,0.00948423438519234,0.0401576997906483,0.0663621321564691,0.034726110680129,0.237024849802212,0.61224497318535
2809,0.0439624512190411,0.0716371582861304,0.276642902715338,0.0640204488707193,0.0951822077586891,0.448554831150082
2810,0.0113384487740893,0.0393444638876841,0.0588890848829172,0.120828688464968,0.452861997154907,0.316737316835435
2811,0.0140954927630869,0.167887483396495,0.240474069681812,0.0526383128541377,0.200602025969883,0.324302615334585
2812,0.316626298696303,0.266490496439237,0.168230200324235,0.0990949240753832,0.102020921560403,0.0475371589044391
2813,0.0512528484490671,0.119057747912931,0.137582097034845,0.112565911433739,0.254302814749835,0.325238580419583
2814,0.0180335341726257,0.19597793766516,0.240757997252716,0.0461407064463256,0.217964795024073,0.2811250294391
2815,0.0430674781780328,0.09742662519715,0.167451180165025,0.0545101138951295,0.15227524380331,0.485269358761353
2816,0.257821284542034,0.178578666791563,0.301108275057485,0.0755740826868674,0.135449707040922,0.0514679838811284
2817,0.0621989026993132,0.336592797160493,0.111094149221802,0.0580133828895409,0.25808843050445,0.174012337524401
2818,0.238313737162896,0.316774233599935,0.175751538667555,0.0452054498425594,0.119943960538376,0.104011080188679
2819,0.46424188241374,0.346639511474488,0.034066304511263,0.0493104829180746,0.0817515514241639,0.0239902672582698
2820,0.303068671840669,0.213114892697264,0.346243759540171,0.0437407350206142,0.0569886176281589,0.0368433232731236
2821,0.00739417892402004,0.0446798073142922,0.0338803565045063,0.0142840242871511,0.437051802726334,0.462709830243697
2822,0.181047259173597,0.205010029538399,0.156441681823139,0.0600066655853704,0.280368088865877,0.117126275013619
2823,0.0671758748282598,0.108466464123008,0.0962508823790407,0.100108390095298,0.252571367232631,0.375427021341763
2824,0.0280486715944585,0.142179473222015,0.182006779853257,0.0419411502526224,0.254412838186778,0.35141108689087
2825,0.00650799345958124,0.0743841584019633,0.18123777529262,0.0256777466589903,0.0683061817773642,0.643886144409481
2826,0.0285921730803879,0.186624350194255,0.0562345127617199,0.0407474559326908,0.469817704321389,0.217983803709558
2827,0.151175182085925,0.380917063333587,0.107650406413028,0.0340228812965721,0.181835248648826,0.144399218222062
2828,0.0204227985814257,0.15060541023499,0.0970108258235028,0.0502667307205883,0.421970198766915,0.259724035872579
2829,0.0234253053987707,0.0397378212284549,0.0328124153587285,0.160129374535154,0.61044929721453,0.133445786264362
2830,0.00655160556722335,0.0350374940055755,0.121555004166674,0.0297917750733208,0.162425928384619,0.644638192802588
2831,0.334742605968686,0.41579070807163,0.0982958400410571,0.0409893174605487,0.0661133818777759,0.0440681465803017
2832,0.0260593224872128,0.24400203359851,0.251884354372972,0.0227108121452502,0.221164361120431,0.234179116275625
2833,0.110111865989598,0.109482327960111,0.10882970429258,0.135144778606891,0.297934829858358,0.238496493292463
2834,0.0205723723336366,0.070636091961771,0.104081956411799,0.0488025362264051,0.242951634365893,0.512955408700495
2835,0.273622965737214,0.246358730493367,0.0419824716934734,0.149401441021193,0.20180725184222,0.0868271392125323
2836,0.0144070538032064,0.0391666580449667,0.0485821861764377,0.0430990435637949,0.2699332837956,0.584811774615995
2837,0.0435296462393941,0.240133498382223,0.320707806204205,0.0572473857840466,0.178841550621073,0.159540112769058
2838,0.142313249023684,0.193601487208653,0.209983601750231,0.105674317157724,0.114283613448049,0.234143731411659
2839,0.182567355445644,0.197641303751086,0.142669011022792,0.102587286559488,0.212131400859692,0.162403642361299
2840,0.150235454873131,0.0883378829809492,0.149318742289916,0.180304446611897,0.210732533642059,0.221070939602048
2841,0.435664009719715,0.114726643052648,0.0725993888064634,0.141764581359849,0.163058183384563,0.0721871936767608
2842,0.00675745425414599,0.0275162830964852,0.0284679322268933,0.0419935103736517,0.483980584382101,0.411284235666723
2843,0.163679268453901,0.120832779044598,0.152653257540411,0.179640289340829,0.15748393681331,0.225710468806951
2844,0.0225579202022178,0.0494807332128482,0.683904170308508,0.0223557190731357,0.0536249196698214,0.168076537533469
2845,0.167489967314405,0.291212396363282,0.180967662930973,0.207863780123213,0.117196762933835,0.035269430334292
2846,0.0198918654565974,0.055804664080633,0.0588440836752752,0.0476686351628466,0.427384637705156,0.390406113919492
