"CUS_ID","F20-","F30","F30+","M20-","M30","M30+"
2501,0.058895259263689,0.404616808431196,0.11704408220269,0.0285738446359363,0.134062294249451,0.256807711217038
2502,0.145526346743029,0.191568479410891,0.0830237309765179,0.161712499563883,0.276387875178605,0.141781068127074
2503,0.0249062659380783,0.60125540440473,0.0654201537826683,0.0500880635478601,0.146471405440457,0.111858706886207
2504,0.416772070900024,0.158754571990992,0.120432714371143,0.105993474765813,0.126008997648967,0.0720381703230618
2505,0.0782167355628366,0.124480411157935,0.135090437152362,0.0937195499033157,0.108611830054834,0.459881036168717
2506,0.0155654807972601,0.326880172788443,0.13346028926869,0.0332080341211787,0.149327702798245,0.341558320226182
2507,0.0285182562505478,0.0531599556589823,0.166677145572988,0.0417788214240972,0.143115806983417,0.566750014109968
2508,0.0187399359639941,0.0923821242262172,0.0577775259186069,0.0450956053455774,0.394884161438201,0.391120647107403
2509,0.0401771217283729,0.0590091204901803,0.157936198210485,0.0676426860870944,0.132791259813104,0.542443613670764
2510,0.0176199698196182,0.0448047013786318,0.0425280244945165,0.036558384351475,0.259804618588876,0.598684301366882
2511,0.811152281801043,0.0626515004195833,0.0260639961534852,0.060657044712143,0.0302140828145726,0.00926109409917259
2512,0.0432299044825275,0.16801190728462,0.0726861007573635,0.121676559664183,0.450576418947933,0.143819108863373
2513,0.0149193981533587,0.0239578360633922,0.0316422722932551,0.0684097174381791,0.457632445691815,0.40343833036
2514,0.0730138240858393,0.755756627751238,0.0298324162363572,0.0150945808346765,0.0862265606489008,0.0400759904429877
2515,0.0250974997284191,0.0263667014737041,0.0358678953801214,0.037231535823057,0.181472902206368,0.693963465388331
2516,0.0645267540769541,0.0782909948522465,0.058103859091646,0.160745705048853,0.46108595300075,0.17724673392955
2517,0.0211680986657194,0.540001836511662,0.0509854896428936,0.0152848543830008,0.0886018078884365,0.283957912908288
2518,0.355257053854705,0.300370548594531,0.168979197244182,0.0597022655457685,0.0458352566798824,0.0698556780809319
2519,0.0399434732280453,0.886070771578061,0.0145620898374585,0.00538338068866128,0.0255399997739322,0.0285002848938414
2520,0.0242690569720036,0.0234008496169821,0.0392311594450123,0.103983589747599,0.652680555330224,0.156434788888179
2521,0.0721667121487026,0.155156262147281,0.30109976549391,0.11107396729512,0.157347690886179,0.203155602028807
2522,0.249191420744761,0.128743012304704,0.195538505250583,0.11400018662095,0.134738895417286,0.177787979661716
2523,0.0392147413580556,0.608062354490255,0.0406229063434661,0.0270296589562904,0.117085980586345,0.167984358265588
2524,0.0393240578428365,0.177188023056304,0.223593536573591,0.0977114833065049,0.155782599170769,0.306400300049995
2525,0.0743901865602659,0.0822870772371964,0.117096608085362,0.197880148487034,0.410155847782816,0.118190131847326
2526,0.226446148131598,0.242028001380053,0.0670773321456991,0.100002708054933,0.262498355844312,0.101947454443405
2527,0.570223606356155,0.130751497089073,0.0937621218248093,0.0300562094327044,0.0806164880717842,0.0945900772254734
2528,0.0232029595530149,0.0268668073331195,0.0519761297415393,0.0648729564255494,0.145227452696185,0.687853694250592
2529,0.124260370646135,0.164560503578471,0.220336237137774,0.134271340538953,0.142984383416592,0.213587164682075
2530,0.0462271497431111,0.0707098836844075,0.326000139491029,0.078398912929818,0.160363586227649,0.318300327923985
2531,0.0382678915012961,0.185231829521056,0.0917331623851177,0.136446159554439,0.251347531039908,0.296973425998184
2532,0.050757590437776,0.243141604767648,0.125289981293755,0.0466296199717834,0.130887325274677,0.403293878254361
2533,0.0105528811958715,0.0311522721144071,0.0635599500117804,0.0190772775162548,0.0602773062794663,0.81538031288222
2534,0.210723151207819,0.0973876556807019,0.176674893931648,0.185727365964548,0.113987320501703,0.21549961271358
2535,0.0303498052544851,0.100683583357583,0.194515519248121,0.0552981282643222,0.180943401967522,0.438209561907966
2536,0.120237183227759,0.308980067620026,0.109174567769361,0.080546194622229,0.155144830605426,0.225917156155199
2537,0.0785145903541856,0.76605508008645,0.0461462672526043,0.00880734246745399,0.0656669218549084,0.0348097979843979
2538,0.299645344992624,0.116602035212649,0.0758502143444485,0.0876811491602459,0.219201328427071,0.201019927862962
2539,0.294233671346067,0.233030265992221,0.194983474059519,0.0689228678978589,0.114811694534321,0.0940180261700128
2540,0.167003707844324,0.0815897144713078,0.0930934240438017,0.185358294833544,0.402148480525789,0.070806378281234
2541,0.136816346645472,0.0783811070634302,0.0796321960049582,0.238143984359531,0.398832848406469,0.0681935175201399
2542,0.0678989536975997,0.520402521947951,0.0435293365106022,0.0665362975140201,0.193189419745935,0.108443470583892
2543,0.0275871757636197,0.0508394354026517,0.0847568793890963,0.02238018919408,0.108946183244575,0.705490137005977
2544,0.109992525762692,0.148421840685954,0.192968416246553,0.244504064635906,0.128453475428888,0.175659677240006
2545,0.0385879148226473,0.386532570611901,0.135292070047366,0.032587294933671,0.218399318705997,0.188600830878417
2546,0.0336082021466902,0.0517396739798769,0.0519576394865163,0.132265017312148,0.62712962843843,0.103299838636338
2547,0.0535265871547136,0.127394846014749,0.443504092503059,0.0674203370660989,0.0911550944116217,0.216999042849757
2548,0.0453561868737293,0.0711136231681792,0.12021119685377,0.249134063040054,0.388528464177196,0.125656465887072
2549,0.017190313934083,0.046726524052435,0.0495551468856109,0.0453236121659813,0.284020047338168,0.557184355623722
2550,0.0143283490159325,0.011614845129219,0.0313478837269035,0.224406509197042,0.519355278912131,0.198947134018772
2551,0.286090757844404,0.158342263966142,0.0997510481567901,0.190789153397186,0.162829639098719,0.102197137536759
2552,0.0945719355887911,0.283122904944041,0.252053557800809,0.0418980839941035,0.133558898642647,0.194794619029609
2553,0.360367977748363,0.340392778796283,0.0492688691122277,0.100574249202861,0.114756526940682,0.0346395981995841
2554,0.178470598827608,0.40833505295942,0.0972900476977721,0.0772588616289237,0.153486883680144,0.0851585552061325
2555,0.0299230458140972,0.178287363570884,0.213060890155322,0.0779312969704827,0.291257845166117,0.209539558323097
2556,0.06258606100386,0.352797036047199,0.327022609279385,0.059829369049391,0.0784107490606112,0.119354175559554
2557,0.502655619545209,0.1399785341017,0.231167485679079,0.0585656967434998,0.0414616000340418,0.02617106389647
2558,0.033031091085635,0.0982888518537318,0.678249220661121,0.0597093009491909,0.0524503178547664,0.078271217595555
2559,0.0610085619149513,0.442496830847374,0.246965953631261,0.0254593102589813,0.0789551045969241,0.145114238750509
2560,0.0255063747792614,0.130684912986517,0.113303066200969,0.0430167530154095,0.142086348196899,0.545402544820944
2561,0.0278328841798577,0.128562665968071,0.241527688547771,0.0328988035163298,0.211614665305524,0.357563292482446
2562,0.184073656092702,0.352872256491946,0.0510481199025117,0.0825268563489415,0.250570039349173,0.0789090718147255
2563,0.422254622524646,0.134795469584179,0.158590135717376,0.142230127241404,0.106386474398497,0.0357431705338979
2564,0.148575751634116,0.0762191775427916,0.0788811553289187,0.337079086934681,0.216523733165659,0.142721095393834
2565,0.0365404663018871,0.0846765310823271,0.158070356049157,0.0747191929254796,0.200067738237372,0.445925715403777
2566,0.0326709843536469,0.0680157087978278,0.134709957539526,0.0518193162787358,0.148064657605616,0.564719375424647
2567,0.0336510268941947,0.148505835803581,0.139063836043028,0.0864716283422655,0.141700267980732,0.4506074049362
2568,0.0193677715214029,0.0812552382951633,0.109762105496395,0.0320515422085385,0.304669251887626,0.452894090590874
2569,0.103860881380701,0.176457112539138,0.165346669972146,0.0588330483502228,0.126739136736692,0.368763151021099
2570,0.0699540772541955,0.586017992245628,0.0846241745472901,0.0224450700872098,0.108308506673342,0.128650179192334
2571,0.069119547456701,0.0714355257875402,0.0493264931461842,0.155910739706789,0.433360589176137,0.220847104726649
2572,0.106276091540268,0.093428575180443,0.206303364586813,0.132685243149071,0.115624538056846,0.34568218748656
2573,0.0486192302418667,0.202330967237964,0.113280417514543,0.0233056208383943,0.138366347505711,0.474097416661521
2574,0.0289113805357095,0.0504329785718799,0.0597449700982856,0.124918617353066,0.588310320680593,0.147681732760466
2575,0.0187339735167185,0.0222451206545012,0.0229240049955994,0.114766884748403,0.678137263230064,0.143192752854713
2576,0.306551082404039,0.336582180773822,0.225917442650567,0.069773336071152,0.023155327745011,0.0380206303554095
2577,0.0334533253316965,0.298238665649577,0.436191404553024,0.0265728690119314,0.0771774184326435,0.128366317021128
2578,0.0132788926428092,0.0281145073178172,0.0656096831028461,0.0187615685399252,0.0920135155517016,0.782221832844901
2579,0.30995047603685,0.17763738712215,0.158499182795976,0.104534273479422,0.154759922743054,0.0946187578225481
2580,0.0500561778288844,0.404584142934696,0.102860118925454,0.0208816794565993,0.149671913261003,0.271945967593363
2581,0.00776389828462141,0.0327346711614513,0.0522614936056953,0.0368457901952516,0.249617777160503,0.620776369592477
2582,0.359968705691984,0.382594376154215,0.0696955482263632,0.0420822189183629,0.0733039004363562,0.0723552505727186
2583,0.181133483126346,0.483739783261921,0.199005093150098,0.0295433783797719,0.0484139210227345,0.0581643410591291
2584,0.175856652824028,0.599779369394379,0.0945410330503261,0.0253716561540529,0.0560971946665122,0.0483540939107022
2585,0.0271905882269765,0.0647591141755446,0.0615519425931227,0.0926088854976781,0.362615700385009,0.391273769121669
2586,0.0358490140003114,0.213040957436486,0.10724178842354,0.0356790068358415,0.117281865270216,0.490907368033604
2587,0.166139484329082,0.0906388659793396,0.0657431802776957,0.193744499407936,0.370769208427992,0.112964761577955
2588,0.0157778883363128,0.0224977084923,0.0333949155133158,0.147905683812208,0.725602430596704,0.0548213732491597
2589,0.0898480034473453,0.107651200375137,0.0689989803310619,0.205142329426809,0.41848814260388,0.109871343815766
2590,0.0300705743650214,0.0535228709168476,0.105092796701049,0.141537784456026,0.28508420903512,0.384691764525937
2591,0.0685852655356141,0.120902952805659,0.422504901644313,0.0793442482440164,0.0754622961979171,0.23320033557248
2592,0.0134460187351909,0.0152007286710973,0.0207834757373101,0.0752083874842671,0.807292685570629,0.0680687038015051
2593,0.17637796277474,0.21767557288193,0.0972901115193265,0.0975078556082684,0.22864171538177,0.182506781833965
2594,0.0804660204846958,0.0960613671474264,0.076290564530597,0.0654628318103099,0.171874736446022,0.509844479580949
2595,0.251486934064405,0.0938336222296133,0.192643866090482,0.220299630376943,0.123487739894223,0.118248207344334
2596,0.655297107581611,0.0958295251695792,0.0246538382317292,0.171754713033347,0.0369612658269317,0.0155035501568012
2597,0.0293101504116888,0.0687428375000175,0.199738072417377,0.0451708274321003,0.135100488742451,0.521937623496366
2598,0.0303124455149591,0.0974497139915681,0.0668813830282221,0.0318249781274189,0.210934646994205,0.562596832343627
2599,0.265833452335224,0.403272875929109,0.0426214007285548,0.0562073800204634,0.152494090546659,0.0795708004399903
2600,0.0193855296630719,0.0847227804188374,0.112688080274796,0.0967780604504271,0.412637502923154,0.273788046269714
2601,0.041480109300034,0.0917061203283726,0.221412799485964,0.0318671789128852,0.125654576469305,0.487879215503438
2602,0.0317464344063806,0.139909904297414,0.148238276602281,0.0714450779163952,0.203559009935962,0.405101296841567
2603,0.0361965980882899,0.67758808197789,0.0333933213848149,0.0336567896544707,0.125347855640597,0.0938173532539379
2604,0.0602746513413896,0.117440354851219,0.327506608152439,0.262178707663108,0.135916088636566,0.0966835893552778
2605,0.0344004729925151,0.120314292754075,0.226929174910456,0.0787016114937451,0.190279254182934,0.349375193666275
2606,0.0460248776685372,0.0796687096263881,0.23775633752379,0.0565752876138621,0.129917783121429,0.450057004445994
2607,0.0292186677084197,0.0307158774723036,0.0634918104542792,0.06221902113616,0.199267583691025,0.615087039537813
2608,0.170342437132665,0.216510721249249,0.0649187333527519,0.128407328427967,0.156775822491472,0.263044957345895
2609,0.0214160038080632,0.0303451016622699,0.0398179124066978,0.137203610122571,0.566942419867579,0.204274952132819
2610,0.0534517607427286,0.250844054760265,0.0836150147378997,0.183067167662053,0.285523854387061,0.143498147709994
2611,0.0484927776021828,0.252964576990904,0.322529092110912,0.102488195649769,0.0689767299108369,0.204548627735396
2612,0.0242754045163147,0.172020281450659,0.179757323628207,0.0902636205825646,0.180542879092286,0.353140490729969
2613,0.610000174347934,0.232695336804942,0.0230536065746788,0.0673171087894427,0.0556011306635085,0.0113326428194948
2614,0.0851423616103407,0.119799202614674,0.0873423113811406,0.132464986713266,0.27351727488287,0.301733862797709
2615,0.528099520379674,0.170481669523917,0.1031377740617,0.0537105743732005,0.103485736538528,0.0410847251229803
2616,0.0409907801649725,0.0555088720054263,0.0859802307485163,0.0723444449590502,0.313554016238657,0.431621655883378
2617,0.367740192527504,0.363564588656377,0.0825310681068839,0.0480240764742806,0.0967094969006809,0.0414305773342737
2618,0.125205997857999,0.110912172193336,0.0701429654761752,0.107387377238266,0.363288035234594,0.22306345199963
2619,0.00888916316316019,0.0112121942838282,0.0215064430365643,0.0779732951418706,0.629817585023854,0.250601319350723
2620,0.046299040587864,0.133021037242437,0.214299448510408,0.0669762033538647,0.29829092978316,0.241113340522266
2621,0.0663300894079492,0.119600588310326,0.0523612411392123,0.123101915128928,0.522464441588947,0.116141724424638
2622,0.00872592603704559,0.011951848886249,0.0376595739571606,0.0228737103741819,0.0847416345614891,0.834047306183874
2623,0.380637897796417,0.328547398393833,0.0492974867325551,0.0835803571441158,0.119151220254806,0.0387856396782733
2624,0.0374752634809086,0.0780866433959319,0.173475313746163,0.0479993455706851,0.20491327899996,0.458050154806351
2625,0.222531634911699,0.324879831651455,0.257365966240917,0.0509733642182932,0.0709376904948316,0.0733115124828042
2626,0.0191874488264646,0.0307166680634758,0.0890168222358696,0.0359495727291169,0.160320427282468,0.664809060862605
2627,0.166550348104947,0.22186383305469,0.313513446062491,0.0775527674607069,0.0852759037063623,0.135243701610803
2628,0.185568787853352,0.323795793992546,0.0469042464720834,0.0995834770396667,0.218068481661018,0.126079212981334
2629,0.0304928899415236,0.164075570076291,0.140582740584041,0.0400221634244954,0.262895536320701,0.361931099652948
2630,0.162044492645414,0.0769308714095041,0.108879447526801,0.0923186668845072,0.19126687332642,0.368559648207353
2631,0.0318900498749393,0.294540760809262,0.251400813598782,0.0500675249384043,0.150581122829354,0.221519727949258
2632,0.0230452867378669,0.0542795315746146,0.0800742744024556,0.0338315478541908,0.203753599348078,0.605015760082794
2633,0.11198801361673,0.457556811385468,0.0890080134991898,0.0751179578436803,0.129677819451793,0.136651384203138
2634,0.0457873178420256,0.125038741941469,0.218689503795301,0.124838192681042,0.137052199683764,0.348594044056398
2635,0.07152173395441,0.17619687959496,0.111021886626598,0.138462558735656,0.31538371146433,0.187413229624045
2636,0.0763928063963898,0.101030601879904,0.196375918059894,0.255475463318664,0.206085722976744,0.164639487368405
2637,0.0599782153488879,0.070409767276384,0.0433435743913214,0.112889210652201,0.547542073147282,0.165837159183924
2638,0.102001996110911,0.0508659529087508,0.164615995884013,0.265732067728239,0.197584961796035,0.219199025572051
2639,0.1282220660747,0.0934500729692334,0.0607592061075698,0.210136881134664,0.357307759788279,0.150124013925554
2640,0.0252736546610774,0.0308084534439812,0.0779534358266624,0.0447096741469285,0.119570075800003,0.701684706121347
2641,0.325417475093553,0.101586996882849,0.165172262623998,0.0909797169952458,0.22348032552249,0.0933632228818649
2642,0.0291248832229064,0.100698110503844,0.105404597636335,0.0541377981666066,0.167312341786774,0.543322268683533
2643,0.431469348189402,0.399643055792732,0.0129582631605613,0.0677200874674055,0.0658293236590563,0.022379921730843
2644,0.0168717405284551,0.268268052877943,0.0962678731345955,0.0286005499374337,0.16166464749064,0.428327136030932
2645,0.0708786146298287,0.0489508892728227,0.0535905568117286,0.0945457788355648,0.445491388311164,0.286542772138892
2646,0.0204897522818206,0.0594145275435116,0.333220370229913,0.0477148953244614,0.109291124560688,0.429869330059606
2647,0.0382850715867624,0.0702119960855871,0.149736812674895,0.0780172821885639,0.285376003237839,0.378372834226353
2648,0.194372830919354,0.237069478690985,0.378510606228511,0.0631615381844797,0.0703938608898835,0.0564916850867871
2649,0.0412347818724891,0.0624201740634763,0.106606145740169,0.0854049322355333,0.339011067074901,0.365322899013431
2650,0.0737850206826869,0.0567753296188582,0.14937554635694,0.095344544564752,0.170002500964698,0.454717057812065
2651,0.0108724298073871,0.0365736546626548,0.0437982295631641,0.082666903627483,0.441070554521442,0.385018227817869
2652,0.0359699377579047,0.131390356367458,0.115188000999098,0.0784052241759629,0.321573659485372,0.317472821214204
2653,0.39022735876324,0.199505216673588,0.0563269256520869,0.0715622858337885,0.150796745157434,0.131581467919863
2654,0.0131661797152163,0.0359996657958814,0.0452717270467129,0.0328833822677654,0.11227827372192,0.760400771452504
2655,0.590029731609031,0.176270317731137,0.0159393755557017,0.0991386918911615,0.0962597950138322,0.0223620881991363
2656,0.0415485948922939,0.116469320636982,0.0608464684241444,0.0678404541341768,0.42018383877801,0.293111323134393
2657,0.0250312585218914,0.06894918668817,0.183954270534296,0.0545809437871588,0.18968167295904,0.477802667509443
2658,0.217867215582628,0.110026746542558,0.079480818586262,0.249431883481313,0.20228043623424,0.140912899572999
2659,0.407388730968862,0.150748847989653,0.070417756124671,0.234540024682597,0.0863413502566932,0.050563289977523
2660,0.0180969017953449,0.035919178224709,0.0566996024499165,0.0435764287082736,0.197267398667889,0.648440490153867
2661,0.0315365893884834,0.083489940130958,0.286233918098512,0.0778821023179345,0.145807812945231,0.375049637118881
2662,0.0196264169996852,0.0588722343786748,0.120581422844086,0.0439631270437654,0.181856429949897,0.575100368783892
2663,0.0203536620371107,0.0373508305578977,0.092102492437143,0.0481209972689113,0.193141819374301,0.608930198324636
2664,0.0630932658067837,0.170400714468466,0.0541291609261074,0.117472796389328,0.434631674828742,0.160272387580573
2665,0.252067088299108,0.249584833327556,0.217563387553092,0.0726889179501075,0.134189633953709,0.0739061389164269
2666,0.0350028363911732,0.0456148553628238,0.212874670516303,0.0449339572738048,0.0471259924448868,0.614447688011008
2667,0.0355181017461646,0.182871399803531,0.389382031914081,0.05555992329926,0.153255766212245,0.183412777024719
2668,0.0213082584418059,0.0962306484042013,0.190578411710225,0.0372123868113502,0.0759249821557526,0.578745312476665
2669,0.0650580856867688,0.405262068865969,0.163073253899432,0.0293811116540349,0.0558366782131647,0.28138880168063
2670,0.0220383816796917,0.0626746795981893,0.167429418867616,0.0502757590069463,0.158161756543943,0.539420004303614
2671,0.069175974122701,0.0512919240485195,0.0650506353049313,0.120357532407142,0.246719255582696,0.44740467853401
2672,0.0305254124154335,0.0650326534640347,0.189795897522703,0.0487624605323809,0.090068255197443,0.575815320868005
2673,0.268243226092572,0.204113600557351,0.0618696909672085,0.112306695407013,0.250869551825566,0.10259723515029
2674,0.0227258279018581,0.0572684609982631,0.104613927734478,0.163629350664244,0.319639033253878,0.332123399447279
2675,0.698349720759029,0.164260692610022,0.00835209208915657,0.0895454884360032,0.0206615820140257,0.0188304240917632
2676,0.0306671802972824,0.0822016522881517,0.117627642107258,0.166880357376371,0.346593905210287,0.256029262720649
2677,0.113452179722106,0.119748058136987,0.153892382278112,0.222047732170131,0.244178157375974,0.14668149031669
2678,0.0463455035270676,0.100915311842325,0.206663753341755,0.110057684934948,0.318204008065572,0.217813738288332
2679,0.00995519158736174,0.00776649484396386,0.019135669798255,0.0492244116498819,0.349703260319165,0.564214971801373
2680,0.105434861355154,0.122158273481551,0.267795035550927,0.312566361676013,0.0893733654536318,0.102672102482723
2681,0.0517128205101855,0.24528252799257,0.106631250916373,0.0359597431409358,0.216789482914611,0.343624174525325
2682,0.0193515435775886,0.0298470098208109,0.117148179259436,0.0924307104513306,0.171051616312369,0.570170940578464
2683,0.579675139245405,0.128015620973146,0.0432138030624562,0.129939753573623,0.0903287176761072,0.0288269654692632
2684,0.0225736039841501,0.0361860697090808,0.0687121340890889,0.0627688989023567,0.373450295068257,0.436308998247067
2685,0.118606670565389,0.0760717489956607,0.411758275588527,0.065560216969688,0.0665936223133999,0.261409465567335
2686,0.0193111032350903,0.0626336995794853,0.131852731816762,0.027693221123424,0.135422826632534,0.623086417612704
2687,0.254396681470026,0.240287254949091,0.0910869995062537,0.208828737434187,0.130868806482614,0.074531520157828
2688,0.0324307384004514,0.136936350822269,0.0850658094546457,0.0877120695605829,0.336440708576401,0.32141432318565
2689,0.114773882108441,0.582861310807732,0.0610697794434265,0.0753092935528934,0.107424421667236,0.0585613124202716
2690,0.0255540953090788,0.0369715933254854,0.0628286459407626,0.220199765980209,0.487774203645903,0.166671695798561
2691,0.0637634803390642,0.177001012108945,0.117348857490102,0.0369129274521308,0.229141763895972,0.375831958713785
2692,0.109423979602903,0.147187712775218,0.20797256804591,0.0789217064526746,0.157044511217275,0.29944952190602
2693,0.0441816996974565,0.0651775115876775,0.0969023202949121,0.0698241765092887,0.134111510640065,0.5898027812706
2694,0.0106965068299175,0.0183889232588943,0.0393752749163961,0.0547785112224301,0.376869885996685,0.499890897775677
2695,0.712250829991019,0.136148270857218,0.0308009795319386,0.0502805069177185,0.0437308921107565,0.0267885205913496
2696,0.0428002041882353,0.223804790178975,0.305825369261461,0.0643194787427989,0.0633295784669033,0.299920579161627
2697,0.0921131778417929,0.325004628470634,0.21256197821739,0.0654018493086095,0.127128193727766,0.177790172433808
2698,0.0169568508177883,0.0582798173207993,0.1601578404243,0.0308650199134197,0.285331296235226,0.448409175288467
2699,0.0225277374591284,0.26513328221604,0.491336188055057,0.021942212713686,0.0480338540830613,0.151026725473028
2700,0.010727694580237,0.0635393155433698,0.0364332151939764,0.0226454534227621,0.222984896345769,0.643669424913885
2701,0.0209010402328569,0.030904423602425,0.126755864912162,0.0603800107464575,0.143903565628925,0.617155094877174
2702,0.556192466509423,0.150207543316655,0.116048850186004,0.056925559934959,0.0661329728352356,0.054492607217723
2703,0.0979814354999998,0.0846472749154157,0.119121601404693,0.166415129034106,0.370519708211061,0.161314850934724
2704,0.0791028576099668,0.279770207646738,0.452889955939512,0.0411534721413884,0.051753719811058,0.0953297868513367
2705,0.0169596385057031,0.193703572891639,0.333344518649244,0.0442940970332471,0.0681608730413372,0.343537299878829
2706,0.0595737925190286,0.064931759453838,0.166141280367125,0.175992079603665,0.196465039502262,0.336896048554081
2707,0.0128517208155798,0.0140811831562103,0.0200150810662402,0.0625638508367687,0.791761319988896,0.0987268441363046
2708,0.288611813647938,0.225643333957453,0.0558995604133144,0.193827143078206,0.182049573926324,0.0539685749767644
2709,0.042258647677319,0.17786905450127,0.419115218121717,0.089126614230191,0.0646060504161182,0.207024415053385
2710,0.0842333477214863,0.136225588783636,0.296533968204354,0.137018296615794,0.12034228760521,0.225646511069519
2711,0.161985484455718,0.16676151749244,0.0827802490233733,0.132839738898878,0.263001712744371,0.19263129738522
2712,0.242366985917542,0.122971897283736,0.0746547065123817,0.195695476109483,0.287057510945751,0.0772534232311066
2713,0.0540578744711409,0.111605736734878,0.337351279766545,0.101946411908271,0.119076266479533,0.275962430639633
2714,0.0151214419307509,0.174942862469515,0.261738718582749,0.0303411399896616,0.155077385169723,0.362778451857601
2715,0.0349069987003203,0.109847267739067,0.35542796503887,0.0668091765882624,0.234433470541751,0.198575121391729
2716,0.0303561500292798,0.0417324218287358,0.0474841795423123,0.0957371877289603,0.450193545373304,0.334496515497408
2717,0.0115769067421415,0.0193371533542232,0.0546591381682617,0.0400817022205121,0.196766401478586,0.677578698036275
2718,0.046592936767383,0.0629274373744867,0.197948385735339,0.0919521786856965,0.178544040706634,0.422035020730461
2719,0.0396925061507035,0.0990160186317737,0.110975024493288,0.0899776825087291,0.228196016308413,0.432142751907093
2720,0.377033178709405,0.107822578723008,0.147434538112081,0.0867899856062581,0.165301978177468,0.11561774067178
2721,0.0365586795748705,0.0973570706056298,0.154361179077611,0.105254298190625,0.206570255347764,0.3998985172035
2722,0.249594766199602,0.490361641148852,0.134278521585189,0.0171671981649863,0.0716743465790033,0.036923526322368
2723,0.0415092864289256,0.259396293760005,0.387628359283039,0.0433782794136347,0.0672613430125908,0.200826438101805
2724,0.575329639242867,0.137019578339068,0.0514838358071124,0.0937107629827829,0.117383518101967,0.0250726655262027
2725,0.316585376742166,0.535670747996649,0.0162388336919191,0.0607550914405799,0.0440532807039891,0.026696669424697
2726,0.0435154277692062,0.142711640122658,0.116576689146794,0.132892907371758,0.473216935101971,0.0910864004876128
2727,0.0177323751360301,0.0442696754541397,0.0769759417988003,0.0762294868301201,0.334329315566406,0.450463205214504
2728,0.0391775045319516,0.0844777238529001,0.278364677174556,0.0781037872783695,0.0893965551202752,0.430479752041947
2729,0.199230488308026,0.325476321215664,0.06164809241484,0.117175137129675,0.226915073559206,0.0695548873725894
2730,0.0287263559284071,0.0518902887883741,0.148751533557354,0.0845558997928783,0.270694666755921,0.415381255177066
2731,0.0959105465911591,0.137599220048435,0.136926787190573,0.215458837735104,0.286481866837602,0.127622741597126
2732,0.0388853734943633,0.0970102661030662,0.354196283150301,0.0426307129955264,0.0987305638744022,0.368546800382341
2733,0.0395803265329763,0.173833098668085,0.161634482820698,0.262130128665687,0.288591515525713,0.074230447786841
2734,0.0127099685173157,0.901253004602726,0.0229981289031308,0.00316289920835409,0.0346378134378159,0.0252381853306578
2735,0.0484429354068144,0.375463078377076,0.158135735067275,0.0175363249386096,0.065147387024937,0.335274539185287
2736,0.0618665328093372,0.0991866986628065,0.0713774680314473,0.216415177622461,0.464167485219049,0.0869866376548985
2737,0.0988176432658876,0.189207889360739,0.301442819336428,0.0451037833074778,0.210685940005223,0.154741924724245
2738,0.0340204866423566,0.130631177306035,0.0906823976945126,0.0404390257976789,0.199139129335966,0.505087783223451
2739,0.427251962041477,0.367203193283207,0.0369663755835711,0.0456454298096074,0.0822929295389876,0.0406401097431492
2740,0.207301198061124,0.326569086738777,0.140613134866618,0.0987986136921258,0.13044377832555,0.0962741883158058
2741,0.0905872682504521,0.254002716101773,0.17114446419805,0.0922272487419457,0.164586861143318,0.227451441564462
2742,0.0619796325045646,0.127408436872989,0.102848147383882,0.112399385716607,0.433217015496734,0.162147382025224
2743,0.310346152072354,0.132430556044473,0.108779538982602,0.17538904925858,0.155955318523411,0.11709938511858
2744,0.0244486214854016,0.0794023096460928,0.0786095991147059,0.152083704530997,0.510792508960509,0.154663256262294
2745,0.0331154294035496,0.103433724260635,0.298130670017252,0.0861493172148565,0.174592063433986,0.30457879566972
2746,0.0278994913482403,0.0639848912725126,0.11667208897056,0.05038553905856,0.125877953437496,0.615180035912631
2747,0.0188579921803814,0.02751756033028,0.0305096418347065,0.0553651093558006,0.55447008619926,0.313279610099571
2748,0.0162532244386719,0.0599387738707017,0.066907174413654,0.0619346956713464,0.511917419658192,0.283048711947434
2749,0.268807979813065,0.18934984254272,0.0431699683971272,0.201516857983041,0.172884586106819,0.124270765157228
2750,0.0175620402721292,0.111361808665729,0.234280985680613,0.069946535044747,0.156763524049581,0.410085106287202
2751,0.167523554995015,0.217242720176422,0.148488976965096,0.161596565533169,0.202326685485395,0.102821496844903
2752,0.0442885031612935,0.106824673275305,0.228241067934691,0.158209902226773,0.142495565245664,0.319940288156273
2753,0.0501463768669536,0.075995376391912,0.0822650083314207,0.105004667018107,0.546484781856907,0.1401037895347
2754,0.0489338523192712,0.300614431410759,0.124407470209718,0.0334905835559306,0.30629608330182,0.186257579202502
2755,0.00626600487807244,0.0129796991404833,0.0357922794399611,0.0182907553043078,0.204166577542912,0.722504683694263
2756,0.0174162280290813,0.0392484445714034,0.143978090394217,0.0282597884103463,0.0860107792343656,0.685086669360586
2757,0.051354857680791,0.301359435044223,0.0820863640251395,0.0822103759815435,0.212436543067648,0.270552424200656
2758,0.0551369338976794,0.299145329474133,0.141203083267307,0.0363093247940189,0.224538873320445,0.243666455246416
2759,0.039106378335361,0.280737767051869,0.078913480050295,0.0359314189088752,0.163125484423096,0.402185471230503
2760,0.469380634407206,0.266582483442089,0.0704650052558427,0.0751825715313602,0.0947012045959637,0.0236881007675388
2761,0.0873503743855909,0.0900149022948605,0.0855194908155746,0.190498133539057,0.411893434691388,0.13472366427353
2762,0.0206899506537185,0.0830333625097486,0.118544634247139,0.0541273307654512,0.359724593974617,0.363880127849325
2763,0.0557416983880212,0.189013764455936,0.176172965034615,0.0546673695845038,0.148870613724767,0.375533588812156
2764,0.0348797380820182,0.0274510279123559,0.126929125441037,0.0525376308730218,0.12784280634147,0.630359671350096
2765,0.0672214154433423,0.162377325183818,0.248591283224447,0.0441611826159013,0.165576368708348,0.312072424824143
2766,0.0499175933006646,0.190549896046584,0.120819879445983,0.0477447561739268,0.308184516476051,0.282783358556791
2767,0.0433871724570489,0.0834516971142679,0.230434344608071,0.281390085358451,0.196209693011596,0.165127007450566
2768,0.029614825195916,0.178549346983548,0.402458632011496,0.0444274390012746,0.0739149402220136,0.271034816585752
2769,0.0725203821784031,0.500252837127027,0.115954311982289,0.0784468571324906,0.137552809221687,0.0952728023581031
2770,0.00910766999819747,0.0485554130359644,0.0889428410835281,0.0497366223238668,0.209948506441648,0.593708947116796
2771,0.0401400885607446,0.170697444512699,0.360985122996489,0.0720224475162154,0.0700699595555377,0.286084936858314
2772,0.0365111793660428,0.0870190930769539,0.160030666261723,0.238276087511421,0.229582267747492,0.248580706036367
2773,0.0693744051048134,0.306790560033942,0.154160768546932,0.0410852072615832,0.263755975470363,0.164833083582368
2774,0.0901784530425841,0.644528056848103,0.0426033995879688,0.0264802223574271,0.122268272168804,0.0739415959951129
2775,0.0154324370590192,0.0371979978775027,0.0922178261175784,0.0435717620601522,0.165458135017565,0.646121841868182
2776,0.0130512429093229,0.060257138656593,0.111687495740212,0.0675631616162182,0.227512254890077,0.519928706187577
2777,0.014549238603628,0.027788268681205,0.0673349639315226,0.0408519023339847,0.150934139898333,0.698541486551327
2778,0.329926120988601,0.112426907895754,0.159396881682678,0.125568568829991,0.12280830672793,0.149873213875046
2779,0.088636663078812,0.117256512105334,0.276319175949091,0.172854371786478,0.157329572444801,0.187603704635483
2780,0.0580388093512879,0.191732745583292,0.36156591924238,0.0768213754363895,0.120626816000577,0.191214334386074
2781,0.0195583590782428,0.0218265150706511,0.0687649853129229,0.216241241533469,0.412168467070945,0.261440431933769
2782,0.0383174547431908,0.0960404605507488,0.250097049736965,0.0531708804774203,0.184547002230321,0.377827152261355
2783,0.473175718239093,0.227905466248772,0.076087008731585,0.116534390360184,0.0769865882574358,0.0293108281629296
2784,0.122751427454123,0.158137890520387,0.0718083880190154,0.0993090354611813,0.420568140697556,0.127425117847737
2785,0.0108087507832589,0.0196331922280032,0.0332378675955443,0.0310222212353636,0.37414020091661,0.53115776724122
2786,0.019618284398743,0.138923783269463,0.0873574016567599,0.0723229339809846,0.336000041651532,0.345777555042517
2787,0.0118105978994963,0.0290172509736029,0.0465865102562491,0.032679850318242,0.135965072884929,0.74394071766748
2788,0.0238823000964172,0.0716430041925326,0.250484885196626,0.0646602976892124,0.127725298765903,0.461604214059309
2789,0.0653276664379276,0.130199822017569,0.238415792563935,0.117817792500725,0.199882086804781,0.248356839675063
2790,0.119551279489649,0.169629288583832,0.103806082351961,0.134814416567311,0.308251773514574,0.163947159492673
2791,0.166352337313412,0.168177283657582,0.0986372090148682,0.119534655130029,0.390022812182126,0.0572757027019828
2792,0.438658981746116,0.364247285927532,0.0265668350864718,0.0540020065707951,0.0968189681265999,0.019705922542485
2793,0.0178556433429429,0.0762606821720113,0.0780828250553097,0.059492242352481,0.362488310707531,0.405820296369725
2794,0.431443222387104,0.101116286641587,0.0710278464597722,0.113304960938619,0.219628220345326,0.0634794632275925
2795,0.474348257067452,0.125795568267598,0.0920967537952212,0.142576502422579,0.132174456092468,0.0330084623546824
2796,0.00779843484863677,0.0189623800895252,0.0757203145067478,0.0305314666600861,0.142893607148908,0.724093796746096
2797,0.073953220006967,0.112528770878654,0.153765887193537,0.115046338571855,0.139067019104738,0.40563876424425
2798,0.0251220180678169,0.320540765819443,0.145820828619008,0.0223027793391471,0.167468398099098,0.318745210055487
2799,0.215083762647678,0.171008292413259,0.293968741603471,0.0370188554410133,0.116104119853874,0.166816228040704
2800,0.0196835505836556,0.0293370043828773,0.0787933635271698,0.0204533753693259,0.129344855256109,0.722387850880862
2801,0.00805099422094961,0.0209120923648583,0.0250481526429618,0.022695366508977,0.345014928833321,0.578278465428932
2802,0.0227244567176333,0.0472635011401863,0.0827017150146284,0.052997817957224,0.327022680613849,0.467289828556479
2803,0.0477411948132173,0.637993515950282,0.141120900382415,0.0168301976598425,0.0729510956721722,0.0833630955220709
2804,0.0245028316818485,0.101442818748396,0.135789969937541,0.0581151884415996,0.310306460709041,0.369842730481574
2805,0.35513139545508,0.152199465689552,0.209247462674368,0.112130584701869,0.0939369306796349,0.0773541607994963
2806,0.0492676796664699,0.0552227380758464,0.066587439130042,0.373626533751176,0.332750650720783,0.122544958655682
2807,0.0991441049446558,0.181567089778599,0.204341391450355,0.113110592235834,0.173665965237762,0.228170856352794
2808,0.01670561282969,0.0263791846928557,0.0488061002050293,0.0323750953271881,0.182532479243999,0.693201527701238
2809,0.0816558318114309,0.161433755371856,0.327200610320478,0.0748341868431504,0.0846841151895486,0.270191500463535
2810,0.0160832010323946,0.0278326443022654,0.0513438212472063,0.12431645373818,0.378307457522699,0.402116422157254
2811,0.0149022408218861,0.114311657011452,0.114837085731414,0.0342463759704073,0.359050383645289,0.362652256819551
2812,0.543239996960069,0.253223852631774,0.0917246862737388,0.0402751116156838,0.0468849984192327,0.0246513540995017
2813,0.358519562272508,0.0765822828809881,0.0829135286492712,0.125532680826865,0.259648214557134,0.0968037308132339
2814,0.0282068638352274,0.289498036367521,0.215723015948487,0.0288623382931634,0.126182102100381,0.31152764345522
2815,0.0209207398644467,0.0422727666531418,0.129970586501873,0.0584719476353687,0.123147777531793,0.625216181813377
2816,0.34616045926363,0.172920343321646,0.167671729503581,0.10822099623208,0.156846051960997,0.0481804197180663
2817,0.051568249929407,0.626210413776357,0.064370757468461,0.0715742183194995,0.0984805817191768,0.0877957787870991
2818,0.226953922839846,0.533046481431096,0.124857950346806,0.023375910447524,0.0301661872090239,0.0615995477257042
2819,0.278654355328744,0.472605317971454,0.0660610945983702,0.0184317605611508,0.118150473597597,0.0460969979426833
2820,0.430124275544783,0.195030153110744,0.19837106289359,0.0670798525424326,0.0711814722527759,0.038213183655674
2821,0.0167577983354166,0.0531393284774981,0.0481804612707037,0.024205905480058,0.2200070629672,0.637709443469124
2822,0.175085367725873,0.419205076205128,0.150994435533135,0.0688909033932863,0.0795750762539338,0.106249140888644
2823,0.0344120951756559,0.0849347505493702,0.105066311797131,0.0849404973590035,0.147601865932266,0.543044479186574
2824,0.0369427509308036,0.0904286450819144,0.200168329886911,0.0715736041647918,0.257746254534585,0.343140415400994
2825,0.0197993465041882,0.130084575532679,0.196465004933071,0.0698662794053825,0.0916845088414623,0.492100284783216
2826,0.0800822918708674,0.208567727277836,0.064186480008644,0.0950201164860493,0.339842951150373,0.212300433206231
2827,0.0723207202733012,0.672531489702,0.117972780551127,0.00724890178888088,0.0515836594629257,0.0783424482217657
2828,0.021383480062289,0.146267870917401,0.113824142435303,0.0265039392397348,0.219862229361563,0.472158337983709
2829,0.0536214781190197,0.0417761928504704,0.0583391983524917,0.22420387419543,0.528281486062827,0.0937777704197614
2830,0.0185651369031357,0.0512461401758657,0.140802916121625,0.099146917688827,0.15646470138775,0.533774187722797
2831,0.417254510573773,0.388538891057233,0.0680354478802662,0.0512383421442424,0.0404729122636706,0.034459896080815
2832,0.0616020340202706,0.353735134082833,0.185549198692097,0.0285751832619362,0.209747324758677,0.160791125184187
2833,0.199284288117009,0.116656974011046,0.170222218728473,0.148257257622501,0.2075812260738,0.157998035447171
2834,0.0225425438395765,0.054307053971171,0.190816119501512,0.0411441545959055,0.137792354592712,0.553397773499124
2835,0.134090065968533,0.306014152158551,0.13026018652684,0.0748158691641193,0.196616275703206,0.158203450478751
2836,0.0340592737980627,0.0976406950461039,0.117795055850114,0.102075856055675,0.330632549961907,0.317796569288137
2837,0.0358097623360756,0.291084820452598,0.353198401233775,0.070958598003487,0.107976235655313,0.140972182318751
2838,0.39530251194819,0.206506225368223,0.12437286799812,0.0968763259781884,0.0823965802555655,0.094545488451713
2839,0.0495949965106924,0.160926238425469,0.232533509244695,0.187244848991671,0.15643695637154,0.213263450455932
2840,0.0991320606502346,0.0659814409954135,0.111952004026407,0.292886461639578,0.221581982478339,0.208466050210028
2841,0.32393430169489,0.158957536658388,0.0988681227486228,0.0744191258412012,0.165952410370504,0.177868502686394
2842,0.0186862533420566,0.043476615833096,0.0378741516048395,0.0536899498856126,0.385484290960064,0.460788738374331
2843,0.0616289621733932,0.102125924422004,0.141087404959468,0.0504830701146112,0.182871007191647,0.461803631138876
2844,0.051450892075457,0.15427365647897,0.372434749723067,0.032190712429776,0.113634506511154,0.276015482781577
2845,0.20627693757049,0.538767895808665,0.0933638422582752,0.0839386667745003,0.053295648286079,0.0243570093019904
2846,0.00461099537214852,0.00648000760471529,0.0183528429260706,0.0220177905502073,0.179687510643364,0.768850852903495
2847,0.0216628631514898,0.0418648478233984,0.0391307824782864,0.0471224696475619,0.343405875166132,0.506813161733132
