"CUS_ID","F20-","F30","F30+","M20-","M30","M30+"
2501,0.123376789305506,0.321765135688331,0.11291458474165,0.0627183105313471,0.183595981469416,0.195629198263751
2502,0.0228591406012998,0.103173391162212,0.209331644552099,0.076451320465159,0.397613601575927,0.190570901643304
2503,0.0864657282945241,0.347744912699858,0.101691452431512,0.0734966800608295,0.282531510434825,0.108069716078451
2504,0.334551222114673,0.16547546209865,0.184819736118243,0.112244117182466,0.101749527592575,0.101159934893394
2505,0.0277784512317781,0.107556021654887,0.224760055492185,0.0493997641925601,0.160553348357035,0.429952359071555
2506,0.0375400291696434,0.252941971422426,0.123793288027564,0.0447322259688396,0.252351475150717,0.28864101026081
2507,0.0153280363899171,0.0420955716883251,0.103202880599185,0.0275722897188626,0.172578511018336,0.639222710585374
2508,0.0117206239854402,0.0417241760978179,0.0669399925986195,0.0382966325417101,0.349412258304142,0.491906316472271
2509,0.0179488952675615,0.0494546942051924,0.160975719557465,0.03986759717241,0.180436360682962,0.551316733114409
2510,0.0244831905726233,0.115104239213581,0.0665216876899048,0.0410622374460995,0.286202471265096,0.466626173812696
2511,0.734502431404191,0.0855791734489305,0.0566974691869121,0.068124960286128,0.0411483304760186,0.0139476351978198
2512,0.0584500547373834,0.15613895626717,0.123785031003263,0.114803768773765,0.422210439948332,0.124611749270087
2513,0.00551052174571905,0.0270182006208618,0.105682135837434,0.0287152460652729,0.230621765665885,0.602452130064828
2514,0.156425468696623,0.599328436559266,0.0502223911252677,0.0269791479517379,0.127695004977159,0.039349550689946
2515,0.0166167289487884,0.0398250866578231,0.0980510423105703,0.0384001456037023,0.160810299527899,0.646296696951217
2516,0.0570645947807434,0.133662734632226,0.0870881754015889,0.13116036948693,0.286959602806072,0.304064522892439
2517,0.0449009020105134,0.35730936495007,0.119290327227827,0.020051984533814,0.189123938431554,0.269323482846222
2518,0.447831106523972,0.208837551586404,0.0969936415508945,0.0685981030166773,0.106088356999437,0.0716512403226158
2519,0.0498125244558497,0.799757513426029,0.0298968986152887,0.0155904952424324,0.0624691063801032,0.0424734618802975
2520,0.027184195560105,0.037009430136375,0.0278958001505128,0.117655802157863,0.596047339381753,0.194207432613391
2521,0.0563311988621095,0.121379888412195,0.3163166468288,0.0850503082273704,0.169922805845201,0.250999151824324
2522,0.456658392864173,0.214857562648172,0.118389277100179,0.0599598121480943,0.103073537918117,0.0470614173212651
2523,0.0588871400942632,0.322404704492216,0.0938914544697523,0.0289054729140662,0.324516351127434,0.171394876902268
2524,0.0722619441246838,0.14263320367877,0.283023540604489,0.0675367481637357,0.163218471742363,0.271326091685959
2525,0.149109638736909,0.0713705838052732,0.0691794733627168,0.431577501754419,0.237740476231395,0.0410223261092879
2526,0.10514462375553,0.214006638473231,0.0760238328862472,0.125000592274801,0.332083690469383,0.147740622140807
2527,0.447482091112941,0.202779551334773,0.118155167456745,0.0555774286383706,0.110471626015579,0.0655341354415916
2528,0.00770473388669938,0.0279330157273431,0.11016988129773,0.0542043709835046,0.250332989529699,0.549655008575024
2529,0.0650621304905839,0.0864392162933868,0.282524682694084,0.0580462159918954,0.112409219046861,0.395518535483189
2530,0.00512143430345351,0.0333757650137167,0.167759635225799,0.0334746317584064,0.12528466659281,0.634983867105815
2531,0.0302145289079678,0.128604643225888,0.139305928546851,0.108415476653395,0.296941480697919,0.296517941967979
2532,0.0401090127100137,0.156643386353408,0.137842230269918,0.0667391808852361,0.285429777788508,0.313236411992916
2533,0.00658793104343043,0.0178516607646856,0.0926872469737813,0.0149307705666483,0.0336638680057136,0.834278522645741
2534,0.190202052583351,0.0407399687423939,0.0390417707907494,0.589682448613465,0.0836623328519802,0.0566714264180605
2535,0.0494147750887739,0.114492134981378,0.181183378212458,0.0602763276423605,0.2165934419782,0.378039942096829
2536,0.189250150433969,0.252922692658728,0.127395864095819,0.0625227721305013,0.177803258377898,0.190105262303084
2537,0.0390904959760652,0.724856069232882,0.0937092904233025,0.0100776805131997,0.068707009598783,0.063559454255768
2538,0.16972746165435,0.101438264128452,0.0851282129991731,0.102589517844434,0.311240936431186,0.229875606942404
2539,0.192170297395583,0.225580388137884,0.231544681498808,0.044597881543946,0.136570946654049,0.16953580476973
2540,0.346460701231378,0.177975735728483,0.046692351990285,0.187223979898102,0.206562179305595,0.0350850518461567
2541,0.17341404219457,0.0710801161572589,0.0292521792229139,0.341670212982981,0.303585587809529,0.080997861632747
2542,0.095029186329786,0.469598434280325,0.093519568246998,0.0437254139791169,0.233798808686801,0.0643285884769734
2543,0.0116716579392713,0.0298184695197781,0.065669517228718,0.0128098091608579,0.22064005177795,0.659390494373425
2544,0.083063886396251,0.171587794084198,0.118137956075509,0.208774686994228,0.180458293878414,0.2379773825714
2545,0.0350487185722472,0.299777056446449,0.0591803318453812,0.017210754564551,0.405098032953228,0.183685105618144
2546,0.0313509684855535,0.0274530004626906,0.00908374241588706,0.232987798167948,0.613405713572057,0.0857187768958644
2547,0.104378577369976,0.1735396221396,0.286610326069231,0.0677243678100201,0.177153897452473,0.190593209158699
2548,0.0534386287418981,0.100353540492698,0.163125611874293,0.177042739975574,0.374386465716902,0.131653013198634
2549,0.00622973985720707,0.0334188503968969,0.0417831559575551,0.049912999277674,0.299640857583566,0.569014396927101
2550,0.0230444199553742,0.0319402781942371,0.0179648475266399,0.143337457332154,0.610079821188774,0.17363317580282
2551,0.102644117470461,0.204975758850704,0.071082403511456,0.185970614685525,0.268499603467291,0.166827502014564
2552,0.192629433546806,0.342468458715673,0.145179277828539,0.0822986102311498,0.114141586885147,0.123282632792686
2553,0.412859805799491,0.257744727107911,0.04423691846879,0.123528597013322,0.132300445627843,0.0293295059826426
2554,0.112680846602493,0.20856412398315,0.13426680934769,0.133495254464321,0.325870746097155,0.0851222195051909
2555,0.0230079186859166,0.0894115541801178,0.0922954963122317,0.0711075126683418,0.507152678423462,0.21702483972993
2556,0.119369132293392,0.326901096236358,0.235717353767292,0.0705492884373834,0.126738231183404,0.12072489808217
2557,0.26529461123528,0.243588143803633,0.293806351208634,0.0735924602593196,0.088375202808849,0.0353432306842841
2558,0.0514347279734497,0.130037645574315,0.548029819869695,0.0380231934005334,0.107546075255012,0.124928537926995
2559,0.0679638141786389,0.451418285451878,0.142674806352421,0.03448749567034,0.11528827654492,0.188167321801802
2560,0.00886206434589139,0.113915358515426,0.109346370788259,0.0369009024585325,0.181025153982184,0.549950149909706
2561,0.0378116063301653,0.0667197107367274,0.164405824452052,0.0286251730920803,0.130851586220492,0.571586099168484
2562,0.326264038499448,0.412035097666094,0.0523281777778675,0.0423845648085033,0.140260574310641,0.0267275469374461
2563,0.218172149143266,0.183141090653908,0.231798843980819,0.102026471157091,0.130835820407419,0.134025624657497
2564,0.105267584094862,0.089662251747131,0.0840282382204953,0.202494088594225,0.317310490712193,0.201237346631094
2565,0.0190551748633186,0.0518820934789538,0.0803701632104519,0.0322861517525832,0.163629972643275,0.652776444051418
2566,0.017181379405014,0.0370499822270635,0.073662970575565,0.117664584415807,0.339550795133235,0.414890288243316
2567,0.0360866094352098,0.125960159500676,0.106347726032652,0.0838219844846192,0.149272176469363,0.49851134407748
2568,0.00510116607736888,0.038775307916247,0.0830484293537147,0.0344629668967519,0.211794253109165,0.626817876646752
2569,0.0243857507524268,0.0939726871735838,0.26513268297505,0.021089293005129,0.194949551498647,0.400470034595163
2570,0.0402837272777998,0.409527713322742,0.129694818057838,0.0307741885653254,0.190973510451705,0.19874604232459
2571,0.102146609603162,0.0602036320566913,0.0328240167451025,0.401875915055727,0.28720584632633,0.115743980212988
2572,0.0903784725131914,0.125907637720608,0.245433171705257,0.195671841292064,0.147390410617857,0.195218466151022
2573,0.121983094143362,0.316868514058142,0.123078147343637,0.0486430321497309,0.208006205657936,0.181421006647191
2574,0.0215464639190416,0.0475129885662743,0.0383717503607474,0.389860489196596,0.416483896530307,0.0862244114270336
2575,0.0193576205048534,0.0296671214283214,0.0148955220254426,0.142852870454236,0.679009246109505,0.114217619477641
2576,0.244538502386943,0.319797351690203,0.156584505347924,0.0723007190074144,0.100940478239351,0.105838443328164
2577,0.0477645459262254,0.207865432708008,0.243472347377314,0.0360647681812602,0.170337641159327,0.294495264647865
2578,0.00431236685215664,0.0140107012132564,0.0684978104472846,0.0176516568026763,0.056194953060405,0.839332511624221
2579,0.23174858358295,0.257132275106117,0.295493616131005,0.0375078046639082,0.102216607218249,0.0759011132977706
2580,0.080237296629139,0.273922485865699,0.14201343373823,0.0452271027881605,0.221931643449468,0.236668037529303
2581,0.0252319878662594,0.0579117174950976,0.0908949972052892,0.123920129861337,0.380874898942609,0.321166268629408
2582,0.121653987506508,0.590825845336615,0.0558118867519193,0.0248930236769267,0.146043069272018,0.0607721874560125
2583,0.0413059433303343,0.61467917122884,0.162397570792329,0.0149113763747891,0.0902866500345119,0.0764192882391958
2584,0.259879130924045,0.666061314347703,0.019608641067699,0.00570285501466922,0.035651176790175,0.0130968818557081
2585,0.0369205800407132,0.0802393027917521,0.0972281541132526,0.0843535786499251,0.40821859129127,0.293039793113087
2586,0.0385057726296287,0.299745156873015,0.129605770321897,0.0436923193405798,0.188159703251249,0.30029127758363
2587,0.201544226490993,0.0792609859068639,0.0737630284504276,0.272949586358258,0.274424413539856,0.0980577592536022
2588,0.0465448171779719,0.0339323961543726,0.0379118632029542,0.163177494782058,0.604207254108773,0.11422617457387
2589,0.0350664360073123,0.0681779088901423,0.0615413419021634,0.16228096873314,0.57919472100928,0.0937386234579612
2590,0.0144951509479683,0.0593464981469646,0.139909149589644,0.0688352514193193,0.195158335332112,0.522255614563991
2591,0.109618021112244,0.138792877998812,0.259797093187438,0.0617738898049998,0.0893103140844305,0.340707803812076
2592,0.0203823398343116,0.0662389002065783,0.0445866778906773,0.119842451655207,0.626162584535424,0.122787045877802
2593,0.142784321172513,0.230003295807124,0.0908124675244983,0.142998021426716,0.22785648737428,0.165545406694869
2594,0.0396206377299674,0.0486478291233737,0.061517705878267,0.0244199168227152,0.378644122878702,0.447149787566975
2595,0.0944505915108467,0.149425886277279,0.169742577612294,0.140194536821396,0.206906544998456,0.239279862779729
2596,0.7644641822515,0.0691955167937327,0.0165717719478543,0.106251584925891,0.0338702606416583,0.00964668343936411
2597,0.0111592189254779,0.0374193678381465,0.14104229149578,0.0412269470206615,0.246850451269743,0.522301723450192
2598,0.0223826999266294,0.0992258082961618,0.0947137147209317,0.0192592107444437,0.121027980823511,0.643390585488323
2599,0.258161369979482,0.208220370708552,0.112966847529307,0.123280355480291,0.182261376329148,0.115109679973221
2600,0.0272110443296514,0.0916159547455705,0.103933302072347,0.0998321134575827,0.580460996292522,0.096946589102327
2601,0.0462181195354022,0.099481024443364,0.242745519676221,0.0776971143146368,0.154020997427115,0.37983722460326
2602,0.0194136905766331,0.066925505636984,0.0904112887240513,0.0415646366038436,0.170535947120769,0.611148931337719
2603,0.0545813945585046,0.58864350321059,0.0490287270649579,0.0399162783348617,0.183697464801082,0.0841326320300034
2604,0.0618485027316458,0.175259241616039,0.307663435238527,0.107950888316581,0.13248523757644,0.214792694520767
2605,0.0310967375441749,0.164417641383473,0.254447954072931,0.0660644596075136,0.2341958223856,0.249777385006307
2606,0.0385282053022058,0.0765356778062545,0.139008970731427,0.0410935796783501,0.213065802748524,0.491767763733238
2607,0.0075046619275264,0.0177042970933465,0.0684015759368727,0.0200111664836696,0.094771917860407,0.791606380698178
2608,0.171242088443066,0.156179977825683,0.0779801021755311,0.170997504952547,0.247060509402787,0.176539817200387
2609,0.0164941865721204,0.0457362523408956,0.0496406204924926,0.105458390237133,0.457357419266147,0.325313131091211
2610,0.0754214978302205,0.155578931694333,0.0502026831357111,0.196952802304122,0.310236232863765,0.211607852171848
2611,0.0162273800197501,0.0679550107391957,0.196995758904586,0.0471504875116385,0.0817388835284452,0.589932479296384
2612,0.071799714303433,0.214206773823149,0.152175840431358,0.0611069390823098,0.139742333005023,0.360968399354727
2613,0.418885475382316,0.365359288715744,0.0582090976878385,0.0529152526263532,0.0790974003872255,0.0255334852005234
2614,0.121334799439372,0.0989242197647209,0.0703603854522828,0.147309276097452,0.23196414773133,0.330107171514842
2615,0.385011164055213,0.235296621375068,0.189303862070821,0.061664353183571,0.0777041914756426,0.0510198078396837
2616,0.0114956127426848,0.0549492157205243,0.0432474163532178,0.0465536392089221,0.510955516326212,0.332798599648439
2617,0.142123755586853,0.311962431367465,0.274071921144994,0.0422362732477646,0.119582355781351,0.110023262871573
2618,0.0415923729068066,0.0716049561662465,0.108925610202192,0.0619914532038288,0.425841866448141,0.290043741072785
2619,0.0290840078805356,0.0332377066447444,0.0186664694508319,0.102745105532221,0.682784996770458,0.133481713721209
2620,0.0104189441982935,0.10599319286142,0.236124966632094,0.0362823695577019,0.285715767982379,0.325464758768112
2621,0.0358485277293667,0.0846021286906875,0.0718670966549325,0.15316990610986,0.516753991252269,0.137758349562884
2622,0.00790349712414148,0.0239635250103324,0.0365412828164803,0.0219864955976606,0.176040443433165,0.73356475601822
2623,0.272900364596641,0.213055016767971,0.0458106703364114,0.0731686404967562,0.320139292461583,0.0749260153406373
2624,0.0355577702810682,0.0767060961079578,0.112366686307169,0.0797229250116978,0.258301914219062,0.437344608073044
2625,0.111678209610523,0.279071039288274,0.366551974813688,0.040471970633865,0.1022368458097,0.0999899598439502
2626,0.012450715688997,0.0328088274377651,0.06604232575691,0.0321241961637231,0.123404936449909,0.733168998502696
2627,0.0751251845234825,0.169301985098041,0.278967548712588,0.042458893710045,0.194414240874026,0.239732147081817
2628,0.0959965376868465,0.139494937442076,0.127424832560038,0.281459094490774,0.286229616006087,0.0693949818141798
2629,0.0505926104334334,0.168392086846765,0.080971666771107,0.0553035762799755,0.373101493357625,0.271638566311094
2630,0.18663604823468,0.161338908832036,0.184170527825449,0.0806990958245314,0.179697405841361,0.207458013441942
2631,0.0226722855150393,0.208687100708783,0.208368450246368,0.0373655445291214,0.245772305904216,0.277134313096472
2632,0.00692579102490436,0.0233876598023455,0.0785611861721954,0.0248571505834353,0.105435941456945,0.760832270960175
2633,0.143059828659259,0.435142774689075,0.0569168935207986,0.0912084107626037,0.199056165847345,0.0746159265209186
2634,0.0499869737904818,0.0649050993650998,0.258487775838563,0.0751547598347875,0.151095147329778,0.400370243841289
2635,0.0163893277136921,0.0727629858789594,0.0783315814811151,0.0296515179130523,0.607883457211394,0.194981129801787
2636,0.0208547429534801,0.0544808150553864,0.131973032219099,0.0475128816349377,0.325788394002967,0.41939013413413
2637,0.0214144935285873,0.0845804497405333,0.0374703700179974,0.0245597925657058,0.68141641286635,0.150558481280826
2638,0.0548731495353083,0.0418685272842724,0.0649664398066381,0.365448675958288,0.218684597624879,0.254158609790613
2639,0.0923577466379389,0.0836923391061433,0.0408271042328853,0.384089342710454,0.321332464945024,0.0777010023675547
2640,0.0254199042256983,0.0405413876516498,0.0518350754360811,0.0303326842620897,0.129164553261353,0.722706395163128
2641,0.0841917798228075,0.156348611520331,0.14669228377406,0.133843262150179,0.268290979406722,0.210633083325901
2642,0.023183812267542,0.116655885705288,0.148554975324111,0.0430195347452036,0.185945033637612,0.482640758320244
2643,0.284140429922978,0.454627999477741,0.0224374038034042,0.100025037698473,0.104463558237116,0.0343055708602879
2644,0.00814879940393662,0.119236904712894,0.0425825863890771,0.0161355324833037,0.206570587851203,0.607325589159586
2645,0.0197765479888352,0.0689053052923871,0.0419925421122927,0.0614849019340047,0.285965543794791,0.521875158877689
2646,0.00614108034698276,0.0194128376159427,0.114695033521455,0.0170585827935738,0.0469503083477968,0.795742157374249
2647,0.062615857928656,0.110156666978797,0.122761573800384,0.137244944886028,0.21418116507352,0.353039791332615
2648,0.169084774969046,0.276480419919124,0.359975926852814,0.0404030028284354,0.060842605676189,0.0932132697543913
2649,0.0463170141613412,0.0509058153612485,0.122387193266981,0.0650185697527125,0.234454386094093,0.480917021363625
2650,0.0687313404096552,0.0744057854970594,0.229684405858464,0.0616060785041999,0.127658933441293,0.437913456289328
2651,0.0291440321272106,0.0776498382553477,0.0365845185574171,0.0576773541592286,0.551215888474024,0.247728368426772
2652,0.0256849506903312,0.154941197621235,0.0609156199084276,0.0611063603693763,0.45700291787337,0.24034895353726
2653,0.295136919834199,0.242873333186767,0.122413436002899,0.0527967044008229,0.185851616753985,0.100927989821326
2654,0.00626914778297945,0.0378452890598498,0.0972838261732181,0.0430137006745453,0.0998963138031886,0.715691722506219
2655,0.3601461262093,0.269358069973819,0.0771146806060855,0.078566521508917,0.1565583487395,0.0582562529623793
2656,0.00902022845303998,0.0643025015073082,0.0697029803328012,0.0306666660701656,0.355897738701045,0.47040988493564
2657,0.0258696814339606,0.0370073148594893,0.174459812812538,0.0483484613671105,0.105724748573481,0.608589980953421
2658,0.170695248083536,0.171543002908098,0.109249726600911,0.327510997024433,0.122666163580411,0.0983348618026107
2659,0.14298222148233,0.0938218498901335,0.157629676976442,0.384881255473877,0.114118088412406,0.106566907764812
2660,0.0151917724850316,0.0352391370038046,0.0385229046776697,0.0597364491908884,0.223379540798397,0.627930195844209
2661,0.00745127300090935,0.0339096763184241,0.128302554147663,0.0488135848385245,0.115684931805401,0.665837979889078
2662,0.00892931126165697,0.0568797406374458,0.102615399239773,0.0165047336175379,0.151327663717843,0.663743151525743
2663,0.00573317922127931,0.0232692922714469,0.0445346422701952,0.0382314763692833,0.464814007288308,0.423417402579488
2664,0.0497165809758212,0.106979411605259,0.0426674473161745,0.124807899281832,0.519713334213351,0.156115326607562
2665,0.230752834858811,0.279086193500243,0.106602861862407,0.0656096959964242,0.188664325019572,0.129284088762543
2666,0.0115652513367168,0.0250634004967105,0.14516365416817,0.0269726981639848,0.0386232463766034,0.752611749457814
2667,0.0806910987595176,0.122382544993415,0.399878429436572,0.0993667267416581,0.171030058284136,0.126651141784701
2668,0.018195990975197,0.0868989281815922,0.398964666823227,0.029949759180246,0.126456377068466,0.339534277771272
2669,0.0291496900433544,0.174271102976551,0.104593544078165,0.0232337222040548,0.231138589840129,0.437613350857747
2670,0.00909795492098982,0.0484402691702526,0.14647841451205,0.0255583291200435,0.176412859537851,0.594012172738813
2671,0.0419180991096246,0.0727050427516611,0.0378407953376285,0.113608560017491,0.303148373664498,0.430779129119097
2672,0.0115939913556386,0.0633026809184096,0.170610697774391,0.0287929566112238,0.164844654163728,0.560855019176609
2673,0.296324234243374,0.370218418555865,0.0469971420238456,0.10670635164258,0.142570824186521,0.0371830293478151
2674,0.045179249309414,0.0544222788902501,0.0769996979308027,0.305920810944651,0.318019440298846,0.199458522626036
2675,0.501390205068724,0.219475491904012,0.0215462888327601,0.150426774572953,0.0819937058904802,0.0251675337310712
2676,0.0333698773474003,0.0357357752193877,0.0612047182812572,0.171661974214321,0.396982149220454,0.30104550571718
2677,0.0919554590131679,0.20934307639771,0.253830823185376,0.0895366164504771,0.172030819231984,0.183303205721285
2678,0.0461151622545029,0.168943385259008,0.229391791894668,0.0590730674245389,0.268901221390845,0.227575371776437
2679,0.00241728220965168,0.0147933651808385,0.048718227577076,0.0242125994684,0.285995211544507,0.623863314019527
2680,0.0643495913465558,0.141713542802902,0.323149217717833,0.17330563689272,0.15576728078555,0.141714730454439
2681,0.0734186800177511,0.194293386288008,0.130974545882313,0.0881208255448757,0.264023602734577,0.249168959532475
2682,0.0146216765432421,0.039415011671183,0.140515187389493,0.175419249634259,0.188085162046787,0.441943712715036
2683,0.424010485320828,0.342786024736703,0.0513148225659153,0.0764725568949975,0.0833290543222246,0.0220870561593319
2684,0.014178630940062,0.0426049912779194,0.0641465020294745,0.107289449977057,0.383263904856115,0.388516520919372
2685,0.110435170823431,0.0873102034558128,0.164071033739856,0.0535249170759385,0.0849099060269812,0.499748768877981
2686,0.0122830638172907,0.133343900605198,0.177106920615011,0.0318799223702404,0.177240488843505,0.468145703748755
2687,0.445276260026092,0.177572250543599,0.0593471829917546,0.151758280629661,0.138482188061817,0.0275638377470771
2688,0.0479749542642041,0.178540865236159,0.0765974792847902,0.240489685790603,0.294703153720196,0.161693861704049
2689,0.138650540191759,0.618369718846901,0.0298897181696958,0.0492842119548111,0.134332920804519,0.0294728900323137
2690,0.00981376688461678,0.0270687829093654,0.0460983302464802,0.178310464014306,0.457499256081454,0.281209399863778
2691,0.0416429441503864,0.197061557494081,0.0618788627697879,0.0624462445096088,0.34646237176391,0.290508019312226
2692,0.0793009690597458,0.0972101503359249,0.215712477269198,0.107544260567924,0.198742520887067,0.301489621880141
2693,0.0291010105112627,0.0760565097635124,0.279357006945034,0.0496165830878436,0.114603800562208,0.451265089130139
2694,0.0112169079189446,0.036814540888715,0.0865535460878251,0.0510617560526076,0.183740978975136,0.630612270076771
2695,0.617700254261959,0.17633725656179,0.0370424935236009,0.0871424759190176,0.0615657190406272,0.0202118006930046
2696,0.02102939693004,0.0946538689093866,0.246872593561257,0.0436634206790968,0.112440780883009,0.48133993903721
2697,0.0454042569174349,0.161902425265634,0.258301197041261,0.0454020774511273,0.133034073083772,0.355955970240771
2698,0.0202787999988494,0.0666776399153562,0.201168890901718,0.0490494739029346,0.207906889158949,0.454918306122193
2699,0.0248247347074337,0.127420259360134,0.26164456821628,0.0438530813351206,0.120578232393506,0.421679123987525
2700,0.00278553413139809,0.0387993985480252,0.025721538173526,0.0124493441095922,0.339617646721382,0.580626538316077
2701,0.0272962089482989,0.0320895458896636,0.0579149466394622,0.167874849644444,0.276401043193809,0.438423405684322
2702,0.47346081554149,0.172204925485823,0.164301419898105,0.0706454079980223,0.0639824200814186,0.0554050109951404
2703,0.0771602354628474,0.0830725540801222,0.182697841880805,0.0936399290447054,0.26164935054768,0.301780088983839
2704,0.0374785991161582,0.195445505174852,0.439352205861353,0.0610801881949515,0.130876074316189,0.135767427336496
2705,0.0219921094745224,0.176905410189631,0.419363989564027,0.0259465503627298,0.132463746285892,0.223328194123198
2706,0.0283955163354454,0.0937380640380737,0.166861873301785,0.154648266207729,0.165304765829851,0.391051514287116
2707,0.0152329613264503,0.0245829285063387,0.0406982062505213,0.0473501723408938,0.557363868477611,0.314771863098185
2708,0.283733064921056,0.400867188603021,0.0729624280643581,0.0635834143197108,0.135449592209398,0.0434043118824569
2709,0.0726315516342357,0.153821971660526,0.351530168059213,0.0673653319824214,0.0943287420375442,0.26032223462606
2710,0.0957981460540315,0.121623227181647,0.221929510502581,0.0888519283954902,0.170256451304885,0.301540736561365
2711,0.0190738537253245,0.0646653882377082,0.153950557351618,0.0430853284723361,0.275874876705597,0.443349995507416
2712,0.110382706629065,0.106523836139264,0.106382066160844,0.174589858307032,0.343167863133108,0.158953669630686
2713,0.132028639277529,0.246865489096026,0.252413735721262,0.050342824112584,0.120026971103608,0.19832234068899
2714,0.00676738641705312,0.0651889169206027,0.109851461188957,0.0272087100997432,0.23730348756062,0.553680037813024
2715,0.0587592387191363,0.116935311505574,0.43400969183149,0.0510853629241243,0.177378157327752,0.161832237691923
2716,0.0367383960904168,0.0633281249888928,0.134201696535141,0.0794399897329033,0.329778388733245,0.356513403919401
2717,0.0119152997184882,0.0309902760605682,0.0270953763361016,0.0335970207329726,0.221100886596929,0.67530114055494
2718,0.0152493189349292,0.042531999628834,0.279678987958183,0.0595129915788409,0.180000128359031,0.423026573540182
2719,0.0420131648726748,0.119988145340031,0.198818864153306,0.0656018577482661,0.312983294231593,0.260594673654128
2720,0.151860393010094,0.128599190575207,0.264397326542807,0.0973152664337827,0.195148955111138,0.162678868326971
2721,0.0297394706174177,0.0767745878381804,0.105478740008126,0.0683298434146995,0.30529480944483,0.414382548676746
2722,0.298570946597504,0.505490606233786,0.108251953024519,0.0129032912028825,0.0482088921189067,0.0265743108224027
2723,0.0547048978035135,0.125496686441427,0.148296801087595,0.092927797287329,0.187445213648,0.391128603732135
2724,0.699037833885337,0.0806569262917022,0.0704449481666715,0.070148841642909,0.0549915433739038,0.0247199066394767
2725,0.214792766931895,0.312638710539906,0.0689040458117644,0.154319666458218,0.161170015716845,0.0881747945413716
2726,0.0859433238952715,0.107174255977911,0.0748834552211498,0.207053131075859,0.458849584687664,0.066096249142145
2727,0.00478387197116367,0.0285591291696353,0.0883704200397108,0.0240063176738281,0.235111596184493,0.61916866496117
2728,0.0219358580074273,0.0445019995929836,0.14176125831434,0.0459933331561861,0.124357810026035,0.621449740903028
2729,0.139140848901569,0.237311160962372,0.120127148728806,0.0965680177241768,0.226780923165882,0.180071900517194
2730,0.0270302427348842,0.0377118923009121,0.0776920593282274,0.0812092871554176,0.4895885032789,0.286768015201658
2731,0.13792048426714,0.143092885906592,0.0806833363121265,0.201066070465842,0.337089484426394,0.100147738621906
2732,0.0341632420063754,0.0932576193524172,0.255501532034043,0.0426465083280681,0.120383950558787,0.45404714772031
2733,0.0461744749381922,0.13761909745411,0.19568488076918,0.151816447859221,0.36254370807799,0.106161390901306
2734,0.0568801146597478,0.555424900111672,0.0655587409290345,0.0253426017187062,0.162842338342755,0.133951304238085
2735,0.0971896725049698,0.499350825184742,0.101659609709077,0.0338595184511318,0.1060668492854,0.16187352486468
2736,0.0361269733238469,0.0554493300906332,0.0327231394834888,0.473809469978667,0.32976706916194,0.0721240179614245
2737,0.134240542285519,0.149103735978944,0.229121267204497,0.127670561581674,0.166428952425325,0.193434940524041
2738,0.0379739716458354,0.120080997796455,0.13489251480573,0.0737051381234911,0.184966847922098,0.448380529706391
2739,0.138887875048005,0.285514018576809,0.2418116557657,0.0316432708946108,0.207019273100362,0.095123906614513
2740,0.234230758629624,0.399864535965385,0.0501012312380563,0.0857869552972295,0.116022028067561,0.113994490802144
2741,0.0737852724432357,0.376050346910759,0.0949642022342123,0.0320680015235387,0.25709512496777,0.166037051920485
2742,0.0742525295217135,0.0599490856657424,0.0426758702332505,0.25454224294706,0.419320894877522,0.149259376754712
2743,0.185890150033067,0.190874034594363,0.0890893926372813,0.130808787435962,0.235597677905263,0.167739957394063
2744,0.0208717063361567,0.0749205235392724,0.0777828608106922,0.119813277668008,0.544683352919393,0.161928278726478
2745,0.0284044648388564,0.174161628658427,0.273425956847596,0.0831313716851879,0.24616470070592,0.194711877264012
2746,0.0171104368556602,0.0598429850379291,0.0942434968897088,0.0467814622614855,0.310174987611625,0.471846631343592
2747,0.0258149185007765,0.0227794136543897,0.0122281453421397,0.177721105373183,0.579354388693075,0.182102028436436
2748,0.0107430522750093,0.0577795379016951,0.0809114358834099,0.0464984628237689,0.502916266316411,0.301151244799705
2749,0.198776393027381,0.0626149919274367,0.0446111610452305,0.321673687862242,0.265984548918657,0.106339217219053
2750,0.0167132408463155,0.0686350684065188,0.385945141934289,0.039159504075123,0.108354686838819,0.381192357898934
2751,0.178486562852639,0.198903827940453,0.0765033646335421,0.166378012843226,0.292417705239796,0.0873105264903448
2752,0.0404669263230501,0.161733666882693,0.2103078609688,0.0913132609951807,0.190152841680591,0.306025443149686
2753,0.0542582803551763,0.0530604593763749,0.0176669233411409,0.450504004869575,0.368706342886041,0.0558039891716913
2754,0.0170662828581021,0.22290089227197,0.141013103614484,0.0310258132040405,0.292126087746428,0.295867820304975
2755,0.00534398609002756,0.0119161734398688,0.0491224139874081,0.0202779993158924,0.257579790313323,0.65575963685348
2756,0.0202980538422931,0.0358243407239462,0.108512838843535,0.0248622759690922,0.0410191888694964,0.769483301751637
2757,0.0134086072018832,0.13215522489079,0.0293421347096487,0.0392282255204098,0.550923060601714,0.234942747075555
2758,0.088999994906562,0.216422344128836,0.195225998907922,0.0469188061069878,0.271244680607885,0.181188175341808
2759,0.0218216164550697,0.206156764938044,0.115761371792441,0.0179962321551186,0.225986754902163,0.412277259757164
2760,0.386627321255946,0.0734286781837222,0.0227037154613506,0.461232602305092,0.0455814903480504,0.0104261924458385
2761,0.201655047776888,0.134842026800117,0.114049292587145,0.227231666723679,0.215579079005126,0.106642887107045
2762,0.0138355537185565,0.204800589980439,0.156687704122884,0.0416190878772152,0.336915822216095,0.246141242084811
2763,0.0486926708083676,0.188758752637238,0.248529766298131,0.069265874148438,0.212497716098922,0.232255220008903
2764,0.00979919623830812,0.0266935051337177,0.139905266159194,0.0206138435916668,0.0947116335018162,0.708276555375297
2765,0.0545424973599733,0.140354016357836,0.186122391432462,0.0573242940093217,0.188507364490601,0.373149436349806
2766,0.0313304071874844,0.112705793881063,0.106550668984764,0.0854398130585616,0.340231770101868,0.323741546786259
2767,0.0399425549727674,0.148900588988685,0.15309160013657,0.174507655118183,0.281160967954914,0.20239663282888
2768,0.0509409352711513,0.244668415779207,0.285222688258373,0.0412834689764506,0.158031211865743,0.219853279849075
2769,0.0462834306931086,0.315906105528925,0.103111336529572,0.0865934353785354,0.262495132616301,0.185610559253558
2770,0.00395217646677548,0.0433951147995762,0.189125197269243,0.025807843717939,0.14035289353997,0.597366774206496
2771,0.0306802319711496,0.156995300681361,0.444828735112582,0.0575578889239455,0.14450036500281,0.165437478308152
2772,0.0909991287452673,0.102743979338495,0.135558567347478,0.183961434435944,0.320345927239745,0.16639096289307
2773,0.0512305451746924,0.297747482013869,0.15969596027478,0.03750803224179,0.286818359208665,0.166999621086204
2774,0.167830303761958,0.424211358176395,0.0816405252390277,0.0476188845492025,0.179299668979143,0.0993992592942748
2775,0.00574072093578725,0.02241018222617,0.139418700378391,0.0134160687554827,0.103919761605319,0.71509456609885
2776,0.0128231462192055,0.0288736615326573,0.0457841832774293,0.0418645491648432,0.229450163022321,0.641204296783543
2777,0.00281428256838546,0.0142182335234431,0.0928376862455664,0.016651032308424,0.0574232207806891,0.816055544573492
2778,0.0895186426484711,0.153757178805018,0.144682037712779,0.108162285541773,0.206009083250208,0.297870772041752
2779,0.0519189312589655,0.132563928163629,0.340951556619652,0.0898178059126959,0.152674893214614,0.232072884830443
2780,0.0626147374714612,0.250407464652,0.290639195525306,0.059522278417503,0.146150331002085,0.190665992931645
2781,0.0177864754407598,0.0383467887052053,0.053993097656075,0.128199904273667,0.523827838403735,0.237845895520558
2782,0.0116203910027832,0.0488582637441422,0.222780142788442,0.0291091455221916,0.132784005473493,0.554848051468948
2783,0.497993908226289,0.30958119260414,0.0776033079398513,0.0422266227568047,0.0534218433864141,0.0191731250865005
2784,0.0530804389560312,0.338231243165262,0.0679962700498088,0.0997494355650722,0.33440611025583,0.106536502007995
2785,0.00496336094159194,0.0268288239101414,0.0657216843444949,0.0363038100964911,0.24606222735656,0.62012009335072
2786,0.0182467497732887,0.0689601134216181,0.0663654394122746,0.0710356436922904,0.353028936685909,0.42236311701462
2787,0.00887392939839882,0.0432630348506484,0.087490194947555,0.0334778154591008,0.284662088626348,0.542232936717949
2788,0.0130420272290915,0.0496087892179493,0.109131131884737,0.0333708731676082,0.131844640146766,0.663002538353848
2789,0.070281641652855,0.0751718578666093,0.280716349989743,0.0860517109067792,0.199458169612854,0.28832026997116
2790,0.0486761343850068,0.160298891890639,0.0639100031310115,0.0848702054056724,0.427265098765281,0.21497966642239
2791,0.131996406996428,0.0551212289341604,0.0487120903637011,0.550359128376233,0.149844782601306,0.0639663627281719
2792,0.598420805188798,0.242477738927945,0.0260276873484627,0.0494899181629025,0.0617898351562463,0.021794015215646
2793,0.0106840333886465,0.0632565610137971,0.0493156942830036,0.0317486624044483,0.434694938507144,0.410300110402961
2794,0.484438801168212,0.160778713960846,0.070639243152085,0.147680487234919,0.0990697562332169,0.037392998250722
2795,0.336050117989603,0.141912929966783,0.074625393670099,0.290727700930327,0.124880099464495,0.0318037579786913
2796,0.00592179783825333,0.0323435066524533,0.138653114493912,0.0266900475275179,0.0798181436334863,0.716573389854377
2797,0.02741627387392,0.0415460814653224,0.0700905109972792,0.100103359628267,0.131981738069593,0.628862035965618
2798,0.0082166553481702,0.130278984841088,0.169996017991118,0.0206239084559028,0.199088391624433,0.471796041739288
2799,0.0922157960284974,0.174331449203804,0.32534660271722,0.0337253315400242,0.142347658262405,0.232033162248049
2800,0.00723659818033011,0.0403768298709956,0.0550285585570173,0.0518241521172689,0.273448120575866,0.572085740698522
2801,0.0181763314214985,0.049044120985914,0.0237408746588363,0.046364045096599,0.516187812312265,0.346486815524887
2802,0.0268424620295642,0.0897095976343467,0.0547145009984839,0.0938891228262804,0.405550180914567,0.329294135596758
2803,0.0896286178993534,0.509957524241099,0.109607837602213,0.0291860475140019,0.157612322961576,0.104007649781757
2804,0.0129849449153018,0.0763618408792091,0.117791107987539,0.0515153389209795,0.401330410714632,0.340016356582339
2805,0.245985370643265,0.195908579354973,0.242494727987282,0.0932207790733768,0.155270032416858,0.0671205105242458
2806,0.152315798861628,0.0794113375955062,0.0609401350469339,0.256790325998706,0.261453117192857,0.189089285304369
2807,0.0549547508034902,0.181701755672911,0.163973885677628,0.0927746387990175,0.214484652476528,0.292110316570425
2808,0.0124682676651026,0.0480645499391081,0.0521069509043025,0.0276416218624603,0.31416627204509,0.545552337583936
2809,0.033598850972922,0.0933714841627505,0.267916910241206,0.0514720685113481,0.128924493219677,0.424716192892097
2810,0.00936132382792219,0.0435660993054983,0.0774602005793872,0.0665326044167092,0.460488861787573,0.34259091008291
2811,0.0168057455288659,0.149016887554282,0.220147722379144,0.0574204498796929,0.257416159515544,0.299193035142471
2812,0.494005614977228,0.234515473887651,0.114379998728283,0.0680536235690293,0.0558932981088163,0.0331519907289931
2813,0.0777344306400455,0.101033529319038,0.162698890661082,0.109623184800081,0.310644161315905,0.238265803263847
2814,0.0305834784107392,0.207297512691315,0.237696712985521,0.0496874808625688,0.194170033706992,0.280564781342864
2815,0.0603178902735443,0.0932127251309504,0.144903516080354,0.130089775741488,0.162436057179301,0.409040035594363
2816,0.168331319649362,0.164376671295422,0.278897498374355,0.0794897715470443,0.186093759708013,0.122810979425805
2817,0.0849251507864719,0.357879222819263,0.12524086465405,0.0620235335621146,0.255230572290245,0.114700655887856
2818,0.346668208617461,0.277091409184942,0.148604366389009,0.0578445858859544,0.104176511389129,0.0656149185335042
2819,0.487293282857788,0.336394522304035,0.0747553754160785,0.0312809702250937,0.0504726715611942,0.0198031776358102
2820,0.270731789856206,0.189584764627034,0.359926820535433,0.0517453840177404,0.0738825422314376,0.0541286987321496
2821,0.00419248976253698,0.0293912922404616,0.0275667479479861,0.0113182439541591,0.418715350294115,0.508815875800741
2822,0.207009800379704,0.230409288518401,0.173710073516122,0.0594460886190767,0.210654217572381,0.118770531394315
2823,0.0712473965127155,0.0848236321018469,0.124060415000535,0.105675787801752,0.173216794134368,0.440975974448782
2824,0.0613335188436789,0.149606403581379,0.210315117094163,0.0632353499263878,0.241367458159728,0.274142152394663
2825,0.00551827893065542,0.0405116315635666,0.217504694611077,0.0205846991511751,0.0375321957830368,0.678348499960489
2826,0.0247730697966234,0.198572624138083,0.0497156698513097,0.0360305872540905,0.410930001772557,0.279978047187337
2827,0.074741120195091,0.425624616925268,0.119623929613788,0.0391402790260308,0.161815955844249,0.179054098395573
2828,0.0290910712893031,0.158649486454098,0.195049057321801,0.0717206384890721,0.317642901697093,0.227846844748633
2829,0.040168919394289,0.0387388745511166,0.0353326996823909,0.145137322591157,0.569831128682129,0.170791055098917
2830,0.00431521689790477,0.0367208391736086,0.113079117644447,0.0247518397864273,0.153842858612598,0.667290127885014
2831,0.334085694466774,0.457594063431832,0.0737822763667038,0.0403263189658399,0.057173059925102,0.0370385868437486
2832,0.0403144800609877,0.218835859103853,0.21357188771024,0.0378826438144917,0.258509388261661,0.230885741048767
2833,0.119377638403906,0.128088537842121,0.0835426401845552,0.230492321924717,0.271387075283689,0.167111786361012
2834,0.0298713401167708,0.0730294224512377,0.084925972270047,0.0377772362634814,0.262513501791416,0.511882527107047
2835,0.248521558340696,0.185977019680384,0.0373125628283515,0.258491213481219,0.202686009466689,0.067011636202661
2836,0.010862154782518,0.0215454919067539,0.0469057095541352,0.0461217111120387,0.234196377595882,0.640368555048673
2837,0.0853121976634208,0.228292257808451,0.333323635817865,0.0595776856351937,0.136785333143575,0.156708889931495
2838,0.140785684999815,0.229653299904808,0.209475680678499,0.0680374859864061,0.15624412570391,0.195803722726562
2839,0.113528169846182,0.148085789186204,0.14351423264474,0.092572683037683,0.287067845477514,0.215231279807677
2840,0.104852787743876,0.0949637441627129,0.167842380285971,0.136171062974759,0.214865250032955,0.281304774799726
2841,0.482176716923146,0.0870340891839487,0.0358837643339265,0.219682761821161,0.133621818233041,0.0416008495047766
2842,0.00807840472586117,0.0278639831463208,0.0232835335548588,0.057063286030379,0.583280484398073,0.300430308144507
2843,0.110602700776486,0.119435371788033,0.163203036736506,0.105701145111829,0.238101878874632,0.262955866712514
2844,0.0342010350482939,0.134338321239026,0.509163878102444,0.026909242643832,0.103383647474692,0.192003875491713
2845,0.194615954839334,0.351753934149399,0.187460140619602,0.116058290576389,0.107865669760073,0.042246010055203
2846,0.0123512938859186,0.0392437918588817,0.0458601407687919,0.0594264196855064,0.388743902799883,0.454374451001018
2847,0.0128158002963646,0.0490680607445339,0.0622973630793647,0.0649723219638102,0.532224207223958,0.278622246691969
