"CUS_ID","F20-","F30","F30+","M20-","M30","M30+"
2501,0.0509593624986184,0.624146091461707,0.0933052977414293,0.0262806962960207,0.105047395798403,0.100261156203821
2502,0.0747819137151407,0.193921830770097,0.116917563328027,0.077557743969848,0.335309199522292,0.201511748694595
2503,0.0442683480657478,0.29206078691383,0.0593528575773981,0.0786043014341,0.336768017432762,0.188945688576162
2504,0.31018228552427,0.135581146786422,0.0868404008672875,0.199512683947882,0.148315230729066,0.119568252145073
2505,0.0388828272022954,0.150672527592028,0.124901888785489,0.0687311612881524,0.180628123360717,0.436183471771318
2506,0.0136892332873408,0.458631930520907,0.0829903394449763,0.0173798349012848,0.217088681415898,0.210219980429593
2507,0.0178590051561916,0.0354329166612197,0.0974074366782686,0.0307033342532765,0.183240655829038,0.635356651422005
2508,0.0106526221407591,0.0368918758198131,0.036516604637664,0.0271274508234482,0.49832580592583,0.390485640652485
2509,0.0264264589131288,0.0585725416759035,0.136846652041575,0.0460301902137814,0.153648507963567,0.578475649192043
2510,0.00838980918298515,0.0305486634894029,0.030664133310326,0.0297657519067716,0.434219129424844,0.46641251268567
2511,0.540794285885566,0.0821232996136081,0.0654882738518923,0.220144002536339,0.0640098109515801,0.0274403271610149
2512,0.0635764168448699,0.210303003666426,0.0525017595529075,0.12999694750909,0.429754228587379,0.113867643839327
2513,0.0141210796745786,0.0327909728436361,0.0622315486342871,0.0558560294272509,0.372807036546258,0.462193332873989
2514,0.0482370106817819,0.625485221017805,0.0540269596317988,0.0374896053478517,0.158641166466751,0.0761200368540115
2515,0.0216790758598161,0.0616042001165666,0.110519463093273,0.0472517919430405,0.193777665054709,0.565167803932595
2516,0.0924826536708481,0.0901446719839315,0.0591278399561974,0.124707495976172,0.454044313624949,0.179493024787902
2517,0.0292372806076722,0.370882568430915,0.0970999332235057,0.0189983225496562,0.168177387069205,0.315604508119046
2518,0.397291260514959,0.291223319874806,0.120702516304638,0.0531455064660825,0.0718473705682997,0.065790026271214
2519,0.0285708966168365,0.88717630723993,0.0123989126692317,0.00422969473690237,0.0444847617952265,0.0231394269418729
2520,0.0235348282014337,0.0603286167927028,0.0190981835662701,0.0675509689903612,0.674198984608638,0.155288417840594
2521,0.0524366087073661,0.0660646367232586,0.367167465932094,0.0673429290743557,0.0927945924551259,0.354193767107799
2522,0.185846557745731,0.188369734044903,0.237285505686551,0.103997786802281,0.166239943372427,0.118260472348107
2523,0.0496172548352701,0.604931439543729,0.0480899432301182,0.0157183434179724,0.150383233137504,0.131259785835406
2524,0.0766323230659125,0.186205763933635,0.185419959075218,0.0816666546219923,0.176339729017078,0.293735570286165
2525,0.0675822363420077,0.0734782807591672,0.125585241534536,0.207646641154629,0.420576827575274,0.105130772634387
2526,0.107439443153066,0.191720363892528,0.0947038776416933,0.0964538016220125,0.325547408395078,0.184135105295621
2527,0.646512046805688,0.120547685152287,0.0610932648377773,0.0361926502325445,0.0729313162894937,0.06272303668221
2528,0.0126208509907947,0.021878644149725,0.0316368474480289,0.0520532712624365,0.18803426956288,0.693776116586135
2529,0.0761986092907751,0.109086024297727,0.30972587988577,0.0989812304506723,0.129154412955153,0.276853843119902
2530,0.00973687501913243,0.0348821159411091,0.191072834962814,0.0333075252644181,0.111965725744629,0.619034923067897
2531,0.058533771442102,0.177696977253421,0.143168258766632,0.0629091762961227,0.26896043971156,0.288731376530162
2532,0.0451808536753407,0.184902128848241,0.126914507950264,0.0583204711110815,0.197519790960281,0.387162247454792
2533,0.00483104908699375,0.0163755190539321,0.041520894643051,0.00870132250852632,0.039053234817099,0.889517979890398
2534,0.324743175632037,0.137698437052493,0.104038878592175,0.217092025087711,0.115958729849807,0.100468753785777
2535,0.0408187058407321,0.111942139381131,0.106934574951147,0.0616378758373052,0.174246353968806,0.504420350020878
2536,0.0868433766661007,0.254113503809829,0.112771660267204,0.0854060285483945,0.17252159818954,0.288343832518931
2537,0.0645496554849025,0.694501114731047,0.0806340900525409,0.0112766762260972,0.0941316764215851,0.0549067870838267
2538,0.393289577257509,0.142835836178238,0.0522355886333667,0.0858327754302612,0.21880534998328,0.107000872517345
2539,0.162626201646573,0.322118536242192,0.154695273985371,0.0554626917184211,0.193860264291728,0.111237032115715
2540,0.342168053640766,0.128853978774236,0.0697035261756523,0.122989822236156,0.27329540434497,0.0629892148282198
2541,0.12883261238795,0.0719024119921749,0.0507565258005115,0.321224947573296,0.354183709008176,0.0730997932378924
2542,0.145081502537097,0.373038133176777,0.0788638613114541,0.0406886065177716,0.279768368788639,0.0825595276682609
2543,0.0179191290015849,0.0293120283998673,0.0829475792587709,0.0164446355609562,0.198654172213887,0.654722455564933
2544,0.0859144673508188,0.106724397053341,0.108468937112236,0.348794813948071,0.118460643089779,0.231636741445754
2545,0.0270265931599254,0.317166048514258,0.0639086404620599,0.015267424171329,0.351304836260225,0.225326457432203
2546,0.0498752040508542,0.0538396725585047,0.0321337512076324,0.289213544275129,0.497228791523205,0.0777090363846744
2547,0.119379416086621,0.21518372751378,0.214449445231573,0.0659659758288767,0.182653558684762,0.202367876654387
2548,0.0678376168459173,0.0736122292731339,0.0816076730981167,0.415551638770481,0.285157888593471,0.0762329534188797
2549,0.0110755917882206,0.0351012031104976,0.0440095832930752,0.0606049125590569,0.322729182239726,0.526479527009424
2550,0.0142730886056089,0.0183469267853968,0.0217923869200901,0.193390530324101,0.594218118539507,0.157978948825296
2551,0.131701436840181,0.222104789607684,0.10317706812244,0.188360733311625,0.184992665446551,0.169663306671519
2552,0.0821314039330179,0.365614333972689,0.179243730948726,0.0457201291798257,0.135823061565237,0.191467340400505
2553,0.487041653212799,0.198848834323469,0.0522137124768897,0.132878867941437,0.107273795505607,0.0217431365397984
2554,0.0746663621438019,0.225191450570974,0.0687721342763819,0.135422588472367,0.368551947719678,0.127395516816796
2555,0.0168332770130227,0.108468548144522,0.0764771505542794,0.0387832535026226,0.546838398377945,0.212599372407608
2556,0.0512580743938285,0.261541063145869,0.343536784343046,0.0546938796983521,0.138746455839782,0.150223742579123
2557,0.357428002891983,0.256417753675491,0.270123210937743,0.0464420983912526,0.0460345458047215,0.023554388298809
2558,0.0271456351737883,0.0788759491765048,0.679749026540535,0.053739981030419,0.0847107683273579,0.0757786397513953
2559,0.0679544899318418,0.456756933131523,0.17386315244711,0.0301344538506618,0.0881735308994294,0.183117439739434
2560,0.0169635955636573,0.0863512637143008,0.0749225697210847,0.0259835639495562,0.146492220005395,0.649286787046006
2561,0.0165986412750127,0.0851835840794367,0.169438124099665,0.0298459244231766,0.119927663282439,0.57900606284027
2562,0.273345603710759,0.3693424587714,0.0343919947114472,0.0491049313255143,0.232664912650544,0.0411500988303363
2563,0.248212815891978,0.216663714666032,0.225913559703348,0.149925566586887,0.103344350669311,0.0559399924824432
2564,0.268205153470015,0.086576988369206,0.0640885902369824,0.334165362648735,0.174946667009169,0.0720172382658931
2565,0.0171669330296651,0.0713776176139383,0.102839480805624,0.0584108318253111,0.241763761153134,0.508441375572327
2566,0.0160220070570601,0.041711623365582,0.124363681605972,0.0566000265328101,0.115815764111398,0.645486897327178
2567,0.047920330679691,0.134556991880791,0.145089729536065,0.0556136262848209,0.143691969070824,0.473127352547809
2568,0.0205516643736861,0.0856527247931656,0.0870362092949303,0.0314917411471431,0.243895149633486,0.531372510757589
2569,0.0360820567009805,0.0939894339781668,0.174343025768943,0.0432845229688564,0.18022418963849,0.472076770944563
2570,0.0352118483828442,0.683951290730501,0.0394261118143233,0.0160673349033125,0.125452197720211,0.0998912164488088
2571,0.113479853817162,0.0997953254212394,0.0551279344265004,0.206657715292171,0.327186555544295,0.197752615498633
2572,0.085924960411549,0.0797403802852245,0.450043579557206,0.0842361447626634,0.0811265280729451,0.218928406910412
2573,0.0590472503502128,0.318961625987039,0.0770468843068742,0.0411564886314811,0.216995861899508,0.286791888824885
2574,0.0761446867375187,0.0714670110354143,0.0533567250773754,0.227563878427147,0.474174120391546,0.0972935783309983
2575,0.0323427108242762,0.0333511774619149,0.0263123051030689,0.14728159159049,0.647284936986059,0.113427278034191
2576,0.339201897830427,0.332723655822314,0.138400127631787,0.0709363684112648,0.062035785711263,0.0567021645929444
2577,0.0377927590365118,0.294719267291138,0.378942500434023,0.0252824308497543,0.122020238859797,0.141242803528776
2578,0.00406200971603349,0.0121460252350424,0.0364295388649226,0.0125526165933901,0.0816890248767149,0.853120784713897
2579,0.316101123419994,0.146173492209107,0.26184423719607,0.0647966111817187,0.094888479182483,0.116196056810627
2580,0.0652462711525958,0.29847816692855,0.191510688974351,0.0264323883430769,0.16545684849056,0.252875636110867
2581,0.0093654919518979,0.0370814255950394,0.0656954851505952,0.100169215188343,0.558127319604527,0.229561062509598
2582,0.13858595832972,0.50176566351054,0.0653228560206145,0.0587022653662235,0.183197687945766,0.0524255688271361
2583,0.0984378674553623,0.519549244884405,0.189305776316794,0.0271606328378003,0.102552641922508,0.0629938365831297
2584,0.185892727996441,0.614164702704772,0.0521308028711708,0.0262479510074375,0.0890878630646342,0.0324759523555445
2585,0.0122799838818492,0.0495732176566964,0.0546107405671133,0.0714578547074012,0.448297426516932,0.363780776670008
2586,0.0681542078017101,0.220623204258132,0.13897515526207,0.0435004538883317,0.151396655991037,0.377350322798719
2587,0.182334037362078,0.0743519009953101,0.0620552419689328,0.2013344777383,0.350255282883145,0.129669059052234
2588,0.0355288713744401,0.0395546945002958,0.028250136324774,0.117502319128177,0.676398981803428,0.102764996868884
2589,0.0657942198969405,0.121475884004655,0.0479449351190051,0.102938523861206,0.503386980227372,0.158459456890821
2590,0.00920928857860139,0.0442740939574964,0.102747321929222,0.06249470816631,0.143962909213694,0.637311678154676
2591,0.0736574011004827,0.0903236507940537,0.267690880650646,0.0884481136864914,0.0973723380605221,0.382507615707804
2592,0.0256229124569823,0.0322038174501843,0.0301764409310733,0.132978329951074,0.582253319349973,0.196765179860714
2593,0.23063700235422,0.218056203894327,0.0745100237738554,0.267895009933256,0.14371939942244,0.0651823606219012
2594,0.0321568290800475,0.0877382711452999,0.0670193846304303,0.0516214496980547,0.333079482916079,0.428384582530089
2595,0.118830154582227,0.08398627373173,0.225520237296711,0.218842953958032,0.129357057399892,0.223463323031408
2596,0.680759738044238,0.103148929764505,0.0197171668868899,0.131920461643838,0.0524595550165797,0.0119941486439489
2597,0.0131696165706707,0.0599433801365466,0.220733833337863,0.0333003895070616,0.125452013735786,0.547400766712072
2598,0.0146248307374972,0.101003150092478,0.168567405289005,0.0219281655456057,0.161789633894005,0.532086814441409
2599,0.184305774227552,0.305949054052678,0.101383597637404,0.139872076450302,0.179569836013527,0.0889196616185364
2600,0.0367583431358148,0.070735384801717,0.120490562374543,0.0792311715392307,0.574769851491339,0.118014686657355
2601,0.0551479668280414,0.0935549183481248,0.185390096251423,0.0439145782544494,0.120693516825313,0.501298923492649
2602,0.0202329070777251,0.128113228009859,0.179402188399264,0.0566658981072498,0.219047521833827,0.396538256572076
2603,0.0294066506049923,0.61912727078497,0.0248486896758941,0.0183934699663082,0.242033807828222,0.0661901111396134
2604,0.0252129459635145,0.16489772543071,0.304179075901998,0.149832133798325,0.115847186541285,0.240030932364168
2605,0.0186177831047642,0.120205983194975,0.36700265445535,0.0343562688727677,0.11005620583749,0.349761104534652
2606,0.0561345969448983,0.130719890154696,0.123158243562845,0.0652485128648606,0.253403988422178,0.371334768050522
2607,0.00994128015866098,0.0260606801685946,0.055484111139987,0.0324273454070352,0.165462755510256,0.710623827615466
2608,0.187192360528264,0.195134702812264,0.073181273134811,0.12786580812357,0.230942774083387,0.185683081317703
2609,0.0284316063262271,0.047007922888609,0.0653347742537334,0.0819713076334641,0.437360826509614,0.339893562388352
2610,0.121002220043311,0.236138000525626,0.0793450285685924,0.12920474771503,0.279153432924197,0.155156570223244
2611,0.0322863974455865,0.14693399503523,0.342545504684256,0.0630843564571988,0.0797276807493845,0.335422065628344
2612,0.0454707391068364,0.274375222175038,0.114160119981994,0.0356465406139379,0.199004538158248,0.331342839963945
2613,0.508408893427471,0.322575232885804,0.0408856570306302,0.0598721934907989,0.0553416879072043,0.0129163352580916
2614,0.166712031639472,0.0904010023415388,0.0675417884358962,0.17531588581735,0.25936785768226,0.240661434083483
2615,0.485488734380878,0.244382109323214,0.125808447110309,0.0411177225540856,0.0703371496826873,0.0328658369488268
2616,0.024282711189382,0.0590245412533527,0.152908015822057,0.0482535921357775,0.297861208206766,0.417669931392665
2617,0.235866504877703,0.353765418790598,0.173787646823205,0.0454779224143418,0.123698523320712,0.0674039837734409
2618,0.115237605131095,0.110169033753116,0.0749111701363594,0.0718532242642371,0.440349278215788,0.187479688499405
2619,0.0183771249547976,0.0294049612229941,0.0191591223772164,0.0483425647179353,0.740843772090516,0.14387245463654
2620,0.022091294571261,0.100056604406997,0.172500734806016,0.0327499649299693,0.362593155573357,0.3100082457124
2621,0.0315985273701891,0.0976006539828922,0.0397116746601978,0.0998731879712828,0.601576377259996,0.129639578755442
2622,0.00648617621384378,0.0165912221413367,0.0519081894358358,0.0202995153218375,0.104063327497426,0.80065156938972
2623,0.166434961231889,0.289079403986348,0.0434127727809014,0.0708005085812583,0.350565979740636,0.0797063736789671
2624,0.0692130596091569,0.0506583126151815,0.0995456076411392,0.104602859374627,0.134573515315073,0.541406645444822
2625,0.0465309011102985,0.132942445960431,0.642707934692423,0.0281129910613008,0.0611880224810591,0.0885177046944878
2626,0.0173612592761049,0.0446050039055392,0.0936191507785886,0.0396513682036129,0.238021796311754,0.566741421524401
2627,0.0570378076231566,0.158557772059711,0.367541115355344,0.0502466377305336,0.132297408537219,0.234319258694036
2628,0.131531285773139,0.149196764984285,0.0492975155308154,0.24731323409141,0.280532097959685,0.142129101660666
2629,0.0290346652820009,0.228001133619132,0.0741301990325108,0.0435639180438937,0.343565098962015,0.281704985060448
2630,0.0647100741059195,0.0757002399661843,0.0768003854315446,0.0944379687619879,0.260293388201362,0.428057943533002
2631,0.0187781350470364,0.20861028430227,0.284745033955088,0.0368757209471671,0.221734495695134,0.229256330053304
2632,0.0113528496043628,0.038483795036735,0.0499060563065159,0.0283199496869803,0.198426804285697,0.673510545079709
2633,0.13004096927777,0.355413163626041,0.0722601305623955,0.0912905503759055,0.245386495321454,0.105608690836434
2634,0.0401680717105978,0.101732991183887,0.307313105164923,0.100502302506607,0.149063625907193,0.301219903526791
2635,0.0442275094464655,0.0869497103604203,0.045745027450526,0.0623054991869571,0.550383346192792,0.210388907362839
2636,0.0362252059864622,0.115426311704551,0.195096328960054,0.0825364998628167,0.308872493447069,0.261843160039047
2637,0.0320869031799587,0.0679985564259129,0.0343471989623607,0.0368211538118816,0.593150548245493,0.235595639374393
2638,0.107140880309515,0.0565028497344199,0.14426280645681,0.211609495246884,0.216389856982518,0.264094111269853
2639,0.0786292724248407,0.0788124032915235,0.0679536582247723,0.219790855127835,0.422149354748312,0.132664456182716
2640,0.0171135993306269,0.0321801532294926,0.0996999984255281,0.0441197577153856,0.10651543153842,0.700371059760547
2641,0.366259675382099,0.187142907638025,0.141269794010477,0.0814609162443754,0.13227580934418,0.0915908973808442
2642,0.0316589670132149,0.0822213633790473,0.0905484625202464,0.0376566385555347,0.250036917314578,0.507877651217379
2643,0.476277141629547,0.293904624315786,0.0277192374410737,0.107467775719199,0.0702856101165557,0.0243456107778389
2644,0.0146564390017728,0.170496018547451,0.0663283947079722,0.0366905216287071,0.212309424029616,0.499519202084481
2645,0.0192563806976118,0.0645324148590072,0.0443627296022782,0.037808177611915,0.373873562083706,0.460166735145482
2646,0.0126316883288149,0.0422831140609142,0.145230997320759,0.0710309341993987,0.0976399471215671,0.631183318968546
2647,0.0828020975961093,0.0868397628375363,0.158416784184214,0.123479400278635,0.272899282046043,0.275562673057462
2648,0.238257751285262,0.22340371991812,0.299761931981742,0.0524954488096955,0.0795634031340835,0.106517744871097
2649,0.0433370921339071,0.0801512875109046,0.08636264647674,0.0636923821735262,0.340034428856032,0.38642216284889
2650,0.0541644629854354,0.0539948953661307,0.159856866260875,0.0576413156425995,0.137301406422529,0.53704105332243
2651,0.0206930501481337,0.062480654170224,0.0537591772687744,0.0571107737985364,0.545547962780026,0.260408381834306
2652,0.020961767422115,0.251845566181,0.0654262104631325,0.0428751741906419,0.305944734000637,0.312946547742474
2653,0.346185988309416,0.218075658827583,0.10836264190437,0.058654376021834,0.140114201391537,0.12860713354526
2654,0.0155572684257485,0.0524241156342536,0.0564338946290535,0.0597078160911323,0.254382039198713,0.561494866021099
2655,0.485545253911702,0.161427481397764,0.0310333195539161,0.174821304969336,0.120385643892542,0.0267869962747402
2656,0.032102764725747,0.0866271581663323,0.0584517817400794,0.0498456310736323,0.47753165144182,0.295441012852389
2657,0.0152918056863695,0.0621047591070117,0.215430552539295,0.0424563901400216,0.147291417836463,0.517425074690839
2658,0.186664031786201,0.170603114946662,0.21939142094853,0.117848969713662,0.171291281006865,0.13420118159808
2659,0.221765782315078,0.120742608728502,0.0975247860972051,0.397940298922032,0.0860660525895108,0.075960471347672
2660,0.00943342907484957,0.0281423432948453,0.0542403944817843,0.0269892766273752,0.278488840383029,0.602705716138117
2661,0.00868588823435131,0.0363666739738219,0.12218784359694,0.0291880924516411,0.121318285011291,0.682253216731954
2662,0.00859444288588148,0.0618960787254517,0.126005723532512,0.0186926020651621,0.11986787506645,0.664943277724543
2663,0.0114210310764404,0.0497896790629234,0.0648693091833923,0.0416439751514134,0.250520294736454,0.581755710789376
2664,0.0334958512655247,0.0863174338447234,0.0373919939014726,0.091893185812903,0.548159824082055,0.202741711093321
2665,0.234346900299362,0.273332805781256,0.124079587743192,0.0907569339779823,0.176103290930778,0.101380481267431
2666,0.0203221202051541,0.0453686934458381,0.204711071665988,0.0538343561927123,0.066801797320426,0.608961961169881
2667,0.0349511694218754,0.191997018834623,0.443593649985964,0.0551506717364826,0.179580759011179,0.0947267310098752
2668,0.0259972560000009,0.073076263124297,0.41490800505007,0.0489402355741911,0.0998025666900987,0.337275673561342
2669,0.0885172282585837,0.270125711595631,0.154156264701494,0.0363799631044643,0.141747806374926,0.309073025964901
2670,0.0186363373945556,0.0661601999313087,0.181621600612138,0.0438265691370768,0.201467931292745,0.488287361632176
2671,0.0426743262719052,0.0750969639767561,0.043484887185738,0.0866273059006126,0.318880730694511,0.433235785970478
2672,0.0116122764525451,0.108315449955765,0.123261066813097,0.026073574377593,0.183740742066158,0.546996890334842
2673,0.304827087429341,0.274934055461265,0.0592203760251006,0.104992466904511,0.189993490251303,0.0660325239284802
2674,0.0204406769084608,0.0423902032592646,0.0667525696626496,0.246773663388002,0.403899667835886,0.219743218945737
2675,0.566761307657186,0.153561410029217,0.0170395757949804,0.203260209090739,0.0412786406570328,0.0180988567708453
2676,0.0200749149428309,0.0579843219377339,0.0872978001421116,0.121747053432839,0.456380509131554,0.256515400412931
2677,0.116116859070313,0.173937231193543,0.32971867553822,0.0664740336868569,0.222892535473789,0.0908606650372788
2678,0.0487889082054404,0.125940450531741,0.136306226131221,0.0704918199130965,0.379593823688371,0.23887877153013
2679,0.0127190326686084,0.0174543276502355,0.0401673415790667,0.0402972922378431,0.381439437092227,0.50792256877202
2680,0.0743314660895719,0.0816583341344754,0.328806819777932,0.128721334333067,0.101729904041943,0.28475214162301
2681,0.0288822063632262,0.153676486711463,0.0759668706201115,0.0686217022075558,0.298753243486059,0.374099490611585
2682,0.0227161858798708,0.0445849766455303,0.124133097237755,0.0870826607448,0.186227615229413,0.535255464262631
2683,0.489793388435904,0.148669219223178,0.0566849785212962,0.136384440983899,0.135142603739755,0.0333253690959672
2684,0.0189912999017465,0.0430219729274387,0.0444787901035254,0.0450135644717927,0.470838303027985,0.377656069567512
2685,0.201911976974338,0.149688114938767,0.156703712424861,0.0317715433192575,0.103198258469133,0.356726393873644
2686,0.0271769698973434,0.158232401251372,0.169361837511669,0.0506574954341194,0.209476795916833,0.385094499988664
2687,0.155987978572553,0.203228915860862,0.160837161295821,0.174988098125085,0.235158745409936,0.0697991007357434
2688,0.0492263866815024,0.168631545789914,0.094046987557807,0.173041413178489,0.360598538379427,0.154455128412861
2689,0.163879192781865,0.621640335863641,0.039780017255762,0.0340331492834592,0.105376387302089,0.0352909175131843
2690,0.0198793925861431,0.0328476288509,0.0386146537729011,0.241834658583527,0.496096157006877,0.170727509199652
2691,0.0519122492777135,0.26547271418079,0.108151602740222,0.0366211531284469,0.253436932986801,0.284405347686027
2692,0.0284614503163421,0.0936679025628928,0.235854792907467,0.0672323288008626,0.153700444115602,0.421083081296833
2693,0.0516729051060555,0.070973221755595,0.142808975526893,0.0918555755083549,0.153862474980504,0.488826847122597
2694,0.0191721305848272,0.0312608537220167,0.0674121091098662,0.056589325387432,0.2419682159082,0.583597365287658
2695,0.654542351436834,0.155831154064864,0.0465400720685694,0.0697205418986809,0.0517121993650983,0.0216536811659528
2696,0.0307378110685755,0.159208260837023,0.378917897117012,0.0411871782653246,0.1219926946767,0.267956158035365
2697,0.0407386270059945,0.193568881109742,0.286473847958434,0.04839431052706,0.145124349959847,0.285699983438922
2698,0.0206850550316829,0.060928666095254,0.181769969781823,0.0809080951057204,0.266892399618168,0.388815814367352
2699,0.0170347116858872,0.163648787734349,0.416914447866492,0.0243233245458644,0.0644424490365656,0.313636279130842
2700,0.00645007967987869,0.0352094101615324,0.0323318402805659,0.0118158091063575,0.272681942986455,0.641510917785211
2701,0.0252187286815326,0.0587429574858011,0.19382896097892,0.0593442766697369,0.181522810883205,0.481342265300805
2702,0.470046951310081,0.161306829372714,0.137564451518677,0.0736999977707076,0.0954527861931155,0.0619289838347052
2703,0.069404767201274,0.0802779207830804,0.100012898657533,0.113790494321892,0.384748712968911,0.25176520606731
2704,0.0325200057994513,0.208161417541374,0.547840466650352,0.0609322986993226,0.0694559506831782,0.0810898606263224
2705,0.0164331800443981,0.195101082240514,0.372776029434079,0.0294599140539671,0.11759335778176,0.268636436445283
2706,0.0160558863145191,0.0841075084828616,0.173748861806504,0.188161442740274,0.128400958544698,0.409525342111143
2707,0.01435901767544,0.0281415721274738,0.0208115181284285,0.079885401475487,0.760370310891305,0.0964321797018661
2708,0.4574713162179,0.295408606990029,0.0469551896904924,0.0680487042566336,0.101656737024845,0.0304594458201002
2709,0.0502376871257911,0.142038405624788,0.203826262505327,0.0978061927583141,0.119823155667157,0.386268296318623
2710,0.0497761950485906,0.0949036416946403,0.239579391726558,0.069745700663067,0.161332372068606,0.384662698798538
2711,0.0691109179003334,0.137744387195547,0.162108242275144,0.0553205328245116,0.274061611332367,0.301654308472098
2712,0.175089468781175,0.107038969603239,0.0677418011767105,0.130696451590404,0.374813285709221,0.144620023139251
2713,0.167501155280176,0.17504279836314,0.247166568869524,0.0924201726539778,0.103651529890947,0.214217774942236
2714,0.00590800450929064,0.0794046316182462,0.157232681604808,0.0277232771038258,0.107482501458533,0.622248903705296
2715,0.0221009212541783,0.118011891656615,0.313261882250009,0.0760609893773224,0.281554561850076,0.189009753611799
2716,0.0192371190548754,0.0491210676734467,0.0594988525813176,0.0739900849372196,0.5035701623325,0.294582713420641
2717,0.0152556550882777,0.0538673711022182,0.0460624463485194,0.0380875695692185,0.271782225093989,0.574944732797777
2718,0.0342707068365245,0.0906857374568161,0.194769800153132,0.112449357129199,0.21318872178292,0.354635676641408
2719,0.0542693396332063,0.165124479483143,0.199890304287193,0.0751313888088343,0.301397784090088,0.204186703697536
2720,0.108096478254447,0.0841632440199205,0.224331178909067,0.0936840851226479,0.229788707209102,0.259936306484817
2721,0.0157650035114353,0.0544751615804342,0.0928522717333963,0.044488912388329,0.244746020835604,0.547672629950801
2722,0.241873196547688,0.493736364374642,0.129298344826787,0.021222429999779,0.082016199049092,0.0318534652020132
2723,0.0537121399462364,0.156561624445508,0.17452505012596,0.0640913451333427,0.15262156580619,0.398488274542762
2724,0.624784485742707,0.0925869467959655,0.040944993451168,0.14395655738769,0.073459971606987,0.0242670450154831
2725,0.232105553149051,0.372935882544442,0.050121657814724,0.165797171887356,0.123622319778788,0.055417414825639
2726,0.0531295131602003,0.0974671806470186,0.0578840811982012,0.145212188692758,0.570259166057043,0.0760478702447795
2727,0.0231852817556328,0.0638963935494845,0.101710972141593,0.0921156115596596,0.389211062896815,0.329880678096814
2728,0.0234993421671608,0.0729307748791815,0.140722589753233,0.0866033410270066,0.122075968739938,0.55416798343348
2729,0.279154956571985,0.227485935878352,0.0463682431918315,0.0956456938661732,0.275862214882106,0.0754829556095528
2730,0.0257742960532344,0.044292773215152,0.160973381423153,0.0724343403085922,0.23553654179503,0.460988667204838
2731,0.160083137555769,0.15658053474702,0.0627298693975812,0.190462832756404,0.29077130148184,0.139372324061386
2732,0.0398935684128972,0.0921100186059183,0.314375145500911,0.0551460902907221,0.11395704548294,0.384518131706612
2733,0.0855235020787561,0.121695264372697,0.0910272125160871,0.29899241557016,0.335315008946376,0.0674465965159232
2734,0.0114739440857666,0.836996160697123,0.022318479769305,0.00434510889413485,0.0751667277943418,0.0496995787593285
2735,0.0186643506925467,0.31698853100158,0.184808688412888,0.0279620396797781,0.144704134928665,0.306872255284542
2736,0.0333047593860038,0.141599592328425,0.109307575005328,0.128914611725018,0.417561357772911,0.169312103782314
2737,0.145267160701105,0.139675177809438,0.273833444462976,0.150333110391463,0.139874290757561,0.151016815877458
2738,0.0342177182772725,0.0900742933094304,0.147917548364509,0.0392496847063991,0.135092061513314,0.553448693829075
2739,0.156163276966895,0.323347281395334,0.154191223273342,0.0500005442771318,0.21421700086424,0.102080673223057
2740,0.18637263782493,0.357711314534877,0.0824825160153523,0.105956677970104,0.109104135061579,0.158372718593157
2741,0.0411579990595116,0.244945812052659,0.126910368350762,0.0777272387077847,0.332146034169401,0.177112547659882
2742,0.0535031618272731,0.0797702962192804,0.0592816914168069,0.124562395138324,0.531599750708416,0.151282704689899
2743,0.165627153896314,0.232372904177644,0.128455017038484,0.105671671593733,0.227907450497123,0.139965802796702
2744,0.0655811269534623,0.070464725306618,0.060850606910287,0.145188538611346,0.575792333097505,0.082122669120782
2745,0.0203139638667283,0.177512112412949,0.321415491688095,0.0746555648990531,0.147834631686467,0.258268235446708
2746,0.028205731422951,0.0889644500925973,0.118842280454129,0.0310917432380109,0.212992910304768,0.519902884487544
2747,0.0163704405195659,0.0366810898115015,0.0216105550343094,0.0226729310152929,0.640609580135871,0.262055403483459
2748,0.013963112682623,0.0524804424568972,0.0635318160218692,0.0504668468997759,0.60371863863544,0.215839143303395
2749,0.325564317532413,0.151264743492516,0.0746332282116603,0.217348275058126,0.167276851419464,0.0639125842858198
2750,0.0125936018759833,0.0875085712258381,0.391053596876831,0.0340144961598282,0.12695779697084,0.347871936890679
2751,0.271985355648483,0.222518227231568,0.114067576133882,0.0609756006732203,0.257226262936331,0.0732269773765152
2752,0.0320545572107675,0.151437359901282,0.199151523332307,0.128493533093495,0.159845480955947,0.329017545506202
2753,0.0824049936005663,0.088470217804509,0.0348871624743357,0.172453323166924,0.559660586623985,0.0621237163296803
2754,0.0291293202813155,0.27385800124242,0.107054710364406,0.0243542358528713,0.348232844144174,0.217370888114814
2755,0.0040453253901187,0.0127158891424851,0.0436874633948691,0.0113301616959203,0.115981346987346,0.812239813389261
2756,0.00968183580882142,0.0274233801351462,0.063355797613171,0.0240587442105941,0.0592974983645566,0.816182743867711
2757,0.0138763386670439,0.164794060524899,0.0436606463156378,0.0548956437392712,0.35456213192146,0.368211178831688
2758,0.0886853475229044,0.306880379378748,0.167621930697559,0.0272673210544421,0.251444874151677,0.15810014719467
2759,0.0308985396446946,0.22129060505299,0.0698312846281268,0.0246335137700696,0.286802867716643,0.366543189187477
2760,0.539835141346879,0.123652533832112,0.0469385883312323,0.19631956794896,0.0760715864898832,0.0171825820509323
2761,0.10322575415665,0.134368397337978,0.0619790188266891,0.216006148170701,0.323343260943434,0.161077420564548
2762,0.0126853186792478,0.0942144094172224,0.130973976745666,0.0324964836493777,0.403475185680753,0.326154625827732
2763,0.0518817685859825,0.204799617263587,0.310186299791586,0.0537822303600163,0.161188083191802,0.218162000807027
2764,0.0354582660471453,0.040743892486062,0.155959985700252,0.0416243111425234,0.118589267128827,0.60762427749519
2765,0.0196143481606738,0.179187288902633,0.236935330157278,0.030952380172066,0.166737516344042,0.366573136263306
2766,0.0350640506375667,0.18267885682704,0.0807781255257274,0.0464052007659034,0.360357345616483,0.29471642062728
2767,0.0478843798473872,0.118578586213257,0.179961268040536,0.183032545246989,0.176500187468306,0.294043033183525
2768,0.0461514537624356,0.335684658077255,0.402862267089838,0.0285785600886425,0.0624477635358074,0.124275297446022
2769,0.0532451817808242,0.295857466304543,0.171452648859119,0.0844594442692238,0.255537127962688,0.139448130823602
2770,0.00774945567033643,0.055855488166793,0.137947439655092,0.0563743559160799,0.178427074157703,0.563646186433996
2771,0.0318532240274136,0.156598241487319,0.517137842359634,0.0681857519560779,0.0887870569029439,0.137437883266611
2772,0.0515363777389853,0.111646122840757,0.0976960303045029,0.183581502639727,0.384405337355872,0.171134629120155
2773,0.101209860075798,0.287724479093866,0.101623278298539,0.0602584033270411,0.325283088846053,0.123900890358702
2774,0.0591971058036681,0.410141067039306,0.0719857071485246,0.0511158542207522,0.214530972021195,0.193029293766555
2775,0.00652052044758884,0.0302796123711911,0.0674033315316224,0.0178318943164946,0.140773100366088,0.737191540967015
2776,0.013301085897397,0.0452073589003842,0.0812543956553801,0.0896915267018405,0.306182889917028,0.46436274292797
2777,0.00642605709659359,0.0214730948999903,0.0572673443810544,0.0237676360392003,0.0830511712836401,0.808014696299521
2778,0.114009532744388,0.122665276611127,0.136375825175155,0.0910979493934294,0.156438939067457,0.379412477008443
2779,0.0476459125340038,0.0715090211741922,0.345581178169319,0.15149537599148,0.127235513316687,0.256532998814317
2780,0.0351188092139333,0.21092502469544,0.255519220185233,0.0454415639601545,0.121765968400112,0.331229413545127
2781,0.0149190719292001,0.0386346937294984,0.0610125522534235,0.142401538890693,0.466841113264362,0.276191029932822
2782,0.0186049530864281,0.0699163968787611,0.210482893676497,0.0354557761284897,0.142976453899775,0.52256352633005
2783,0.106611456511872,0.411376503026244,0.138618366285208,0.0943789084812458,0.171913245291523,0.0771015204039062
2784,0.114488287608913,0.209983478026002,0.044313398766382,0.117935203623182,0.457713752662221,0.0555658793132998
2785,0.00530768831480429,0.0186077598303404,0.0402290541671434,0.0391322468178746,0.231971646592616,0.664751604277222
2786,0.0168547818167961,0.0709824484058748,0.053676197107061,0.0623991379191902,0.379559767510676,0.416527667240402
2787,0.00792879196621441,0.0326053294750871,0.0531252714407056,0.0193990153199552,0.133292038551741,0.753649553246297
2788,0.0239365705135443,0.0861083296729,0.201823967819058,0.0539077654810834,0.131370909076534,0.50285245743688
2789,0.0652331144287107,0.0683701729037964,0.2819207550898,0.0982867872506133,0.233503340528786,0.252685829798294
2790,0.0726087574328045,0.111643435357993,0.0687939715000741,0.143170207143489,0.387498801401884,0.216284827163756
2791,0.261803319202201,0.136728748227253,0.0564089475523062,0.220123800672689,0.249911487236917,0.0750236971086332
2792,0.537100891585967,0.305309050410032,0.0201422637362709,0.0376994405119281,0.0805615693147994,0.019186784441002
2793,0.0153059175139307,0.0825197027064533,0.0574281222339659,0.0370650924732523,0.451966155225632,0.355715009846765
2794,0.491575091891062,0.233371316653925,0.0537244258445674,0.0505408099150817,0.134050588059489,0.0367377676358747
2795,0.415636026681812,0.0892333449091463,0.0459954134681929,0.323806826427367,0.0965667940472054,0.0287615944662768
2796,0.0102465624410208,0.031326151425938,0.0991785518459259,0.0272558046920232,0.160166432228207,0.671826497366885
2797,0.046221304263012,0.0849712774731708,0.104115288012091,0.129355044470711,0.231439422895904,0.403897662885111
2798,0.0235407221879549,0.178458639241137,0.161139796149703,0.0187574060668973,0.306712852575556,0.311390583778751
2799,0.158914443706007,0.179918238341371,0.268057037967359,0.0521647598017799,0.175923717197899,0.165021802985584
2800,0.0156526641735189,0.0261458197247084,0.057785575129234,0.0457108172302059,0.170858444958243,0.68384667878409
2801,0.00975112333973802,0.0215741005481535,0.0403104774352438,0.0223010008586183,0.363389163085324,0.542674134732923
2802,0.0293478863478534,0.0626976216931002,0.0762802707729318,0.104854088434705,0.233168986400556,0.493651146350854
2803,0.0455953788154918,0.628169949546935,0.0631677611923011,0.011481195824921,0.155484802313948,0.096100912306403
2804,0.0251693403293535,0.094264483123094,0.13348990010259,0.0875779709436166,0.321295128583402,0.338203176917945
2805,0.191766727815335,0.173660059519502,0.301884835198033,0.091346212792404,0.124939636485926,0.1164025281888
2806,0.105820097957134,0.0977606391405811,0.0741941888619377,0.303570452813961,0.230790845323012,0.187863775903375
2807,0.0908564907917372,0.140655224434425,0.199870105434253,0.071538250670666,0.181807161383467,0.315272767285452
2808,0.00981929037664397,0.0347097029817093,0.0664885273509772,0.0367778051976073,0.186002734494624,0.666201939598438
2809,0.0537519864079351,0.0775181717169511,0.328172382471194,0.0691508167518712,0.0778597718637001,0.393546870788348
2810,0.0128419411306385,0.0360986879993999,0.0506496619537784,0.146034649360133,0.429311049337087,0.325064010218962
2811,0.0139433154705941,0.173306521415081,0.208236859453621,0.0453617534034617,0.203453986073949,0.355697564183293
2812,0.313304327060937,0.268255212169019,0.17033640514488,0.0950717131494314,0.106736901611388,0.0462954408643446
2813,0.0722692694023822,0.124388231478571,0.123242497249494,0.12792619774629,0.251851158381976,0.300322645741287
2814,0.0169807554051143,0.208985667098376,0.247645678763821,0.0428132755015024,0.194545422411241,0.289029200819945
2815,0.0296195949361252,0.0806527028749646,0.159004239437001,0.0402864274628447,0.141767545508801,0.548669489780264
2816,0.312125413730239,0.175897330633447,0.272404986289257,0.0831340283422361,0.120590121637875,0.0358481193669462
2817,0.0548990578134814,0.405335527999649,0.0972615541344269,0.0615888665403837,0.207743986184727,0.173171007327332
2818,0.213372286422503,0.385683969100521,0.16759279836157,0.0345751510634226,0.0917442194778191,0.107031575574165
2819,0.400070185322283,0.384691009814477,0.0310042815687591,0.0483165465799438,0.105656439048177,0.0302615376663602
2820,0.332811967860794,0.233449241068161,0.300429665969058,0.0499609187818771,0.0523138474708944,0.031034358849216
2821,0.0110641726894681,0.0579661602526792,0.0400491620069732,0.0178388077451759,0.387507362502739,0.485574334802965
2822,0.181147279721494,0.24144487993894,0.155768870902531,0.0597523861238778,0.242775878900471,0.119110704412686
2823,0.0548436964714179,0.105374781291316,0.0888161275882935,0.09444059353383,0.259177867877554,0.397346933237588
2824,0.0225737194085458,0.119653317821791,0.179896039861913,0.0442325459785557,0.254201776882254,0.379442600046941
2825,0.00885733868938819,0.0968067457771197,0.180021859046659,0.0359284256883514,0.0952587097770759,0.583126921021406
2826,0.0364745863309542,0.18702720673591,0.0624453353285386,0.0544631725242778,0.460515864622521,0.199073834457799
2827,0.167688898126494,0.44783268201841,0.105372441307679,0.0230457848225728,0.140754279913991,0.115305913810852
2828,0.0175509837975121,0.142892327438947,0.0701733909343295,0.0403960995748802,0.409192172102743,0.319795026151588
2829,0.0245475179141953,0.041114932275606,0.037087624680365,0.175054040594084,0.610351546693298,0.111844337842452
2830,0.00997395038758326,0.0390934693494411,0.136294457638452,0.04176509066742,0.165823879100634,0.60704915285647
2831,0.339562659975195,0.396769700580558,0.107566568014855,0.0450275422043982,0.0648355336836121,0.0462379955413825
2832,0.0261452915815247,0.286052688605439,0.247277293749732,0.0214731678579003,0.201668580720627,0.217382977484777
2833,0.115441943745817,0.0994158400334519,0.135158917858685,0.11426947602869,0.29707101034142,0.238642811991937
2834,0.0175322162064919,0.0658966382573617,0.123879357625452,0.0528910331528806,0.205998157194445,0.533802597563369
2835,0.237903923213813,0.292984656701142,0.055112315375819,0.107186568932711,0.196002912941081,0.110809622835434
2836,0.0200678258644002,0.0617680076676297,0.0601679648133246,0.0530075983934653,0.311150010565697,0.493838592695483
2837,0.0334674874937074,0.255560853622371,0.310831581533047,0.0581986574740761,0.180178575577278,0.161762844299521
2838,0.18209717340323,0.190152211334165,0.186913328335105,0.13294987506975,0.0973221576649907,0.210565254192759
2839,0.157753714018912,0.207716732041964,0.166812610963445,0.124981995318224,0.182771398934371,0.159963548723083
2840,0.164938620967397,0.0799577797739441,0.125666894111148,0.222179595203113,0.206953989048776,0.200303120895622
2841,0.38791309450458,0.134359121519435,0.0958613431836652,0.10043705217516,0.17323458458566,0.1081948040315
2842,0.00788471468476323,0.0312722350343081,0.0341712637704546,0.0401422182109107,0.421246288492009,0.465283279807555
2843,0.155246159252738,0.129213510438641,0.148792059521553,0.167773476613093,0.142741419090459,0.256233375083515
2844,0.025417937425869,0.0475177564017602,0.659242282402152,0.0239181452195485,0.0501951262905114,0.193708752260159
2845,0.184656697173493,0.305211672751645,0.157998036939329,0.220275558910393,0.100710401668992,0.0311476325561477
2846,0.0175101902953565,0.040545565690692,0.0524167651556532,0.038945141924208,0.390392622993352,0.460189713940738
2847,0.00964449536869412,0.0312002004915381,0.0275208388836225,0.0291285153711211,0.437518124829729,0.464987825055295
