"CUS_ID","F20-","F30","F30+","M20-","M30","M30+"
2501,0.0913504413412487,0.305515703248974,0.134579803716662,0.0471257342918395,0.169374630916883,0.252053686484392
2502,0.0443279523671214,0.133322426102191,0.141959544237835,0.107426399351665,0.394316067808854,0.178647610132333
2503,0.0646483674143414,0.462999094256325,0.0991510352443197,0.0551193591980588,0.210207619703025,0.10787452418393
2504,0.388840038676671,0.152442750301087,0.162265491242818,0.102839648585915,0.10351233210728,0.0900997390862291
2505,0.0412163181915074,0.120784507736555,0.223002276207506,0.0604184738416391,0.131322060650103,0.42325636337269
2506,0.0288511440942703,0.270761866855249,0.143816885371566,0.0511485835323199,0.195450383420153,0.309971136726442
2507,0.0176364322015157,0.0455450045837964,0.132997876125302,0.0306078864034411,0.139861283291569,0.633351517394377
2508,0.0168451037833341,0.0603645017726393,0.0697040936201848,0.0483988425312651,0.355763244569089,0.448924213723488
2509,0.0241827720837825,0.0545909552497472,0.173195786350298,0.0557630818713998,0.15512031047825,0.537147093966522
2510,0.0233159176902914,0.0911917884843196,0.062468513962552,0.0397023554096246,0.266012693767009,0.517308730686203
2511,0.807267340697428,0.0687754688701981,0.0324087636928558,0.0520876791979301,0.03076037403137,0.00870037351021827
2512,0.0550171369333452,0.143408576528326,0.107110109196695,0.101821396318253,0.451550750553395,0.141092030469986
2513,0.00832510808430981,0.0226859475089006,0.0663777927844795,0.03936454275824,0.320107691488323,0.543138917375747
2514,0.122219042015981,0.696124943429286,0.0326218375081781,0.018292196308582,0.0981743741860115,0.0325676065519611
2515,0.0165410785703404,0.0309319278432625,0.0517991245911589,0.0318819523985754,0.155450914269465,0.713395002327197
2516,0.0535166916241913,0.107622851727897,0.080330110656512,0.142741702369641,0.352493324830934,0.263295318790824
2517,0.041369862230173,0.440587703523395,0.0884466771192689,0.0201359017209631,0.141581614093133,0.267878241313067
2518,0.422351424947668,0.233488831601832,0.122193617350039,0.071360540705778,0.0783857944350935,0.0722197909595898
2519,0.0472069811745692,0.833124148214168,0.0257347471470457,0.0114654570598292,0.0415944744253446,0.0408741919790428
2520,0.0270789203221784,0.0272183399731904,0.0352751976235319,0.122264275179973,0.586515933355393,0.201647333545733
2521,0.0752616593173014,0.147160634720614,0.324061793238675,0.10527368863127,0.161825521513639,0.186416702578501
2522,0.445593195129364,0.173741810322733,0.123728516108862,0.0703073557415067,0.104928740300259,0.0817003823972751
2523,0.0495396184066089,0.42495313758296,0.0650300206125551,0.0365325985406812,0.227721112450607,0.196223512406588
2524,0.0682060040513497,0.169622925470435,0.271800698068461,0.0798238349091828,0.162876025480521,0.24767051202005
2525,0.131398798132785,0.0753764343456628,0.0907899624774107,0.338215537815103,0.302554693077205,0.0616645741518341
2526,0.146238409121666,0.232754439704656,0.0695906845968851,0.131083213323113,0.298769928953836,0.121563324299844
2527,0.480012877668843,0.169403194101086,0.114429964044416,0.0481384387350398,0.104077920725106,0.0839376047255092
2528,0.0114179448392662,0.0282329856607235,0.107756560977636,0.0556549131585431,0.218394763648708,0.578542831715123
2529,0.0865207730710975,0.128119928648686,0.276646622004994,0.0775382545493497,0.120823892634174,0.310350529091698
2530,0.0128467417817925,0.0540561828860288,0.243216998492523,0.0580621311000483,0.133841951388393,0.497975994351214
2531,0.0277238724766953,0.154192746854647,0.111166050121037,0.113608846843259,0.288781035904091,0.304527447800272
2532,0.0474881604209032,0.199031232803671,0.123386001900434,0.0496631730283598,0.220667242352526,0.359764189494106
2533,0.00835616235189642,0.0246442530044761,0.0959938726217785,0.0197845889108968,0.0493969207897627,0.801824202321189
2534,0.208257932485661,0.0605746064293182,0.0772961733687582,0.449570365919468,0.0954036138812751,0.10889730791552
2535,0.0442488217875074,0.113595472063566,0.229184203494003,0.0546784243940838,0.202838604953089,0.355454473307751
2536,0.184027614674332,0.276321204995205,0.127322354904605,0.0688533810626837,0.16164678006769,0.181828664295484
2537,0.0544770640011452,0.745538579357209,0.070773648469182,0.0109785345523449,0.0644726447653694,0.0537595288547496
2538,0.184592328693297,0.10479086195539,0.0873228011085644,0.0970343875547072,0.265828073523345,0.260431547164696
2539,0.269980829316114,0.224710124973101,0.213545061407099,0.0488746285333892,0.113152328150823,0.129737027619475
2540,0.249074527905423,0.122707788938506,0.0672884990296773,0.216174279468832,0.29502527823346,0.0497296264241012
2541,0.167682941546311,0.0742167240764743,0.0497444526487073,0.312317449342859,0.326198695164196,0.0698397372214515
2542,0.0710269314637648,0.522059388266479,0.0750410346486352,0.0572076536984045,0.199970217262224,0.0746947746604931
2543,0.016023231966552,0.0373000518570583,0.0695665650245221,0.0164162166618545,0.140758292506193,0.71993564198382
2544,0.0748419318299564,0.18035500336166,0.157608957206794,0.214188151306661,0.168705107662737,0.204300848632192
2545,0.0463556243952883,0.340050456226268,0.0952295910902328,0.0250087363681558,0.319313926444363,0.174041665475692
2546,0.0359739177376817,0.0389035723035493,0.0198359029038659,0.186865930702816,0.618431608219636,0.0999890681324503
2547,0.070878390245555,0.142897620098262,0.412705828668658,0.0695249127312056,0.110468569611195,0.193524678645124
2548,0.0483012265671613,0.094659220461754,0.157221240110442,0.200181886548063,0.368203412062397,0.131433014250183
2549,0.00753530293089019,0.0374071928602182,0.0396465521526255,0.0474415442725434,0.277938054119,0.590031353664723
2550,0.0207576297899294,0.0211829868466421,0.0236030167004539,0.133308188145601,0.602750520564604,0.198397657952769
2551,0.160398669704635,0.19579186568239,0.0862346398117919,0.207513020311985,0.212501316311985,0.137560488177214
2552,0.158775970903833,0.322001358776522,0.201508244640995,0.0663099684052391,0.116731058735405,0.134673398538006
2553,0.354762808094557,0.306781869250848,0.04764630759978,0.118805747204747,0.132621524727873,0.0393817431221963
2554,0.143492056412476,0.296690221410166,0.136886287480035,0.110646780604907,0.231271525940267,0.0810131281521495
2555,0.0265513056626529,0.143127068285629,0.150488852286539,0.0841821280570805,0.379783514742116,0.215867130965983
2556,0.111799709261687,0.367345918277545,0.251406026986536,0.0680009305781508,0.085280499715798,0.116166915180283
2557,0.341521235289961,0.193113570093089,0.273596120785302,0.0837356162746586,0.0739329494217849,0.0341005081352045
2558,0.0464091339390815,0.130340898888256,0.594269351767111,0.042732337806815,0.0814589516587985,0.104789325939938
2559,0.0695665628546137,0.451423897793202,0.17380779381124,0.030714433436045,0.100875278766814,0.173612033338086
2560,0.0143419075526442,0.148924722504935,0.117518831114751,0.0432577505256685,0.171012305676729,0.504944482625272
2561,0.0384126162577679,0.0778364292187967,0.212664374137239,0.0357862882739724,0.158755183784787,0.476545108327437
2562,0.255735689274541,0.410580930637999,0.0522869031751025,0.0675145519255012,0.171207061331564,0.042674863655293
2563,0.296579417072387,0.153324131373435,0.187639902322914,0.133726770190723,0.141577032366424,0.0871527466741158
2564,0.116658892826757,0.096190225734198,0.093680004732403,0.198938540441444,0.294848339837777,0.199683996427422
2565,0.0253129391539967,0.0620194226964636,0.116733063395381,0.045784401597798,0.176385264344138,0.573764908812223
2566,0.0260987834797615,0.0519710044209908,0.0975505432982734,0.0979091997808056,0.265623789719038,0.46084667930113
2567,0.0372648328427721,0.133350095917202,0.115447817533115,0.0828778240638611,0.148144708247254,0.482914721395796
2568,0.00693976940713727,0.0510169131509658,0.0938098814780645,0.0397233512053053,0.243788884388919,0.564721200369608
2569,0.045621567540201,0.133841116782644,0.243113084889388,0.0339898258009518,0.167046241620553,0.376388163366263
2570,0.0568160641690665,0.448589600782223,0.108420326726381,0.0313195633267114,0.148758892644862,0.206095552350755
2571,0.068237700136241,0.0617990159974067,0.0404707987340909,0.311420031233271,0.344651613436514,0.173420840462476
2572,0.102165984772167,0.127488062142237,0.21095639308164,0.174708805432911,0.143580760644892,0.241099993926153
2573,0.100427011770031,0.272538290991164,0.13372291439962,0.0425942459169186,0.164592696783919,0.286124840138348
2574,0.0223090902837797,0.0463777248858752,0.0493191305353001,0.221334573914452,0.542747176852715,0.117912303527879
2575,0.019494378409916,0.0248938533722655,0.017486207410086,0.117565836711268,0.679381758363214,0.141177965733251
2576,0.257123031612315,0.344412449974767,0.204310014865359,0.0720626789507762,0.0498226172012717,0.0722692073955099
2577,0.0443512069386574,0.254644585643366,0.3265900654242,0.0349019751584391,0.118483674505268,0.221028492330069
2578,0.00837620802317266,0.0215040147938347,0.0766327493158742,0.0229532847589293,0.0695203478893305,0.801013395218859
2579,0.269331571959937,0.244033584940865,0.201115876945201,0.0670983338061741,0.138344211030514,0.080076421317309
2580,0.0733258979269547,0.326175323647187,0.121658751330579,0.037963447441372,0.192051790228881,0.248824789425027
2581,0.0179615088454417,0.0481854487929768,0.0785593616934971,0.0742215855958683,0.309059807274533,0.472012287797683
2582,0.218530999831869,0.504684791613163,0.0648894491741301,0.0320259189557525,0.104634588560403,0.0752342518646823
2583,0.0846902390433546,0.579968385705763,0.183873114516594,0.0201597567856324,0.0652298166190906,0.0660786873295648
2584,0.215690913040612,0.683238694187308,0.0328903936154334,0.00944433277226293,0.0369235315487389,0.0218121348356444
2585,0.0368552838288107,0.083795053651599,0.0868284704312105,0.101137749745936,0.391717604041653,0.299665838300791
2586,0.0385536247089571,0.265409203957366,0.102919582660538,0.0377277075698385,0.15959234069574,0.395797540407561
2587,0.205632337514693,0.0728602992214467,0.0709502166306461,0.250429847365368,0.303759080984327,0.0963682182835195
2588,0.0328766823225966,0.0270744415814875,0.0359777321779562,0.153890082622005,0.664372875079454,0.0858081862165005
2589,0.0559863797337924,0.0818782426906226,0.0713701086783842,0.185677750147254,0.515874320813331,0.0892131979366158
2590,0.0197400702583836,0.0633138144057784,0.128326234487709,0.0973060574756237,0.243551661612414,0.447762161760091
2591,0.0919318561947954,0.140142542008415,0.357627412375069,0.0643937533764416,0.0821723584836388,0.26373207756164
2592,0.0165669027924082,0.0359788566648236,0.0303566965892554,0.0975750182828856,0.730120737356212,0.0894017883144154
2593,0.121308875601187,0.212309025738531,0.0978433550067592,0.0957312733967887,0.258377227675482,0.214430242581253
2594,0.0581553927044756,0.0668256081233198,0.0693523021052745,0.035320661776728,0.282098601117428,0.488247434172774
2595,0.139550898836351,0.134308961416024,0.167640039775278,0.191141587057801,0.185726021658774,0.181632491255771
2596,0.688327847849729,0.0817508934362332,0.021497629282481,0.149384833695925,0.042869854011918,0.0161689417237138
2597,0.0156494877929949,0.0429297008128929,0.149414233921164,0.0471909921131241,0.207502627849117,0.537312957510707
2598,0.0271428217152752,0.0955864581405926,0.0696747060923791,0.0242163127972421,0.134471990059315,0.648907711195196
2599,0.299264587306953,0.274306966018435,0.0711097109635822,0.076219545155814,0.185799076272422,0.0933001142827935
2600,0.0231377161294097,0.0900641434771503,0.104079356143604,0.115018423663382,0.511371581166401,0.156328779420053
2601,0.0465829022075029,0.097686822474412,0.25389068862978,0.0664361700242746,0.142863240660102,0.392540176003928
2602,0.0234788409053338,0.0964822525206814,0.114951835108818,0.0497879760436987,0.175426842993486,0.539872252427982
2603,0.0505090587840734,0.647998680640014,0.0395751795119089,0.039317681578182,0.130452827233089,0.0921465722527326
2604,0.0743775501931632,0.117233541518977,0.339820436030269,0.16846343775563,0.148217972260467,0.151887062241494
2605,0.0458064312868481,0.172356449928686,0.2198633068398,0.0850770637411316,0.221929159822931,0.254967588380603
2606,0.0382388818300398,0.082269287362816,0.18700242809193,0.0454182399750201,0.163323038666221,0.483748124073973
2607,0.0157563148273637,0.0228810855722578,0.0702745408650843,0.0374409002209793,0.148299899762497,0.705347258751818
2608,0.160771117558314,0.177295504343689,0.0745344234805504,0.174719554387102,0.200867664456506,0.211811735773838
2609,0.016274580360831,0.0366437752514255,0.0413029563300434,0.11653808397071,0.546866743116146,0.242373860970844
2610,0.0648726957846641,0.162838094207168,0.0615032306667365,0.204991627982608,0.323349671343363,0.182444680015461
2611,0.023477995782,0.14378779683409,0.280690058920272,0.0838021201095201,0.0793571665019376,0.38888486185218
2612,0.0493001435961248,0.178832830014123,0.169629478012207,0.082768480063792,0.176528376254745,0.342940692059008
2613,0.520983594774989,0.29712523453995,0.0358547523600347,0.054508156465516,0.0732389850343382,0.0182892768251715
2614,0.104847537004679,0.108732900208905,0.0748449537286188,0.12386276386253,0.247168159197369,0.340543685997898
2615,0.448093748824173,0.188436230929565,0.149233091792591,0.0726503068649314,0.0874342211689692,0.0541524004197696
2616,0.0197161689031687,0.0557279715650322,0.0511927672682356,0.0625691886911508,0.409783943155504,0.401009960416909
2617,0.240741358197989,0.371493814349328,0.164878059944333,0.0461174125849982,0.108408398119457,0.068360956803894
2618,0.0585763339454733,0.0964872127563195,0.0942566315320391,0.0898321786060256,0.399189938220501,0.261657704939642
2619,0.0189826934349686,0.0206726460197706,0.0185974536011743,0.110677813316526,0.664570296243944,0.166499097383616
2620,0.0203372850709155,0.123314668733201,0.241925415453128,0.0586422311423331,0.291695849750016,0.264084549850406
2621,0.0495923935056493,0.101972461994362,0.0671860008788875,0.155831489829587,0.496372399363504,0.12904525442801
2622,0.00934134659310379,0.0183949182406484,0.0377241698937331,0.0241225988948043,0.138435521422372,0.771981444955339
2623,0.372145367729008,0.254585096856205,0.0407264362409315,0.0818776073462203,0.201081620145091,0.0495838716825444
2624,0.0338101000977237,0.0908079706864948,0.135887651769559,0.0635915796184395,0.23270639937642,0.443196298451363
2625,0.166905636901494,0.360868375113668,0.274742955227502,0.0412380140095206,0.0792437522472181,0.0770012665005972
2626,0.0123858871442215,0.0317396253630482,0.0621337630181974,0.0294012461300464,0.1104903891459,0.753849089198586
2627,0.113953734971596,0.217313799448654,0.305166541271069,0.0580261346462274,0.130862964218651,0.174676825443803
2628,0.131419100430861,0.258851803509884,0.0983481782072662,0.184832466009835,0.250287790585512,0.0762606612566413
2629,0.0402523259923344,0.142162667364342,0.109395663757336,0.0471382352751954,0.305329745266805,0.355721362343986
2630,0.208634306166782,0.119890734431012,0.168051607468511,0.0871879806511415,0.183199593392029,0.233035777890525
2631,0.0291165663474185,0.242033231443589,0.225974674518861,0.0491483216212833,0.172703127002916,0.281024079065932
2632,0.0113517455153902,0.0334576889657733,0.0754564504874743,0.0333554425281283,0.118605919521966,0.727772752981268
2633,0.133094263015003,0.450127403097224,0.0750108719310417,0.0787397062271253,0.170520444922194,0.0925073108074119
2634,0.0525968324254414,0.0896361736127416,0.252569367018093,0.0862395843638573,0.142028830332403,0.376929212247463
2635,0.0302835436544522,0.116580990183787,0.108443023303556,0.0534590737782429,0.46624787894023,0.224985490139732
2636,0.0373480371717875,0.0647888899674572,0.166338694498416,0.132476066233557,0.271427783889345,0.327620528239437
2637,0.0333062159326245,0.0768943252031714,0.0389499625864445,0.0480966675781941,0.655250405419987,0.147502423279578
2638,0.0593406747683551,0.0422732065645843,0.0945557643320619,0.346009518869982,0.218651992471191,0.239168842993826
2639,0.114675100938121,0.0889963256665358,0.0487938472480186,0.303948566419028,0.344916094416771,0.0986700653115255
2640,0.0289594724015976,0.0402781696575557,0.0520523007106235,0.035035070349587,0.117484165629764,0.726190821250873
2641,0.138699986704813,0.133858393071607,0.171453883383485,0.11444968815118,0.267026314827368,0.174511733861547
2642,0.0232927139992625,0.124358013759244,0.128125952630614,0.04576001871904,0.163765155300383,0.514698145591456
2643,0.29697782017877,0.478647657647411,0.0167140468989762,0.0763656813406461,0.0961466260388948,0.0351481678953019
2644,0.0104444243574245,0.184572039606828,0.0614905631824486,0.0205214800148716,0.20551004049384,0.517461452344586
2645,0.0301179082636844,0.0593919553985021,0.0425460281487989,0.0817816783721418,0.366901975927849,0.419260453889024
2646,0.0107554325857073,0.0301072118605723,0.188849034762018,0.0265837915286056,0.0635994106657016,0.680105118597396
2647,0.0484454243786083,0.0853664637081376,0.1198902192467,0.118168326889397,0.235642381462326,0.392487184314831
2648,0.179584918030917,0.242971097515355,0.393914448242773,0.0620424794659587,0.0544541204399101,0.0670329363050864
2649,0.0443082856761789,0.0482891451660682,0.113959204897052,0.0842041768709829,0.232900397863787,0.47633878952593
2650,0.0743498179021309,0.0790085304385632,0.199967003746245,0.0892631959727741,0.161537487377328,0.395873964562959
2651,0.0206590841302409,0.0550345747291788,0.0417380493346592,0.0703404607587095,0.484719623411807,0.327508207635405
2652,0.0312249082833069,0.133543231935711,0.0773814020221306,0.0681659670621484,0.422363153474402,0.267321337222301
2653,0.353191012625417,0.229874376275023,0.082957652764106,0.0627160986454472,0.165077787467985,0.106183072222021
2654,0.00798290220545357,0.033332171051192,0.0730962442632512,0.0334290283331707,0.0944410692585222,0.75771858488841
2655,0.488323575053811,0.225001374682115,0.0412197364519728,0.07808926105905,0.130497999176113,0.0368680535769391
2656,0.0163946720021773,0.0860034168884035,0.0705987194861052,0.0408256561973535,0.383130498608682,0.403047036817279
2657,0.027145957413642,0.0472376676329645,0.165953136595749,0.0556536969200618,0.123840452480434,0.580169088957148
2658,0.15826220202442,0.123606576059889,0.0883932712585141,0.356122857810199,0.165211916371768,0.10840317647521
2659,0.263946979891066,0.128892714488656,0.128623817311746,0.307483152094595,0.0985581581767551,0.0724951780371824
2660,0.0202489243142999,0.0346706720939406,0.0475396926494066,0.0611450787200802,0.20832972451054,0.628065907711733
2661,0.0174489555183756,0.0539980687803556,0.193873943824906,0.0694264806517185,0.126478440901052,0.538774110323592
2662,0.0135669204345562,0.0737281513254236,0.114702290157524,0.0281424961040564,0.175522390895446,0.594337751082994
2663,0.00923120206594772,0.0305004556114,0.0607110960210242,0.0513257850801606,0.339742920100254,0.508488541121214
2664,0.0569373959681685,0.131565945042165,0.051193912652229,0.118296155209699,0.479564696191182,0.162441894936557
2665,0.234960326955478,0.264868648042959,0.15927820484999,0.077064762293342,0.157645904472419,0.106182153385813
2666,0.0141419223986364,0.0302154482729024,0.149396638932004,0.0276244596310231,0.0437866584799849,0.734834872285449
2667,0.0638970493389624,0.145060624856465,0.37101113977842,0.0843895159917646,0.167469486910928,0.16817218312346
2668,0.0183902508494947,0.0917627909108658,0.317868430271429,0.0321123788583922,0.104388719299617,0.435477429810201
2669,0.0385285480696646,0.265576385204764,0.131012061433725,0.0244196346386891,0.154862848810787,0.38560052184237
2670,0.0133314937096532,0.0505600562894788,0.160820967064852,0.0387387934970061,0.16030911029575,0.576239579143261
2671,0.0455804357378876,0.0681845014803703,0.056318509688907,0.119280536559235,0.239557442246631,0.471078574286969
2672,0.0192067479739048,0.0612049341098442,0.185166910561224,0.0365759111308645,0.124624021949395,0.573221474274768
2673,0.262339510142077,0.333750850619787,0.053088390397555,0.113234103911488,0.180485176609675,0.0571019683194175
2674,0.0368436989509842,0.0585417489801225,0.0944455621052667,0.210967583061169,0.314385073627078,0.28481633327538
2675,0.592370264636257,0.20755314826909,0.0148337114733361,0.116656839625809,0.0466152714079079,0.0219707645876008
2676,0.0379785870308946,0.053518372170622,0.0911602424535922,0.187117922464383,0.368134864206375,0.262090011674134
2677,0.0941897414115915,0.145457521685929,0.238019558299846,0.170127302309044,0.169838648654671,0.182367227638918
2678,0.0419654472606084,0.117920919796961,0.246545194789787,0.0725514585987795,0.281031876410768,0.239985103143097
2679,0.00430918694298271,0.0105171630209352,0.0324303314566546,0.0318553587925332,0.300349323226445,0.620538636560449
2680,0.0874018847130759,0.130063460926251,0.32274566833711,0.234808300023827,0.119188796026458,0.105791889973278
2681,0.0653702763256108,0.238788046271093,0.13363083799756,0.0562972680602081,0.23338415576857,0.272529415576958
2682,0.0158814158933001,0.0323976326071477,0.135380919101135,0.151571578711224,0.167044771964158,0.497723681723035
2683,0.520609304925302,0.235022270342283,0.050651546662499,0.0875214723008018,0.0817417527023261,0.0244536530667883
2684,0.0197867550558448,0.0442923457362707,0.0684569418794709,0.0882663398633498,0.36123725657234,0.417960360892723
2685,0.0938620611567055,0.0786362954521972,0.258410936113907,0.0638348193222607,0.083029905462882,0.422225982492047
2686,0.0128522081817008,0.101507883458258,0.149919041306964,0.0265595906024268,0.146307502556564,0.562853773894087
2687,0.432414707740619,0.191303392964415,0.0593268062500144,0.150908548361128,0.130514160309197,0.0355323843746261
2688,0.0369961855800979,0.172398913864884,0.0803509196082119,0.151951130811953,0.324722031399766,0.233580818735087
2689,0.115504566388642,0.604991396384738,0.0502122104265888,0.0580675834000278,0.129476728198343,0.041747515201661
2690,0.0136802500965845,0.0324836485351147,0.0639216874612932,0.17966869531224,0.467716522890831,0.242529195703937
2691,0.0478525499113365,0.181217932424763,0.0825346422754248,0.0508214819841309,0.302384224552455,0.335189168851889
2692,0.102605668486842,0.105460550237909,0.223709872647722,0.109476450042178,0.165888256609394,0.292859201975956
2693,0.0272557598243115,0.0714279804100119,0.184136024668195,0.0548685926565943,0.105287607820502,0.557024034620385
2694,0.00986543501077429,0.0286685931428103,0.0547872827397039,0.054570042402845,0.254902058148761,0.597206588555106
2695,0.658877496366838,0.156782600739682,0.0310184201487476,0.0732851993756753,0.0582046157056656,0.0218316676633921
2696,0.0256815616508492,0.132356701283956,0.256084927200931,0.0505780294638017,0.0838220404921623,0.451476739908301
2697,0.072498597163397,0.232734263614379,0.257198502312157,0.0589440880708899,0.118720886487823,0.259903662351354
2698,0.0197323092496455,0.0651286392781359,0.204789439314199,0.0413076321437114,0.26132039408659,0.407721585927718
2699,0.0297402050114169,0.203079782057139,0.353359961169013,0.0368949027571442,0.0879303888511624,0.288994760154124
2700,0.00471604065035578,0.0483463149820906,0.0292736630397506,0.0179416478770348,0.311055224369992,0.588667109080777
2701,0.0272971694177868,0.0292145057247217,0.069848303387165,0.128042464939641,0.209852051913156,0.535745504617529
2702,0.52624115753303,0.148624767162302,0.134013418508616,0.0730111511871435,0.0618733019085159,0.0562362037003923
2703,0.0811509076622427,0.0800343145437267,0.168669267466911,0.122333109586106,0.322951056445696,0.224861344295317
2704,0.0525057614531088,0.209014286947785,0.474240288518336,0.0544511333966874,0.0929859214358472,0.116802608248236
2705,0.0205303611738295,0.173449208391382,0.415568229644738,0.0314110909440853,0.099864458299003,0.259176651546963
2706,0.039664262661412,0.0734484333729005,0.187918897541141,0.180778543588189,0.162983687753093,0.355206175083265
2707,0.0151398110263855,0.0173613213970021,0.030874763787051,0.0499051359662149,0.669812268367652,0.216906699455695
2708,0.272604421692834,0.315714632974403,0.0776267112302068,0.107967261351019,0.176749121548721,0.0493378512028149
2709,0.0539447254999867,0.173381499175663,0.404040302855882,0.073056730446381,0.0773076599349192,0.218269082087167
2710,0.0885943325088157,0.127170915803871,0.29394826280941,0.0805275913338463,0.140078283104348,0.269680614439709
2711,0.0494483750269324,0.103499460478123,0.114370865664349,0.0766265764933258,0.303280961805598,0.352773760531672
2712,0.147856911407134,0.127650562125154,0.0953333698304533,0.213147159720184,0.303000624441781,0.113011372475294
2713,0.0770563249307817,0.188158365536398,0.299668797241139,0.0653706841493824,0.123773549938431,0.245972278203867
2714,0.0118449048497964,0.101959596344894,0.187434296513557,0.0309891601967323,0.234586958072917,0.433185084022104
2715,0.0447486281780188,0.113747434364594,0.426664324563573,0.0609169225859343,0.17932552453442,0.174597165773461
2716,0.0393829150687685,0.0518836570588465,0.0947935697266086,0.087409259708252,0.351091313100122,0.375439285337402
2717,0.0131342711053709,0.0241613326156248,0.0295121761328925,0.036253818273892,0.185759454422277,0.711178947449943
2718,0.022102447045434,0.0421104343642581,0.239936904735251,0.0701478268921873,0.188548437359826,0.437153949603043
2719,0.0443394646790204,0.120957598121129,0.162350621865522,0.0746389218256235,0.282387024789291,0.315326368719414
2720,0.277750706707356,0.126928509475886,0.189814680130626,0.103864131877547,0.170378509438453,0.131263462370131
2721,0.0413231892002763,0.0989532202876547,0.131698068526911,0.086962403537706,0.247708788613211,0.393354329834241
2722,0.289245261808729,0.490134434372492,0.118111615610146,0.0143559213780419,0.0533971914932708,0.0347555753373196
2723,0.0529656289523927,0.174208954248241,0.289921572127888,0.0837225589221584,0.117594310438535,0.281586975310786
2724,0.651453911556563,0.101618626941029,0.0664557793562769,0.0793685654268936,0.0756669733728727,0.0254361433463648
2725,0.268950667185177,0.449913335222895,0.0356090878357886,0.0866036821729546,0.107957488508554,0.0509657390746296
2726,0.0754306148877817,0.111048551651868,0.0936191646219404,0.183964085230615,0.460079788799163,0.0758577948086318
2727,0.00649116134295626,0.0306815477025757,0.0878046258048832,0.0346031390288637,0.247818910252564,0.592600615868157
2728,0.0303015211362519,0.0611879457458243,0.194608312809539,0.0512755668868434,0.10280379706236,0.559822856359181
2729,0.189573516694986,0.276687553167039,0.0957240055912428,0.0861169356237278,0.215424067704406,0.136473921218599
2730,0.0279556118297963,0.0493471919988282,0.0948481591788632,0.0920559936637177,0.40383574431553,0.331957299013264
2731,0.0997998886228599,0.139114390302593,0.0975411233715234,0.228129139090119,0.333512448942251,0.101903009670653
2732,0.0389786569596295,0.103668395528582,0.276074014365907,0.04392421597818,0.108100333598009,0.429254383569693
2733,0.0408473245535901,0.12909733678793,0.191811996489745,0.189427060853276,0.350679530174026,0.0981367511414321
2734,0.0370845763405491,0.711207456863929,0.0521534085860761,0.0129291382496428,0.0917850732281295,0.0948403467316733
2735,0.102439722967451,0.452422519773447,0.115044030110556,0.0290653214008402,0.0990970204896188,0.201931385258086
2736,0.0482509748650059,0.0624992810957156,0.0385426791370304,0.402369991866435,0.378827911865471,0.0695091611703414
2737,0.109888005092686,0.219414488091237,0.236233171858933,0.0837656944924704,0.167613864754808,0.183084775709865
2738,0.0412559602470752,0.108875077917389,0.129080964523112,0.0582158622973153,0.204960050933118,0.457612084081991
2739,0.265182673884562,0.382149754728713,0.111274633852133,0.0318435262649056,0.146758757538102,0.0627906537315842
2740,0.220768392947778,0.383401878394055,0.0786696005781862,0.0899314073158225,0.128771455210986,0.0984572655531718
2741,0.100112306178402,0.344954788024882,0.113144820098002,0.0535503876765503,0.189814367632412,0.198423330389751
2742,0.0719979547217786,0.0791142165761676,0.0611731634309349,0.177921627657804,0.429283475457393,0.180509562155922
2743,0.217571066925663,0.160703885204974,0.0985102429083326,0.161325883114046,0.202767082742893,0.159121839104092
2744,0.017967415889839,0.0672435623231351,0.0783021911430745,0.137916378328903,0.491103366294739,0.20746708602031
2745,0.0332191902610978,0.150998385983514,0.310133008710714,0.0886863705884201,0.213886390646289,0.203076653809966
2746,0.0184705594984737,0.0509624320094216,0.10042841591109,0.0511094891638978,0.213724634828202,0.565304468588915
2747,0.0291474191012926,0.0225705360508912,0.0175216047067942,0.143702697460788,0.550482076234433,0.236575666445801
2748,0.0126225644451191,0.0584740040493827,0.072410554427866,0.0625550482503082,0.479875866524712,0.314061962302612
2749,0.242392993262275,0.0819641041681568,0.0406455822176391,0.27409637376567,0.231944088999104,0.128956857587155
2750,0.0217402939789358,0.0979266997497583,0.308131094178438,0.056516171896751,0.123400284742513,0.392285455453603
2751,0.143589183529507,0.197640202511991,0.107591382532627,0.205233323382824,0.236651044174834,0.109294863868217
2752,0.0407743318047665,0.134045901188817,0.234461029731376,0.116221257455291,0.168505972994688,0.305991506825062
2753,0.0519582476025822,0.064854728283652,0.0371335807197887,0.300396658047423,0.445438549868432,0.100218235478122
2754,0.0278828384324316,0.254376954238856,0.147671968832724,0.0417729646614809,0.285749551686354,0.242545722148153
2755,0.00546735778146651,0.0117841844776039,0.0403737922260709,0.0235779004425762,0.253891451664381,0.664905313407901
2756,0.0231113743587315,0.0410286352525363,0.144077580952089,0.0276525314677844,0.0510676428233711,0.713062235145488
2757,0.027220522952192,0.195452869625228,0.055628882120473,0.0499034884533391,0.411001042869222,0.260793193979546
2758,0.0671861435306117,0.226526338743109,0.18354420373758,0.0505708643573871,0.262460278906318,0.209712170724995
2759,0.0274339215607305,0.239079202322018,0.107279668469356,0.02049736098978,0.179818545148192,0.425891301509924
2760,0.488896663739205,0.137644225843537,0.0401114976250895,0.246575819510116,0.069415554238872,0.0173562390431806
2761,0.154572567995052,0.105808606823097,0.116694280026013,0.220665660351919,0.288915920363247,0.113342964440672
2762,0.0171250461146377,0.150143777185638,0.144001306165016,0.0647484765069533,0.355260832002055,0.268720562025701
2763,0.0498551969623953,0.210306473267273,0.187669317907012,0.0640080577389115,0.193106191483555,0.295054762640854
2764,0.0123397868494999,0.025729652601174,0.109093483976639,0.0298852029712443,0.0876780640567016,0.735273809544741
2765,0.084833565896525,0.145383718340384,0.196175616985766,0.0647231972402766,0.168727189628243,0.340156711908806
2766,0.0386681118451705,0.142034195146812,0.11538556771591,0.0804268475304065,0.321515383877863,0.301969893883839
2767,0.0385791882096415,0.138527089010319,0.167453056704557,0.224136977292138,0.263552295995267,0.167751392788078
2768,0.0384241053639461,0.205124806168291,0.289205996048877,0.0520100188846523,0.140876421963257,0.274358651570977
2769,0.0580351440042697,0.387690570474341,0.0956845809199666,0.103934649285332,0.210546093500321,0.14410896181577
2770,0.00582995438239024,0.0434897257661358,0.140902151209874,0.0351049800505147,0.174245394522877,0.600427794068208
2771,0.0279597548016406,0.160724260761775,0.442263694360953,0.0661884273040126,0.104766442223957,0.198097420547661
2772,0.0635684700490392,0.0993084197612052,0.179208212318042,0.214920894343875,0.24297062513477,0.200023378393068
2773,0.0485424731566406,0.3006371955673,0.176038922255701,0.0330005613994045,0.278641342995096,0.163139504625857
2774,0.136444952759819,0.557743350333681,0.0618839067825446,0.0324078268551962,0.126995444850721,0.0845245184180379
2775,0.00933352944910115,0.0277401431580379,0.146308041402056,0.0212338342656254,0.124672144420032,0.670712307305148
2776,0.0153313867599817,0.0397100847130836,0.0651127665698298,0.0527462994814113,0.218802200925935,0.608297261549759
2777,0.00512260363457641,0.0196922642138282,0.0949453626382293,0.0258170787497941,0.0963808159205836,0.758041874842988
2778,0.183682709046149,0.129920722156611,0.165488713945334,0.132068153452919,0.174784332644051,0.214055368754936
2779,0.0683187765323097,0.139721018699761,0.331634602238533,0.105428783116663,0.145363706803179,0.209533112609554
2780,0.0603701538141769,0.213004179895453,0.320580581567191,0.0795934233852207,0.137056437968271,0.189395223369688
2781,0.0170907409058655,0.0298393997997442,0.0615049297975829,0.188891096314157,0.464661061222192,0.238012771960458
2782,0.0196352068866284,0.0583187745809939,0.251548107530695,0.0382839070425417,0.171639093614268,0.460574910344873
2783,0.5997196383323,0.21406117765943,0.0644776068754453,0.0608255976743633,0.0441651589985817,0.0167508204598795
2784,0.071733199298548,0.282706667338851,0.0791639286974094,0.0867141837490021,0.333906069951783,0.145775950964407
2785,0.00692968689116624,0.0217500336765419,0.0490524875900466,0.0345071044376142,0.300796341213555,0.586964346191076
2786,0.022761401167735,0.0968385502752747,0.0746895741659711,0.0786067898597351,0.338675431895783,0.388428252635501
2787,0.0113582685418775,0.036971055398148,0.062580597402476,0.0385018778641634,0.21268178347906,0.637906417314275
2788,0.0162193169238288,0.0589951239991921,0.155622509871587,0.042689077575352,0.115598639350876,0.610875332279165
2789,0.0690913527692333,0.0893368701352103,0.28873453265786,0.0947708555204385,0.189078933267078,0.26898745565018
2790,0.0765088937484498,0.178648381914093,0.0830536463713161,0.0929813656939506,0.386048842140257,0.182758870131933
2791,0.135998356769133,0.0844828016333139,0.0801199559428639,0.362796092585971,0.264615529787113,0.0719872632816047
2792,0.556715250155489,0.279401163186795,0.024586697296356,0.0516994253365258,0.0673324239358478,0.0202650400889863
2793,0.0143394197486745,0.0612976168897544,0.0594711549895169,0.0375403087694968,0.389111169956636,0.438240329645921
2794,0.449530316304004,0.107647922619243,0.0715685047752037,0.194291363757476,0.127395732517814,0.0495661600262599
2795,0.369193736440523,0.163402504927388,0.0921621017556192,0.219046326739727,0.121356334272931,0.0348389958638122
2796,0.00653037649717969,0.0262119684863416,0.114098682758475,0.0310865624530434,0.10084883825379,0.72122357155117
2797,0.040329155442959,0.0606791523206967,0.0935637561621497,0.10104616846341,0.12607844181643,0.578303325794354
2798,0.0148998622655871,0.221254135310094,0.160702984354756,0.0214360976380066,0.172374654804433,0.409332265627123
2799,0.144681088972966,0.164112430189076,0.325213370429631,0.0323563127977156,0.116973320987116,0.216663476623495
2800,0.0109401794718595,0.0367700854762294,0.0721763704287036,0.0414975730315384,0.214477597518107,0.624138194073562
2801,0.014812054402965,0.0336889403844792,0.020469488721285,0.0403171991781286,0.477495373871155,0.413216943441988
2802,0.0222308439226108,0.0747328032048562,0.0607776226850679,0.0654577379597438,0.420580640548288,0.356220351679433
2803,0.0743428861724375,0.582419141229793,0.127238122155123,0.0224651359627383,0.102604729774617,0.0909299847052906
2804,0.0152394337680471,0.0789115244547177,0.120872014705472,0.0489679084960074,0.340868447039419,0.395140671536337
2805,0.285737985910111,0.188117583052589,0.211837015877823,0.105241508210351,0.135482267974852,0.0735836389742743
2806,0.0945460685347458,0.0565183804448411,0.0597918135792918,0.3361061152315,0.308373413828892,0.144664208380728
2807,0.069680114782562,0.179417936620405,0.186467536730457,0.119081472408444,0.199159516857311,0.246193422600821
2808,0.0159437947782419,0.0408738034581029,0.0482240965858148,0.028780911567517,0.231750833691686,0.634426559918638
2809,0.0433843666570746,0.123323231606708,0.36657914381537,0.0532007321447865,0.0991978600975817,0.314314665678479
2810,0.0111349889597898,0.0393825121401256,0.0670641860983862,0.0735944563123938,0.425857968338191,0.382965888151113
2811,0.017678720019944,0.147288872761153,0.155506506837693,0.0438487627712152,0.295311610615106,0.340365526994888
2812,0.576923297533712,0.212864972347766,0.0923283564045524,0.0495685165478673,0.0432414856989346,0.025073371467168
2813,0.175550069854618,0.0936982062489753,0.130936768349884,0.128861724358817,0.310579897873052,0.160373333314654
2814,0.0348156840797968,0.239022565255252,0.246363966802188,0.0437672742884463,0.143940225563082,0.292090284011235
2815,0.0354273309820886,0.0655603266216969,0.127526328856818,0.11517922001625,0.152576847340066,0.50372994618308
2816,0.213066785257822,0.163535426417457,0.234799585218379,0.105438527266622,0.184791940180364,0.0983677356593553
2817,0.0740976643615237,0.512919346764286,0.0976901061043117,0.0692780663668641,0.157620127809595,0.0883946885934192
2818,0.337245520534165,0.386540480299322,0.125020737782207,0.0385138642349414,0.0571528654028708,0.0555265317464944
2819,0.374730365596571,0.412500005041534,0.0927077616595342,0.024176065582154,0.0669511500726571,0.0289346520475491
2820,0.311598588203077,0.216669074304355,0.278993061054391,0.074147140421017,0.0715841887264481,0.047007947290712
2821,0.00701623583782156,0.0398274057654631,0.0344888251482027,0.0155975697191328,0.319807843218052,0.583262120311328
2822,0.208830591580649,0.319280368616303,0.171017940250341,0.0552867050100014,0.12902351430102,0.116560880241685
2823,0.0478230000955258,0.0692266269278688,0.117269459076191,0.0944860453820159,0.147701103882261,0.523493764636138
2824,0.0592384052507824,0.1096007555529,0.222720945252354,0.0870871256400866,0.236678450125996,0.28467431817788
2825,0.0098414316865182,0.0529472958994043,0.245807826148576,0.037728102418909,0.056575630272125,0.597099713574467
2826,0.037703298563259,0.206687700899125,0.0579134414910832,0.0608146768602024,0.370991781582505,0.265889100603825
2827,0.0618647373944177,0.594965805765587,0.115594826005487,0.0184283968073358,0.0875097503488162,0.121636483678357
2828,0.026851594603107,0.153493541768745,0.151539524564936,0.0579374268243092,0.271377995110961,0.338799917127942
2829,0.0579479975865289,0.0410781353274647,0.0469925447294641,0.165667231478606,0.552149332957523,0.136164757920414
2830,0.00816160072411467,0.0470599090274467,0.137880945471009,0.044586510579447,0.156919931165077,0.605391103032906
2831,0.345546123003831,0.439812386056302,0.0770196759263159,0.0485645615125046,0.051445422150227,0.0376118313508194
2832,0.05054980115777,0.285256050223667,0.18981490209842,0.0438045955943961,0.232729683825673,0.197844967100073
2833,0.139906984488059,0.116984812381992,0.11561017255002,0.220373797012369,0.263702387029991,0.14342184653757
2834,0.0264487565214791,0.0653833491131902,0.109946286650203,0.0394969805264534,0.198479235707628,0.560245391481046
2835,0.192377636365759,0.245553102489782,0.0651323222409212,0.188039500746485,0.20587586077828,0.103021577378773
2836,0.0188928894687109,0.0410329005394946,0.0729857834318668,0.0745121324015938,0.299247482721474,0.493328811436859
2837,0.0716142612438564,0.255736673494909,0.323798670153225,0.0637179322728979,0.123166890406163,0.161965572428949
2838,0.22925354479274,0.241282214716739,0.165768780739397,0.0864091764475017,0.132481224494535,0.144805058809087
2839,0.0652753371862113,0.13826461820809,0.192162388452607,0.127461088280967,0.242087960583276,0.234748607288848
2840,0.109782006412815,0.0838761122967019,0.131055714825723,0.186838793549331,0.217578245454488,0.270869127460941
2841,0.449413834559831,0.116186346046875,0.0491528853803922,0.153394557347771,0.152572470755418,0.0792799059097133
2842,0.0126176138031123,0.0379999354322492,0.0318331964221264,0.0637759725354294,0.508971113333523,0.34480216847356
2843,0.0775332274483038,0.128716764107694,0.151973685698464,0.0670406946197752,0.228000248493602,0.346735379632161
2844,0.0486970882118545,0.185922760866359,0.371791540812618,0.0307784501541422,0.114550077848782,0.248260082106245
2845,0.246382173650985,0.410317052356869,0.140523136063357,0.0940986329029133,0.0738359675476543,0.0348430374782216
2846,0.00690767577351592,0.0159124569151952,0.0294243452595423,0.0405662113764448,0.283348967709292,0.62384034296601
2847,0.0192952158124137,0.0538648378605676,0.0560663130822675,0.0658408854783561,0.433442476255599,0.371490271510796
