"CUS_ID","F20-","F30","F30+","M20-","M30","M30+"
2501,0.0962989942103582,0.443635710958195,0.105743600007423,0.0490914790674563,0.156229303283085,0.149000912473482
2502,0.0328644793002444,0.128890213949215,0.183097591740472,0.0733891059018482,0.380079126563419,0.201679482544801
2503,0.0704318973517108,0.307645290467755,0.0827776577763679,0.0803341571170035,0.323016367568646,0.135794629718517
2504,0.320449779157422,0.158031086888713,0.142672230069977,0.146279759399951,0.119949676821816,0.112617467662122
2505,0.0296411601899534,0.121383218083765,0.179630685894361,0.0546571400970616,0.176840439047057,0.437847356687802
2506,0.027082257366438,0.324380746407787,0.104900329797975,0.0305715936849632,0.256225517904584,0.256839554838252
2507,0.015815382270124,0.0386094360012192,0.0956865898951769,0.0281394452666578,0.184029872108415,0.637719274458407
2508,0.0106042806714081,0.0372871288453398,0.0526654480716994,0.032177909475689,0.40557987955184,0.461685353384023
2509,0.0197572139334123,0.0519278877309958,0.148790655697942,0.0395207296948726,0.174549256921315,0.565454256021462
2510,0.0165567513220528,0.0729103492982541,0.0507926690471524,0.0373583736293294,0.35265674687481,0.469725109828401
2511,0.650795742806556,0.0897501258698708,0.0685527080476702,0.117279337364274,0.0531156894117792,0.0205063964998502
2512,0.0617483935369005,0.180555651472772,0.0912466352541619,0.124723782212458,0.423398024998094,0.118327512525614
2513,0.00753175573369615,0.030799831376648,0.0956035045393753,0.0358401551190086,0.2666413612282,0.563583392003072
2514,0.104325994238746,0.601316983747545,0.0572905005882324,0.0338030541820764,0.149185989084926,0.0540774781584733
2515,0.0184334892866655,0.0496999207546095,0.116450236655983,0.043151133614658,0.173828707558544,0.598436512129539
2516,0.0718498673768329,0.12218270026068,0.0776809995088909,0.129507605453766,0.339056477795152,0.259722349604679
2517,0.03840830637407,0.347461542150987,0.116524857754181,0.0195884875189651,0.191023149128009,0.286993657073788
2518,0.4348254822106,0.234854497486679,0.101762134354266,0.0618670557683737,0.0970880609718001,0.0696027692082809
2519,0.0406622885624187,0.834029413153941,0.0218525963934586,0.00992398133294776,0.0596708588303045,0.0338608617269297
2520,0.0258266629692362,0.0481220257449322,0.0230033429943556,0.0940460066655983,0.63174358428195,0.177258377343928
2521,0.0520730716350187,0.0923042286216176,0.336815965461327,0.0748287458534631,0.13579254290456,0.308185445524014
2522,0.33870994846198,0.224918302015647,0.163887230930868,0.0765558522898322,0.131496352581372,0.0644323137203008
2523,0.0596484634735978,0.411202436839462,0.0810251996337383,0.0226532745532615,0.268354389763435,0.157116235736505
2524,0.0753545876646144,0.154332914319896,0.242578460679647,0.0709586287954641,0.16957654791001,0.287198860630368
2525,0.118056735173864,0.0756664441644014,0.0881091731007955,0.358269419373421,0.301530542885396,0.0583676853021224
2526,0.09918204914804,0.201177640570028,0.0844008660728853,0.111505988396434,0.33614493257479,0.167588523237823
2527,0.523016986281831,0.174668163169113,0.0934472990675772,0.0492928251377085,0.0968745486811634,0.062700177662607
2528,0.00884606244303661,0.0257737184229863,0.0684959446155979,0.0540918674195058,0.233930498262793,0.60886190883608
2529,0.0659670192607352,0.0883613741600585,0.296592754394846,0.0683355293224456,0.118022327877567,0.362720994984348
2530,0.00546362981502437,0.0305897395250821,0.162700734957714,0.0296735660205283,0.117217557419489,0.654354772262162
2531,0.0402982356705004,0.142031963926972,0.148265971573772,0.0869356172626315,0.288815083254726,0.293653128311398
2532,0.0408873561938198,0.160417933316631,0.137084360767684,0.0674461187440868,0.260751517957443,0.333412713020336
2533,0.00557296168185964,0.0162386310065383,0.0670417866660933,0.011421051573499,0.033229641568022,0.866495927503988
2534,0.252609171710122,0.0668823139020071,0.055036590874186,0.455799481145518,0.101394323851749,0.0682781185164184
2535,0.0471234558518503,0.114428468076438,0.140959168420519,0.0624426921347624,0.202553579722219,0.432492635794211
2536,0.141517847174861,0.252803241186523,0.123221776479485,0.0705513100444201,0.181819263915852,0.230086561198858
2537,0.0448015800179799,0.710065041069538,0.0935364388940682,0.0103842130991416,0.0790936487102235,0.0621190782090492
2538,0.24343850887579,0.120441728095929,0.0726047810525636,0.100670878980693,0.290754013018964,0.172090089976061
2539,0.169542282334299,0.262810204140235,0.202171602386715,0.0482341312043769,0.164690622302702,0.152551157631672
2540,0.369015580440192,0.168828181768199,0.0510507269283865,0.154087582820256,0.215582413598461,0.0414355144445054
2541,0.155584409446845,0.0710528738900918,0.0329124734862997,0.340624803938218,0.319452305652278,0.0803731335862677
2542,0.119500947411746,0.420014374865306,0.0914405814830204,0.0403283984970524,0.25961258896096,0.0691031087819154
2543,0.0129574787680413,0.0282164564090979,0.0710182822836978,0.0134223000950213,0.230637270334099,0.643748212110043
2544,0.0871373517794983,0.142411806076872,0.109243240281856,0.258516476827433,0.156668794669044,0.246022330365297
2545,0.0297994675919136,0.298276797694845,0.0553587301434492,0.0151880718500924,0.400362084566934,0.201014848152765
2546,0.0370354887438132,0.0338046081234451,0.0129887395610984,0.267737344403196,0.567836636311342,0.0805971828571049
2547,0.117675612576558,0.194431240665957,0.234619267728599,0.0659210675492906,0.194900268007053,0.192452543472542
2548,0.0624906888606069,0.0934346642165109,0.129760450304639,0.25314071857667,0.350919234482795,0.110254243558779
2549,0.00755347136719774,0.0333407225174266,0.0431343079386304,0.0545238264835219,0.31352382039066,0.547923851302563
2550,0.0194772122504751,0.0278484730274564,0.0184234001919227,0.164358819512549,0.606684228969398,0.163207866048199
2551,0.10407920023584,0.214351676470373,0.0796539371882155,0.183503005393105,0.243245625945323,0.175166554767143
2552,0.145219646941047,0.363023486467192,0.150884020121216,0.069285400503188,0.124253251286256,0.147334194681101
2553,0.454688705672423,0.224402851705626,0.0465767445728381,0.128192360075884,0.12160654766268,0.0245327903105484
2554,0.0909887264809549,0.200251084962698,0.102256524385239,0.139278612053191,0.366297902225532,0.100927149892386
2555,0.0195648746246261,0.087180027448072,0.0769805715828013,0.0534898051540921,0.549126330355521,0.213658390834888
2556,0.0872833286602155,0.295620741826336,0.273796755701886,0.0649632168520509,0.143961318643457,0.134374638316055
2557,0.286091798606653,0.262223960656666,0.290123224749587,0.0600592804920199,0.071033146936533,0.03046858855854
2558,0.0412051703434493,0.107846044449923,0.595625618550305,0.0432308514634697,0.104725051699805,0.107367263493047
2559,0.0677396371124481,0.454186252568285,0.14864849658111,0.0334888066889816,0.106517257982509,0.189419549066667
2560,0.0104682280138322,0.0969481259733942,0.092945110090478,0.0311641844212439,0.168760563357417,0.599713788143635
2561,0.0270694573372461,0.0712121857204379,0.157777283397083,0.0277878143825934,0.121364191842795,0.594789067319845
2562,0.321401099171818,0.397470344172821,0.0445613432479954,0.041247931100679,0.166188870265261,0.0291304120414253
2563,0.217948432198035,0.204754676962309,0.241442497473177,0.11373384545401,0.118225262595676,0.103895285316793
2564,0.158377816067453,0.0921038664917743,0.0779432410889568,0.262316745042559,0.268092969012805,0.141165362296452
2565,0.0174558955061929,0.0574984955501666,0.0832193398542493,0.0385824753590207,0.190492341495118,0.612751452235252
2566,0.0162551535266732,0.0384028058449066,0.090826548508302,0.0963519491064576,0.24533494747645,0.512828595537211
2567,0.0403108003023069,0.128335519469954,0.118893074956911,0.0715595561897087,0.147779887606738,0.49312116147438
2568,0.00845442899317058,0.0508717597615651,0.0833631904294628,0.0326159882898952,0.219932161120511,0.604762471405396
2569,0.0253089046407184,0.088063712858845,0.229431344379117,0.0257036533156027,0.195964613352097,0.435527771453619
2570,0.0372752368594106,0.516419056781699,0.0873302956979223,0.0247342690823324,0.177504194936709,0.156736946641926
2571,0.118371879180972,0.0751367953361111,0.0396990815788108,0.332209211413783,0.299022235429987,0.135560797060336
2572,0.089194460775201,0.107973826621489,0.332743295193228,0.147454664376979,0.120426122917708,0.202207630115395
2573,0.0958324471368433,0.330732015492934,0.101383837259186,0.0471937783828415,0.223935321601221,0.200922600126974
2574,0.0359439911845491,0.0569896858155467,0.042213163184782,0.356882195629175,0.42179382732288,0.0861771368630671
2575,0.023744707642476,0.0322109053146985,0.0181186391898242,0.150407986552908,0.666304176022623,0.10921358527747
2576,0.277654451379453,0.322098959742692,0.142189465453503,0.072242259590747,0.0962710308954716,0.0895438329381329
2577,0.0454188103678297,0.236140904476115,0.281940410764366,0.0324035749967474,0.164914343286732,0.23918195610821
2578,0.00369510739445865,0.0121732144423658,0.0521443854449114,0.014646057348815,0.0626857117559236,0.854655523613526
2579,0.257200381401116,0.209395709140602,0.307150618246134,0.0419721157128439,0.0943398845748352,0.0899412909244696
2580,0.0755440167456691,0.274982588943976,0.165821302124228,0.0379514776751006,0.204029916818274,0.241670697692753
2581,0.0181784646635543,0.0502973258021994,0.0822354279602358,0.12616924454733,0.462980862976787,0.260138674049893
2582,0.113765700013321,0.570018699966167,0.0575569530446524,0.0332926932727262,0.170585803639737,0.0547801500633961
2583,0.0510219200992676,0.585783556125691,0.1696969662266,0.0179780108228251,0.102149653238195,0.073369893487421
2584,0.240448210224707,0.653847777798032,0.0266469668961223,0.00967706380438818,0.0520465203828119,0.0173334608939386
2585,0.0240222288025451,0.0662802601027959,0.0797685594204775,0.0769023235545031,0.431683475285394,0.321343152834284
2586,0.0486577224888178,0.273291482167229,0.140385357071414,0.0451789973283229,0.179313289074306,0.31317315186991
2587,0.194178415052173,0.0791119450705381,0.0698501721843764,0.24755507911876,0.298512186256952,0.110792202317201
2588,0.0448977023727917,0.0378382481607097,0.0341423689535225,0.145136532747417,0.621755496981859,0.116229650783701
2589,0.0416225465256829,0.0839139164429111,0.0547878321912226,0.133428928882579,0.567895477756435,0.118351298201169
2590,0.0113701775059605,0.0521248252744461,0.125860764256596,0.0618196300378661,0.16537127212218,0.583453330802952
2591,0.0968034077522148,0.116598259938894,0.246528100596477,0.0706874590132304,0.0939598059797525,0.375422966719432
2592,0.0233153633028012,0.0561668134405512,0.0412492655870871,0.130367396813163,0.59067877743782,0.158222383418578
2593,0.181908453276344,0.232882213649679,0.0841417190227796,0.202747025329694,0.188104772718645,0.110215816002859
2594,0.0338313810041554,0.0579334091188549,0.0622958866607151,0.0306699399077859,0.382397646690389,0.4328717366181
2595,0.0970885079641036,0.122908790085528,0.193290823015486,0.159641869867242,0.177640025559264,0.249429983508376
2596,0.747624497072529,0.0787606129683108,0.0169166429208284,0.10856534821775,0.0386112270608458,0.00952167175973569
2597,0.0113380719923624,0.0447223917313391,0.16968818215255,0.0374848510248534,0.198351925249307,0.538414577849588
2598,0.0182847397975115,0.101346294869396,0.127666859090311,0.0195048929608639,0.133972606454151,0.599224606827766
2599,0.219241521306954,0.230057365007865,0.118786584343164,0.142889241577979,0.180653196771609,0.108372090992428
2600,0.0316490765927905,0.0827575824125651,0.110052186575254,0.0883299049694525,0.592045808366131,0.0951654410838069
2601,0.0500139948722756,0.0983845461161602,0.218123003854426,0.0644409174180947,0.143228240523587,0.425809297215457
2602,0.0195327680225425,0.0829107334454501,0.116518629010898,0.0466522218100704,0.19268069472339,0.541704952987649
2603,0.0434773564634258,0.591836971508741,0.0391670056658604,0.0294978918452422,0.220630374768253,0.0753903997484774
2604,0.0414961363472787,0.184758095951981,0.299258014510721,0.112228995743763,0.122374592990597,0.239884164455659
2605,0.023956455379502,0.146861668943212,0.31001385518844,0.0494172996667542,0.178867343946305,0.290883376875787
2606,0.0451548175098285,0.0940741125448006,0.125643512457869,0.0487855525059308,0.24244696391302,0.443895041068551
2607,0.00727653902705393,0.0197303998257464,0.0628832092105059,0.0215222260346511,0.108835261864437,0.779752364037606
2608,0.179923036218044,0.166655350654223,0.0768069219913106,0.151757444155344,0.250949958243187,0.173907288737891
2609,0.0204715546468374,0.0481220751089312,0.0572267121742156,0.0930472591006764,0.431550611874822,0.349581787094518
2610,0.0951906303581657,0.184658333787544,0.0586817395943548,0.167319681680193,0.298985311605135,0.195164302974607
2611,0.0204879636289208,0.0822064955923132,0.236391491846994,0.0487451102800516,0.0840415049015261,0.528127433750194
2612,0.0648171013806986,0.246480933498116,0.133429031177311,0.0465987908458768,0.15442334033833,0.354250802759668
2613,0.43463501016912,0.363386376649909,0.0558521324998644,0.0554358213932608,0.0698441898102572,0.0208464694775883
2614,0.142435154415617,0.0940140948689572,0.0686456219099802,0.164164099777625,0.240468618464897,0.290272410562923
2615,0.412239805297034,0.251223820120513,0.169594534915665,0.0510463689245962,0.0733612215244918,0.0425342492176989
2616,0.0144146062765945,0.0583969708595497,0.0717664120536758,0.0461025963998694,0.445680656948605,0.363638757461705
2617,0.157880423636359,0.319312740002583,0.254862065334574,0.0430858145907001,0.124596395917251,0.100262560518532
2618,0.059456625869877,0.0816169533999573,0.0983006295940901,0.0621804156129323,0.445223144336273,0.253222231186871
2619,0.0264728903521277,0.0349488080556383,0.0189560476768156,0.0751912270854746,0.712275721922668,0.132155304907276
2620,0.0123418345293214,0.100741546639668,0.207770787868954,0.0317168195273056,0.313776226690913,0.333652784743838
2621,0.0321302198768113,0.0868045434746179,0.0577947670385429,0.129401762712276,0.55684557290959,0.137023133988161
2622,0.00711089110957566,0.0219587356019378,0.0420680551043449,0.0210469537830945,0.150700442269729,0.757114922131318
2623,0.208990248049671,0.23067530597516,0.0455840044446899,0.0701146772866474,0.361802901427327,0.0828328628165046
2624,0.0476448554010496,0.0638413213874614,0.104733440518745,0.0944945038293522,0.206503179469141,0.482782699394251
2625,0.0741975716002794,0.201363184042039,0.496753751250258,0.035615521457611,0.089530718013521,0.102539253636292
2626,0.0144408889920765,0.0378806176853903,0.0779703791306156,0.0360817298062236,0.16643291819357,0.667193466192124
2627,0.0618525800559856,0.15674624838734,0.305680615692181,0.0426287870415476,0.18023934697742,0.252852421845526
2628,0.102896275180008,0.127425266494339,0.092362414211738,0.292543726891794,0.293489126106149,0.0912831911159725
2629,0.0423490730262629,0.196354445283137,0.0734903325971008,0.0518256057324448,0.375212317736523,0.260768225624531
2630,0.126947080550018,0.134396435267569,0.140458365680623,0.0899035715660314,0.220571033736572,0.287723513199186
2631,0.0200136395657407,0.202699487853846,0.232451824747364,0.0352101927904875,0.253277435973758,0.256347419068803
2632,0.00773310435515296,0.0268751145078933,0.0668093723783898,0.0249754696662668,0.134140137188858,0.739466801903439
2633,0.140141934576309,0.399839292452516,0.0594403476496474,0.0942569144666337,0.223933575958992,0.0823879348959019
2634,0.0456844992633956,0.0733895181670304,0.280434358766714,0.0827593715378746,0.153319255191909,0.364412997073076
2635,0.021590185719602,0.0712003173881832,0.0592677665168568,0.0355153110136321,0.616837561322741,0.195588858038985
2636,0.0234878946629697,0.0721018030153864,0.149492211268282,0.0489789487710408,0.335628435880267,0.370310706402053
2637,0.0231910992449308,0.0794998001472442,0.0361355386127787,0.025405324183602,0.653798037162548,0.181970200648896
2638,0.0722922175046484,0.0482411107200963,0.0849116834342537,0.304053224529458,0.222992715909141,0.267509047902403
2639,0.0847107545726972,0.0824388621624719,0.0493390743243036,0.328858933633329,0.360933718108483,0.0937186571987145
2640,0.0212567382711897,0.0372151066406458,0.0676500535746748,0.0344239265739777,0.122535775720454,0.716918399219058
2641,0.148648200903173,0.187784177779916,0.151760805034283,0.122681068592788,0.219285422268671,0.169840325421169
2642,0.0264162498446574,0.100821474246243,0.126387282794169,0.040563979416119,0.216189016514957,0.489621997183854
2643,0.353650803605423,0.385969914736233,0.026449861460771,0.110960337037466,0.0925722330379153,0.0303968501221913
2644,0.00987086413667418,0.126889842335691,0.0475498901409106,0.0215006826335896,0.21043679399308,0.583751926760055
2645,0.0180047013747474,0.0692099283334694,0.0428522728067394,0.0478540291964718,0.303131792022793,0.518947276265779
2646,0.00746780740666522,0.0247481190726313,0.11629867464612,0.0281545302458559,0.0603683709325098,0.762962497696218
2647,0.0740189213694825,0.105844409414238,0.13716489818604,0.136133175197484,0.232490172181229,0.314348423651526
2648,0.192355517459194,0.261524838762369,0.329841409829369,0.0413330971540879,0.0695186990874176,0.105426437707563
2649,0.0459491447098658,0.0622940097828669,0.109045398907488,0.0618352712315761,0.275080541635666,0.445795633732537
2650,0.0617344258343314,0.0649030964541235,0.205012256572325,0.0559025587871676,0.125843290800045,0.486604371552007
2651,0.027155878378311,0.0760676680583088,0.041459975902132,0.0550765837012323,0.561835259344531,0.238404634615485
2652,0.0231155805564931,0.196767680173642,0.0606522915121742,0.0526658216240935,0.401371062377695,0.265427563755902
2653,0.304104079493929,0.235684042733469,0.126277321529853,0.0533103287123983,0.170321611411231,0.110302616119119
2654,0.00880186450856415,0.0453018442675186,0.084866483571099,0.0528372088116977,0.150407213582455,0.657785385258665
2655,0.393124962818511,0.234215279505001,0.0625197422650222,0.111508192773425,0.150469116671254,0.0481627059667859
2656,0.0135869442796404,0.0698251885810614,0.0661960616898336,0.0359309576979582,0.402961022467731,0.411499825283775
2657,0.0209033928666683,0.0436479414660881,0.193029457248542,0.0449289212630892,0.117755511322748,0.579734775832864
2658,0.185488737986681,0.18874543623221,0.155572162171492,0.220995098409627,0.136413465143115,0.112785100056874
2659,0.15119592153224,0.097679113637773,0.135878918306811,0.409151625644653,0.10527804156142,0.100816379317103
2660,0.0119151931832604,0.0324787082194689,0.0425715995758788,0.0434933245159352,0.248676342810688,0.620864831694769
2661,0.00662575556769531,0.0315024205804653,0.114861577095305,0.0367188473644503,0.114833304484317,0.695458094907767
2662,0.00807698425776004,0.0557838779488828,0.108796707593577,0.0155699144835022,0.133645182890426,0.678127332825852
2663,0.00705946998752094,0.030721768545521,0.0500202291458998,0.0383456244522786,0.397333933005624,0.476518974863155
2664,0.0414146678319221,0.0944250373991181,0.039118428991224,0.111879147201798,0.540805150191286,0.172357568384652
2665,0.231309182921111,0.279635133332449,0.104518800747744,0.0723245330850331,0.190218494346376,0.121993855567287
2666,0.0140993167681791,0.0310082164527004,0.167750094010098,0.0358502886215553,0.047502231192877,0.703789852954591
2667,0.0612303291500832,0.143351102190226,0.428229604068986,0.082105637480572,0.17725247377934,0.107830853330793
2668,0.0208818195896985,0.0799692533032677,0.422876050683809,0.0358410636428887,0.119182599592613,0.321249213187723
2669,0.0441082059534073,0.19585128679429,0.119807433673355,0.0282390283976187,0.211286964716645,0.400707080464684
2670,0.0112997629691968,0.0547505262318461,0.157675136539855,0.029365512445749,0.190836203229654,0.556072858583698
2671,0.0414191060724712,0.0744272423268251,0.0368588512274991,0.10070367813648,0.323490889276134,0.423100232960591
2672,0.01050656965894,0.0791507339280947,0.14764579666024,0.0264282615193821,0.182398018245646,0.553870619987697
2673,0.309183777009921,0.337852888097944,0.0506523957260374,0.105481015748039,0.153598151269997,0.0432317721480614
2674,0.0343076734244014,0.0485902388994228,0.0698967038468029,0.302745843871676,0.351151513290615,0.193308026667082
2675,0.512490906531657,0.193597549669861,0.0212684376215013,0.179640014160581,0.0701960999996843,0.0228069920167156
2676,0.026664414859109,0.0401976685354064,0.0654580091821141,0.147772708319931,0.428194291238457,0.291712907864982
2677,0.100991325426295,0.2101654556045,0.286969039391643,0.0702702050150647,0.192300573034982,0.139303401527516
2678,0.0485764361187683,0.16313286622955,0.185562346500865,0.0614948101721911,0.309208444346507,0.232025096632119
2679,0.00422115538967892,0.0170726917869395,0.0493604410038678,0.0283513582026421,0.320626049491324,0.580368304125548
2680,0.0649495135604567,0.117131195966271,0.329686434374006,0.146670247052815,0.140374333233861,0.20118827581259
2681,0.052480404561078,0.172179998999092,0.106412760927962,0.0884556972968198,0.288403691010142,0.292067447204906
2682,0.0173409362449642,0.0435331979608956,0.136188563955203,0.137984213462711,0.193933647438717,0.47101944093751
2683,0.444389764094009,0.272800457687595,0.0551852361492379,0.0967046784007251,0.104622543489684,0.0262973201787488
2684,0.0150518124429866,0.042846285322828,0.0552141598754282,0.0795716477582016,0.425131163589081,0.382184931011474
2685,0.146879052286492,0.11186891848896,0.148765487080124,0.0424185404519565,0.0932600937288477,0.456807907963621
2686,0.0167004515343222,0.150589510261398,0.179614450069043,0.0397397378874212,0.196629821408007,0.416726028839809
2687,0.313367627083818,0.196536799784143,0.0941279474679316,0.171189328925548,0.184341109044482,0.0404371876940769
2688,0.0510019969218891,0.175544191130257,0.0822695457069248,0.230846943905602,0.312998886142634,0.147338436192692
2689,0.15378042090137,0.622498777921223,0.030213126689532,0.0411352797532873,0.122822813587279,0.029549581147309
2690,0.0123088550157317,0.0285003545043145,0.0406561263225626,0.203264261990512,0.475498056101939,0.23977234606494
2691,0.0446953702037416,0.228113887891168,0.0737942059619733,0.0531117825073556,0.317441330613959,0.282843422821803
2692,0.0506243779179784,0.0954236374908842,0.224744684846113,0.0899301411501899,0.188281617174616,0.350995541420218
2693,0.0376906871288214,0.0761144920822848,0.235882765314371,0.0632081433002885,0.133238874830165,0.453865037344069
2694,0.0142747169339256,0.0362876334801255,0.085903564328556,0.0525537394304436,0.192316948388502,0.618663397438448
2695,0.62470940267718,0.17199628176275,0.0420928865896904,0.082597445397946,0.0581244070963787,0.0204795764760556
2696,0.0241533523290729,0.111922865674077,0.298738104095887,0.0425380632405557,0.126523745332626,0.396123869327781
2697,0.0394726178972401,0.161230378044051,0.268635546259766,0.0440729672048317,0.140489231625206,0.346099258968906
2698,0.0206381940510674,0.0648887253443807,0.193288849141175,0.0622743228122854,0.220397024152218,0.438512884498874
2699,0.0208969835937874,0.130176728375485,0.301200351630095,0.0363853684363589,0.101430118279208,0.409910449685066
2700,0.003517674357379,0.0358153451495323,0.0275430878059006,0.0113644499235382,0.317472105479977,0.604287337283673
2701,0.0275610809964569,0.0434012361402741,0.0942578329379226,0.121847849299349,0.257258781924685,0.455673218701312
2702,0.462626544550251,0.172927116816555,0.159540028517546,0.0714430655742478,0.0756566480968563,0.0578065964445444
2703,0.0741056682299939,0.0835581466815319,0.147652734983833,0.0971274527852899,0.296250304376077,0.301305692943274
2704,0.0334851213266289,0.200056097881666,0.47809978347826,0.0631632222375163,0.110025891410232,0.115169883665697
2705,0.0198703955413278,0.18494643857009,0.401335249447334,0.0263101522163198,0.133823451590672,0.233714312634256
2706,0.0211638452488089,0.0943389651996586,0.165760600947569,0.162285547823431,0.149984956866365,0.406466083914168
2707,0.015630931684312,0.0291918267966373,0.0345137844811759,0.0606103460638676,0.63835473278998,0.221698378184027
2708,0.350161375132183,0.376367431429263,0.0611015090295606,0.0594354991488164,0.115799447227285,0.0371347380328921
2709,0.0673492027885143,0.147294526321452,0.278355203721294,0.0779065195792701,0.109369738640365,0.319724808949105
2710,0.075206444390182,0.109620225865689,0.217239868240108,0.0826025404063284,0.173995970296781,0.341334950800913
2711,0.0268380983614515,0.0810199892550938,0.169658917605777,0.0431673020626093,0.274632984877278,0.40468270783779
2712,0.125634560204896,0.103281436207664,0.0910837814156694,0.149912355237279,0.3656749265915,0.164412940342992
2713,0.161715354821997,0.227139451986826,0.241840621336925,0.0609188140236336,0.112486154613547,0.19589960321707
2714,0.00576821479923263,0.0649271526094124,0.114690281606753,0.0268841840459537,0.174402321782279,0.613327845156369
2715,0.0427071323606166,0.120107410935689,0.389024160558893,0.0588553112072086,0.216694552405092,0.1726114325325
2716,0.0285452911887159,0.060760618974427,0.106046892771271,0.0773095504619753,0.393696555253725,0.333641091349887
2717,0.0129437052020022,0.0407727475882249,0.0330474679364194,0.0349113509160882,0.249490554857153,0.628834173500113
2718,0.0199018234872649,0.058657243675198,0.253704673561108,0.0755232604514982,0.194021882306756,0.398191116518175
2719,0.0460727738115,0.136201202366292,0.207617657340681,0.0675368376169415,0.314902650188168,0.227668878676417
2720,0.116968707387279,0.108354818806581,0.263400160378812,0.0941973057560039,0.213138539518728,0.203940468152595
2721,0.0217008962235828,0.0639057064570552,0.09631752180226,0.055092815812671,0.292715506831002,0.470267552873429
2722,0.277535530205519,0.506295632396502,0.114769360837966,0.0154871296870517,0.0587025003521578,0.0272098465208028
2723,0.0539238448773449,0.126676357333674,0.13655957457799,0.0806858719517795,0.186981358448324,0.415172992810888
2724,0.684575583398913,0.0821947500534501,0.0579374209301198,0.0921477599665014,0.0585034208474427,0.0246410648035725
2725,0.209718624877045,0.308847214127277,0.0685449354124344,0.176498975418046,0.15548811253551,0.0809021376296876
2726,0.073359265959393,0.103269867249145,0.0651208200057664,0.185430221256066,0.504265212051529,0.0685546134781007
2727,0.00891334162388654,0.0409267725175904,0.0986019766862473,0.0402501106434167,0.299821563766194,0.511486234762665
2728,0.0212007118896757,0.0510307703309601,0.133062796037614,0.0581413376507395,0.128613346972551,0.60795103711846
2729,0.178951033288351,0.234329148722722,0.0889579787508712,0.10193022809463,0.256620381104349,0.139211230039077
2730,0.027541985376051,0.0398471882932185,0.104455548525809,0.0791017898194337,0.396991947037898,0.352061540947589
2731,0.156212690627622,0.149216277655092,0.0702555036832548,0.191893403639377,0.31848973573041,0.113932388664244
2732,0.0355259071050407,0.0911681341354861,0.274278089879026,0.0471491648877748,0.120750259460968,0.431128444531705
2733,0.0622910352012009,0.136512206860094,0.148813273612465,0.195944570388957,0.363906590147056,0.0925323237902257
2734,0.0345597216322568,0.65909169675383,0.047192091519386,0.0151538417149669,0.141848630775834,0.102154017603727
2735,0.0520794996420694,0.444930755559852,0.131975744222136,0.0338810115179572,0.127556685137766,0.209576303920219
2736,0.0363216115506405,0.0866892777678459,0.0564617376552999,0.320093809761992,0.387939586892119,0.112493976372102
2737,0.143679439492913,0.133966496137155,0.243662943871084,0.147737919516163,0.154463908545841,0.176489292436843
2738,0.036120827027112,0.110052489058459,0.142361157390261,0.0605466617152482,0.161123539436451,0.489795325372469
2739,0.125884253321017,0.278637986410944,0.232190163080208,0.0373532300317625,0.221282361327675,0.104652005828393
2740,0.217380893560409,0.387572792651163,0.056156862812997,0.0929280463637341,0.111415515434971,0.134545889176727
2741,0.0555982273790439,0.326041855497886,0.104164764219253,0.0417191333033119,0.306155365150006,0.166320654450499
2742,0.0666503739137701,0.0646632408085068,0.0460625308151558,0.208959810300934,0.466732579065173,0.14693146509646
2743,0.172134356764026,0.213892951393152,0.10115678552814,0.115260958802802,0.239756723194228,0.157798224317652
2744,0.0343096984798602,0.0753868013113503,0.071058236196501,0.126943314873859,0.573777034434697,0.118524914703733
2745,0.0243088260913696,0.182336390565199,0.287212641925865,0.0793743333888212,0.208482257043821,0.218285550984924
2746,0.02068887149863,0.0728008008490294,0.102637761006409,0.039237898785397,0.289034409655833,0.475600258204702
2747,0.0220232296451544,0.0289589509703249,0.0149871944430961,0.0853456838400719,0.639034714890206,0.209650226211147
2748,0.0116111880935171,0.0557489652930929,0.0754840496145744,0.0455105416209967,0.548928436378045,0.262716818999774
2749,0.24054895429941,0.0872717995626082,0.0577146363370245,0.293477744720668,0.23471655645889,0.0862703086213994
2750,0.0141211576106679,0.0702573446646928,0.404746156417605,0.0343017026319446,0.112174344766276,0.364399293908813
2751,0.223505519977528,0.211006415864439,0.0849305204692572,0.10816819304209,0.29357383027631,0.0788155203703748
2752,0.0368744699683664,0.163851310738241,0.201702273641774,0.0999285408005518,0.182056592690554,0.315586812160512
2753,0.0680007355044684,0.0657411945554532,0.0210151217235787,0.34976698187615,0.441008635365091,0.0544673309752591
2754,0.0192848346827755,0.237270689083305,0.125959318212961,0.0267097182571572,0.316845161431019,0.273930278332783
2755,0.00484882427453005,0.0124883926246105,0.0496666523460604,0.0158829732808471,0.191281679633072,0.72583147784088
2756,0.014736091869191,0.0313887784087023,0.0828287358623918,0.0240655492736085,0.0455801668086075,0.801400677777499
2757,0.0119971920130809,0.1357305764954,0.0307759433848662,0.0434820402752391,0.497992873611836,0.280021374219577
2758,0.0944595510731315,0.247773394523987,0.186837225354464,0.0373769243016641,0.266135290296759,0.167417614449994
2759,0.024034780616049,0.206560810048479,0.0963341976303093,0.019944780006499,0.261063354018969,0.392062077679695
2760,0.437856809993199,0.0828436465398141,0.0281366774877008,0.385805457963246,0.0534152760607124,0.011942131955328
2761,0.165960168247827,0.144179236050888,0.0907381433332312,0.22847696671319,0.243907057865618,0.126738427789246
2762,0.0130089079787434,0.162278068583374,0.150687787343099,0.0350567850923305,0.36398525818004,0.274983192822412
2763,0.0496458517279224,0.1906053446756,0.286893947406961,0.063514417038938,0.193689292631843,0.215651146518735
2764,0.0157650572136638,0.0320760164449786,0.154678689243641,0.0255324496478966,0.105993771702103,0.665954015747718
2765,0.0333556342845685,0.154548495476695,0.203998514176376,0.0439745881111765,0.184545795291942,0.379576972659242
2766,0.0316807611644967,0.131614052147964,0.0946412984705601,0.068300395739174,0.354994338695489,0.318769153782316
2767,0.0436313656916753,0.139141250399285,0.1618442578897,0.17068816736567,0.238523918388798,0.246171040264871
2768,0.052921368152982,0.293802453935069,0.333574285060065,0.0347571222962207,0.11393509533917,0.171009675216493
2769,0.0468493956815028,0.295782195375265,0.12844703016088,0.0827722649001248,0.271768311766885,0.174380802115342
2770,0.00481688831730229,0.0482862798368662,0.177919485875182,0.0333796926858439,0.148885088420167,0.586712564864639
2771,0.0318642513900019,0.156772509092999,0.47503177304868,0.0601543514106781,0.127365763127016,0.148811351930625
2772,0.0777392756157153,0.106747778912338,0.112252044387579,0.177856920221518,0.363507915815984,0.161896065046866
2773,0.0686400158586889,0.295903501202638,0.131947184467473,0.0469560601341636,0.306246041699482,0.150307196637555
2774,0.116842832535637,0.401540480303696,0.0831542929463321,0.0536157912012184,0.209160195590513,0.135686407422604
2775,0.00551990541320865,0.0243921149787385,0.10397537446712,0.0138111006893775,0.113937650852219,0.738363853599337
2776,0.012780874842381,0.0329937238832794,0.0546391894791603,0.0551906688703542,0.264642189798046,0.579753353126779
2777,0.00348098250668874,0.015743570736038,0.0763441056218537,0.0176235707012506,0.0601365102387319,0.826671260195437
2778,0.0848526462073897,0.14434212082503,0.136661052974029,0.0963998354722189,0.18946034731701,0.348283997204322
2779,0.0478797144008822,0.103328705559983,0.347560904876484,0.108105198365247,0.144528985098779,0.248596491698626
2780,0.050637572747701,0.244327081752231,0.273870658328036,0.0510069882919865,0.139235666488112,0.240922032391933
2781,0.0166954222725008,0.0404014654820445,0.0551870566950561,0.123610306034657,0.511884745760384,0.252221003755358
2782,0.0126101767094207,0.0543401215122841,0.212209067876589,0.0297711326459167,0.129717754510139,0.561351746745651
2783,0.284281924472165,0.409869868027673,0.111477916090835,0.0594346771320962,0.097212250587396,0.0377233636898348
2784,0.069402804054263,0.295833155802927,0.0567499728140849,0.112004827909052,0.387258638650805,0.0787506007688692
2785,0.00477152302697251,0.024181534286052,0.0572885149325958,0.0378103650279678,0.230978899442412,0.644969163284
2786,0.0168904292347086,0.0650986415442601,0.0594644075412345,0.0660090219303383,0.365970763220514,0.426566736528944
2787,0.00830463414621639,0.0410056782199151,0.0788147274339461,0.0269171160879062,0.229111388459128,0.615846455652888
2788,0.0161984744714756,0.0607969117068962,0.132285826600901,0.0391625542072555,0.137543127649538,0.614013105363933
2789,0.0685158883594244,0.0699842029517814,0.27988557109833,0.0891016962979246,0.214924211918437,0.277588429374103
2790,0.0524413931258907,0.136409938541691,0.0627728173419135,0.103236724709794,0.42141090274062,0.223728223540091
2791,0.184078253432287,0.0776452436412758,0.0498849960207779,0.44230382018169,0.17505486820623,0.0710328185177401
2792,0.583651056699559,0.259441789648187,0.0238508543613544,0.0441674585877461,0.0677941390202147,0.021094701682939
2793,0.011637652515673,0.0708367406705216,0.0505145464121152,0.0326818459007085,0.45166356431282,0.382665650188161
2794,0.498392971124963,0.203749861454875,0.0636293923898186,0.0917320912825544,0.107133676943254,0.0353620068045349
2795,0.360083684036442,0.114927111888407,0.0591194571396134,0.322138126682548,0.113647272370653,0.0300843478823375
2796,0.0072983545966817,0.0336132912852751,0.127254499903627,0.0263491741074628,0.10157672006102,0.703907960045933
2797,0.0321376525666908,0.0526889285614038,0.0796353710171579,0.113752946535694,0.171337410010134,0.550447691308919
2798,0.0112639095617165,0.134703189925466,0.170556773092197,0.019970014531403,0.246874648644421,0.416631464244796
2799,0.105670476651588,0.180230708040614,0.303711085473491,0.0408366847744797,0.162524586794946,0.207026458264881
2800,0.00916300589442262,0.0349259101755936,0.0536907238495636,0.0520485697998367,0.240247085617785,0.609924704662799
2801,0.0151469177987952,0.0390630055407014,0.0310144177171521,0.036508770590725,0.467543080568619,0.410723807784007
2802,0.0294769927337775,0.0822725681736844,0.0624430140538544,0.107626676413658,0.329245534035069,0.388935214589957
2803,0.0716035522650425,0.544336803698163,0.0860606837962444,0.0213545305473866,0.172254508968388,0.104389920724775
2804,0.0164685891572953,0.082939535747282,0.12380938191352,0.0646657365594514,0.38123721695652,0.330879539665931
2805,0.21719845642755,0.18916921785427,0.273345289166566,0.0907115508935932,0.147023691299335,0.082551794358686
2806,0.144380107800182,0.0920760141740498,0.0659713197082647,0.259348818772747,0.239883256314269,0.198340483230487
2807,0.064309670071041,0.165016719727947,0.173599997930659,0.0798254508702627,0.204490263267882,0.312757898132208
2808,0.0109244637926838,0.0441359812444746,0.0590750268755928,0.0311247423701353,0.274140153330067,0.580599632387046
2809,0.0385440415332501,0.0820220074342172,0.273032230889691,0.0575704012527626,0.111096324671112,0.437734994218967
2810,0.010354607229636,0.0416106336136373,0.0678804770566499,0.0901136264242994,0.45896617311047,0.331074482565307
2811,0.015431796149354,0.158589473890756,0.230695264401155,0.0551228584878991,0.227841596659942,0.312319010410894
2812,0.402934075266441,0.254695444038334,0.141325843537233,0.0836654003368361,0.0769341307389735,0.0404451060821827
2813,0.063568845952916,0.110456227519724,0.150678702213848,0.111875056176588,0.283064752522672,0.280356415614251
2814,0.0235148522851538,0.201817596317383,0.239530235369192,0.0479428669920517,0.205988356198198,0.281206092838022
2815,0.0515325850545094,0.0963519632484758,0.15749533855469,0.0851420815056383,0.159015700786864,0.450462330849822
2816,0.211450048002209,0.173900495326546,0.294136956899812,0.0786697928703043,0.161146501051746,0.0806962058493832
2817,0.0729984259375342,0.348597784438278,0.118473874898968,0.0602485110732347,0.257783185532053,0.141898218119932
2818,0.290087442290653,0.299008708550251,0.163103295193171,0.0516088447853018,0.112816203216521,0.083375505964103
2819,0.479040026418,0.343928305962886,0.0508262603116249,0.0395561637664507,0.0646964690795237,0.021952774461515
2820,0.287136402362872,0.201491495960588,0.353871988849268,0.0476899591064714,0.0650448746537127,0.0447652790670869
2821,0.00557846227176621,0.0363076803566584,0.0306196534120333,0.0127393811752369,0.428607154675218,0.486147668109087
2822,0.194278035905305,0.218107107987595,0.165432568947936,0.0599368153113036,0.243883064596988,0.118362407250873
2823,0.06964989807564,0.096568501877027,0.110014085942982,0.103550525179939,0.210579638594783,0.409637350329629
2824,0.0417836055040704,0.146924548458101,0.197096925976394,0.051880117898365,0.249637424127001,0.312677378036068
2825,0.00602922548953997,0.0552288807683982,0.199753697541732,0.0231305982287971,0.0509410789852936,0.664916518986239
2826,0.026701155646776,0.193134742541147,0.0530474703993683,0.0384416909477738,0.440823945604981,0.247850994859954
2827,0.107235238236544,0.406205736607345,0.11448124366446,0.036814166579764,0.173048236688433,0.162215378223455
2828,0.0247226339926765,0.156782244315383,0.139520904681965,0.0609003303867916,0.371336570847377,0.246737315775806
2829,0.0307623560994456,0.0393466185981364,0.0341459658227293,0.152882208319993,0.591465985817392,0.151396865342303
2830,0.00531963362796886,0.0358863553461918,0.117296259510253,0.0271680500761962,0.158151343513481,0.65617835792591
2831,0.334981585281216,0.436932226590326,0.0853061008295261,0.0407254724427867,0.0615852774178166,0.0404693374383283
2832,0.032529750108801,0.231912737574146,0.232777647464553,0.029437783583216,0.239974097990094,0.23336798327919
2833,0.115937350402404,0.119749018883255,0.0964212241079848,0.178473066278096,0.287541170969274,0.201878169358985
2834,0.0248261177658331,0.0719285879343071,0.0941558388950651,0.0430007031506317,0.252915243149758,0.513173509104405
2835,0.263553489227702,0.216333653049818,0.0400011065238499,0.198614407553416,0.204404632238453,0.0770927114067605
2836,0.0125438932556217,0.0291288428291922,0.0478672137766734,0.0447067695002114,0.252118707946961,0.61363457269134
2837,0.0612482331199636,0.23532463659457,0.32861187375642,0.0586968878143892,0.157198866680106,0.158919502034552
2838,0.142305591176575,0.211987736399624,0.210852882903772,0.0852469602611739,0.13434264006776,0.215264189191095
2839,0.145521267919325,0.17292533927835,0.14463566652681,0.0985034147826427,0.249435259507493,0.188979051985378
2840,0.126233152441372,0.0921190875052814,0.159222777553392,0.15759515132908,0.214015932130509,0.250813899040365
2841,0.463813233439227,0.10112092024307,0.0516511096225168,0.178585434817617,0.149373708747796,0.055455593129772
2842,0.00744350850765981,0.0278958636792358,0.0259373579160084,0.0493165635754887,0.535273842440092,0.354132863881515
2843,0.136240474785215,0.121642492283005,0.159824590607888,0.139530183000717,0.196076699247917,0.246685560075257
2844,0.0283997913824435,0.0833612116936565,0.60335430506277,0.0250778936443255,0.0761298982875838,0.183676899929221
2845,0.182158282457457,0.322916111345395,0.185831897440657,0.156708588323621,0.113439612286993,0.0389455081458767
2846,0.01573070207942,0.0469650568940409,0.0521342602742232,0.053414634803794,0.409067871295213,0.422687474653308
2847,0.0107633306393519,0.0410363966505761,0.0468627985279345,0.0480108216672498,0.523619782412442,0.329706870102446
