"CUS_ID","F20-","F30","F30+","M20-","M30","M30+"
2501,0.107489009722727,0.446282528352789,0.102502563347678,0.0500866703358134,0.155672410447775,0.137966817793218
2502,0.0458320650139189,0.118609723900466,0.168968215057767,0.0743786435440539,0.366604258269412,0.225607094214382
2503,0.080940977682537,0.269059027891983,0.091338736325939,0.0857579917320218,0.3059138229958,0.16698944337172
2504,0.270547915859746,0.172399005767069,0.148080251593793,0.132552599788818,0.141576553630598,0.134843673359977
2505,0.0363301783425757,0.123394268769614,0.183614454090373,0.0650554829169702,0.201493713831108,0.390111902049358
2506,0.0269966889074984,0.29484506787445,0.0973913820551236,0.0295334954420763,0.26167024711376,0.289563118607092
2507,0.0146687134323447,0.0411305112548545,0.0929770473686585,0.0322094761091154,0.205977714978957,0.61303653685607
2508,0.0133579289535656,0.0408879835491418,0.0594325012487378,0.0381971580922785,0.406992824086573,0.441131604069704
2509,0.0249631827811195,0.0575825404442704,0.161264482649447,0.0402074552837714,0.161386143355233,0.554596195486159
2510,0.0182536234766993,0.0724536879788041,0.0601138180029389,0.0351380331442019,0.311448663075758,0.502592174321598
2511,0.545271964697451,0.134748296163967,0.0794291209624087,0.135179665245904,0.071805420689597,0.0335655322406733
2512,0.0581849829984858,0.177416692169708,0.0867573203135888,0.112548363450763,0.451431417567049,0.113661223500406
2513,0.0100263098360157,0.0396496791982216,0.0992372200256696,0.0386885101654537,0.281059377399743,0.531338903374897
2514,0.108643862099835,0.57627654466247,0.0588871311229538,0.0355541914877495,0.15925176236688,0.061386508260111
2515,0.017019091302728,0.0486784810309962,0.103441240493975,0.0428954558174116,0.178998505838399,0.60896722551649
2516,0.0893713706269872,0.129071193263338,0.0808633418103359,0.12460732371824,0.303790917957376,0.272295852623722
2517,0.0629544060156192,0.31434990699437,0.12821742491876,0.0279960794187783,0.183438690218855,0.283043492433617
2518,0.329084231969436,0.248597502078432,0.114408105596229,0.0696674603816547,0.135934083839044,0.102308616135204
2519,0.0625488078282471,0.782249060446476,0.0271142554464064,0.0151450323769232,0.0722003031172882,0.0407425407846596
2520,0.0296109616532494,0.052229979668039,0.0236706344347796,0.093644040345881,0.628884008219246,0.171960375678805
2521,0.0469938097443432,0.0897167437439256,0.300650070863687,0.0686496704907924,0.135531222123373,0.358458483033879
2522,0.341362145352562,0.226587131036542,0.149748096707501,0.0877511375619789,0.122611139453396,0.0719403498880204
2523,0.0751816876806154,0.402694932744047,0.0893159174108771,0.0302186916709158,0.259045984223418,0.143542786270127
2524,0.0956192667641949,0.148081047354404,0.248433339166419,0.0856153058195038,0.152344168784908,0.269906872110571
2525,0.161225361681911,0.102810410215243,0.0904950731800006,0.298872925176744,0.285765111649701,0.0608311180964005
2526,0.0999246048353606,0.173015248623294,0.091584262851225,0.0989698795342625,0.332936246926322,0.203569757229535
2527,0.466837911300817,0.164721658694439,0.104867707313355,0.0666873102995685,0.109635762355341,0.0872496500364792
2528,0.013754335335846,0.0348803670469993,0.0822441994331594,0.0692426249224802,0.25522653327979,0.544651939981725
2529,0.0498440342628309,0.0833529430971922,0.270655226674414,0.0531660753991151,0.121273137666237,0.421708582900211
2530,0.00573663052401399,0.0374432106469134,0.163395865310155,0.0304565527076886,0.119683875499965,0.643283865311265
2531,0.0528872883046435,0.152492304703572,0.149504147962967,0.110875726774245,0.274026794356803,0.260213737897769
2532,0.0611332316291725,0.158931424419726,0.145123684364588,0.0764800429732962,0.233928548672701,0.324403067940516
2533,0.00664480801644613,0.0211741398948609,0.0864692429012425,0.0170569171905955,0.0526308341695648,0.81602405782729
2534,0.221276004517816,0.0851710221754108,0.0671528633199144,0.398710841286776,0.139167523324143,0.0885217453759399
2535,0.0602114469693335,0.125805195662497,0.158080612315666,0.0683420576699177,0.199964038820532,0.387596648562054
2536,0.160808201377123,0.226649366213891,0.116388469882484,0.0858261846156906,0.189747101281885,0.220580676628926
2537,0.0617216868932859,0.676818755619716,0.0852500791465308,0.0155013957096703,0.0940393966998919,0.0666686859309053
2538,0.211267766592051,0.11067829985749,0.08099206446331,0.09990197859414,0.29180675483015,0.205353135662859
2539,0.184845079176493,0.249897257531535,0.17516752890809,0.0596729426947569,0.167781990351737,0.162635201337388
2540,0.373270659804201,0.156958053862623,0.051306152636702,0.142972115167676,0.22171526236443,0.0537777561643679
2541,0.156448504624411,0.0821283798547909,0.0396673522529931,0.314817001947428,0.318765657635191,0.0881731036851853
2542,0.110426297768817,0.363623054882289,0.0864628312342926,0.0522094340906175,0.299318688290834,0.08795969373315
2543,0.0166516171252602,0.0328402500592441,0.0684462873335304,0.0189381695857166,0.261069471445088,0.602054204451161
2544,0.121821031084604,0.155502535442299,0.126962882440743,0.224861046512625,0.141118936029508,0.229733568490221
2545,0.0320773928927126,0.275708529235271,0.0623623591467674,0.023403737081889,0.377924271327499,0.228523710315862
2546,0.0515335020364874,0.0430602531046611,0.0200076818915718,0.254421309071668,0.540494778636715,0.0904824752588958
2547,0.105997968617434,0.190700281853725,0.245199684806765,0.0664045121346858,0.182074059690903,0.209623492896488
2548,0.0649423294177764,0.0845604241947337,0.122738429129395,0.202492090335245,0.39048534220867,0.13478138471418
2549,0.00828395966891633,0.03720286229414,0.0442943209294565,0.0527241857726225,0.309330765326154,0.548163906008711
2550,0.0234619344469821,0.0356798985692415,0.0202558000219146,0.179705135585393,0.577047441781926,0.163849789594543
2551,0.104414385091519,0.189354738158464,0.0931626046336036,0.194685136995765,0.23708797045654,0.181295164664109
2552,0.134698909618347,0.352601693506749,0.137601778668151,0.0685467998045777,0.158170729609737,0.148380088792438
2553,0.437816273316093,0.198075290213202,0.0614406568297031,0.137449979886305,0.134739092514611,0.0304787072400853
2554,0.0989796748413473,0.175472021426763,0.092352933074338,0.12981851071085,0.380138998365856,0.123237861580846
2555,0.0216495845112331,0.103175157932095,0.0747561906487599,0.0522622389852456,0.525581993048582,0.222574834874085
2556,0.0826305028039067,0.267036162966827,0.301088597042448,0.0671709605829312,0.156213272225333,0.125860504378555
2557,0.247472496415457,0.264414770400254,0.294663159836201,0.0695729118743245,0.0815198281692293,0.0423568333045347
2558,0.0435979403749663,0.111600115516366,0.596590124571131,0.0454345548003144,0.0986442677251109,0.104132997012111
2559,0.0810223396788386,0.4132839720902,0.128181070030239,0.0423472680253808,0.13058538573158,0.204579964443762
2560,0.0119445801834233,0.105549541073565,0.0809755330391931,0.0348547008521445,0.197328717509604,0.56934692734207
2561,0.0326723482961686,0.0761672351932098,0.165601347520781,0.0343607861710811,0.155499564313742,0.535698718505017
2562,0.302555846387577,0.383116936607815,0.052771570155697,0.0569288328102006,0.171885047042216,0.0327417669964943
2563,0.19694607575665,0.208126119991713,0.220106056859456,0.111411237285956,0.132316613161933,0.131093896944291
2564,0.140699880728056,0.0894293167308799,0.088682576439577,0.280540903717494,0.24499247672071,0.155654845663283
2565,0.0171095911710279,0.0569086029183824,0.0748077931286047,0.0432184243112147,0.187194134885576,0.620761453585194
2566,0.0160196345695506,0.0355693205483713,0.092595918294234,0.0971148142574218,0.247837928782991,0.510862383547432
2567,0.0576664734600934,0.151895279396768,0.127714226579187,0.0773826355634789,0.160063365274432,0.425278019726041
2568,0.0140796299838325,0.0570284189336511,0.0882384242669238,0.0389051354265216,0.250230776056305,0.551517615332766
2569,0.0266308561341792,0.0872311142983016,0.202325363027935,0.0332594776998033,0.213813185681365,0.436740003158417
2570,0.056779396550559,0.489837127988172,0.0970355096630592,0.0364486235944154,0.166841102291945,0.153058239911849
2571,0.103085554247964,0.0951113915011115,0.0538326171260743,0.251871927209386,0.342371653174395,0.153726856741069
2572,0.092067257018943,0.134581789333959,0.301410821922345,0.166475680837323,0.120157519062388,0.18530693182504
2573,0.0862257927717892,0.285183944357935,0.119841154261857,0.0513885602179429,0.248874486203046,0.20848606218743
2574,0.0527403728346132,0.061456773189125,0.0498832403276194,0.349771453586141,0.405131974086294,0.0810161859762075
2575,0.0283794463120053,0.0447532982960647,0.0241188894861769,0.141136024058342,0.641355934260899,0.120256407586512
2576,0.28779904223857,0.266653751349275,0.149393609752374,0.0870176660941945,0.108460124575818,0.100675805989768
2577,0.0546010833019341,0.223862180081918,0.245775133808148,0.0434669220384891,0.199002353174216,0.233292327595296
2578,0.00496817711561204,0.0191058776096256,0.0613317008282463,0.016514995331453,0.0783956573386189,0.819683591776444
2579,0.255650850868782,0.223857180195555,0.266864986487434,0.050051360088335,0.102210384979871,0.101365237380024
2580,0.0845455399201224,0.281355899514593,0.170687637971423,0.0395537477091835,0.194034381180137,0.229822793704542
2581,0.0190087219256045,0.0482018614846528,0.0832305062268285,0.111049941209794,0.421728235865826,0.316780733287294
2582,0.117728235284092,0.503771358126342,0.070474336483315,0.0427778690036785,0.197039765473419,0.0682084356291539
2583,0.0661583573216325,0.537661747739711,0.161698156759944,0.0282992216743202,0.111809022509809,0.0943734939945836
2584,0.232193727793441,0.608264788406785,0.0386376427206308,0.0162060163530904,0.0788704167711032,0.0258274079549504
2585,0.0258581507884418,0.0589270309519734,0.0721607427346701,0.0686898774396396,0.435461181923647,0.338903016161628
2586,0.0575811033449099,0.234082768385166,0.135090503772766,0.0503406126795969,0.190404680339645,0.332500331477916
2587,0.222983472022529,0.0884579720885103,0.0715981304530036,0.219164423821335,0.280680317817464,0.117115683797159
2588,0.0551743795256857,0.0464327836829724,0.0382235310969583,0.134939456905489,0.582617003970384,0.142612844818511
2589,0.0456145686917449,0.0828916767436632,0.0504685802479888,0.133960505152638,0.544951634077835,0.14211303508613
2590,0.0174077345952596,0.0638074072360898,0.144518082178074,0.0807816766004717,0.184408439281587,0.509076660108518
2591,0.0890234094025954,0.119911527260399,0.216680047495592,0.0728172553939687,0.115242195391925,0.386325565055521
2592,0.0274529299817862,0.053989931511897,0.0472290686064792,0.135699565413775,0.571781896397456,0.163846608088607
2593,0.230411715328371,0.212109685018925,0.0846886547050912,0.195730298171622,0.180336723347807,0.0967229234281836
2594,0.0446174588592637,0.0787894202558398,0.0734943402359625,0.0363434966314611,0.360708350498538,0.406046933518935
2595,0.120239134986482,0.137592869938673,0.189778077211585,0.151985757647022,0.165844054643187,0.234560105573051
2596,0.707172473641721,0.0981683334770641,0.0238913099947387,0.112142586470307,0.0455303608584726,0.0130949355576964
2597,0.0156881091146572,0.0517606818289873,0.164277908720684,0.0425839013970601,0.189782916861793,0.535906482076818
2598,0.0214600548998636,0.105049121652709,0.12022939934596,0.0253995587828743,0.166660301172767,0.561201564145826
2599,0.225721760993727,0.200841535556584,0.106935461130911,0.158885800999931,0.188193205683159,0.119422235635688
2600,0.0343357366767871,0.0980205347299438,0.107274699835114,0.0882925758115259,0.562897530494443,0.109178922452187
2601,0.0701166045766628,0.0931296690838092,0.207548654506844,0.091156270275397,0.143189747840187,0.3948590537171
2602,0.0140197451472397,0.0723401121945444,0.106458485829436,0.0459751642648511,0.211672280418237,0.549534212145692
2603,0.0529021027006735,0.530325165619887,0.0479293858992439,0.0346750638530074,0.238656012026907,0.0955122699002816
2604,0.0539897012704785,0.20362767752155,0.279584640793495,0.0955049632932883,0.139155444688898,0.228137572432289
2605,0.0293954098526504,0.144080335926004,0.300671525411373,0.0469208502985902,0.167225702575816,0.311706175935566
2606,0.0670776725102356,0.109484110778012,0.140258870555895,0.0614150002197129,0.240607435094326,0.381156910841818
2607,0.00865608765529259,0.0224092200941689,0.0680238914834018,0.0228774437652141,0.121366612293131,0.756666744708791
2608,0.18519172819122,0.158067023898902,0.081141209567091,0.141482067633376,0.251453363006272,0.182664607703139
2609,0.0320509069234438,0.0574849115527882,0.0712418225905926,0.106602692289973,0.367882873133411,0.364736793509791
2610,0.0959961551112806,0.162028054395081,0.0608373492770647,0.146012936332848,0.307783676324876,0.227341828558849
2611,0.0230816133965199,0.0724493278193188,0.2211077379496,0.0473254430961374,0.097191287995527,0.538844589742897
2612,0.0672370454823782,0.234574036143833,0.135628653903498,0.0476556704906309,0.157596631504877,0.357307962474783
2613,0.441181602849717,0.329925400322319,0.0539981304753318,0.0647576548309778,0.0864948266418878,0.0236423848797658
2614,0.132988734546184,0.0977978881142384,0.0815336333033569,0.144134204581059,0.234094086067277,0.309451453387884
2615,0.337165146060003,0.25682148632484,0.193726618506359,0.0523253577332189,0.0888541114811445,0.0711072798944346
2616,0.0170453499082078,0.0575803290178548,0.0716176639494661,0.0576464797679483,0.444283799640942,0.351826377715581
2617,0.144803312227351,0.296459974583702,0.277560160459101,0.0420610693561009,0.12501921105151,0.114096272322236
2618,0.0512929237508471,0.0943700748860497,0.101479569109115,0.0575435795278535,0.413089142081824,0.28222471064431
2619,0.0341947789560139,0.0445763960502746,0.0257450012560907,0.105592432040143,0.62217660361374,0.167714788083738
2620,0.0168055348927248,0.107474084182562,0.198027665211361,0.0334509190634668,0.313721632614235,0.33052016403565
2621,0.0311487490842745,0.0943948314172725,0.0639292221784792,0.144422961835842,0.520981055087906,0.145123180396225
2622,0.00722496094655679,0.0266979195545158,0.0452738801223456,0.0267182010836339,0.145112409206865,0.748972629086083
2623,0.163516519502722,0.203724008624279,0.0472553563475749,0.0768179251792853,0.405935490868578,0.102750699477561
2624,0.0471043264063541,0.0694186614179778,0.101720343741146,0.0899615482950766,0.191591674573136,0.50020344556631
2625,0.0754650665396119,0.233792551476014,0.463191447008708,0.0386616926263897,0.0902192296505743,0.0986700126987022
2626,0.0161669927531065,0.0374387081544053,0.0805338191000022,0.0416513783241185,0.158190192557444,0.666018909110924
2627,0.0637557417907199,0.152994988316819,0.262769716171284,0.0447119579341782,0.183828838528656,0.291938757258343
2628,0.0968391958147119,0.109339757915055,0.0811494524111747,0.283132217817638,0.32018171433234,0.10935766170908
2629,0.0364535973379885,0.15568924376332,0.0757433288050113,0.057108304813087,0.399360251659266,0.275645273621328
2630,0.139412557090159,0.131000795574999,0.139620880262272,0.100333517492758,0.214873113212428,0.274759136367386
2631,0.0290327642573972,0.208515407953788,0.221836191765431,0.0382246382996451,0.259236947302753,0.243154050420986
2632,0.0109756761695302,0.0316520024985563,0.0679857792231605,0.0258326208002074,0.111661237742941,0.751892683565604
2633,0.145046848089625,0.33284564228518,0.0702561976144366,0.0953252617008037,0.251889789339362,0.104636260970592
2634,0.0404843428559684,0.0744438148909734,0.252417093336021,0.0738291235541983,0.165378358099362,0.393447267263477
2635,0.0318782663553437,0.0944232610549933,0.0733773233473821,0.0398697870182716,0.541345389735531,0.219105972488478
2636,0.022637327465597,0.0752207165843102,0.123310584440696,0.0509734376265374,0.323462725100921,0.404395208781939
2637,0.0396899373897471,0.100192614735634,0.0423901595208532,0.0311249275060328,0.603992641630503,0.18260971921723
2638,0.0879754411953163,0.0648775053842463,0.0867819414781125,0.341552701050437,0.194267896118588,0.2245445147733
2639,0.070362234713098,0.0751710290077703,0.053833953078894,0.334522206079985,0.348182493359104,0.117928083761149
2640,0.0181155968305601,0.0370431743295291,0.0726981782521707,0.0334978929054167,0.128388914542823,0.710256243139501
2641,0.166960563177898,0.172689241055868,0.141659107845285,0.128500952216479,0.219752621236281,0.170437514468189
2642,0.0281937001238657,0.0990758881765334,0.144983764289357,0.0470474068807678,0.21947987189343,0.461219368636046
2643,0.354464396110886,0.34693260715874,0.0333612348494167,0.132876316343039,0.0954464498006047,0.036918995737314
2644,0.00964338316343724,0.0906153870321215,0.0545324289949119,0.0229719878626144,0.196667719291537,0.625569093655378
2645,0.020277416472905,0.0634423651529545,0.0517739509660041,0.0554591955011763,0.273281466202039,0.535765605704921
2646,0.00984111772799653,0.0339124288733362,0.136362059371593,0.0309061902247991,0.0712418863539536,0.717736317448322
2647,0.066512696818004,0.103102144905698,0.128195391547551,0.151313287535161,0.254022714465739,0.296853764727847
2648,0.219739629750856,0.26154664142158,0.283089696200171,0.0506732225425403,0.0819412205896423,0.10300958949521
2649,0.0484193558173565,0.0692380380320654,0.116363103525646,0.0559745279478924,0.290729790777379,0.41927518389966
2650,0.0674239068897782,0.064489141236501,0.191989667007718,0.0584314926152098,0.129996394479876,0.487669397770917
2651,0.0306889844637913,0.0891280828695422,0.0493192844924772,0.060465287574057,0.523170806169106,0.247227554431026
2652,0.0251744973120141,0.176500908205,0.0709092601312945,0.0492702347176501,0.39301149689199,0.285133602742051
2653,0.219562367123593,0.227654539267418,0.134132098761904,0.0844619135991569,0.185708100222357,0.148480981025571
2654,0.0102242995691354,0.0468459909992665,0.0824358804078807,0.0503266047441617,0.155315139975882,0.654852084303674
2655,0.391454371782104,0.206833513704035,0.0666110515121301,0.12503106843561,0.159322437066093,0.0507475575000287
2656,0.0151281934411648,0.0547455067536065,0.0627913523736053,0.0347612457974196,0.400663297972678,0.431910403661526
2657,0.0199629858782511,0.0467106460300202,0.166388832764987,0.0416669619938624,0.103298288923895,0.621972284408984
2658,0.160903763051927,0.206212034723145,0.167793517651436,0.193464461256371,0.148557634558071,0.123068588759049
2659,0.147386992439091,0.111893882885319,0.124020889780644,0.382233041393501,0.130023504269363,0.104441689232083
2660,0.0142029404214668,0.036335329432638,0.0549661069645854,0.040571697852694,0.278497642480663,0.575426282847953
2661,0.00863764748035942,0.0365511561810997,0.124432903325641,0.0512266084363091,0.118852714603462,0.660298969973129
2662,0.00946200427180157,0.0590774586951438,0.105839819319861,0.016732250037053,0.130092222445797,0.678796245230343
2663,0.00995340754035178,0.0364341368284828,0.061300060173671,0.0475556018917604,0.412955213230487,0.431801580335247
2664,0.0514279795451254,0.103536408579211,0.0436756556936677,0.113182556276303,0.518662687992949,0.169514711912744
2665,0.197321419062603,0.289090204253106,0.100653352298894,0.069202647649769,0.205579092635222,0.138153284100407
2666,0.0152629924278791,0.0384883746588112,0.205529784581397,0.0444234980645227,0.0574910993563649,0.638804250911025
2667,0.06650708870532,0.142796804178024,0.422366755205769,0.0670140704098867,0.180657426273264,0.120657855227736
2668,0.0212476057554217,0.0871168658905392,0.403845428111251,0.0354593420918369,0.111921928617407,0.340408829533544
2669,0.0497011330039572,0.196246229403966,0.135200768049714,0.0335529236841974,0.208972327557269,0.376326618300897
2670,0.0110361311205632,0.0516745756422857,0.140814539886401,0.0312172723766986,0.190641400427091,0.57461608054696
2671,0.045316704691889,0.0769473034952706,0.040014521322016,0.117214719893284,0.309387370283539,0.411119380314002
2672,0.014086064909966,0.0780823111585366,0.14920355861785,0.0301512842927305,0.178320308659312,0.550156472361604
2673,0.324199502766884,0.29719166701589,0.0617639898284004,0.106458674136842,0.16005286901729,0.0503332972346935
2674,0.0405424641755946,0.0581465784055362,0.0704590623529748,0.284837833073239,0.335069140509032,0.210944921483623
2675,0.499539785535357,0.203821546248443,0.0260018507512956,0.161941627159416,0.0831271728343971,0.0255680174710912
2676,0.0247547681047484,0.0456996108623237,0.0615712705374725,0.133155571147888,0.43287895022366,0.301939829123908
2677,0.0823247087393198,0.184717511254686,0.250971144723514,0.0763391481891839,0.238211914762519,0.167435572330777
2678,0.0566556024570347,0.175333195785295,0.17995168054348,0.0603818732740291,0.304698041182125,0.222979606758036
2679,0.00637250458379257,0.0192735555240808,0.0585585087678362,0.0361287703973149,0.339494335395802,0.540172325331173
2680,0.0635187140566714,0.130739690276077,0.325890774026679,0.143689062069942,0.138027083301591,0.198134676269039
2681,0.0577294845215267,0.202214308445532,0.104234298128516,0.0834256807909942,0.316460554461396,0.235935673652035
2682,0.0197649963256871,0.0442573285326968,0.128634026705534,0.162153054435819,0.193788883402127,0.451401710598137
2683,0.438235867125551,0.251353017492006,0.065043585115554,0.10938738981567,0.107109745694009,0.0288703947572093
2684,0.0174659854957006,0.053238722333567,0.0515895870601344,0.0862219799666563,0.437104229387815,0.354379495756126
2685,0.126882378212535,0.0993133493024728,0.145240266703635,0.0537073394077564,0.109241758246427,0.465614908127173
2686,0.0167464929172615,0.118695264564239,0.177296928246105,0.0425023742186079,0.197398470095824,0.447360469957963
2687,0.312083345231283,0.188084661414802,0.0974421797323664,0.174551873895001,0.174156354687712,0.0536815850388355
2688,0.06170683268211,0.189508430400024,0.0958393536858476,0.206518654111563,0.291621855825215,0.15480487329524
2689,0.193055441355345,0.542083353135037,0.0374284168109453,0.0526469963570464,0.141767202913327,0.0330185894282995
2690,0.0170523637676058,0.0429729212442759,0.0522798149400823,0.192234563620413,0.453134762378577,0.242325574049046
2691,0.0607858413332154,0.206945549856173,0.0772138404113636,0.0643245583737416,0.318016896309703,0.272713313715803
2692,0.0683878810171277,0.104285313186706,0.226405558906772,0.0914249942864991,0.203190197586894,0.306306055016002
2693,0.0573764488131073,0.0696413303950633,0.238882420707045,0.0754507866151628,0.145102051102352,0.41354696236727
2694,0.0183699068378983,0.0484487310496121,0.0915351872278337,0.0591111538808934,0.24872493033429,0.533810090669472
2695,0.566689770550862,0.184643299727344,0.0557959673696396,0.0899719238007833,0.0735172602573566,0.0293817782940144
2696,0.0261114095031768,0.113981674449777,0.271446631423717,0.044650248399344,0.142315292343841,0.401494743880145
2697,0.0393702548710123,0.147947064245325,0.252547648573047,0.0393321680436789,0.156917165754588,0.363885698512348
2698,0.0173140486891341,0.0581423553125803,0.181371021453207,0.0550743980629498,0.236776014018059,0.451322162464069
2699,0.020871109657655,0.108764802062812,0.293494494916713,0.0392782148433984,0.109743711455474,0.427847667063947
2700,0.00582034683375067,0.041473026612529,0.0324967732335407,0.014532919903539,0.343871553976513,0.561805379440128
2701,0.030893911429037,0.0483831088572082,0.0846080018485302,0.108732006069622,0.306393670705221,0.420989301090382
2702,0.399009410202823,0.192909764114414,0.187148544108797,0.0587035983957908,0.0855384093652801,0.0766902738128951
2703,0.0841621840662846,0.0814456111297939,0.145304064655944,0.100756172564036,0.289502365180225,0.298829602403717
2704,0.0429830520004014,0.191082724377529,0.449062124411202,0.0672623707005127,0.123491124223449,0.126118604286906
2705,0.0217148960673365,0.172169748982721,0.331229640487644,0.0365349767656477,0.180189102484049,0.258161635212601
2706,0.0274927804349778,0.094629694975872,0.194315528789517,0.13525809842317,0.161836502318559,0.386467395057904
2707,0.0152848589301681,0.0319370754419115,0.0396357604628792,0.0568453027449763,0.615107894869962,0.241189107550103
2708,0.355848595955557,0.344232737245555,0.0649513971610897,0.0674344789779657,0.126189687230447,0.0413431034293852
2709,0.0873573974645973,0.141035714015061,0.259360568309996,0.0889494292038448,0.119973315387435,0.303323575619066
2710,0.0886128123737093,0.1108396665438,0.226101650582628,0.0948528358184434,0.17598079348269,0.303612241198729
2711,0.0196459561188756,0.0741101090012491,0.143485673471532,0.0431708343007916,0.301239561082416,0.418347866025136
2712,0.116894312437281,0.106384588811503,0.115895300501944,0.133653276686369,0.325793999397102,0.201378522165801
2713,0.150445526006297,0.213190002087644,0.21141397374201,0.0703128486534985,0.123882548305065,0.230755101205485
2714,0.00908440340380163,0.0756742795015989,0.139846029785132,0.0306862111344544,0.163477608561654,0.58123146761336
2715,0.0494132736239161,0.134532207505726,0.356517616068989,0.0609861597567694,0.225847473814929,0.17270326922967
2716,0.0373002603687778,0.0816553141902466,0.110948929775429,0.0705610992701359,0.382173320080408,0.317361076315003
2717,0.0222934810126329,0.0492968212836169,0.0413815506253691,0.0434662496655115,0.27231061361597,0.571251283796899
2718,0.0245888825452144,0.0626261217832897,0.2272530729774,0.0753303439111495,0.200152844008586,0.41004873477436
2719,0.0469373118838706,0.153987373182005,0.179651125936519,0.0726001363600724,0.334964137216148,0.211859915421385
2720,0.117265941882642,0.111747545929762,0.282301526650572,0.0877878965868954,0.190079453025522,0.210817635924607
2721,0.0257112049647128,0.0796860797602375,0.112383729886239,0.0525396114604974,0.320373368811143,0.409306005117171
2722,0.25431797921672,0.47211741670253,0.142020898006308,0.0217476405762285,0.073640198917956,0.0361558665802568
2723,0.0526559374811856,0.121843229058044,0.168851836147572,0.0784303686644355,0.178571850080227,0.399646778568536
2724,0.625500966562894,0.0972882778357678,0.0752311256428491,0.0938371708520676,0.0706692920494724,0.037473167056949
2725,0.250671176789328,0.275709480815311,0.0738979617440794,0.185453420710769,0.137822887228109,0.0764450727124041
2726,0.0663054304445659,0.105534850694346,0.0746283185424445,0.15089800507602,0.512416175850577,0.0902172193920464
2727,0.0120587139150369,0.0462805531441826,0.10273956480422,0.0416833214043978,0.282823925095675,0.514413921636488
2728,0.0184327252661985,0.0443538403300923,0.118754363110251,0.0492908901781209,0.139718632392273,0.629449548723064
2729,0.147282295442987,0.244247030662005,0.10426596438363,0.0913872949550463,0.267715212894472,0.145102201661858
2730,0.0247510293004858,0.0417633754750499,0.0980218186524146,0.0785069237090969,0.340448188533234,0.416508664329718
2731,0.169010848138831,0.16716680676503,0.0808452289904808,0.177672269173818,0.28462870283499,0.120676144096849
2732,0.0428371050842641,0.105547926805695,0.26181570489282,0.0546788033323266,0.127083035169348,0.408037424715547
2733,0.0666574829894417,0.137828137818595,0.159480525179567,0.16458394689585,0.355921686576591,0.115528220539955
2734,0.0381859792592672,0.624291733985012,0.047603429052331,0.0215357620258746,0.150448084556987,0.117935011120528
2735,0.0713247010529669,0.410981191669714,0.138416580408532,0.0480673135763385,0.125844441656855,0.205365771635593
2736,0.0496762726561006,0.0906819761957237,0.0615539328042225,0.345437611970102,0.334193159820002,0.118457046553849
2737,0.154662516601944,0.140584977816589,0.255435318489645,0.141235139831181,0.153801766700708,0.154280280559933
2738,0.0539501510280484,0.131366126832096,0.150917154472476,0.0743430625567395,0.170935296131909,0.418488208978731
2739,0.109841647457929,0.281904933623282,0.226652229250096,0.0386001662348703,0.222714601438319,0.120286421995504
2740,0.22471566165309,0.373812818681526,0.0594375321298532,0.0844735379061815,0.127625487373145,0.129934962256204
2741,0.0522821163453975,0.297876964181631,0.116773697436861,0.042775302253488,0.299369493832903,0.19092242594972
2742,0.0784360788356924,0.102126151006487,0.0620153814952092,0.174434625114981,0.442727966418903,0.140259797128729
2743,0.159893026261065,0.193688468040466,0.10607655492888,0.1080126051436,0.243583714452692,0.188745631173298
2744,0.0473914746880753,0.099070261419458,0.0839768232841822,0.124801026772894,0.522859272689166,0.121901141146225
2745,0.028180682513751,0.160739269565483,0.276634787942222,0.0791105579268054,0.201009470172276,0.254325231879462
2746,0.0194047146433063,0.0708024626167856,0.100489100732523,0.0422481579827461,0.284466197074755,0.482589366949884
2747,0.0265304332854466,0.0378178527550045,0.0201927954747694,0.11619737410504,0.606725931386231,0.192535612993508
2748,0.0108375015463209,0.0598593193343797,0.0702050420700938,0.0438637491179452,0.516475556595239,0.298758831336021
2749,0.236965537303024,0.0993452404245335,0.0730267306679499,0.26051484059145,0.228788671874739,0.101358979138304
2750,0.0185047986110423,0.0818520256225146,0.348007506574684,0.0430298703472466,0.145278675456528,0.363327123387984
2751,0.203777837658412,0.184943026428222,0.0816722757458409,0.122399962661469,0.310822921751189,0.0963839757548672
2752,0.0348222810217292,0.130159480683291,0.181508351656706,0.0818234190842758,0.174414924345764,0.397271543208234
2753,0.0606909190754961,0.0785940031001719,0.022711144852284,0.323511050527294,0.452506462490048,0.061986419954707
2754,0.0206489308415059,0.211255921474344,0.117494761472005,0.0305014578078359,0.329284773960752,0.290814154443558
2755,0.00570898882925915,0.0159594596973561,0.0567720968706917,0.0190532142873651,0.223080773894095,0.679425466421233
2756,0.0174557639947924,0.0334362846695577,0.0846899854072608,0.0286620278859677,0.0540151054698435,0.781740832572578
2757,0.0143842005221967,0.130487808253962,0.0396020626472094,0.0461924512508193,0.480673508962894,0.288659968362919
2758,0.0894201424136843,0.237116470882663,0.167758926836253,0.0439224806135915,0.279016088561389,0.18276589069242
2759,0.0277011588833905,0.206781920534788,0.0938708951569144,0.0284033514176346,0.275072158455206,0.368170515552066
2760,0.444425804517095,0.0929747428699995,0.0322769179820231,0.357922571476731,0.0575992060971142,0.0148007570570375
2761,0.141570171190104,0.125135125934969,0.0698186705515034,0.220082596368351,0.29736496971996,0.146028466235112
2762,0.0157690080891849,0.143725296785376,0.136623812117994,0.0516026484920437,0.355360807107824,0.296918427407578
2763,0.0493477687525837,0.183712426472607,0.273017669429967,0.0632654333804918,0.204275033166232,0.226381668798118
2764,0.0174514666553043,0.0383451629655746,0.143753043535501,0.0276729021681212,0.121687813446508,0.651089611228991
2765,0.0471230528633115,0.146980851566139,0.213543524466461,0.0545953243180522,0.174352239479732,0.363405007306304
2766,0.0300893800968286,0.125252064771454,0.0798544883503424,0.0663089806213434,0.380346290390842,0.31814879576919
2767,0.0461082640316367,0.139426821498791,0.153636265775024,0.185259592762885,0.259117613176312,0.21645144275535
2768,0.0654683591266094,0.299077364193125,0.298193053336212,0.0436048240412388,0.118714505467375,0.174941893835441
2769,0.0542804013420114,0.247908882493245,0.113423818987904,0.096807641264781,0.300052944781923,0.187526311130136
2770,0.00461109681512742,0.0478024032352882,0.157056255973822,0.0325764331940248,0.143820063123648,0.61413374765809
2771,0.0426014345970034,0.162539189385674,0.427860368151739,0.0648443754209657,0.136846141425431,0.165308491019186
2772,0.0617879684810035,0.0988837344554654,0.121498971375824,0.170179260625823,0.36922862038044,0.178421444681444
2773,0.0748336368170896,0.261235451011191,0.145597746751123,0.0516535649775973,0.305940812364561,0.160738788078438
2774,0.164651185393598,0.357804867315084,0.0873092159183862,0.0648021463825218,0.199747044047883,0.125685540942527
2775,0.00651676723505732,0.029424951066739,0.106079478402292,0.0198045355336475,0.152856829581364,0.6853174381809
2776,0.0171412594037822,0.045557944024113,0.067822605618779,0.0628371914632265,0.311463200194234,0.495177799295865
2777,0.00407329931507747,0.021207435897373,0.080505625254166,0.0194844438450824,0.0730775905190235,0.801651605169278
2778,0.084350574210676,0.134332800883868,0.129231888634362,0.100350844640615,0.183628319395255,0.368105572235224
2779,0.0555017614578934,0.12280779266136,0.313869238338467,0.104665268859219,0.151370071888884,0.251785866794177
2780,0.0584054229733752,0.246794023234211,0.258462105169941,0.051284950515792,0.151086726145294,0.233966771961386
2781,0.0274473891247636,0.0464285879293406,0.0631972891940527,0.146822072315306,0.482194924175646,0.233909737260892
2782,0.0206688757632235,0.0592461416240519,0.231810308266023,0.0394883109997948,0.142548630831533,0.506237732515374
2783,0.315206701414005,0.366251631314606,0.094808631313278,0.066142775029159,0.11305806112482,0.0445321998041322
2784,0.0714010719420361,0.263038053278379,0.0610250232995237,0.108994075580868,0.397690665999036,0.0978511099001565
2785,0.00662302286524343,0.0275416370559161,0.056811599888985,0.0331918988788076,0.232267640127371,0.643564201183676
2786,0.0228466525018083,0.0761160442488602,0.0655231218019787,0.0650075038377356,0.357424039962429,0.413082637647188
2787,0.0124841769737465,0.0579432666160271,0.103362197812573,0.0333300620529106,0.226243878111646,0.566636418433097
2788,0.0154354721265577,0.0631427840703207,0.137132463602559,0.0366934587851733,0.133182339610077,0.614413481805312
2789,0.0874911149610123,0.0912489652703775,0.291014927053232,0.0961305997695827,0.189428376118057,0.244686016827738
2790,0.0660418611859913,0.149428163866477,0.0717890204382267,0.113279555248741,0.406711886003834,0.192749513256729
2791,0.189845632057909,0.0901602080176469,0.0526748598219292,0.393499465494793,0.186003349330228,0.0878164852774941
2792,0.500108054737999,0.304726930828759,0.0282147330143735,0.0530154600482804,0.0855072444657513,0.0284275769048366
2793,0.0136095932148326,0.067716048911523,0.0449652971898618,0.0373535169651363,0.449208735987948,0.387146807730698
2794,0.43888328235979,0.211607818309674,0.0734903840523147,0.115230191065971,0.122758682163094,0.0380296420491566
2795,0.394365086238055,0.126096466238941,0.067125324972625,0.273773291987045,0.108483210504352,0.0301566200589812
2796,0.00768328430520266,0.0337152192213332,0.129151191812239,0.0258720201251312,0.0996117567009925,0.703966527835101
2797,0.0349784164706576,0.0527656149446703,0.0916909601831229,0.088833335589715,0.175661093495349,0.556070579316485
2798,0.0147481203250594,0.129774786966563,0.154417523293687,0.0265124896396087,0.295708874508026,0.378838205267056
2799,0.101958440621352,0.1753241718389,0.236230246849833,0.049600841190202,0.195715158586392,0.241171140913321
2800,0.0101538198492228,0.0357776450182535,0.0605724964642632,0.0508713638591657,0.246222236655633,0.596402438153462
2801,0.016838393575609,0.0447824901372263,0.0393244602801391,0.0382979761076526,0.439887406019274,0.420869273880099
2802,0.0364319439175952,0.0776517128967211,0.0602065175965528,0.111989415994199,0.350697461754064,0.363022947840868
2803,0.0891557601321699,0.479029448886281,0.102327930287166,0.0268540184872383,0.181844779965477,0.120788062241667
2804,0.0198199045983215,0.0935259637439664,0.129839042609513,0.0657740161008267,0.371671270856303,0.31936980209107
2805,0.193464235626114,0.176887921085602,0.303266562188251,0.0874156966386672,0.138911675411434,0.100053909049932
2806,0.121788209709136,0.0805347970848167,0.0574087655505046,0.249444052844248,0.283699370593429,0.207124804217865
2807,0.0734360529339974,0.156042013838532,0.196741550749791,0.0743662226673328,0.19826405075997,0.301150109050378
2808,0.0121939791627267,0.0439889399089465,0.0589165336385469,0.0371589971683324,0.311561200523074,0.536180349598374
2809,0.0496895677423786,0.108102436758646,0.264580846719751,0.0554346469384476,0.110021480606906,0.41217102123387
2810,0.0156475723214141,0.0503439418682923,0.0786639507908294,0.104239800058525,0.429917478877206,0.321187256083733
2811,0.0217072695734355,0.168659685607264,0.241050183188737,0.0495777195331922,0.242534991124736,0.276470150972635
2812,0.410664798391344,0.25290538042369,0.128820072863283,0.0874941819008271,0.0785590475591433,0.0415565188617126
2813,0.0868327328433368,0.115117301163687,0.143572729638589,0.123990919457275,0.287732165220842,0.24275415167627
2814,0.033449346529305,0.215093347542612,0.242436746202741,0.0527299734516028,0.213852779815597,0.242437806458142
2815,0.0460178298166173,0.0852154820834065,0.141582623753406,0.105291911076447,0.184114540844874,0.437777612425249
2816,0.1497505777042,0.164569696353393,0.299344227723298,0.0736204947376367,0.176947049789923,0.13576795369155
2817,0.0745913666625392,0.31856957632744,0.126956272497227,0.0607121376761863,0.256512755671491,0.162657891165117
2818,0.266094038587051,0.288733337229775,0.180135358767929,0.0528872979713503,0.113559795180005,0.0985901722638902
2819,0.488827847755959,0.313974683526927,0.0524612090440855,0.0515497557863099,0.0698350406397222,0.0233514632469962
2820,0.271968887935799,0.218793352191637,0.328913781413477,0.0479060832243106,0.0744923584892914,0.0579255367454843
2821,0.00906941581825354,0.0498479110157074,0.0349075427149583,0.0165755636269381,0.45067366815293,0.438925898671212
2822,0.195490735552409,0.221034825701901,0.158672248228551,0.0608303706577821,0.230399265143976,0.133572554715381
2823,0.0651610364247515,0.0961510848718412,0.110605013288595,0.103806704868867,0.208568137260409,0.415708023285537
2824,0.0447292166584642,0.141528108179429,0.196175503569874,0.0611536989920468,0.230004678047475,0.326408794552712
2825,0.00796977579832789,0.0604321636485679,0.207010609069892,0.024708176657358,0.0500727204183303,0.649806554407524
2826,0.028477350180836,0.172330767641632,0.0607028470947768,0.041386011119136,0.469809078830009,0.227293945133609
2827,0.113216648831138,0.386900367676374,0.106877343644952,0.0410463127720858,0.171563717245821,0.180395609829628
2828,0.0260033163223204,0.167494486060331,0.142562030238544,0.0706077961185475,0.359820605132494,0.233511766127764
2829,0.0259853097715552,0.0386589774528957,0.0406902912328283,0.139645967338088,0.558999639874022,0.19601981433061
2830,0.00707665602083739,0.0383765412023766,0.110036202652112,0.0293895187678188,0.160390086687346,0.654730994669509
2831,0.334732719241596,0.384817471147335,0.105949604688661,0.0543717822425639,0.0712186894645678,0.0489097332152757
2832,0.0293929984843525,0.203272359229937,0.188482898416397,0.0384508786080649,0.265373039319297,0.275027825941951
2833,0.12260064830714,0.123077634371848,0.102690873746267,0.184723347129608,0.255509760842124,0.211397735603013
2834,0.0276025861963957,0.0761531601555603,0.0915408707719812,0.043022784312685,0.265388813910577,0.496291784652801
2835,0.260488419714275,0.22305481237603,0.0426632650614174,0.191865532510989,0.198205222048309,0.0837227482889795
2836,0.016222094946815,0.038102575638359,0.0511197190006161,0.0517761643591558,0.284546515703737,0.558232930351317
2837,0.0633201700557337,0.226386062741757,0.328320441002367,0.0578436024620274,0.173794271249341,0.150335452488774
2838,0.133132646898272,0.201453500393474,0.221745780740724,0.0772535181259272,0.14093596550291,0.225478588338693
2839,0.157981347876587,0.17440372838727,0.140708655414336,0.108335101883317,0.232793105153537,0.185778061284954
2840,0.123597584455331,0.0881331047602864,0.176450219522329,0.170541765814513,0.19659795160914,0.244679373838399
2841,0.458051251423181,0.126126569770339,0.0587331899290309,0.148503165215289,0.151982458927044,0.056603364735117
2842,0.011693003275702,0.0388316769266651,0.0382036456560627,0.0550371754884503,0.513756465304138,0.342478033348982
2843,0.134447918591834,0.131134022563329,0.200162646738852,0.124833677035317,0.190401347603013,0.219020387467654
2844,0.0318328794609272,0.085583842131135,0.580183440043538,0.0253635877380937,0.0853614927406343,0.191674757885672
2845,0.20409597233388,0.302858101171261,0.17878872343834,0.144006174432438,0.125598676068479,0.044652352555602
2846,0.0163046555612987,0.0398125433128662,0.0414896797843564,0.0556336473787678,0.42122660453983,0.425532869422881
2847,0.0121359264776861,0.0480058020886934,0.0445066559985587,0.0523136508565408,0.512217927227114,0.330820037351407
