"CUS_ID","F20-","F30","F30+","M20-","M30","M30+"
2501,0.0925317127943023,0.360218196799118,0.128482695832895,0.0488836276688735,0.178071727882851,0.191812039021961
2502,0.03551392770567,0.123245738256463,0.152617827770062,0.0880283654092103,0.418224422609593,0.182369718249002
2503,0.0647609004397956,0.377587846510837,0.0913184095564486,0.0627938716971652,0.290922697896236,0.112616273899518
2504,0.335645568088107,0.166477980695178,0.153289557104696,0.12289231408693,0.109213939509775,0.112480640515314
2505,0.0316049204243258,0.116239169060007,0.192802926495825,0.0535156527778204,0.149980375097299,0.455856956144723
2506,0.0246149598922034,0.302864905448212,0.125360445908216,0.0388116013191986,0.240557553303816,0.267790534128354
2507,0.0142965862426702,0.0411796400464824,0.115197984590993,0.0246205380945076,0.155144869878778,0.649560381146569
2508,0.0116196592536792,0.0454218385494852,0.0534825959807541,0.0340985269112041,0.406343311050815,0.449034068254062
2509,0.0177906350970617,0.0465881413850675,0.143765019098313,0.039454494425856,0.152657526953069,0.599744183040633
2510,0.0166567734824159,0.0777774701191953,0.0509376065622944,0.0327541621163178,0.317197628161301,0.504676359558476
2511,0.711303608860114,0.0824299805107218,0.0517381480717936,0.0945560023428518,0.0455138077179922,0.0144584524965268
2512,0.0566890482246578,0.168098938725676,0.0952956967944581,0.110065747225993,0.447324249222658,0.122526319806558
2513,0.00737043037881705,0.0272452489130698,0.0806612069072123,0.0361571562935712,0.302604809745369,0.54596114776196
2514,0.11105341301241,0.641828864146278,0.044558552178407,0.0249857680827611,0.137055352333038,0.0405180502471058
2515,0.0163535792898407,0.0408616009835801,0.0761301445578651,0.0368528406925694,0.17864040996863,0.651161424507514
2516,0.0609765698398735,0.120137940600278,0.0764701925848948,0.144185811007207,0.328897421441082,0.269332064526664
2517,0.0404232303684914,0.382423909532303,0.103150497651743,0.0221201261110731,0.187459616942004,0.264422619394385
2518,0.431895768809447,0.219986681214189,0.119383597152285,0.0669285330090673,0.0888798758778313,0.0729255439371814
2519,0.0424337034631614,0.832191547682271,0.024282206057691,0.0109051807549163,0.0542340531441816,0.035953308897779
2520,0.0266113180613525,0.0381831127937548,0.0279132775959279,0.11703139163143,0.594764821407223,0.195496078510312
2521,0.0691420676142352,0.121101036392866,0.338261994778749,0.0884327982228014,0.152801353778442,0.230260749212906
2522,0.39101416242368,0.194775171115995,0.138202765895674,0.0756616232796968,0.125546236507526,0.0748000407774272
2523,0.0541008258034999,0.420618545312229,0.0692528123675122,0.0293301176978289,0.26280339504621,0.16389430377272
2524,0.0743308295263062,0.170707113958086,0.234103766265082,0.073382834143282,0.178107904937421,0.269367551169823
2525,0.13226068628301,0.07654636190612,0.090118031699329,0.335968650047354,0.303892308599258,0.0612139614649289
2526,0.113029220660862,0.200737845821862,0.0785963111948142,0.126287158737579,0.348217672262923,0.13313179132196
2527,0.48356260046825,0.175810476994447,0.111453631351953,0.0478816500140492,0.107006505591695,0.0742851355796055
2528,0.00832832319311089,0.0249046353955928,0.0771478123256935,0.0495381552813123,0.229088476828346,0.610992596975945
2529,0.073886056690992,0.102845979833138,0.28778294442736,0.0720677535700135,0.124061193001525,0.339356072476971
2530,0.00744476342919739,0.0387225264563089,0.198431414843449,0.0379521294200368,0.123258080758275,0.594191085092734
2531,0.0313212756126121,0.151038697321478,0.122107914240911,0.0970674751783185,0.3071516875705,0.291312950076181
2532,0.0447003035524503,0.178107767081892,0.116187062778005,0.0533985131959039,0.254096356783707,0.353509996608042
2533,0.00489043428835633,0.0182238240991466,0.0705977788850492,0.0117021492897598,0.0384502018789082,0.85613561155878
2534,0.226843377762961,0.0621227009017892,0.0663806431363094,0.459515906185385,0.0927884611999796,0.0923489108135762
2535,0.0386531473739543,0.10737284125842,0.181499507472785,0.0519096977397105,0.214991492477748,0.405573313677383
2536,0.165361353513306,0.268500028266861,0.126600392080868,0.071942735154605,0.178922915823847,0.188672575160513
2537,0.0538605590612335,0.70940521732359,0.0874734541333218,0.0115668570175252,0.0809894787785628,0.0567044336857663
2538,0.211624021588037,0.120079312864195,0.0844256888439153,0.100551807417881,0.269564881140263,0.213754288145709
2539,0.212563503883365,0.232714467431046,0.213012875950281,0.0500482663232653,0.152367190170608,0.139293696241436
2540,0.309137720359399,0.140244149610791,0.06029001324586,0.200187426438875,0.245259606758718,0.0448810835863572
2541,0.159823606295178,0.0663201457802246,0.0393657624797371,0.371067085258814,0.294613710307281,0.0688096898787652
2542,0.0918162905466537,0.467620772124343,0.0803825316709638,0.0452779517882045,0.250856053632142,0.0640464002376928
2543,0.0117255235601522,0.0290306076909327,0.0654996443960816,0.0117637155574152,0.178414293292637,0.703566215502781
2544,0.0746699555292209,0.160264281031769,0.127365477376377,0.24329539594761,0.162082781967551,0.232322108147471
2545,0.0348250695613253,0.286103467719924,0.0754080279736,0.017801599786288,0.410977283470383,0.174884551488479
2546,0.0352523781844284,0.0355016058791601,0.0149595513765977,0.231397602749302,0.594061467004619,0.0888273948058927
2547,0.095420564398699,0.160530097012611,0.321028423114002,0.0660899198002517,0.150387295875459,0.206543699798977
2548,0.0512169101032419,0.0927767947175773,0.14042780161794,0.248535496993633,0.345547218671596,0.121495777896012
2549,0.00624665389577905,0.0348925994225913,0.0399189275016099,0.0493204246602191,0.311073084415882,0.558548310103919
2550,0.0222988000133251,0.0254061826721581,0.0206230832939338,0.154833007163601,0.598662929502778,0.178175997354204
2551,0.13845369789851,0.215551780056868,0.0834486258615871,0.199977450253572,0.210719078399602,0.151849367529861
2552,0.148657771638784,0.339977821811813,0.176273568720769,0.0639247875582733,0.128453777635784,0.142712272634577
2553,0.383749770752818,0.265681823054798,0.0504759908559569,0.138960435258951,0.130186547151879,0.0309454329255962
2554,0.11084032201821,0.243112600090188,0.122237316377875,0.124027526266901,0.313686187337733,0.0860960479090933
2555,0.0200154793331684,0.112014622147978,0.101619885081637,0.0601544925155732,0.501893231689164,0.204302289232479
2556,0.105508715940884,0.33369423069223,0.257889110746894,0.0640757303245922,0.113693084900774,0.125139127394626
2557,0.299612606570678,0.231620883529404,0.289264471509869,0.0730994381325007,0.0758012799576568,0.0306013202998924
2558,0.0390937946866896,0.107588309845387,0.629756266058321,0.0367631414828174,0.0867718006672878,0.100026687259498
2559,0.06845000194273,0.443627657527743,0.160770420346083,0.0307393512550814,0.108465387408105,0.187947181520258
2560,0.0114779279275781,0.124577552193766,0.101871691678715,0.0352968805548554,0.183610920415299,0.543165027229787
2561,0.0284437817368393,0.0688140169058074,0.186634723859691,0.0286777466483806,0.151002984544962,0.536426746304319
2562,0.276124748186406,0.409497131498606,0.0470295736594204,0.0532722292120772,0.181893187516325,0.0321831299271654
2563,0.247857814160158,0.179751844589333,0.209179179405657,0.139011302768963,0.136167796928776,0.088032062147113
2564,0.140427057767519,0.0986292524598351,0.0834054956361123,0.232974575397892,0.268815756323375,0.175747862415266
2565,0.0189942163400262,0.0584408033341438,0.108199115156407,0.0411691354909602,0.193967905942956,0.579228823735506
2566,0.018459404469105,0.0446017320271994,0.092059846789246,0.0856320559660859,0.245333660198324,0.513913300550039
2567,0.0354640452977516,0.124626886043141,0.117253556513366,0.0773464668953368,0.157416380397473,0.487892664852931
2568,0.006153882381042,0.0492569913865515,0.0888105916172165,0.0329820954887771,0.257575878197361,0.565220560929052
2569,0.03226801644135,0.107411759826527,0.235803182192646,0.0277991282171552,0.190425740292903,0.406292173029419
2570,0.0464613065136093,0.491564242048578,0.0843004450970708,0.0262812231756098,0.17616597054573,0.175226812619402
2571,0.0885226392020746,0.0664670956882591,0.0372896952527794,0.33751822567812,0.306063400690845,0.164138943487922
2572,0.0955029657990208,0.119310182816565,0.26183893581012,0.161718012925641,0.127716506608052,0.233913396040601
2573,0.0960133102875002,0.307462990407079,0.117450556030813,0.0418959740069259,0.199439514087647,0.237737655180034
2574,0.027771123194693,0.0505270105056135,0.0442039920338619,0.284746000628297,0.492898484402357,0.0998533892351777
2575,0.0228072702255044,0.0305841658911641,0.0170861050299022,0.14667830539121,0.657137649911918,0.125706503550302
2576,0.252819903571951,0.331894043978306,0.188766203079613,0.0762556527921154,0.0704188671168376,0.079845329461177
2577,0.0465600593982094,0.241921923092591,0.312636978212747,0.0325843589687085,0.141702501144141,0.224594179183603
2578,0.00465641488102898,0.0161947590955187,0.0641982127172854,0.0170963044154619,0.0700024890121529,0.827851819878552
2579,0.256407487668181,0.227407570685937,0.258988189488352,0.0561889442936191,0.119858755630582,0.0811490522333282
2580,0.0756798959446697,0.299897003584628,0.142838415819466,0.035962628409494,0.212606125069639,0.233015931172104
2581,0.0148505283134671,0.0464316329108502,0.0801831982092925,0.0899372989267303,0.4152940716194,0.35330327002026
2582,0.155083248734281,0.537125632982841,0.0621269410444344,0.0349379573445975,0.143685977974883,0.0670402419189638
2583,0.0666695980753047,0.591442133176141,0.175286545875302,0.0189365865426725,0.0845804673045745,0.0630846690260052
2584,0.207210129184582,0.686962344477081,0.0296891129591685,0.00905932285444524,0.0473690680190172,0.0197100225057066
2585,0.0270945455749342,0.0766958258810142,0.078945576635114,0.086268967056783,0.42139894548635,0.309596139365805
2586,0.0429748612192057,0.277865321838649,0.128619042864581,0.0428205920741614,0.178354786425105,0.329365395578298
2587,0.198815138688495,0.0760816689824761,0.0700959666101782,0.275163293184051,0.277331166055646,0.102512766479153
2588,0.0407208290531108,0.0335590055138765,0.032640444673422,0.184826820289944,0.607920045452232,0.100332855017414
2589,0.0458053310638387,0.0787900969649461,0.0587427495717786,0.165905643650363,0.550939081441667,0.0998170973074071
2590,0.0132289094131613,0.056147186865299,0.123041574032095,0.0746499873127749,0.20231075936736,0.53062158300931
2591,0.0902888314240325,0.114359770902704,0.312971337012156,0.0655923061100576,0.0882563728774025,0.328531381673648
2592,0.0203910486427105,0.0489822363513265,0.0314559013831293,0.131928891512129,0.637161021217139,0.130080900893566
2593,0.147463945778496,0.227516138775225,0.093081557824585,0.134170776944367,0.240937344341569,0.156830236335759
2594,0.0437122736554461,0.062092659708418,0.0658699071807531,0.0308945406961717,0.333773646711395,0.463656972047816
2595,0.109915547583136,0.12309930356213,0.176720232348012,0.191267404692664,0.17193026794455,0.227067243869508
2596,0.695668666453875,0.0847839668849727,0.0191887378384856,0.147947325131522,0.0398873726448486,0.0125239310462966
2597,0.0109220585978298,0.0383184735517264,0.142866121542381,0.0346067650172707,0.200466848001975,0.572819733288818
2598,0.0203382814330945,0.0999063101888451,0.0932265851294542,0.020506523703248,0.147478304578918,0.618543994966441
2599,0.267561023726253,0.257926744230688,0.0905005963794858,0.0962879019011837,0.190179990692596,0.0975437430697934
2600,0.0224632552991822,0.0818857342361841,0.100152984261405,0.0921987115486521,0.588159278128704,0.115140036525873
2601,0.0459193233069076,0.0918072331978536,0.22846325688925,0.056086090154519,0.145168344195325,0.432555752256145
2602,0.0185696390444187,0.0928591523882926,0.11941601789733,0.045626380027102,0.195872555134881,0.527656255507976
2603,0.0476400137931757,0.614998197092587,0.0392898180875279,0.0330813410007007,0.184304854806087,0.0806857752199214
2604,0.0539854823340866,0.143983054481965,0.324564743958971,0.140880979180123,0.140494575313337,0.196091164731518
2605,0.0306833874691575,0.160459836493219,0.257257818652694,0.0583949976034879,0.202766531763216,0.290437428018227
2606,0.0374285026584394,0.0856049955374944,0.154346004112106,0.0418944421427726,0.20492202975651,0.475804025792678
2607,0.00970060586026768,0.0203809258068084,0.0633703164334162,0.0274161639392844,0.1396888899226,0.739443098037623
2608,0.150962088823451,0.178180258146827,0.0757260956130945,0.175696039332462,0.223546950380564,0.195888567703601
2609,0.0178387977521062,0.0457588623851379,0.0476881292563817,0.105632102713427,0.482693326220263,0.300388781672684
2610,0.074280702492553,0.165419111139567,0.058596635903099,0.18866700116783,0.336951739481407,0.176084809815545
2611,0.0201437756172672,0.110981631540883,0.261900748433944,0.0667487148668904,0.0810140986176964,0.459211030923319
2612,0.0516772701121264,0.212202329007039,0.154011256342045,0.0610644474232549,0.186720386987981,0.334324310127553
2613,0.469479001957895,0.330248234115907,0.0468934121360697,0.0582783945275402,0.0752850537734137,0.0198159034891743
2614,0.123886360866943,0.095272025370082,0.0680693812100099,0.140227984132191,0.260047242482575,0.312497005938199
2615,0.431165585607485,0.210970852579007,0.164550930442523,0.0619315900788922,0.0817048044193863,0.0496762368727064
2616,0.0167064821443498,0.0573658260176638,0.0586379834918177,0.0488529907154791,0.431662395372913,0.386774322257777
2617,0.18491705537911,0.351843603781309,0.212569533909983,0.0483082737094701,0.121043199408031,0.0813183338120967
2618,0.0602622756145229,0.0947737329679451,0.0941868144684838,0.0748037780159197,0.428812484945223,0.247160913987906
2619,0.0237933725368832,0.0300451913554263,0.0184043368658903,0.100926135515805,0.673697804817939,0.153133158908055
2620,0.0148672259582398,0.100065841602513,0.204178099292227,0.0407074897089126,0.342834748957023,0.297346594481085
2621,0.035653841845271,0.0888600145936037,0.0555980200487015,0.137479250913428,0.557517308831226,0.12489156376777
2622,0.00629512378313543,0.0176255069176672,0.0350449919332617,0.0195971327484342,0.148119763637716,0.773317480979786
2623,0.278698486838737,0.247653578302404,0.0450068216783217,0.0799083600604793,0.285252634258667,0.0634801188613913
2624,0.0371734908768659,0.071438044984875,0.111685356994776,0.0698961710366112,0.234494913368211,0.475312022738661
2625,0.109466545616469,0.2777578547468,0.394767211968995,0.0370399935749688,0.0914549413983031,0.0895134526944639
2626,0.0114651174777663,0.0354256281553123,0.0716975589892726,0.0312358983338339,0.149640893856918,0.700534903186897
2627,0.0831632837808541,0.187052649058674,0.321149942155513,0.0491613961244453,0.154953734128117,0.204518994752397
2628,0.114749959995741,0.181632810627226,0.0973907413933288,0.235724328607138,0.285770402261367,0.0847317571151988
2629,0.0383185439495539,0.158812336203471,0.0933207387913047,0.0453374161316036,0.371627784828315,0.292583180095752
2630,0.160039000940684,0.126671417159399,0.15296717595089,0.0879285538012476,0.206150796837374,0.266243055310405
2631,0.0231577467395821,0.205330679648273,0.228168498282708,0.0414719130571817,0.221446569403138,0.280424592869117
2632,0.00767390336760979,0.0292079935151695,0.0631940833539714,0.025595674800435,0.126472825972939,0.747855518989875
2633,0.137651964697071,0.411998746734028,0.0674525249136949,0.0842063777348238,0.214811698964652,0.0838786869557307
2634,0.0485678654535113,0.0819324945808987,0.265680736136574,0.0773930661633165,0.144581523097839,0.381844314567861
2635,0.0240700136843402,0.0819139846315176,0.0765909063608121,0.039925639132061,0.576159094474209,0.20134036171706
2636,0.0290320410375579,0.0710543637783385,0.169471377726761,0.0826748477760306,0.287872958969823,0.359894410711489
2637,0.0278257004706305,0.080169459201549,0.0344907903515621,0.0355895791668522,0.660560477477347,0.161363993332059
2638,0.0636182190012069,0.0438538340628365,0.0977683627773197,0.305616636274138,0.21862469936728,0.270518248517219
2639,0.0917791515917158,0.0884027806136443,0.046858715226883,0.35827829059462,0.319205591405818,0.0954754705673186
2640,0.0213122532739527,0.0346740679474952,0.0534992546942212,0.0312319838830637,0.117728579893672,0.741553860307595
2641,0.137530478484946,0.161444542205791,0.168383775419361,0.112005477679046,0.249403056193402,0.171232670017456
2642,0.0216169649727325,0.107284614694411,0.110008270345205,0.0375330511199053,0.194479742956454,0.529077355911292
2643,0.311181127524109,0.445742426563199,0.0212580397252059,0.0957607035264232,0.0936642757723215,0.0323934268887416
2644,0.0085908766181893,0.150659614865032,0.0519363537112076,0.0190131009299721,0.225456019847587,0.544344034028012
2645,0.0219484110519348,0.0662326878971238,0.0407542445531756,0.0591225864048844,0.327385569359629,0.484556500733252
2646,0.00743844802903993,0.023892548993867,0.148590878680773,0.023983589922235,0.0583479379352084,0.737746596438877
2647,0.0570175877283892,0.0966965296629735,0.137741004987171,0.122987693533927,0.236860018365802,0.348697165721738
2648,0.190940175522506,0.244525571819196,0.380089199686872,0.0516582052923368,0.0585634039088389,0.0742234437702501
2649,0.0439754189798651,0.0534078834131865,0.108303234473165,0.0723283341024585,0.270435018417033,0.451550110614292
2650,0.0644544482822608,0.0690276526552481,0.19210453108528,0.0650321311546432,0.146002931743436,0.463378305079131
2651,0.0211807893415908,0.0664691141714058,0.0412713527169828,0.0600946186379608,0.53546663119599,0.27551749393607
2652,0.0240048974017759,0.159188584516377,0.0611125167870621,0.052770800860268,0.444522732790592,0.258400467643925
2653,0.357800665533873,0.215869908723933,0.100400443226678,0.0570322783900234,0.170739937594577,0.0981567665309156
2654,0.00706642596994177,0.0378451355836589,0.0724192190576665,0.0383624006509271,0.125663425295228,0.718643393442578
2655,0.419920317193758,0.222169651808581,0.0538729446275476,0.10898604436076,0.152179880789556,0.0428711612197974
2656,0.0137832095456961,0.0751119965448203,0.062755235438776,0.0338468350402757,0.423561083738555,0.390941639691877
2657,0.0197952174137546,0.0410091250830311,0.168097817185566,0.0449031186243534,0.126989312805677,0.599205408887617
2658,0.168141555907969,0.154989861595189,0.114039522678113,0.302406455994878,0.144099749260998,0.116322854562853
2659,0.196329056189787,0.109309382153367,0.127841646107112,0.400168534324867,0.0886634744322988,0.0776879067925679
2660,0.0135732374956625,0.0312460229680792,0.0443149813243327,0.0481080734921004,0.232207150815917,0.630550533903908
2661,0.00945741148358402,0.0380638880316171,0.144174703623739,0.0447295198666492,0.120373722876179,0.643200754118233
2662,0.00879542215810612,0.0622445815026532,0.103430879964565,0.0186013322432878,0.160779855157161,0.646147928974227
2663,0.00656562153888775,0.0289325940950428,0.0513949865075194,0.0414351288751155,0.37598482006839,0.495686848915044
2664,0.0452371823500753,0.106067900637226,0.0415873985108702,0.107975101016958,0.542578150821068,0.156554266663803
2665,0.222173913498542,0.263449557533995,0.136797978142908,0.07700306531709,0.185112846890119,0.115462638617345
2666,0.0106814943132391,0.02379098712808,0.137175550643559,0.0233699818745125,0.0381521467340777,0.766829839306532
2667,0.0554433907667585,0.142778092820544,0.407011947634326,0.0776197279294778,0.181834061536363,0.135312779312531
2668,0.0164689173938406,0.0770971034563401,0.360047902624784,0.0288063787506831,0.107551828402666,0.410027869371687
2669,0.037165485140548,0.229168766969794,0.134429449946748,0.0258305820870666,0.191422326439194,0.381983389416649
2670,0.01042337216149,0.0488776358346872,0.155619236540557,0.0304170129157813,0.175557683244512,0.579105059302973
2671,0.0420659586789893,0.0688359468752555,0.042364429938111,0.106978145238979,0.28200268283646,0.457752836432205
2672,0.0122586240464124,0.0633913852899758,0.158021447005423,0.0262801680090446,0.148551046638444,0.5914973290107
2673,0.2729014224887,0.33972225727174,0.0533824272466357,0.111743198437461,0.174632137844491,0.0476185567109712
2674,0.0319171532338549,0.0546629363684454,0.0804216185783645,0.259651221854803,0.34417053513114,0.229176534833393
2675,0.51757368167428,0.204690721245487,0.0192705700844922,0.17613165313621,0.0578619430451742,0.0244714308143566
2676,0.030639390999604,0.0479519734034988,0.0782156793734185,0.167731329103838,0.40868500802346,0.266776619096181
2677,0.102808842639811,0.166641649582294,0.267991272101208,0.120696650988323,0.19066426449701,0.151197320191355
2678,0.0428314099790247,0.132692163258307,0.202321906165133,0.0635639216411346,0.32451715010973,0.23407344884667
2679,0.00406764188798372,0.0126762413950928,0.0388062819365292,0.0295507991147371,0.321977983789213,0.592921051876444
2680,0.0778900620670154,0.115496605194253,0.328400604156897,0.198190923800757,0.123833111708561,0.156188693072516
2681,0.0574912728946537,0.205870863342819,0.112101269433911,0.0634163279915116,0.286742357408698,0.274377908928407
2682,0.0143399476896008,0.0353760577619324,0.137004791798361,0.138542019780149,0.17308557289358,0.501651610076377
2683,0.491028271211359,0.241945212449328,0.0558223321888276,0.0960722388678877,0.0902929817429031,0.0248389635396945
2684,0.016138971017557,0.04199730017289,0.0573835052019739,0.0738878415341084,0.405777129362926,0.404815252710545
2685,0.110044135812059,0.0891991140631736,0.199691455442326,0.046412385219773,0.0844008854153814,0.470252024047286
2686,0.011906511769343,0.119560797063735,0.160886217700526,0.0272232999924752,0.17750551910922,0.502917654364701
2687,0.385574212852072,0.185420042219569,0.073871969561544,0.163103443557015,0.15654831160161,0.0354820202081899
2688,0.0402088157081772,0.185302261834259,0.0795973528000202,0.175803471479396,0.32579285210193,0.193295246076217
2689,0.119577142921911,0.62627401474522,0.0406523499623747,0.0466579732800042,0.133723317111723,0.033115201978768
2690,0.0124504121096061,0.0310931842268033,0.0524692892855391,0.195088079245691,0.459393388127619,0.249505647004742
2691,0.0446017071850262,0.196011329438911,0.0742307769838105,0.0455409660920156,0.340350682602919,0.299264537697318
2692,0.0654629724105073,0.0928761370198612,0.224964135618158,0.0985622779414088,0.175077892106835,0.343056584903229
2693,0.0271750336517951,0.0701312418872309,0.190011012205659,0.0536348697161102,0.113875706057654,0.545172136481551
2694,0.0105121226447868,0.0321503435983048,0.0626926580632532,0.0473733384475587,0.215432951859149,0.631838585386947
2695,0.632122988097524,0.163668779058388,0.0387096313423039,0.0822305984895553,0.0609603791485614,0.022307623863668
2696,0.0223755620952047,0.121380387308998,0.27036674203459,0.0414017734924996,0.099839497652519,0.444636037416188
2697,0.0489287708459318,0.200361585174632,0.267568554952861,0.0485683177170876,0.129723236449015,0.304849534860472
2698,0.0164799542011132,0.0586443781896716,0.188941617447456,0.0430111393864858,0.268450531619589,0.424472379155685
2699,0.0218950285236532,0.166598104619953,0.34654843708934,0.0302199042529792,0.0913082828040339,0.343430242710041
2700,0.00333731854982202,0.0389321137388461,0.0246884776410883,0.0120641817710315,0.341663395997242,0.57931451230197
2701,0.0243857793677522,0.0319522951383688,0.0826449989071545,0.12202117116029,0.237370608648524,0.50162514677791
2702,0.498850211077425,0.152424288495121,0.145191824879662,0.0780587328882567,0.0707967219619908,0.0546782206975451
2703,0.0762408120851471,0.0828537198690008,0.156866791378817,0.106043591182644,0.318190518133556,0.259804567350835
2704,0.0371500830789958,0.191211058715562,0.515762873388592,0.053059588003026,0.096128299261809,0.106688097552016
2705,0.0185325688404319,0.176601001510325,0.388997814308305,0.0264282383201937,0.12190815098705,0.267532226033694
2706,0.0281937546717646,0.0794676635376931,0.178807860590154,0.175051630931612,0.148582825783492,0.389896264485285
2707,0.0140981052847466,0.0221430512546062,0.0298425597004797,0.0556038420085676,0.657160561381123,0.221151880370477
2708,0.307033549562343,0.343432185410708,0.0710721503465812,0.0875822595051032,0.149815915103903,0.0410639400713617
2709,0.055260254074669,0.152812997982333,0.341180516980805,0.0773036514683496,0.0937083237741852,0.279734255719658
2710,0.0768127151308942,0.117413520767372,0.261143962806642,0.07215675411939,0.156625749083163,0.315847298092538
2711,0.0342693784116261,0.0965668013933407,0.134737167392528,0.0572192185935841,0.297303670896167,0.379903763312754
2712,0.140805213656032,0.116653048266778,0.0874308319986992,0.200992996736251,0.321293605560917,0.132824303781323
2713,0.110506994094922,0.199689528255271,0.267716696347974,0.0596446559099525,0.123757095509426,0.238685029882454
2714,0.00706752800405075,0.0795956677898274,0.140719340751229,0.0255143246941679,0.215691504963974,0.531411633796751
2715,0.0384863666404697,0.109986646331296,0.411749166909304,0.0594424395860424,0.213200126379012,0.167135254153877
2716,0.0321279830259179,0.0561571786068609,0.098760651462738,0.0799841098389621,0.3697478239481,0.363222253117421
2717,0.0111675492899194,0.0292785866260281,0.0284311962586688,0.0305603430533053,0.209222056200221,0.691340268571858
2718,0.0189769362531835,0.0445689059855609,0.228940248307076,0.0674187031976375,0.198213331677304,0.441881874579238
2719,0.0439615113137471,0.131717431418054,0.177113023152147,0.0676330786352989,0.317627658454208,0.261947297026545
2720,0.189732653926135,0.119169575297712,0.233282262583692,0.101651324739095,0.194353936049273,0.161810247404092
2721,0.0284786980851346,0.0809340128526149,0.110125694474284,0.0657467718026162,0.272975296417579,0.441739526367772
2722,0.274752308033337,0.494010712423346,0.121528214816563,0.0150315552427807,0.0629084359545705,0.0317687735294026
2723,0.0531403065038439,0.146631073336554,0.217366461696668,0.0802881750043507,0.149376973609579,0.353197009849005
2724,0.652581176204963,0.0920413720965282,0.0658326282881295,0.0942869184480514,0.0678445916332005,0.0274133133291269
2725,0.226588364716068,0.395956199498838,0.051479406924245,0.123662684803645,0.13875870508354,0.0635546389736634
2726,0.0670169970850683,0.0940768262257091,0.0693812732913616,0.169468583179413,0.537199269699015,0.062857050519433
2727,0.00665933955245362,0.0340213989522175,0.0943028232553743,0.0358700128006091,0.280223774906125,0.548922650533221
2728,0.0215280943208197,0.0524015699455043,0.149522081585463,0.0464104054914759,0.102300477617287,0.62783737103945
2729,0.184188588584555,0.250962673875366,0.092178557511549,0.0908247456826685,0.249816644732749,0.132028789613112
2730,0.0247087086377206,0.0443305105237494,0.101544695213111,0.082835902237883,0.421144510567712,0.325435672819824
2731,0.120086245438082,0.136692939228651,0.0801069010214947,0.224501120146401,0.334311551211278,0.104301242954093
2732,0.0335677929473504,0.0945759969973196,0.276448904755508,0.0381984684330964,0.10854302719275,0.448665809673976
2733,0.0499441930628981,0.13163575623531,0.15693434526732,0.199086327077626,0.373579795268439,0.0888195830884075
2734,0.0367241988145074,0.664827074752541,0.0494000257536833,0.0146698496626129,0.136032833514238,0.098346017502417
2735,0.0738343424016056,0.449377037705604,0.123115193078394,0.0289194803196364,0.118023158578429,0.206730787916331
2736,0.04010040930014,0.0725367060684537,0.0441778047640682,0.3809864582157,0.374543302642009,0.0876553190096295
2737,0.12493490228176,0.189261133409082,0.245059317680778,0.101781231597298,0.167645721819605,0.171317693211477
2738,0.0381952752023041,0.107766619430609,0.139105626409369,0.0551765455304891,0.202793116569871,0.456962816857358
2739,0.187690477721223,0.328462880632291,0.166938402564182,0.033925706605079,0.201672267862046,0.081310264615178
2740,0.203877894875043,0.404495465822465,0.0707082379664133,0.0913268319029038,0.120591305712745,0.109000263720429
2741,0.0703562725727381,0.330477889249907,0.104280364533984,0.0481265324481262,0.257604150713438,0.189154790481807
2742,0.0681471802106179,0.0711012804408564,0.0506995988614341,0.177500113335066,0.473692993013457,0.158858834138568
2743,0.183185939179592,0.193214741524333,0.100631644742281,0.140280763731235,0.222400100098567,0.160286810723992
2744,0.0231052390329191,0.0710165799120868,0.0706834793679565,0.134109801156761,0.532052635534552,0.169032264995724
2745,0.0240869150557408,0.161142606426075,0.314104858392107,0.0759296015131097,0.211623917861206,0.213112100751761
2746,0.0164019766214675,0.0528170812501589,0.0919790456711092,0.0397065473954634,0.253926760401123,0.545168588660678
2747,0.0249395053323904,0.027381870550855,0.0160342185344135,0.108470693616714,0.583763391605206,0.239410320360421
2748,0.0101078697522539,0.0567024197804495,0.0695186376369173,0.0500398449368841,0.519868689130028,0.293762538763468
2749,0.242508636885663,0.07602098764199,0.0471391339121462,0.302632643082339,0.228479944303204,0.103218654174657
2750,0.0155471683858632,0.0851905114297771,0.350420776232626,0.0418513835194515,0.117727585296003,0.389262575136279
2751,0.180837231759672,0.211073726047428,0.10304294838079,0.150115940302537,0.259600950298348,0.0953292032112249
2752,0.0346753344413864,0.146203109399266,0.214528454839284,0.106185807297918,0.176308793817807,0.322098500204338
2753,0.0574572002179294,0.0641086086637077,0.0270120413100333,0.332632788098859,0.444560580099401,0.0742287816100695
2754,0.0219392672742814,0.243823483177595,0.130572411115736,0.028805389710885,0.344720942973089,0.230138505748413
2755,0.0042459004633914,0.0120225658484919,0.0457282737283461,0.0181841767107003,0.232393943682613,0.687425139566457
2756,0.0141285564808187,0.030010849822776,0.098588249927105,0.0195045247871341,0.0421326677822803,0.795635151199886
2757,0.0177967606505859,0.150816711022362,0.0398654364733177,0.0430064580256109,0.489686182507166,0.258828451320958
2758,0.0748591088188064,0.234992712997885,0.182794083480588,0.0392243921021436,0.29258314051234,0.175546562088237
2759,0.0250557598395952,0.224863600739099,0.104845032801144,0.0201902956512734,0.241599495311464,0.383445815657425
2760,0.451757454078535,0.110786633215565,0.0365876453893996,0.319402532351188,0.06622828338713,0.0152374515781821
2761,0.156865195324312,0.121473242321663,0.0983250489185718,0.25178297792136,0.248173685597042,0.123379849917052
2762,0.0121757003170967,0.145111653872847,0.137220549803245,0.0446092896979425,0.404699003851548,0.256183802457322
2763,0.0480562178257152,0.201477494137472,0.226981321715253,0.0608543210209233,0.206613967588429,0.256016677712208
2764,0.0115040639041359,0.0249864034959145,0.120419752567226,0.0240838202554416,0.0889498863252594,0.730056073452023
2765,0.0529793189330637,0.145592114492375,0.200296555884786,0.0506783187081417,0.187862975070726,0.362590716910907
2766,0.0315901912094436,0.138460820613265,0.100687853976439,0.0682733533432089,0.373454550232656,0.287533230624989
2767,0.0364560041892681,0.135469896432762,0.157897583392385,0.212194153374273,0.261695122335633,0.196287240275678
2768,0.0407325719030444,0.2458092611431,0.311469574444512,0.0394612832370452,0.130952345599655,0.231574963672643
2769,0.049863014171427,0.316599234385177,0.117225085254639,0.0979859753750041,0.261341418814116,0.156985271999636
2770,0.0040853044687721,0.0426996052021118,0.153125336526958,0.0325628323372189,0.174429880963856,0.593097040501083
2771,0.0282077674774335,0.156481979279344,0.454506278415961,0.0613045882446734,0.118967049680358,0.18053233690223
2772,0.0644524907500714,0.101732645799629,0.139409265241715,0.202956692115794,0.310444133353924,0.181004772738866
2773,0.0540730581640421,0.282900974739169,0.146225682780126,0.0336190937681577,0.339955446215595,0.14322574433291
2774,0.124807956971414,0.473761066833091,0.0714664608280763,0.0426324356545601,0.181516582735609,0.10581549697725
2775,0.00546615195690083,0.023391765087465,0.111838811628731,0.0140038844604855,0.123012179556516,0.722287207309901
2776,0.0117220627744287,0.0351654695414895,0.0594565120916769,0.0539695677470109,0.255887547677293,0.583798840168101
2777,0.00322457860462988,0.0159742008145201,0.0784194308516592,0.0193092448703062,0.078817322014201,0.804255222844684
2778,0.12819452764898,0.138833046555227,0.150883565321358,0.113696655448899,0.18547822279605,0.282913982229487
2779,0.0579938786537058,0.116432357066809,0.349086170683888,0.105974279969723,0.142761372117949,0.227751941507925
2780,0.0532721212570279,0.236310860176279,0.275606099545059,0.0601712827614753,0.14322246308581,0.23141717317435
2781,0.0159416764096704,0.035381011270042,0.0609027259636561,0.167600899458421,0.476403443270388,0.243770243627824
2782,0.0139161691738118,0.0545478063152158,0.23893315136241,0.0290723562716461,0.158480634523443,0.505049882353473
2783,0.425925892730649,0.311881356146973,0.0949995139068738,0.0705301303628265,0.0699364330281413,0.026726673824537
2784,0.0708432536602545,0.283077737163965,0.0677044357420597,0.0909177425925299,0.388927439500502,0.0985293913406889
2785,0.00491104083628083,0.0218220533533537,0.0483854763541886,0.03230190865782,0.283620335451247,0.60895918534711
2786,0.0170798650441409,0.0766390661364257,0.0600058768172045,0.0641769574614706,0.362929404677503,0.419168829863255
2787,0.00773650291401026,0.0377569863696958,0.0633970932131293,0.0294905859420065,0.228150386829037,0.633468444732121
2788,0.0137093424438751,0.0541301093712151,0.143088711155665,0.0368606596150536,0.122133076825111,0.63007810058908
2789,0.0685140816347821,0.0735248712758559,0.280905314471578,0.0876492075314742,0.213998038541349,0.275408486544961
2790,0.0581779322493284,0.149690438105917,0.0748001818071522,0.0968351208918934,0.42952734227307,0.190968984672639
2791,0.137218217756429,0.0811534387236377,0.0668594791020058,0.423640400733126,0.220037254092889,0.0710912095919129
2792,0.556534927429773,0.282541765051678,0.0251314764085867,0.0472454643164406,0.0683972195826054,0.0201491472109169
2793,0.0111254963205407,0.0618663255446798,0.0505123647990307,0.0300640750004731,0.450938073626786,0.39549366470849
2794,0.470268053852705,0.137561887125933,0.0735158541265973,0.152388251988856,0.121895427144531,0.0443705257613779
2795,0.353746793540751,0.1345369247403,0.0784642484236054,0.28908084589827,0.113215170379541,0.0309560170175323
2796,0.00511574341340701,0.0269845782939755,0.113717648912489,0.0247174874560666,0.103227070875365,0.726237471048697
2797,0.0325645323896034,0.0566809922268168,0.0834758559559287,0.103485105763934,0.144101496959686,0.579692016704031
2798,0.012605146158743,0.156623113571642,0.165703475236346,0.0209113811187116,0.233964161641467,0.41019272227309
2799,0.12210494732351,0.165942070561212,0.322886779937652,0.0334928948566902,0.144331519893909,0.211241787427026
2800,0.00871778985389269,0.0355961723448454,0.0680064390065507,0.0433719627617059,0.243357978309484,0.600949657723522
2801,0.0126326906594908,0.0346700956372864,0.0229444316480811,0.0321732852818986,0.477262327727497,0.420317169045746
2802,0.0221738814950348,0.0724343207383434,0.0581206635627324,0.076071111165312,0.407061934735976,0.364138088302601
2803,0.0697187854362544,0.562322376933965,0.106684710245236,0.0207768118654429,0.145246809148232,0.0952505063708693
2804,0.0133794110697005,0.0761567240100271,0.117238788372046,0.0501820895253037,0.380362980577031,0.362680006445892
2805,0.231656107303816,0.200131886194875,0.247717234422164,0.101029550658054,0.139949816260461,0.0795154051606305
2806,0.120051916576941,0.0729644987807569,0.0610351952093435,0.325241493517621,0.256437805881277,0.16426909003406
2807,0.0635078479861995,0.166198117649708,0.180745670225752,0.0977400141169493,0.213779011782949,0.278029338238443
2808,0.0119339060640417,0.0421493417643742,0.0526870052913684,0.0278509148752844,0.259528442671446,0.605850389333485
2809,0.0398680424441153,0.0945162868685003,0.316384661059012,0.0476343470857838,0.102230916873617,0.399365745668972
2810,0.00986782969345381,0.0436790832313628,0.0677232585763656,0.0823433129973716,0.445369431915607,0.351017083585839
2811,0.0139650906357357,0.156380537833608,0.179429092399389,0.0417426175350226,0.29036165311743,0.318121008478815
2812,0.479720698779526,0.223706385374512,0.127806419464649,0.0708140638232471,0.0657900576107948,0.0321623749472708
2813,0.106425209336219,0.0999054307618621,0.142660510196733,0.127958250492446,0.298362665525508,0.224687933687232
2814,0.0265325504121633,0.214009405349226,0.259419617712974,0.0432688898428754,0.178505077555576,0.278264459127185
2815,0.0352177559969175,0.0764096009809197,0.135292289925721,0.0923322616519112,0.15792253443851,0.50282555700602
2816,0.233330659783514,0.160234888075808,0.252178053176821,0.0893386167622735,0.179410242807526,0.0855075393940571
2817,0.0706286748944852,0.432540942651005,0.115349254101658,0.0659853280056205,0.211847925096124,0.103647875251108
2818,0.316148113563356,0.347974944677701,0.139670104405403,0.0446024072435031,0.0854920661706624,0.0661123639393748
2819,0.41537028913175,0.382974040049534,0.0719788974284342,0.0306565678868708,0.0745707528159234,0.0244494526874878
2820,0.293988045981691,0.208236816555746,0.322338295027211,0.062892605275282,0.0664953578983153,0.0460488792617554
2821,0.00553704120874301,0.0388901880482797,0.0308452443069996,0.0120196067475079,0.391159313972668,0.521548605715802
2822,0.194171725980173,0.264173620104626,0.179782651325055,0.0567052804330911,0.187598303187609,0.117568418969445
2823,0.0527360259127034,0.0802297690605472,0.108518929610349,0.0994620315946823,0.180578123491649,0.478475120330069
2824,0.046836789180733,0.119183773950151,0.209347325018319,0.0652897237525801,0.264173818873362,0.295168569224854
2825,0.00600163749540169,0.0466357893922377,0.197616474569149,0.0252601580980978,0.0519402450976017,0.672545695347512
2826,0.0294767533023534,0.200864992918147,0.0510537575359992,0.0451138362555353,0.424766076802464,0.248724583185501
2827,0.0799374816823611,0.506450923188781,0.118422987032954,0.025409246444201,0.132626654907667,0.137152706744036
2828,0.0220365863628158,0.153663354503557,0.132416492010626,0.0524313320691779,0.347575832134413,0.29187640291941
2829,0.0465456036937457,0.0406043397982288,0.0370075699793624,0.161666691689208,0.569539305248365,0.14463648959109
2830,0.00551118096198385,0.0415708485853985,0.126903642158881,0.0331342392381158,0.158569832530138,0.634310256525483
2831,0.330205673157186,0.431062006902327,0.0869349010950305,0.047368933546359,0.0628374270462606,0.0415910582528367
2832,0.0410526814609091,0.230442276856079,0.21983879918409,0.0348450817735089,0.268049006203918,0.205772154521494
2833,0.115627815888903,0.117620406288395,0.113749033685055,0.20490499857167,0.270801651745183,0.177296093820795
2834,0.0213251706443068,0.063280131644662,0.104055897851534,0.03742365569331,0.232794113410436,0.541121030755751
2835,0.232039257328069,0.22632921501183,0.0540858331492682,0.186626306095722,0.216814074229846,0.0841053141852657
2836,0.0144926144770452,0.0349349567936333,0.0582812215710715,0.0551051450842315,0.29763591335612,0.539550148717898
2837,0.0672944759355052,0.243689489065235,0.319350870331266,0.0586655396980775,0.146301562191919,0.164698062777998
2838,0.179660758506639,0.236932522926354,0.178341291849094,0.0867166391780258,0.134992213302086,0.183356574237802
2839,0.0935174977039374,0.155073630967231,0.172605393844969,0.113446269234353,0.251390490799922,0.213966717449587
2840,0.111819088416599,0.0833595224391799,0.14456160931378,0.18305465527643,0.19815964254798,0.27904548200603
2841,0.458042798385878,0.108926183601736,0.0503175391703551,0.163694092234569,0.155319376731302,0.0637000098761599
2842,0.0080761571782789,0.0302896118293878,0.0259157772675072,0.0511978021165638,0.542490481944498,0.342030169663765
2843,0.0962141687022981,0.127229270138383,0.153456356697338,0.0855614831349488,0.219504457872833,0.318034263454199
2844,0.0367821017749505,0.118961983494967,0.4916687089115,0.0241543673583914,0.0973850877974237,0.231047750662768
2845,0.209519100802097,0.361451129706299,0.167882403107717,0.127871983189353,0.0932835669415309,0.0399918162530031
2846,0.00898787898811793,0.0276650363394255,0.037308139526383,0.0460680739006487,0.375801217539996,0.504169653705429
2847,0.0131025753832949,0.0457089560621948,0.046049587277352,0.0504963421701484,0.491364424358001,0.353278114749009
