"CUS_ID","F20-","F30","F30+","M20-","M30","M30+"
2501,0.127848362072064,0.291223268102156,0.10416467185701,0.0598021644307058,0.148877109853682,0.268084423684384
2502,0.0331265291665105,0.12691366693144,0.218404189463003,0.0954115107211129,0.322868806132943,0.20327529758499
2503,0.0952166466307215,0.432852888659646,0.110418050570919,0.0736118108579175,0.166409652000352,0.121490951280445
2504,0.423556987833057,0.130139559393337,0.190455042116144,0.0924453086901969,0.099190824629884,0.0642122773373813
2505,0.0438178211792821,0.119931046008252,0.27704521466482,0.0635977962193654,0.143531191620292,0.352076930307989
2506,0.0556761593652631,0.212454156008394,0.13377447199863,0.060045746318711,0.174102660405852,0.36394680590315
2507,0.0258028604344555,0.0482770747832717,0.114254912171593,0.0487011976268651,0.166354677581624,0.596609277402191
2508,0.0216029760035384,0.0581340068851566,0.107598199947002,0.0699674334576865,0.256904540323089,0.485792843383528
2509,0.034612634273803,0.0711306584897626,0.22723980892338,0.0749691388227074,0.200197266953678,0.391850492536669
2510,0.0456438359353891,0.141983257265042,0.0954943437135653,0.0658673578951838,0.214213636500916,0.436797568689904
2511,0.853073372494018,0.063928335694005,0.0290508801925617,0.0252702296455319,0.0216175997022521,0.00705958227163163
2512,0.0593795171823534,0.120866318632952,0.148270121507253,0.110243896839064,0.403228488853011,0.158011656985367
2513,0.00725836211657134,0.021394135101629,0.0856989158346956,0.0340846244227862,0.229742327606609,0.621821634917709
2514,0.178354350597438,0.661891347735572,0.0346820947776764,0.0196037635355999,0.0714680478940315,0.0340003954596825
2515,0.0195248364416005,0.0282829951141391,0.0707477445252566,0.0342883921658698,0.120733540012105,0.726422491741029
2516,0.0521080455975762,0.109751643851228,0.0982147478269159,0.116159465715743,0.341850113013351,0.281915983995185
2517,0.0447149875431028,0.4311998163239,0.0991449649030996,0.014724326089501,0.11000713096227,0.300208774178126
2518,0.43192701597597,0.251605760644348,0.0867685978813403,0.072214423214845,0.0902958949870964,0.0671883072964003
2519,0.0590504828647516,0.80297620683208,0.0302077244326274,0.0156762949354021,0.040410675877657,0.0516786150574819
2520,0.0274845988548581,0.023845512822983,0.0369383315756164,0.103821391668545,0.619421810614351,0.188488354463646
2521,0.0519551641625714,0.141206307481268,0.298783632340682,0.105411981466513,0.175059650386843,0.227583264162122
2522,0.513807615488668,0.197453504257079,0.112545567170648,0.0523955891460155,0.0754258505423092,0.0483718733952797
2523,0.0548794154374721,0.324317214264554,0.0976467598834077,0.03491619426453,0.250815914356492,0.237424501793544
2524,0.0595319708827493,0.12288137979959,0.381542899657423,0.0745795471286463,0.125427418787381,0.236036783744211
2525,0.130280455402457,0.0678441493504679,0.0680818374914719,0.462542555628422,0.231886471216244,0.0393645309109375
2526,0.151898511167203,0.283594488353092,0.0629470022937605,0.116952498405899,0.232101592133579,0.152505907646466
2527,0.481024912892308,0.18865803058586,0.105328228470949,0.0583293705835676,0.0954279424705117,0.0712315149968034
2528,0.0147692105518997,0.0356709293340392,0.18322756396456,0.0717299090234125,0.223062265050612,0.471540122075476
2529,0.081056922723436,0.117280646830182,0.27381307085679,0.0648352541358779,0.103215649409481,0.359798456044233
2530,0.0116326572697582,0.0534046999031955,0.214786176072915,0.0636701428213119,0.146016415014531,0.510489908918289
2531,0.0303617375419197,0.125643850738098,0.139752407573347,0.13259508600747,0.246039402180059,0.325607515959107
2532,0.0413737613942594,0.176040907089313,0.183266631000506,0.0728574548325546,0.220729954567207,0.30573129111616
2533,0.0209934373935064,0.0278623542043225,0.155867823751818,0.0398953675591838,0.045990756295846,0.709390260795323
2534,0.182370423409769,0.0426017558521953,0.0448371455529769,0.571940745071898,0.0987317084195781,0.0595182216935835
2535,0.0780409036280447,0.134998188890791,0.221786031424647,0.0795232985314017,0.179556913375908,0.306094664149207
2536,0.201159874284599,0.252927368564283,0.125769964362275,0.0563200440262288,0.147892379294963,0.215930369467651
2537,0.0328232799283318,0.790696231924064,0.0647262536145704,0.00804228522860076,0.0419575833988909,0.0617543659055424
2538,0.148373793701693,0.0773934894383851,0.0782264484731499,0.0955370751447509,0.32607505911562,0.274394134126402
2539,0.249984742662315,0.240142019225371,0.223288276763459,0.0414398311967981,0.0823055772338989,0.162839552918159
2540,0.281926388064837,0.172238467994009,0.051716322818039,0.176466055816808,0.275891883290936,0.0417608820153713
2541,0.178089141618168,0.0913963886418325,0.0374269270901613,0.212936789208523,0.386745143746856,0.0934056096944587
2542,0.0738094451073661,0.524259049548806,0.0924593344920766,0.0619996966857428,0.153328054958792,0.0941444192072173
2543,0.0243295073418574,0.0483298068566064,0.0811325319009523,0.0287513974959604,0.179328632431037,0.638128123973587
2544,0.0972403579506486,0.192821830367332,0.154941686545829,0.171685227257178,0.188704740342198,0.194606157536815
2545,0.0510829157632544,0.424425391419131,0.0666071329892538,0.0278596135938618,0.229013709543906,0.201011236690593
2546,0.0346687635116367,0.0317292487992286,0.0140164862726834,0.177698972603193,0.642272801113169,0.0996137277000898
2547,0.0756932136372887,0.177501749193339,0.368946684164459,0.0796712767339722,0.132027534425083,0.166159541845858
2548,0.0557247768332351,0.101099732498916,0.181563758919838,0.11241543203709,0.414841551554888,0.134354748156033
2549,0.0108829277187575,0.0364373615367779,0.0442148825376903,0.0506882563739744,0.239359372622,0.6184171992108
2550,0.0174507391013453,0.0243504183342232,0.0210318638850857,0.112845934145838,0.627029041102027,0.197292003431481
2551,0.103446271303029,0.167993632359861,0.0723776161045146,0.183554110860166,0.314868595756444,0.157759773615987
2552,0.213468808961294,0.326211039487221,0.161492229866577,0.0954473112949796,0.0906699922705663,0.112710618119362
2553,0.420632860543767,0.292042903806824,0.0365942276076422,0.0838080433271373,0.129033542298049,0.03788842241658
2554,0.160441276076033,0.264797927345248,0.145775386963077,0.123478007773508,0.214069102510565,0.0914382993315695
2555,0.0395179623517624,0.113447884657042,0.15310894475065,0.123648388990858,0.317260171188351,0.253016648061336
2556,0.11288242272831,0.357307614532081,0.242135718991901,0.0820154791457857,0.091925802109602,0.11373296249232
2557,0.333722501068477,0.194364720857263,0.267285092410601,0.0804429982294208,0.0798793278891802,0.0443053595450583
2558,0.0726757731477481,0.181985816644597,0.439060925028543,0.0574666514632496,0.108814058296348,0.139996775419514
2559,0.0695086308268487,0.478810657623032,0.154264249737842,0.0375318249612212,0.0979802473996621,0.161904389451394
2560,0.0127453770589661,0.127954975310181,0.134093136633893,0.0494234318883486,0.145777450982771,0.53000562812584
2561,0.0660222117685947,0.0888675441478254,0.181540464186881,0.0434510605056315,0.116941436862955,0.503177282528112
2562,0.326443518258595,0.402910608506333,0.0614173965742158,0.0528234629391372,0.113777502275249,0.0426275114464706
2563,0.275553192058572,0.152264550376077,0.215972388333774,0.077493839470086,0.123190592666814,0.155525437094678
2564,0.0806238435816314,0.0783652184227026,0.0974775726522717,0.163584372958019,0.374622836461082,0.205326155924293
2565,0.0308409466137168,0.0570075659465578,0.0713489148820581,0.0371088786927003,0.13177316118051,0.671920532684457
2566,0.028553278094838,0.0408919112060619,0.0770424492768002,0.163404329065847,0.375790754742843,0.31431727761361
2567,0.045059745766587,0.147747183164322,0.104007785577771,0.0885866987733044,0.123482217014969,0.491116369703046
2568,0.00873965177596895,0.0421264250263234,0.085291649699303,0.048477265044707,0.158859438999249,0.656505569454449
2569,0.0388533861650069,0.121567655538696,0.278663120682889,0.0296249086515729,0.156888876030727,0.374402052931108
2570,0.0458917807104182,0.340220065525418,0.211026108278304,0.0390568469671554,0.130286188228229,0.233519010290476
2571,0.0827832608297732,0.0600071087762648,0.0419830091070991,0.343470449357326,0.362917175727085,0.108838996202452
2572,0.0973455431340731,0.131107697670574,0.204021713143319,0.209841973540706,0.17700782113845,0.180675251372878
2573,0.136405314606878,0.274248435039835,0.141029000272106,0.0579966219307051,0.162891607773968,0.227429020376507
2574,0.0191472974185599,0.048037286975346,0.0485319392295201,0.314109820877751,0.459772426784106,0.110401228714716
2575,0.014619678654097,0.020553833869892,0.0164271986735914,0.0934425464032786,0.730679806581343,0.124276935817798
2576,0.284128894928873,0.341852555305601,0.141331228372055,0.0625682418643889,0.070658154662148,0.0994609248669336
2577,0.0426974658370562,0.227032009574909,0.241981553285569,0.0415564959427926,0.139972887693742,0.306759587665932
2578,0.0111062927602667,0.0186237536213034,0.0795116367216207,0.0273385588546191,0.0497778059857205,0.813641952056469
2579,0.264553745516954,0.281223500786679,0.217969198925326,0.0412093873305485,0.110553446643039,0.0844907207974534
2580,0.0752810210346515,0.297477856849367,0.119744981983842,0.0532525498435374,0.174003676193679,0.280239914094923
2581,0.0462049670319299,0.0690909814188553,0.0915092049934859,0.121075528678249,0.240482419651794,0.431636898225686
2582,0.184282100299782,0.575672408610339,0.0586606389202104,0.0207277078111312,0.0956192297183512,0.0650379146401872
2583,0.0516381130233019,0.592618697748971,0.175130640652843,0.0162421183060368,0.0656538690278748,0.0987165612409725
2584,0.32035466939773,0.61481481590113,0.021176252447294,0.00649080610979924,0.0233343047056535,0.0138291514383924
2585,0.0598584317807529,0.0818055080816151,0.117450346239307,0.102139885675279,0.357119581360388,0.281626246862659
2586,0.0352927133010871,0.270537596984616,0.0911059640313107,0.0359935733612539,0.152345392925785,0.414724759395946
2587,0.207895676598518,0.0746247709592768,0.0743488500478004,0.200814299566195,0.349854116386147,0.0924622864420621
2588,0.0324710849822458,0.0241719972905546,0.0467674151993358,0.086226054243799,0.716415842465496,0.0939476058185691
2589,0.048257220088269,0.079492310760222,0.085890734263463,0.165721621851551,0.530634418705154,0.0900036943313408
2590,0.0280086109565202,0.0707341250726698,0.157176665831556,0.097792188889896,0.233425742578171,0.412862666671187
2591,0.121959902080994,0.212712936907982,0.267462638175687,0.0642230017632981,0.0825033358873488,0.25113818518469
2592,0.0152561038233527,0.0406401432786826,0.0540016954932841,0.0642422384481287,0.755898865192961,0.0699609537635905
2593,0.125868855128475,0.216485067328162,0.0957824355014339,0.116165098067748,0.21603026568664,0.229668278287542
2594,0.0556211088122849,0.0538748729767171,0.0660919812135666,0.0324711895673901,0.317556366339879,0.474384481090163
2595,0.132668901648099,0.175210734292772,0.164819066030571,0.115285346295546,0.246100377410544,0.165915574322468
2596,0.794774294511584,0.0590541818539107,0.0181194426821729,0.0785485377291364,0.0374239526124512,0.0120795906107449
2597,0.0229006341745214,0.0527837623481353,0.176435058228519,0.0799576313455688,0.251986697398615,0.415936216504641
2598,0.0357196207923685,0.0918300570609873,0.0722038504860685,0.0254601121091629,0.0911002150890259,0.683686144462387
2599,0.274772472245792,0.218102652823479,0.095047118256418,0.119022204646129,0.171573408352105,0.121482143676078
2600,0.0401029807039204,0.110434689069201,0.121601354797943,0.146752597558243,0.435475951273973,0.145632426596719
2601,0.0498560102335745,0.116159694622014,0.275450906790439,0.120547259031507,0.141638353864462,0.296347775458003
2602,0.0319772994762743,0.0631902552460826,0.0800735452413636,0.049570601848227,0.131811238074309,0.643377060113744
2603,0.0561353840296293,0.630503042790797,0.0497144622522534,0.0504049896756626,0.110451382427105,0.102790738824553
2604,0.0940619056934907,0.155409716205315,0.324146078816698,0.128176872252272,0.133876995087099,0.164328431945125
2605,0.0535403054001757,0.171796127888526,0.221605371636542,0.117420899056159,0.244878454126064,0.190758841892533
2606,0.0493597790828302,0.0790313743665033,0.168996824547699,0.0572194785890113,0.162909640268008,0.482482903145948
2607,0.0149712372601853,0.0217763494478729,0.0841449753295493,0.0295339182485215,0.0838946734813962,0.765678846232475
2608,0.230105268101593,0.143773291848162,0.0761689836119164,0.145195712541897,0.222597956903272,0.18215878699316
2609,0.0161472573624254,0.0316135941300953,0.0457995911910712,0.11588490816297,0.537936230509291,0.252618418644147
2610,0.0730701223805453,0.166812759176975,0.0548987318115626,0.204384613858185,0.251268881160346,0.249564891612387
2611,0.0240214693292995,0.0905255799956719,0.218819244829091,0.0581502362340177,0.0871697833474841,0.521313686264436
2612,0.0811478917723016,0.174955593869403,0.158346527658729,0.0848197690112326,0.102273239123413,0.39845697856492
2613,0.487364171913014,0.332108790524182,0.0413640058239988,0.0449371602633951,0.0708736577293212,0.0233522137460898
2614,0.099389777539901,0.126477865078614,0.0853304169130437,0.133837839888388,0.19275281736964,0.362211283210414
2615,0.404320516103513,0.227318603832847,0.163191526017703,0.0711269652552914,0.0812508919062729,0.0527914968843721
2616,0.0139426449859612,0.0532793315490978,0.040717561970294,0.0727355677955017,0.479848714069577,0.339476179629568
2617,0.216966521590812,0.332966084031884,0.208554555903859,0.0362170000378171,0.104160850857785,0.101134987577842
2618,0.0385007394901621,0.0634667623620068,0.113054310578664,0.0737948449652916,0.380478672587454,0.330704670016422
2619,0.020821358221606,0.018502755893359,0.0198455074960685,0.0930559846735394,0.710107914935763,0.137666478779664
2620,0.0153901954440595,0.15410016023204,0.320779417720381,0.0557863383404665,0.180013393259249,0.273930495003804
2621,0.0603217202619233,0.105038370515209,0.105287249802774,0.178768160536616,0.394853828782607,0.15573067010087
2622,0.0194455206275605,0.0321661442238216,0.050276821377318,0.0353904386951609,0.154758007386909,0.70796306768923
2623,0.38758830116391,0.222763545679861,0.0403567351410825,0.0715989540243817,0.214331452092739,0.0633610118980256
2624,0.0375539758859039,0.110332516217932,0.155384157818596,0.0888671719929167,0.223142994843982,0.38471918324067
2625,0.185428657896952,0.359844104913052,0.235411447974444,0.0508273405437234,0.079178814969594,0.0893096337022346
2626,0.0180015347985629,0.0276988190711915,0.0530513924386556,0.0323364002460548,0.0735990934065532,0.795312760038982
2627,0.108719272290867,0.198446366280532,0.248469334799577,0.0531553808325972,0.167149842439824,0.224059803356603
2628,0.120662524717583,0.21241799752038,0.131700312065953,0.229512953843942,0.240986107499392,0.0647201043527512
2629,0.0619078200063067,0.167394192445485,0.0879201759963895,0.0685698964015364,0.255139277684913,0.359068637465369
2630,0.248182175830131,0.151258785513922,0.201333818110385,0.0800253260686711,0.149776140138899,0.169423754337992
2631,0.031118658092819,0.287570802636188,0.209182561452827,0.0447613279075958,0.171763565077226,0.255603084833344
2632,0.01506274490336,0.0278502021663913,0.116792099124568,0.040625921226426,0.0970002916861717,0.702668740893083
2633,0.134621970078162,0.498378355441205,0.0613246429818147,0.0882590878129599,0.1292803975231,0.0881355461627589
2634,0.0552526717300635,0.0697214448565897,0.247063064743214,0.0999853254853155,0.154923496561641,0.373053996623176
2635,0.0236757156738046,0.130339181080285,0.123631257545687,0.0481117335010681,0.433609545037302,0.240632567161853
2636,0.0292813096604749,0.0482011325146051,0.117608839930128,0.0757903956361027,0.35411070187019,0.375007620388499
2637,0.0258204783798749,0.077914918086251,0.0505533614261083,0.0323320859447913,0.670125147338879,0.143254008824096
2638,0.0523953203425177,0.0413326533082159,0.0509704109907303,0.450092473072741,0.215475898607272,0.189733243678523
2639,0.130701080957439,0.0776828636121736,0.0457783065857863,0.249196405959437,0.416637795845325,0.0800035470398393
2640,0.046185809885888,0.0579279003145687,0.0612171896188274,0.0415071932414145,0.132088209110485,0.661073697828817
2641,0.093005716849968,0.125631474195241,0.13774794706245,0.153818942914902,0.27173336265681,0.218062556320629
2642,0.0313246438561554,0.14027136091123,0.220476791222294,0.0658129160460602,0.139576463972767,0.402537823991493
2643,0.298381039735742,0.460516134494248,0.0175083353301745,0.0747766885858008,0.110368966020854,0.0384488358331804
2644,0.0139897810455081,0.152364699319115,0.0552445793686623,0.0214881779230004,0.161948260611545,0.594964501732169
2645,0.031082870629075,0.0589119668033162,0.0489654653186193,0.0968909274689658,0.338384960353079,0.425763809426945
2646,0.0132678842545277,0.0328654709546338,0.14925451724427,0.0253243045901786,0.0594063091113748,0.719881513845015
2647,0.0588700349631929,0.0942776665148234,0.0929119114690992,0.140690809572445,0.208739962703962,0.404509614776478
2648,0.151403580906079,0.293354618959643,0.337135973676041,0.0468544849707631,0.0627438593155131,0.10850748217196
2649,0.0484211184263946,0.0478380548064209,0.134460509938026,0.074249316123036,0.17431983444249,0.520711166263632
2650,0.0863058941293123,0.0903041839224298,0.261681057419533,0.0983044672263043,0.132708974184466,0.330695423117955
2651,0.0361512695375481,0.0619536032518417,0.0382260065756048,0.073652983919296,0.481980027247347,0.308036109468363
2652,0.0413500567318118,0.133173699226036,0.0957741594185192,0.100544707182326,0.368082304491124,0.261075072950185
2653,0.240590410311116,0.295972585794571,0.103465876466757,0.058742273313952,0.170586514283805,0.130642339829798
2654,0.00994544269158718,0.0350706222826594,0.115910884680387,0.0448947551913138,0.0673956699233291,0.726782625230723
2655,0.454550429616608,0.290348334209472,0.0522288550664386,0.0411407535455205,0.113479542040802,0.0482520855211585
2656,0.0121586473768269,0.0757416954991029,0.0899329421197003,0.0457761279244856,0.267747305501152,0.508643281578732
2657,0.0504433013659968,0.0513160077109622,0.191721068088502,0.0729681459841278,0.0915477309186166,0.542003745931794
2658,0.174395619844039,0.138896122556858,0.0936034507923275,0.346978388099406,0.159566771734543,0.0865596469728266
2659,0.197955898626767,0.115946273754151,0.168687330722624,0.231095534463543,0.166536670819599,0.119778291613316
2660,0.0293690089635711,0.0446262584503915,0.0421430737747093,0.0863291202808018,0.190537192587218,0.606995345943308
2661,0.0180846887817289,0.0574788038744798,0.188106976671261,0.098247265938361,0.123995443190259,0.51408682154391
2662,0.019614575370512,0.0719030923327112,0.133456900993826,0.031791209454023,0.15071657417144,0.592517647677487
2663,0.0123861835268879,0.0279100641754021,0.0614749860899336,0.0551801555993034,0.407667112160385,0.435381498448088
2664,0.0703872261009494,0.143038280904333,0.0593689409260306,0.151527505767172,0.39504087594784,0.180637170353675
2665,0.26966346946647,0.300518418087927,0.110817734690652,0.0619460511037492,0.14111414495411,0.115940181697091
2666,0.0255955180599453,0.0503996360833959,0.201401223207129,0.0552992736956762,0.0605869896121725,0.606717359341681
2667,0.116456393958581,0.124794007297946,0.343966340903875,0.122245663103571,0.139145531996559,0.153392062739468
2668,0.0287669903141239,0.127681132201992,0.365200770974213,0.0463045219217996,0.132001101928661,0.300045482659209
2669,0.0378139607019893,0.203431125506305,0.0900494171461522,0.0230885815725871,0.169830171312301,0.475786743760666
2670,0.0161766103777369,0.0582131216919588,0.158918282874383,0.040128604497402,0.160320630333489,0.56624275022503
2671,0.0489792699209023,0.0779591978750243,0.0588092568850984,0.134386547822012,0.253642686531517,0.426223040965446
2672,0.0241827457221887,0.073044645723623,0.216987742057064,0.0556019405679975,0.141221414360637,0.48896151156849
2673,0.311604366740697,0.356917690566162,0.0442981167189721,0.10388801147401,0.134535492238313,0.0487563222618466
2674,0.0661297466738895,0.0567010171176365,0.0943198230524049,0.24063574062822,0.276670952933019,0.26554271959483
2675,0.632234993762536,0.207489748212173,0.0136984240624006,0.0654309126623182,0.0627649906042852,0.0183809306962863
2676,0.0448463611127965,0.0375053938974589,0.0699327321027206,0.189173311662387,0.33920555218127,0.319336649043367
2677,0.0774986663804011,0.205616743615182,0.219159137775309,0.105864685757563,0.140724210758472,0.251136555713073
2678,0.0487268052750515,0.159195395379495,0.30320338135641,0.0722587064975113,0.186485159632522,0.230130551859011
2679,0.0028054923222196,0.013667294052267,0.0431275744417901,0.0269005061460656,0.24695635302888,0.666542780008777
2680,0.0682115976123923,0.184004298097288,0.316340115052939,0.181748734053843,0.165145038980511,0.0845502162030259
2681,0.0852507409633323,0.215090274086185,0.17382088311499,0.0953049112895886,0.173081359607289,0.257451830938615
2682,0.0214164616049641,0.040171934778818,0.134683322377248,0.206509446826087,0.193835418376853,0.403383416036029
2683,0.429856454049649,0.363423986004463,0.0416203452006129,0.0636600594871579,0.0788544274168396,0.0225847278412771
2684,0.0192942583160791,0.0469299686335943,0.0852669206432798,0.160055288774889,0.308906180848049,0.379547382784109
2685,0.110357904596986,0.087578121221024,0.210636752504022,0.0952318108129953,0.0934413281008915,0.402754082764081
2686,0.0205596467472894,0.123988063179478,0.175837998633046,0.0453671564824831,0.136611982965375,0.497635151992329
2687,0.461863108355189,0.203304470741063,0.0494919121695931,0.13836301293573,0.11501085903199,0.0319666367664347
2688,0.0527971715242376,0.150040962393856,0.082679579717324,0.241771425524137,0.288260598809521,0.184450262030924
2689,0.166602698037905,0.574377694308805,0.0339378897017838,0.0673934663868426,0.115832155433917,0.0418560961307467
2690,0.0117656699508644,0.0272006555482279,0.0532498616852045,0.158276654296593,0.493033825750674,0.256473332768437
2691,0.0475447132461773,0.194023797592555,0.0752709953086279,0.0897692668967379,0.252464588593398,0.340926638362504
2692,0.146230316413985,0.124991044634299,0.206842041544647,0.117502040655473,0.186242911723534,0.218191645028061
2693,0.0398086177950252,0.0839526785144563,0.31931965325989,0.0599976853685441,0.11238798987807,0.384533375184015
2694,0.0135037276862131,0.0332572037312736,0.091171124424017,0.0756585073048363,0.231145616630674,0.555263820222986
2695,0.663263122480333,0.170053968333409,0.0258652450735544,0.069527103443806,0.0535173743331573,0.0177731863357406
2696,0.0302695718575723,0.105047217107509,0.247715270067821,0.0677709371834899,0.101668457804566,0.447528545979042
2697,0.0828278006035734,0.181048461591304,0.24679643742127,0.0625009583624961,0.124286568828763,0.302539773192594
2698,0.03534715231729,0.0883419491114931,0.234721305393271,0.0635936554218533,0.157029436802583,0.42096650095351
2699,0.0442713693169921,0.149829873658485,0.239449209821106,0.079704666055311,0.12580174746558,0.360943133682526
2700,0.00578145713385078,0.0542760255605691,0.0397824814684431,0.0255762596639505,0.257920915046062,0.616662861127125
2701,0.0388400525821844,0.0366110763504754,0.0474052037649596,0.185464976073828,0.23524013219648,0.456438559032073
2702,0.489144780960357,0.185948297863547,0.153973064676543,0.0566267468038162,0.0522803623987961,0.0620267472969414
2703,0.0858961320835304,0.0790254904219721,0.200982481318149,0.115383109452211,0.253684888044677,0.26502789867946
2704,0.0643544046333491,0.233023061743592,0.328387423854841,0.0730290023308527,0.133673178182422,0.167532929254942
2705,0.0284088064679986,0.175446827416543,0.484769075960333,0.0358226456852314,0.095795741378887,0.179756903091007
2706,0.042181786409643,0.0950476597245789,0.170828417515507,0.152883558560611,0.200750259803057,0.338308317986603
2707,0.0195286216920554,0.0199752294846367,0.0505138711640471,0.0416857999315952,0.563944469751277,0.304352007976389
2708,0.263210294837708,0.383085204798567,0.0772132109705702,0.0676615412369119,0.15036309404695,0.0584666541092931
2709,0.0848524382586481,0.191989201957565,0.4045813466322,0.0609927054921595,0.0753700782180224,0.182214229441405
2710,0.123853297729061,0.132224326192508,0.232187745079406,0.125748147646352,0.150168134881502,0.235818348471171
2711,0.0322689646287763,0.064664537966384,0.144922564680967,0.060482100799389,0.275146382605552,0.422515449318932
2712,0.109749274057657,0.114127602855751,0.133158829979049,0.147991647394113,0.351032263932713,0.143940381780717
2713,0.0965805947840952,0.256305147811865,0.293712274039737,0.063498526251244,0.112188016571304,0.177715440541755
2714,0.0162365229367591,0.0913183671330701,0.166241440886964,0.0442631467048423,0.237539085624502,0.444401436713863
2715,0.0857403395469467,0.132846077572997,0.428272699195773,0.0516699561829789,0.124062318426442,0.177408609074862
2716,0.0491229534325971,0.0585771996783504,0.132961632902308,0.0918418306544802,0.317081980488645,0.35041440284362
2717,0.0192128758686352,0.0295581563042436,0.0341303639744227,0.0543238732666089,0.209032840759847,0.653741889826242
2718,0.0213363470600818,0.0491468063544,0.334803732083638,0.0709829590977087,0.156799670938284,0.366930484465887
2719,0.0448583294998356,0.104786689922676,0.196123027906511,0.0799025047697991,0.245630504198006,0.328698943703173
2720,0.217022694585078,0.143487970052938,0.213793439169005,0.101839992946409,0.177903570512812,0.145952332733757
2721,0.0482042985358238,0.0915527451986492,0.133294017815934,0.101202853646637,0.272348844937053,0.353397239865904
2722,0.330106811159135,0.503638002153191,0.0953664157587045,0.0119757222853492,0.0320091255643995,0.0269039230792204
2723,0.0603946679504713,0.167596971180103,0.181515127836022,0.111211270442219,0.159246446534814,0.320035516056371
2724,0.724657555516429,0.0870622951317256,0.0626466589253284,0.0481720350952305,0.0584912860057685,0.0189701693255178
2725,0.301698975786499,0.339146605302572,0.0472852765000253,0.116360321276361,0.117758161286716,0.0777506598478272
2726,0.108448638711655,0.149162103087951,0.116446124456888,0.242927897314865,0.287478915989822,0.0955363204388188
2727,0.0060333958459356,0.0277102773348064,0.0794408055197318,0.0248610472036245,0.195110774852971,0.66684369924293
2728,0.0418654052330317,0.0578027672007347,0.209054300625737,0.0688007046131954,0.154448097544684,0.468028724782618
2729,0.141633504126362,0.266382869809878,0.123648270843796,0.0963631180299846,0.171329427295068,0.200642809894912
2730,0.0388320264120917,0.042291170528033,0.070202284639919,0.0964267069083442,0.427253860615612,0.324993950896
2731,0.124901993760856,0.163073759379314,0.105748419168054,0.178874648772962,0.322147352979907,0.105253825938907
2732,0.0482035088608523,0.106798802029356,0.249965507562629,0.0688203204571621,0.131339078202569,0.394872782887432
2733,0.0372376523758962,0.132692290253638,0.267965586745213,0.130765851812093,0.300817802909732,0.130520815903428
2734,0.0556086084247519,0.641976854273903,0.0711156810373765,0.0207165669642037,0.0787566140786704,0.131825675221094
2735,0.131212762891293,0.498289341877476,0.0946157381713027,0.0398422221500925,0.0803581608903658,0.15568177401947
2736,0.0483406657106147,0.0501982309608427,0.0324811037368503,0.453057926746192,0.35653271587992,0.0593893569655805
2737,0.121948628259517,0.144837286080621,0.216158518100829,0.128162624373263,0.156512027181448,0.232380916004321
2738,0.04156311866696,0.124164741054114,0.117920585567966,0.0893155479079609,0.148919528244427,0.478116478558572
2739,0.209586408816841,0.369521609709818,0.168425729863108,0.0345962428882144,0.135578519144404,0.0822914895776146
2740,0.290516759942954,0.341488589314506,0.0488649669530289,0.083972714093499,0.121260643251655,0.113896326444357
2741,0.118662037507341,0.406285373048776,0.112242465327841,0.0345934123922116,0.166743924544099,0.161472787179731
2742,0.0791871344172713,0.0659418253555722,0.0551420144151006,0.2941225684778,0.331479150980663,0.174127306353593
2743,0.247790371071976,0.146997488633737,0.0863007750518514,0.142944515084384,0.212308010787883,0.163658839370169
2744,0.0191741936756205,0.07294922709917,0.0981736226666794,0.122706431314839,0.51200204851428,0.174994476729411
2745,0.0535242730359698,0.169865400730618,0.239265980795956,0.116383410189871,0.243182639370521,0.177778295877064
2746,0.0274011664788423,0.0768822557099035,0.125517622322748,0.0766824277328826,0.250403092808441,0.443113434947183
2747,0.0303415540031202,0.0159503098471921,0.0132994794901185,0.239145661334687,0.549533152266824,0.151729843058059
2748,0.0192189165964961,0.0603309320008451,0.0951860616239305,0.0659987532625951,0.451852320687318,0.307413015828815
2749,0.197503262104382,0.0837812109097647,0.0407154175370869,0.256565041410634,0.282338434284675,0.139096633753457
2750,0.030180322537274,0.0760470462054573,0.350449793924897,0.0595093030461836,0.115333333341658,0.36848020094453
2751,0.142512401598808,0.178634702025584,0.0704406646836227,0.229609476430105,0.281577531853177,0.0972252234087034
2752,0.0594461220464165,0.152220588593702,0.235960178229841,0.10284446241766,0.179185845704685,0.270342803007695
2753,0.0545653143544823,0.0578634395451308,0.0269907960080144,0.401452259245231,0.381567929655759,0.0775602611913822
2754,0.0226352600122763,0.2205504008576,0.162537902820534,0.0565177458691419,0.172348913691077,0.365409776749371
2755,0.0101782263463222,0.0119612263499124,0.0418325205797759,0.0299509785500875,0.254525722405022,0.65155132576888
2756,0.0529051895421634,0.0654026383523842,0.181837264086124,0.0575842502772563,0.0608837104354235,0.581386947306649
2757,0.0217745077325065,0.205689799321767,0.045418124184396,0.0549900833522552,0.406407201741298,0.265720283667777
2758,0.0884141106298117,0.207248429349104,0.196632934968031,0.0726344841770826,0.194045346488296,0.241024694387675
2759,0.024502598366481,0.209027603503665,0.108734515467895,0.017890015227119,0.13208144115952,0.50776382627532
2760,0.47311362821526,0.0913695450916917,0.0226217793714161,0.357929022099336,0.0435371240763769,0.01142890114592
2761,0.204132659911007,0.119658232357755,0.146084311724593,0.15606882455189,0.282957497668109,0.0910984737866455
2762,0.0276650722008774,0.231959201521147,0.179267327108926,0.0651869409078562,0.220910432026896,0.275011026234298
2763,0.0553983963293945,0.199088581589329,0.219732606407535,0.0818399190301971,0.178054012421428,0.265886484222116
2764,0.0154825724567416,0.0364114761527138,0.147796664247386,0.0337196768445607,0.109881616723041,0.656707993575556
2765,0.0886913796776558,0.149647155524623,0.183170737340836,0.0817249533280917,0.150466524857789,0.346299249271005
2766,0.0450277519182657,0.10782589661636,0.12579924924267,0.113449176616359,0.229274624717473,0.378623300888872
2767,0.0539735048886633,0.161227951614962,0.177932535129319,0.157903471587642,0.262047902564246,0.186914634215167
2768,0.0603389579852711,0.208637691939631,0.269812538321579,0.0647139939626807,0.163025285033401,0.233471532757437
2769,0.0583276134136397,0.438196660787073,0.0745333858885831,0.0814886042085043,0.175423525269153,0.172030210433047
2770,0.00946724815334935,0.0507843827521985,0.185622585716802,0.0306738879077629,0.119260428898826,0.604191466571061
2771,0.0343876526409994,0.167573771547321,0.444567808418275,0.0664869928046179,0.121161757451225,0.165822017137562
2772,0.108707770241266,0.104598345544886,0.183645627130289,0.184061589053304,0.233942276521049,0.185044391509206
2773,0.049237940180021,0.330424936528733,0.196215363129758,0.0474234452642719,0.163077878621638,0.213620436275578
2774,0.192720657716945,0.511410933302218,0.0730982145057109,0.0355155876351696,0.103789537690856,0.0834650691491005
2775,0.0163904935878455,0.0318691528726537,0.215108486068397,0.0294993274798354,0.0958753980759904,0.611257141915278
2776,0.0235718308605197,0.0340465374778107,0.0497325949000947,0.0403029316849321,0.170997892095023,0.68134821298162
2777,0.00767243878940996,0.0213100299573387,0.132579862899329,0.0271865867532377,0.0655606470675867,0.745690434533098
2778,0.129440023164742,0.148959561169894,0.16773818460933,0.131663956509242,0.198834862075712,0.223363412471081
2779,0.0594492164167079,0.169310509795771,0.306182584853472,0.0906277356871274,0.160153915562162,0.21427603768476
2780,0.0742886604824004,0.204443156444516,0.379783531554242,0.0858073079441716,0.126457402636423,0.129219940938248
2781,0.0215692988052242,0.0313779429743987,0.0502705972310308,0.12099438914642,0.539433056650221,0.236354715192705
2782,0.0212187539388599,0.0563131269720316,0.221982832849936,0.0523218056380336,0.129037252295491,0.519126228305647
2783,0.68693868116793,0.199792150180259,0.0437293505598139,0.027588319551142,0.030870190581809,0.0110813079590463
2784,0.0518948022559011,0.343149174285845,0.0758440456299407,0.10880502989952,0.238883210567192,0.181423737361601
2785,0.00957083360585459,0.02943939025206,0.079719314352498,0.0483399118899879,0.224678002143441,0.608252547756158
2786,0.031536285905883,0.0920355259387385,0.100271459932957,0.10787033496116,0.30506843445133,0.363217958809932
2787,0.0203967177873627,0.0447534310858497,0.105286275537986,0.0517407698878669,0.24677825903066,0.531044546670275
2788,0.0216780111071746,0.0665182231556551,0.119943208049778,0.0477933841878976,0.133687836609287,0.610379336890207
2789,0.0708718406872198,0.104748208746186,0.293020807467647,0.101410694022126,0.155069623876145,0.274878825200676
2790,0.0756718304985087,0.207485363792439,0.065939377930321,0.0831912313867754,0.337683770178619,0.230028426213338
2791,0.184524417212259,0.0606326893219517,0.0553676887190095,0.447051137681782,0.182900576550958,0.0695234905140399
2792,0.623501157573213,0.216176562394319,0.023473305165883,0.0550045424769726,0.0589292189850093,0.0229152134046023
2793,0.0181395652857137,0.0694719744019008,0.0667947814008214,0.0525781660390438,0.31675071342888,0.476264799443641
2794,0.493972280084897,0.153551128831116,0.0610119476243012,0.152162330632262,0.100143976983461,0.0391583358439634
2795,0.373271246679182,0.179152684223888,0.0777127512813335,0.186349602443822,0.14429431051789,0.0392194048538839
2796,0.0135908864595717,0.0375292234686558,0.154205367304378,0.0444291347452912,0.0740075219178408,0.676237866104262
2797,0.0419561104331976,0.0447491753389203,0.0849311121263124,0.106068490510305,0.121453812593267,0.600841298997998
2798,0.010153899193609,0.221307051105435,0.162887787484011,0.0204842669058678,0.112862329562635,0.472304665748442
2799,0.113109200163386,0.186953309508583,0.313406574364613,0.0387419866368537,0.106285659620766,0.241503269705798
2800,0.0120253418388344,0.0424379725845912,0.0491272744177909,0.0571550322049615,0.210501637029622,0.6287527419242
2801,0.0292684601804876,0.0509669394490736,0.0249498986233448,0.0807048004326708,0.494450263568254,0.31965963774617
2802,0.036093147360436,0.109148012834694,0.0646866299875662,0.0989761182752436,0.35238228818362,0.33871380335844
2803,0.10548709465386,0.533710258375525,0.126754394394065,0.0353456002221713,0.0940079096835366,0.104694742670842
2804,0.0208040066935069,0.089581411766755,0.132656161968899,0.0634178457507856,0.324115683420143,0.36942489039991
2805,0.346198065073585,0.161423873896474,0.193064690548673,0.0896103367882445,0.150826207631205,0.0588768260618181
2806,0.115184465338373,0.0609586821636902,0.0640859702901072,0.221697023386887,0.358561289178219,0.179512569642723
2807,0.0674597635508775,0.211723103877643,0.168793193119097,0.113258190092817,0.179309604798574,0.259456144560992
2808,0.0206291737895281,0.0479264678042852,0.0495629660882134,0.0334041189123797,0.267953836671213,0.580523436734381
2809,0.0390646792518626,0.140095857259175,0.315220234631599,0.0788054484226933,0.133968829601541,0.292844950833129
2810,0.0125198579648484,0.0337717178241883,0.0762088026874056,0.0582162253557321,0.434292175522479,0.384991220645346
2811,0.0296043987552563,0.13335620890737,0.21148669559905,0.0832310929682996,0.207837404475001,0.334484199295023
2812,0.599612862423855,0.241546206515619,0.0659505096056395,0.0393626850123849,0.0282119743033699,0.0253157621391325
2813,0.1347783996522,0.1048202198778,0.154433833558234,0.103698565851006,0.340687588238483,0.161581392822278
2814,0.0465358421426344,0.243152040526526,0.197367218872418,0.0561679141923163,0.145272391577009,0.311504592689097
2815,0.0864752790054251,0.0837811401569698,0.145110644784436,0.180737114816108,0.14782213695277,0.356073684284291
2816,0.124310973920612,0.18159928127018,0.275605369838126,0.0952842060188635,0.17329966069448,0.149900508257738
2817,0.102446665576285,0.430090395883345,0.0978380040092797,0.0661963954421879,0.182314046126997,0.121114492961905
2818,0.375277257113915,0.304608237768033,0.14415733738536,0.0517410042049094,0.0636984072089316,0.0605177563188507
2819,0.46637864153037,0.357356496778989,0.089287804318623,0.0255941064903502,0.0359908672130167,0.0253920836686511
2820,0.30163738616568,0.201668085437641,0.300584927452675,0.0553789010614271,0.0850493218535983,0.0556813780289785
2821,0.00685180909325701,0.02907399727631,0.0345638106046475,0.0204086430741684,0.30984118548827,0.599260554463347
2822,0.247269465617603,0.286794954579245,0.149283439731004,0.0616472162609754,0.133699084520952,0.121305839290221
2823,0.0784324383751279,0.077045427576507,0.148863991306893,0.100634284326025,0.136972455934166,0.458051402481282
2824,0.0866443005966689,0.154387124511468,0.221850825868004,0.0884963044141583,0.181228858191296,0.267392586418405
2825,0.0144545813275985,0.0599664868999418,0.329851520108405,0.0407742684828962,0.0423498608602902,0.512603282320868
2826,0.0365207225513946,0.201097193693354,0.0661215932440927,0.0554972005247154,0.323609939408243,0.317153350578201
2827,0.0645943930362629,0.506765965341191,0.118517886556587,0.0320849511008699,0.0988716314580228,0.179165172507066
2828,0.0462716116070392,0.154226073239016,0.257016918960935,0.0971320366914019,0.197542429636001,0.247810929865607
2829,0.0415264935844606,0.0387733343705594,0.0530489871715853,0.145452866327182,0.561296841044029,0.159901477502184
2830,0.00923703398993317,0.0410779689244853,0.124762576260016,0.0371598051188126,0.151941446412112,0.635821169294641
2831,0.365911212005059,0.476045624485468,0.0560262388962761,0.0359295088274367,0.0370292634234779,0.0290581523622814
2832,0.0474109701316071,0.330330811359465,0.165027256250369,0.0495088697952616,0.170775033689776,0.23694705877352
2833,0.173958091072783,0.128055909796179,0.072616655312293,0.230514289449009,0.271250062382388,0.123604991987348
2834,0.0532830224427913,0.0882722030651072,0.0854557275193721,0.0481600874160209,0.206506243771991,0.518322715784717
2835,0.196576875059903,0.211995766083859,0.0405456678400999,0.282950817331574,0.174557201281664,0.0933736724029006
2836,0.01632027842145,0.0253154777437227,0.0617130693931255,0.0698841861930031,0.204839136756384,0.621927851492315
2837,0.0875802714446968,0.241810423430195,0.35118501598571,0.0700347602950039,0.103745868980757,0.145643659863637
2838,0.187540537991788,0.220090995564712,0.221006566856627,0.0685933227307047,0.154682916834816,0.148085660021353
2839,0.0895788657978434,0.136626866638243,0.155131466876747,0.105602588705134,0.274914772873424,0.238145439108609
2840,0.11269568199261,0.104944037546549,0.150071841208126,0.120630974188963,0.276335689758044,0.235321775305708
2841,0.475899936777836,0.0930754844256116,0.0355884509046359,0.213085784419195,0.125550533095792,0.0567998103769295
2842,0.0181422059280304,0.0403194154855014,0.0350985382412481,0.0851444676205183,0.50571983799521,0.315575534729492
2843,0.105607456712107,0.121364443360352,0.173108364407384,0.109888951248388,0.238283236560017,0.251747547711752
2844,0.0478699849110074,0.237802816315115,0.369507986973382,0.046914981861325,0.11564664168928,0.182257588249891
2845,0.240037334807241,0.415453844554805,0.149146500214539,0.0790156514912091,0.084308666074386,0.0320380028578205
2846,0.013414014556109,0.0231543468354783,0.0418762139151744,0.0561273495956953,0.25271653241844,0.612711542679103
2847,0.0225630542643125,0.0604576294267081,0.0928754323848967,0.103789946321533,0.436152808744517,0.284161128858032
