"CUS_ID","F20-","F30","F30+","M20-","M30","M30+"
2501,0.0704562070420749,0.484499721888032,0.117378636911834,0.0373263535171645,0.147820500706674,0.14251857993422
2502,0.0502640855818973,0.151571089656899,0.131415090247389,0.0831881500190828,0.393563124971872,0.18999845952286
2503,0.0525477198636349,0.332753863309599,0.0740461761372217,0.0683699707444261,0.331322444936421,0.140959825008697
2504,0.317389287144627,0.156956647854822,0.116820124333835,0.158110008458663,0.127103861408822,0.123620070799231
2505,0.033468827227086,0.13018922368652,0.152923293373488,0.0587626642961757,0.163943905203089,0.460712086213641
2506,0.0173848743848183,0.380246557822233,0.103997393095942,0.0259681672580925,0.239120989475342,0.233282017963572
2507,0.0147817712108733,0.0378477920230855,0.107029894109762,0.0251791575681227,0.16578299565529,0.649378389432866
2508,0.010358157078372,0.0399939687114253,0.0414582744471502,0.0282287387711469,0.464718540329184,0.415242320662722
2509,0.0195186906487147,0.0487573138277283,0.132446278211508,0.0389827637430383,0.147191732746678,0.613103220822333
2510,0.0109562620188703,0.0479199206378502,0.0378303820845121,0.0289851974242572,0.380165906154165,0.494142331680345
2511,0.616653368035762,0.0845837247722127,0.0612077551134599,0.159271831565933,0.0574841884149715,0.020799132097661
2512,0.0593522950921248,0.192647065016225,0.0696176933277203,0.118506705248981,0.44456975394163,0.115306487373319
2513,0.00987795114300152,0.0304546221812346,0.0715496421540608,0.0442509016670694,0.34306275502312,0.500804127831514
2514,0.0729018580130459,0.633839717927599,0.050030854627438,0.0308135712784291,0.157605637669221,0.0548083604842674
2515,0.0181960375033172,0.0511465485928634,0.0906873689899943,0.0415367292193322,0.193682032613352,0.604751283081141
2516,0.0755785014741616,0.108107447450933,0.0671465727681667,0.14014939269234,0.382549647179992,0.226468438434407
2517,0.0345800563791695,0.371904959199177,0.100764897592255,0.0216100479545906,0.189352834685507,0.2817872041893
2518,0.4174577467532,0.246274542484117,0.124686790884676,0.060088518018018,0.0809719108022174,0.0705204910577709
2519,0.0343759329088914,0.861264662241298,0.0176138922794563,0.00688888898300446,0.0514113901731027,0.0284452334142472
2520,0.0252744581866071,0.0496325390287678,0.0230105302146174,0.0935175324170969,0.630186389121293,0.178378551031618
2521,0.0639905430922792,0.0922002194760925,0.36060609124181,0.0778960029544392,0.122253326200689,0.28305381703469
2522,0.277688367353919,0.195225451782037,0.183180050320131,0.0924958989140418,0.153355343269996,0.0980548883598754
2523,0.0526127328260422,0.515051782842196,0.0573772363789783,0.0220685034823245,0.208646574799661,0.144243169670798
2524,0.0767336460199857,0.18285478891716,0.198634588723007,0.0763266757681447,0.18318777032218,0.282262530249523
2525,0.0995332399963113,0.0771366811759746,0.109095764554457,0.265095292856711,0.366353384845379,0.0827856365711677
2526,0.106755360951931,0.188944684671111,0.0873679729647102,0.112797186704152,0.352925293509102,0.151209501198994
2527,0.55840394719938,0.149620116200853,0.0870891188654111,0.0419575391067917,0.0927096129402679,0.0702196656872961
2528,0.00936694567113692,0.0225106230350555,0.0469865617650261,0.0484267774135739,0.209710452967673,0.662998639147535
2529,0.0742841960215292,0.10424958115422,0.299574298629168,0.0841296325725547,0.129161641875448,0.30860064974708
2530,0.0079648023515801,0.0355912036982083,0.192995379495054,0.0337384030392195,0.115649720603456,0.614060490812482
2531,0.0416234728725524,0.166205863627091,0.129492426250289,0.0775548314983297,0.297666919515488,0.28745648623625
2532,0.045301044874023,0.181331979172896,0.114871973361849,0.0536482975281167,0.230768588221319,0.374078116841797
2533,0.00410464082914306,0.0164475427402442,0.0506649193184836,0.0088813753689153,0.0376574568048192,0.882244064938395
2534,0.280061482914565,0.0948056654113533,0.0869874973192697,0.330179067897864,0.104537234969921,0.103429051487027
2535,0.0367066008894885,0.106864109975298,0.140614279099237,0.0535503522300215,0.200214207448374,0.462050450357581
2536,0.122797418558357,0.266513624512226,0.121603878389111,0.08061837516074,0.181696426382278,0.226770276997288
2537,0.0614504214179708,0.691787306127362,0.0869173180468899,0.0118647948057461,0.0928113365178361,0.0551688230841955
2538,0.29508365572146,0.138607392144133,0.0700018221817297,0.0959254360999748,0.24481348995092,0.155568203901783
2539,0.186072857888632,0.269009013650367,0.18454138004401,0.0537071161869033,0.182307516213567,0.12436211601652
2540,0.328622888906916,0.132777346673516,0.0657895089820087,0.164436434713544,0.255472193317535,0.0529016274064798
2541,0.143076542206257,0.0661492139135656,0.0441943407678126,0.369119747219818,0.309331057193929,0.0681290986986184
2542,0.115297501206816,0.417654459714907,0.0784845153447399,0.0417013037616525,0.278159472820748,0.0687027471511374
2543,0.0130561440249718,0.027552942352011,0.0710460629582543,0.0123629904451107,0.187055084067992,0.68892677615166
2544,0.0774584372720017,0.131530681686578,0.116462893650495,0.297903088667983,0.139146813574797,0.237498085148145
2545,0.0296661086492416,0.285217673053955,0.0706738152006723,0.0157396109887885,0.406951688079539,0.191751104027803
2546,0.0413914108103664,0.0434498995602361,0.0212605971229562,0.264295226811228,0.546589979908837,0.083012885786377
2547,0.108820561386389,0.181935628188121,0.265833196752035,0.0650741319520608,0.167365816970381,0.210970664751014
2548,0.057645779953519,0.0831397727739914,0.107514595717176,0.342031772162582,0.311737159186276,0.0979309202064552
2549,0.00756790442912438,0.0347831047764063,0.0411767417459076,0.0538332979268819,0.325224658248935,0.537414292872745
2550,0.018800067891893,0.0220962725563284,0.0210968082408667,0.177098048264582,0.593848030516154,0.167060772530176
2551,0.139416914344224,0.223849959828127,0.0928635663043374,0.195957056476687,0.189577274192964,0.158335228853661
2552,0.109888051042212,0.353366076648904,0.179632922430086,0.0527689736289804,0.137110545755409,0.167233430494409
2553,0.423967773569449,0.232045729233327,0.0533141232964445,0.144663495515701,0.120042468006347,0.0259664103787305
2554,0.0894931911133799,0.233398182860582,0.0930852556065315,0.129387229827285,0.352564988479437,0.102071152112786
2555,0.0170064285300561,0.109130328743392,0.0846889423466671,0.0452137973709967,0.542990550536192,0.200969952472696
2556,0.0766962985025511,0.299995007533954,0.297794415442182,0.0586563794794862,0.128386402197569,0.138471496844257
2557,0.321478620048756,0.248089836936786,0.284204823649776,0.0593575374104079,0.060620875463239,0.0262483064910357
2558,0.0307873816759812,0.0877141924816755,0.672839280042109,0.0410891803312627,0.0830623642820433,0.0845076011869286
2559,0.0681333021385446,0.445753028954692,0.167278539407685,0.029809422488693,0.100079898008057,0.188945809002329
2560,0.0135654169442995,0.106078729388953,0.0866377309594045,0.0298254141000802,0.171262361164016,0.592630347443247
2561,0.0203830510855545,0.0735198317513753,0.179286321592268,0.0278662625775544,0.140192422843684,0.558752110149564
2562,0.269444531229888,0.391297680802488,0.0396715888402139,0.0513548189999757,0.213485629710328,0.0347457504171068
2563,0.244498918833349,0.198445510553224,0.215149723422663,0.153019528390194,0.121500460643405,0.067385858157166
2564,0.202728348813481,0.0972160463023169,0.0742355384489876,0.289591750913702,0.217931348881088,0.118296966640425
2565,0.0171780439797478,0.06394083478215,0.110605382090198,0.0485700651736277,0.222929568106499,0.536776105867777
2566,0.0164786411029038,0.0436211728616899,0.107103704380162,0.0661640029291642,0.167256292293561,0.599376186432518
2567,0.0395296130047812,0.126702260491275,0.130801680692862,0.065888425370877,0.155505350818978,0.481572669621227
2568,0.0101183096362244,0.0641111169854417,0.0884405883913168,0.0309670674755157,0.265352824884123,0.541010092627379
2569,0.0333111178103547,0.100121395924828,0.202963929686999,0.033701073019712,0.19039729987371,0.439505183684395
2570,0.0412318273660867,0.594496972228479,0.0544405587681421,0.0202585540655303,0.157039140857981,0.132532946713782
2571,0.100518857044425,0.0812840398572593,0.0441922558007382,0.273391824268648,0.312241201650897,0.188371821378033
2572,0.0923982930957353,0.100303971965009,0.348004198211642,0.119471077932004,0.102299311142256,0.237523147653354
2573,0.0745542959731419,0.317189128882282,0.0956249340548787,0.040175815284845,0.212219757237175,0.260236068567678
2574,0.0456342513260478,0.0596973028555247,0.047901043069061,0.256755930680899,0.491707328234317,0.0983041438341507
2575,0.0279358620332769,0.0331587443562533,0.0207532842323079,0.15421326202935,0.643912878363414,0.120025968985398
2576,0.286010373744246,0.333063506419413,0.170787471536047,0.0759160984207579,0.0669163786713304,0.0673061712082061
2577,0.0429833835973615,0.266821700357518,0.351483548469164,0.0284233940891785,0.133193272474475,0.177094701012303
2578,0.00398126759677932,0.0140403594909247,0.0487654387588496,0.0141545423519257,0.0779189452807582,0.841139446520762
2579,0.282135104793525,0.183606481417039,0.26690404413723,0.0623393101383101,0.109676996045214,0.0953380634686812
2580,0.0710633941008864,0.300255708991845,0.166340327677403,0.0300969843671048,0.194935991079503,0.237307593783258
2581,0.0106339400389235,0.0400810395737297,0.0721022671576082,0.0910118731792561,0.501744926220419,0.284425953830063
2582,0.144695073253954,0.517022395774764,0.0639226720115163,0.0466200405208974,0.167448083580287,0.0602917348585813
2583,0.0816779393312799,0.559028076898703,0.181666903889137,0.022644267893884,0.0949109060881426,0.0600719058988536
2584,0.18850506394954,0.663066781512929,0.0396697446111394,0.0151150263356398,0.0679946224988889,0.0256487610918631
2585,0.017462716747909,0.0627558101417687,0.0641582728156001,0.0779068603029706,0.441419224561549,0.336297115430202
2586,0.0540507275969618,0.252156052602509,0.138664047655115,0.0440702266000918,0.169173273358906,0.341885672186417
2587,0.191371477217493,0.075868201998604,0.0663160941617099,0.249331452931865,0.301394391614385,0.115718382075943
2588,0.0393523052950726,0.0374909421600597,0.0294493266169289,0.16469569761027,0.626730661212591,0.102281067105078
2589,0.0540305995710475,0.0963715159790459,0.0519706522343953,0.135559609574905,0.536826736367782,0.125240886272825
2590,0.0103598074441734,0.0492334936323888,0.110504322013845,0.0669311635959454,0.171149281697338,0.591821931616309
2591,0.0795186413659129,0.0958129904627161,0.296184916633905,0.0748542653524056,0.0926003867298425,0.361028799455218
2592,0.0231827222007935,0.0412802200347604,0.0289234411888906,0.142637902451377,0.597379307714215,0.166596406409964
2593,0.188241753391074,0.230819352831199,0.086414634269491,0.190607570695137,0.199296781428779,0.10461990738432
2594,0.0372243300859876,0.0737447509399428,0.0665229532507046,0.0386968592038492,0.336171787916923,0.447639318602592
2595,0.111032788358537,0.0995042596245095,0.197758741622579,0.21403542257309,0.145060079740799,0.232608708080486
2596,0.676664938616558,0.095981981802525,0.0194821325434911,0.150351505224076,0.0452246636601822,0.012294778153168
2597,0.0109675355644022,0.0452622263382711,0.169875455180139,0.0310981643725796,0.159200414175476,0.583596204369132
2598,0.0165414798306382,0.101592101746808,0.125109092837069,0.0206766856527691,0.162533224056012,0.573547415876704
2599,0.227382508412942,0.285175332348541,0.0952292755705754,0.111681189528372,0.188633351800534,0.0918983423390354
2600,0.0261101556441628,0.0739206649766822,0.10598118690135,0.0815235877268951,0.599512377983113,0.112952026767796
2601,0.0490918952219658,0.0897012679847754,0.202815739812235,0.0459565095929431,0.133369245432213,0.479065341955868
2602,0.0181774971338186,0.111922846011281,0.149730482830968,0.0498240803578646,0.215313265975779,0.455031827690289
2603,0.0377301151923448,0.614782263324952,0.0312066766774948,0.0243064644947722,0.22008815287469,0.0718863274357455
2604,0.0362590295816902,0.151947882246943,0.316032660346348,0.146619568470423,0.129910437857656,0.21923042149694
2605,0.0232387681901642,0.140905666510613,0.308143344027195,0.0429426494970235,0.152247529777778,0.332522041997227
2606,0.0438223501477897,0.105117059978399,0.139367185926161,0.0496868614191221,0.232948301106727,0.429058241421801
2607,0.00932506024103272,0.022518536493627,0.0577581829533105,0.0292334807016304,0.15904165259406,0.722123087016339
2608,0.158727009273439,0.190265554086013,0.0746395149286896,0.156037463896582,0.227226629384819,0.193103828430457
2609,0.0222133148392683,0.0483044184918699,0.0551568871105956,0.0935074556354344,0.456956827335543,0.323861096587289
2610,0.0931920219112661,0.195167497121522,0.0680851527971047,0.159325207944432,0.322796427696754,0.161433692528921
2611,0.0245164673071481,0.129420294137507,0.302955145094446,0.06652033171907,0.0802957116281822,0.396292050113647
2612,0.0463332734013189,0.242508411397678,0.134116934451468,0.0462486521076942,0.204928906408973,0.325863822232868
2613,0.485044595207788,0.327058232279714,0.0448019399601022,0.0607929593147626,0.066193132077559,0.0161091411600747
2614,0.144991797831472,0.0902700864714699,0.0662101484485714,0.155801240043399,0.268768223332272,0.273958503872815
2615,0.459751066772326,0.224320847276732,0.146809708367727,0.0510557851999176,0.0768195497846319,0.0412430425986649
2616,0.0204031883944118,0.0593778465244677,0.0947725275570212,0.0471199990897081,0.366713821797523,0.411612616636868
2617,0.202837007673188,0.355608577831653,0.195186731840214,0.048660756193352,0.124533842265708,0.0731730841958851
2618,0.0845960761514948,0.106082418877404,0.0834707925744508,0.0736823496822773,0.440265776986123,0.211902585728249
2619,0.0216527665994706,0.0315854141174804,0.0186859879801919,0.0738448065340753,0.702650868098674,0.151580156670107
2620,0.0174488674648992,0.0942318649223553,0.17800533887176,0.0352573449500689,0.373037040056282,0.302019543734635
2621,0.0316712334886181,0.0903615804085549,0.0443132919429689,0.115111887279811,0.595422933029966,0.123119073850081
2622,0.005630803341306,0.0160568222593488,0.0401103051176867,0.0186503559746307,0.126059749608866,0.793491963698162
2623,0.214400006585621,0.269353253600401,0.044987561179257,0.0769209164066759,0.323840384388364,0.0704978778396806
2624,0.0493960109110973,0.0589628661302697,0.103233599742723,0.082158735769169,0.185912924473693,0.520335862973048
2625,0.0718221430960599,0.197918935772855,0.528326462494854,0.0321893017779224,0.079091078676759,0.0906520781815498
2626,0.0131239436193543,0.0403673403142987,0.0835406577606891,0.0346254411191239,0.199178850918435,0.629163766268099
2627,0.0683148421330978,0.17278663189727,0.351101942678012,0.049245854802156,0.143329223825494,0.21522150466397
2628,0.121901600922407,0.164438758695656,0.0699635211745991,0.242824606405518,0.290407264245897,0.110464248555922
2629,0.0321054875787644,0.18536030892971,0.0847790905609418,0.0425266709670328,0.374086235013151,0.281142206950399
2630,0.103545627127223,0.100370481449406,0.110969715021145,0.0931787650719701,0.240696864359765,0.351238546970491
2631,0.0204196836563336,0.199219950660402,0.254260337848483,0.0390366997536824,0.227957796910599,0.2591055311705
2632,0.00848905790628755,0.0332524738984631,0.0532432381809048,0.0254793055362695,0.15941382079052,0.720122103687555
2633,0.134152819463254,0.376631440118486,0.0700818157716537,0.0865745611143054,0.240418837618548,0.0921405259137526
2634,0.0441775559133129,0.0922044836159877,0.286874485011256,0.0848210004150287,0.14601572348051,0.345906751563904
2635,0.0315740493413905,0.0798156724254548,0.0577055497232004,0.047618890901887,0.582172404248541,0.201113433359526
2636,0.0321109057225079,0.0923483246730067,0.188523488729312,0.0836964870186215,0.29124585229274,0.312074941563811
2637,0.0300027126293977,0.0750249803204206,0.033116969365869,0.0366542036744052,0.631021995020663,0.194179138989244
2638,0.0818442805662027,0.0493415005200617,0.124781986703534,0.248299235416906,0.217694209049642,0.278038787743653
2639,0.0834831159748337,0.0863578056221271,0.0561593647329215,0.304219655743862,0.355576237240048,0.114203820686208
2640,0.0177823600480572,0.0317587038484962,0.0696673766354178,0.0353660412825721,0.111439403564172,0.733986114621285
2641,0.230051966916132,0.183706856657114,0.165040155725843,0.0972651654379473,0.193126776544647,0.130809078718317
2642,0.0244069208817767,0.0918789019706156,0.0927413629780648,0.0350687815846624,0.224055380041144,0.531848652543736
2643,0.383955773957349,0.375152274935132,0.0248427888878962,0.105310750636811,0.0822841602899597,0.0284542512928524
2644,0.0103344749526406,0.159221754460219,0.0575941437012203,0.0251600377505055,0.228089038834045,0.519600550301369
2645,0.0199224569706452,0.0663273270358786,0.0414647373795124,0.0458783539295396,0.346004453604444,0.48040267107998
2646,0.00893699846664454,0.0300937758071448,0.148861820050422,0.0391093455578713,0.0741237769819365,0.698874283135981
2647,0.0671463214744052,0.0925599250534819,0.153319980251909,0.12153020859,0.256135662270443,0.309307902359761
2648,0.217110560316386,0.231183232731525,0.348097364587167,0.05282105916443,0.0668811342053323,0.08390664899516
2649,0.0431884257386581,0.0647000723742395,0.0955285769272953,0.068096976755263,0.314112303105448,0.414373645099096
2650,0.0574669624542054,0.0597688037148114,0.170207491568291,0.0585772333403845,0.142867412299979,0.511112096622329
2651,0.0197371105766814,0.0651188397062141,0.046774334826919,0.0573884457741678,0.545816789976622,0.265164479139395
2652,0.0214775605132331,0.20098229734378,0.0604933649980614,0.0452163144330634,0.388132570748117,0.283697891963745
2653,0.367548888464985,0.208841939531158,0.103254067120063,0.0574117164869797,0.155996119880387,0.106947268516427
2654,0.00977247027638786,0.0446223558090156,0.0622282768348642,0.0464170150622256,0.186365907922461,0.650593974095045
2655,0.444323511044129,0.187262362896344,0.0423380997210438,0.149941093740336,0.141778021474022,0.0343569111241268
2656,0.0202918548723072,0.0797187878553544,0.058250264105895,0.0387603263464517,0.468728103711084,0.334250663108908
2657,0.0159263346710412,0.0481600084369649,0.185191104024541,0.0415479593284542,0.140832086623505,0.568342506915494
2658,0.180304901626996,0.168284105150261,0.160251932645813,0.201365084582527,0.158136469754285,0.131657506240119
2659,0.205083579610362,0.11241996150987,0.10886160266359,0.42023162387162,0.0808009244105118,0.0726023079340456
2660,0.0105885386272304,0.0286436374403664,0.0487092508201094,0.0348386328358837,0.25711452070185,0.62010541957456
2661,0.00842825909671687,0.0354400304425399,0.129356780563554,0.0337212163188488,0.119752177187253,0.673301536391087
2662,0.00796899218129488,0.0611460043567051,0.109842110885973,0.0175766941145141,0.142227000966924,0.661239197494589
2663,0.00788868649399703,0.0372737155320172,0.0563275340805758,0.0405523207285836,0.313616594070604,0.544341149094223
2664,0.0375457644648635,0.0932788988246545,0.037989097392192,0.0964368841000101,0.562537834630951,0.172211520587329
2665,0.222426110208291,0.263631760020042,0.133952895375888,0.0847759176665549,0.186400205218331,0.108813111510893
2666,0.0130736222153189,0.0295508637850385,0.159148488137011,0.0311851304037821,0.0471091360062015,0.719932759452648
2667,0.0415329572865151,0.1650993033246,0.430286752600386,0.0633149426130145,0.18603609236586,0.113729951809624
2668,0.018989823569615,0.071286933766792,0.383444216767457,0.0346369365113045,0.101848155602361,0.38979393378247
2669,0.0549239845208951,0.251532006193271,0.150386927086964,0.0306621022820755,0.170895100640111,0.341599879276683
2670,0.0129113128068085,0.0550970754502239,0.16706653734475,0.0348544547838868,0.189403052797603,0.540667566816728
2671,0.0416217039493047,0.0705622804514755,0.0413211909456203,0.0949553120767023,0.301335275382825,0.450204237194072
2672,0.0111117076200679,0.0792819261709567,0.13678610083785,0.0241280140738115,0.164411454328799,0.584280796968515
2673,0.282971449497307,0.308092345226147,0.0571760504134512,0.109772213725437,0.186967788656989,0.055020152480668
2674,0.0241129670162527,0.0485556211914905,0.0726297803288605,0.255642929206226,0.378084444061455,0.220974258195715
2675,0.523452516250471,0.178651542515679,0.0188214232911826,0.208118236551208,0.0490140140130025,0.021942267378457
2676,0.0243417707884798,0.0536288808735626,0.0831699238402113,0.143558499690499,0.438281554502823,0.257019370304425
2677,0.112243956391485,0.166307650609286,0.301187731042743,0.0941654752498471,0.211870047599779,0.11422513910686
2678,0.0444554147144962,0.12624841536259,0.161263201189282,0.0651988616283796,0.367685591157104,0.235148515948148
2679,0.00704529743419561,0.0145103591044289,0.0389979900085266,0.0343205562845425,0.358029536668399,0.547096260499908
2680,0.0778235402539269,0.0944994466079393,0.331665837248231,0.16603969261111,0.110470692865428,0.219500790413365
2681,0.0405636234841809,0.180079296608234,0.0899003861127082,0.0628336894291869,0.309167709975069,0.317455294390621
2682,0.0168223521956164,0.0386484544775903,0.131346019412506,0.107794711165249,0.176531936286751,0.528856526462287
2683,0.498845681050784,0.186642820216985,0.0581916027356293,0.117763865780195,0.109889218307067,0.0286668119093402
2684,0.016931698071032,0.0417392115630148,0.0488129142258732,0.0541557389862087,0.444818417600785,0.393542019553086
2685,0.146206967227908,0.11417044406412,0.180874967682059,0.0367436517495119,0.0926047364489748,0.429399232827427
2686,0.0163040091469196,0.135987417732212,0.164328519447569,0.0341772308307511,0.198329202735977,0.450873620106571
2687,0.261375030594914,0.197677383988487,0.112857307773319,0.177222537485161,0.200728109991542,0.0501396301665773
2688,0.0426887769950261,0.181948872172243,0.0853774275819376,0.168529115213905,0.345556749320944,0.175899058715944
2689,0.132813773535565,0.631349942979447,0.0411504862741654,0.0389985062743455,0.122438835242432,0.0332484556940458
2690,0.0155038327376531,0.0325027540772343,0.045943006581353,0.220794554998713,0.474041673619675,0.211214177985371
2691,0.0476215794482185,0.225715919634127,0.0880633389429224,0.0385316842031143,0.310216735735698,0.289850742035919
2692,0.041172307063319,0.0898207699121168,0.230916904719632,0.0812001901753548,0.163409278261208,0.393480549868369
2693,0.0346810499508073,0.0691573992361747,0.158092611757679,0.0673270478478432,0.130454534755514,0.540287356451982
2694,0.0133590727267872,0.0316458249157445,0.0621347487833221,0.0486892867596502,0.225172427643874,0.618998639170622
2695,0.638643987468708,0.159476906285745,0.0439424747418552,0.0778622863985664,0.057494224461238,0.0225801206438875
2696,0.0253199470973484,0.141405796333775,0.322336325176455,0.0397390191197833,0.110685011685965,0.360513900586672
2697,0.042498963338883,0.199352942088915,0.278026892482367,0.0471047061137906,0.136871364587138,0.296145131388907
2698,0.0167096249650027,0.0568586667642623,0.180865140501973,0.0544047563861228,0.283519136110833,0.407642675271807
2699,0.0180111442071857,0.166326606331301,0.389856247620957,0.0245028470387686,0.0750593841114531,0.326243770690335
2700,0.0042148741312719,0.0359411467419822,0.0264392907102395,0.0110138617009638,0.319413726776688,0.602977099938855
2701,0.0238311286171809,0.0418268003964563,0.130183944247098,0.0857198647764067,0.213831425664856,0.504606836298002
2702,0.486857838840555,0.152882300186703,0.140817299972485,0.0788466310341638,0.0836151711869029,0.0569807587791906
2703,0.0722833150274017,0.0822689419567414,0.125150260134922,0.108582044514053,0.355646912386834,0.256068525980047
2704,0.0326577256527074,0.19257359244862,0.552221653551743,0.0539865287226574,0.0795139840550301,0.0890465155692415
2705,0.016684893724633,0.183969665685792,0.370946716102441,0.0267030056997031,0.122720223358743,0.278975495428688
2706,0.0209633051537193,0.079786167677304,0.177203721037258,0.18325801772646,0.134490923002865,0.404297865402393
2707,0.0138347659537106,0.0251463908899261,0.0242027061096562,0.0680676162490691,0.71978916369501,0.148959357102628
2708,0.376671686667349,0.320531984176195,0.0591658307978669,0.0813836320636578,0.127322626612481,0.0349242396824502
2709,0.0507667987283762,0.144973389938172,0.267658308817484,0.0885721365353889,0.107644306641333,0.340385059339246
2710,0.0599166101913743,0.105149799020876,0.253992347405362,0.0666529999548636,0.159043139661241,0.355245103766283
2711,0.0473778453201507,0.118878666388737,0.145894401036603,0.0563278541467549,0.290801473469084,0.34071975963867
2712,0.160171486533592,0.113039427137372,0.0748161968915886,0.17248753892862,0.342175602117476,0.137309748391351
2713,0.135420074947637,0.183822071823123,0.256626733501782,0.0722097058553198,0.116038072280502,0.235883341591637
2714,0.00599641420642145,0.0789124740916905,0.146244051526254,0.0250943887635367,0.157791941337437,0.585960730074661
2715,0.0274989219705181,0.111057679186338,0.362822641532903,0.0673240614528753,0.256047074218428,0.175249621638938
2716,0.02456857805818,0.0530289605896953,0.0768079479921488,0.0766090292238941,0.434437518660803,0.334547965475279
2717,0.0121686418732399,0.0386389424801506,0.0347831352571747,0.0318533198099674,0.236810895779944,0.645745064799524
2718,0.0245443411530431,0.0609144996725261,0.205813394345022,0.0847875724653632,0.211735470275539,0.412204722088507
2719,0.0481742140526489,0.149406301991442,0.18481629364673,0.0695771767397748,0.319342362399207,0.228683651170196
2720,0.147248503183209,0.101171694251925,0.234166265896747,0.0991412029409028,0.213881258950614,0.204391074776602
2721,0.0206824304915399,0.0670486790328985,0.100084317543252,0.0527589305251333,0.260487364153897,0.498938278253279
2722,0.253818992701393,0.49174412557041,0.128049846843808,0.0179302389017029,0.0761289883761934,0.032327807606493
2723,0.0526881406937374,0.148875591299816,0.201333983595094,0.0701193075054942,0.149879346249197,0.377103630656662
2724,0.632515103599148,0.0928327316738484,0.053587825365331,0.122583313051007,0.0714358504927794,0.0270451758178863
2725,0.221853125376664,0.392246143040185,0.0513540596018888,0.141830678686551,0.134240567369061,0.0584754259256504
2726,0.0563296613459729,0.0892637534539759,0.0594135628786605,0.149450460723737,0.581344307732127,0.0641982538655265
2727,0.0119611919967708,0.046999907437796,0.101434500537229,0.0579769493081546,0.344489581735368,0.437137868984682
2728,0.0208084242153159,0.0600944943222282,0.140359627719564,0.0586736742883689,0.105810416486589,0.614253362967934
2729,0.229190724565095,0.239757410649136,0.0660432445643385,0.0927531410601462,0.273502155704593,0.0987533234566915
2730,0.0244371666808178,0.0454650418400656,0.132515788924255,0.0783167621334004,0.331464586664829,0.387800653756633
2731,0.136409914715484,0.142958299193036,0.0699570626321583,0.214884405566919,0.31678656133269,0.119003756559712
2732,0.0348630559190679,0.0923413535888368,0.296393754261808,0.0421786856399558,0.10873715787417,0.425485992716162
2733,0.0656273352366044,0.127187034638973,0.116246151861066,0.250283390310074,0.365249066594485,0.0754070213587971
2734,0.0212698260452506,0.752022834985682,0.0338974970890677,0.00836178597178663,0.112954463721717,0.0714935921864956
2735,0.0381041738470084,0.385624827075456,0.153930537742283,0.027869779279271,0.136696767169172,0.25777391488681
2736,0.0378677659076396,0.106515855176652,0.0715963289981319,0.241752194696414,0.413853085519824,0.128414769701338
2737,0.134518371353443,0.171062967539965,0.262169518358056,0.118482935004662,0.156522763642943,0.157243444100931
2738,0.0362207280691736,0.0984658670850533,0.146360614328981,0.0451879681604812,0.176114119614922,0.497650702741388
2739,0.170794759214329,0.321828432088863,0.160934096037625,0.0402069306512045,0.216424999769325,0.0898107822386539
2740,0.188474359805687,0.390533904405932,0.0789458210185829,0.0985436482569572,0.115352207532148,0.128150058980692
2741,0.052345569867924,0.282914769187853,0.112940394628313,0.0618206835674538,0.302891257739322,0.187087325009135
2742,0.0598572437586683,0.0750463911696503,0.053548513662392,0.142586701021918,0.515936271714564,0.153024878672807
2743,0.169439002108599,0.216271824727062,0.114133637739558,0.123467739304705,0.226070988707443,0.150616807412633
2744,0.0379698929293584,0.0714371676170683,0.0645532914857833,0.142048079119073,0.56030386597913,0.123687702869587
2745,0.020411682717213,0.167051935799302,0.326707209067766,0.0717871178924299,0.177471380048833,0.236570674474456
2746,0.0197593995680033,0.0640175658323318,0.0998036736169435,0.0331814932287096,0.235750758033953,0.547487109720058
2747,0.0203144196279608,0.0332360751730362,0.0187635013699327,0.0497349068802327,0.614785111908201,0.263165985040636
2748,0.010890161101676,0.0545368482419835,0.0646505511515766,0.0488219430023968,0.565639075776545,0.255461420725822
2749,0.287188160196892,0.103688302163597,0.0596794331537957,0.270194222919811,0.197304074266905,0.081945807298999
2750,0.0131558964028323,0.087336624034101,0.368049740511669,0.0367153631240132,0.122062873735548,0.372679502191836
2751,0.224421123129854,0.221911521031305,0.113369095157024,0.0967216300146001,0.258293279507878,0.0852833511593397
2752,0.0315140530355552,0.14772844660004,0.205209861596193,0.115899136817457,0.168358714065632,0.331289787885124
2753,0.0688422837771858,0.075935728137017,0.0307179065622849,0.246892805093471,0.508347461951102,0.0692638144789391
2754,0.02447966660123,0.256279704509596,0.115167158734603,0.0244864759987729,0.369190744420957,0.21039624973484
2755,0.00381287188411635,0.0124703364432542,0.0457595001960706,0.0140965106002798,0.170803857645708,0.753056923230571
2756,0.0101945356618829,0.0261346229018484,0.0747940072839466,0.0187642843855114,0.0465317662816921,0.823580783485119
2757,0.0157434419592993,0.153145982276046,0.0413408096322385,0.0471311148834121,0.437635771043729,0.305002880205275
2758,0.0791387371613426,0.267975775906975,0.174251472998556,0.0311244293654979,0.285942758195943,0.161566826371686
2759,0.0274249444140976,0.223900174691399,0.0867060923444367,0.0222369528886209,0.27736003558179,0.362371800079656
2760,0.48996798874452,0.119702624554167,0.0434243323721834,0.255864206790827,0.074326428770514,0.0167144187677896
2761,0.126842284571654,0.127614717704602,0.0768606682504026,0.248738280811533,0.27587743401396,0.144066614647849
2762,0.0112304789796065,0.112795286329894,0.129456042463748,0.0368608095270354,0.428898527894082,0.280758854805634
2763,0.0491785979827452,0.204202804671073,0.262990633746877,0.0560081985782193,0.189024548920174,0.238595216100911
2764,0.0185546934846765,0.0301006569422507,0.133472425984507,0.0299058594214116,0.099797536171995,0.688168827995159
2765,0.0322745167316145,0.159697082819141,0.218686037096462,0.0387261618949815,0.183204535673732,0.367411665784068
2766,0.0316140219834823,0.160022424951952,0.0885114635759677,0.0540147155166262,0.385640152556198,0.280197221415774
2767,0.039757667274772,0.126383724282754,0.166651904234262,0.207210238310123,0.221646765210449,0.238349700687639
2768,0.0419170203078341,0.29238842207056,0.360834908189871,0.0329096492798406,0.0935216913856818,0.178428308766213
2769,0.0502388426061907,0.29505740360167,0.145351947850105,0.0932280149620092,0.269319905856627,0.146803885123399
2770,0.00494839787545584,0.047218990542184,0.14316310550253,0.0418564817042003,0.183891074531164,0.578921949844465
2771,0.0292308302691206,0.155910348507744,0.484280594652548,0.0639267354762668,0.104625562238292,0.162025928856029
2772,0.055016429064999,0.105611750893822,0.115347547518098,0.196063519491534,0.351987759267711,0.175972993763836
2773,0.0718453849746759,0.278808491397062,0.11981174720372,0.0417371623043365,0.359960698929177,0.127836515191028
2774,0.0858336033784526,0.442985779000734,0.0719059014628711,0.0474173218508763,0.209169921371219,0.142687472935847
2775,0.00520798079619535,0.0252283900957928,0.0826465026121658,0.0142847948730803,0.133640996696966,0.7389913349258
2776,0.0114886272215139,0.039513363749118,0.0697728259122228,0.0699626556230729,0.290213740392757,0.519048787101315
2777,0.00397314172501507,0.0176199099838882,0.0642394535861808,0.0203584626940854,0.0822241320506531,0.811584899960177
2778,0.121869678880273,0.130714814911346,0.142937559140647,0.101630112090304,0.171079969285733,0.331767865691697
2779,0.0531232718382352,0.0901459388278478,0.353466075841613,0.126695579751959,0.134237821035151,0.242331312705194
2780,0.0424962903493502,0.227437845088377,0.256173889352805,0.050862080232329,0.134591163390242,0.288438731586896
2781,0.0149617546312854,0.0372717159557566,0.0622410266555472,0.161578790739441,0.465478399402786,0.258468312615184
2782,0.0151182903795528,0.0607354729009675,0.227848630664874,0.0297665625132198,0.154993116306422,0.511537927234964
2783,0.226886129816851,0.385309329860783,0.127344056165154,0.0926353899839218,0.118755653606165,0.0490694405671253
2784,0.0906298557781611,0.242252974314509,0.0552876293931656,0.0998861371728815,0.440682467668975,0.0712609356723076
2785,0.0047221459436685,0.0196726346139656,0.0421850525911802,0.0336489520110655,0.266286664548497,0.633484550291623
2786,0.0157923645527536,0.0722656176485263,0.0537052155595302,0.0595680875914093,0.375807808328262,0.422860906319519
2787,0.00705021075991674,0.0348479481654249,0.0556122172204044,0.0230891363806241,0.178809721241924,0.700590766231705
2788,0.0168419519794332,0.0656158233743033,0.171560306883964,0.0427871468875895,0.126024940614766,0.577169830259944
2789,0.0666712509880938,0.0683263745333091,0.27956456590511,0.0905907434826316,0.230172096734925,0.26467496835593
2790,0.0624469228536339,0.126912434452644,0.0731981420764206,0.117356320853641,0.422079039712461,0.1980071400512
2791,0.182142112625709,0.108808071334417,0.0651709998392552,0.324063491146891,0.244673538835776,0.0751417862179521
2792,0.540180232804435,0.300850253748163,0.0229184917014708,0.0419609649408994,0.0746815341637009,0.019408522641331
2793,0.0121005654117165,0.0691772726112352,0.0516636549597984,0.0309018949207713,0.467846623488179,0.3683099886083
2794,0.487324411705336,0.175592757230035,0.0667010157743403,0.0953431216498006,0.132773691941552,0.0422650016989363
2795,0.377992246245706,0.108650820642528,0.061987855184339,0.319422879217542,0.1027451649015,0.0292010338083864
2796,0.0062555848251062,0.0278244988681992,0.103552162331931,0.0242108347327448,0.130338868696983,0.707818050545035
2797,0.0375353388562075,0.0706832509729598,0.093260434718104,0.115632954556932,0.183948656312382,0.498939364583415
2798,0.016973175125931,0.159067146414338,0.163298787907036,0.0198889221644457,0.284971229951356,0.355800738436893
2799,0.138987482434206,0.170413357889202,0.299404768295614,0.04028478191927,0.163690701322198,0.187218908139511
2800,0.0109699324629177,0.0305993968544343,0.0659409511851489,0.0432892161257681,0.212482332269315,0.636718171102416
2801,0.0102807164672233,0.0269676575363708,0.0292720882452716,0.0247412013432017,0.422163350071592,0.486574986336341
2802,0.0242320838449168,0.0661071982260331,0.0660085500234366,0.0867785964230537,0.328869804142414,0.428003767340146
2803,0.05518794119978,0.594737841504343,0.082998811979098,0.0150626075886594,0.157287257785997,0.0947255399421229
2804,0.0169661634054351,0.0827034885483258,0.123209085638929,0.0629820471468164,0.3612616219687,0.352877593291793
2805,0.203397083949975,0.192161692043995,0.277663649829155,0.097757885266139,0.13177272408677,0.0972469648239654
2806,0.113735527251444,0.0845551845243849,0.0660384294024187,0.328304020075544,0.235154233689236,0.172212605056973
2807,0.0741549667440798,0.150604079513492,0.190934645500625,0.0839124332422317,0.20336831341174,0.297025561587832
2808,0.0103375053682128,0.0382646568940801,0.0590542151252405,0.0310042214443905,0.223891277229189,0.637448123938887
2809,0.0455460947682878,0.0826829935961752,0.321086924134515,0.0530568252858709,0.0877283422710981,0.409898819944053
2810,0.0108430384607773,0.0414440470291345,0.058957234858914,0.110794262495036,0.440975991546489,0.336985425609649
2811,0.0128693605552631,0.167022926081786,0.188699981937568,0.040216042733893,0.257923542076299,0.333268146615191
2812,0.387789605985493,0.240787339944449,0.156505557099751,0.0862819104707997,0.0897480821297758,0.0388875043697327
2813,0.0874497092681776,0.109748029327219,0.132755952704244,0.131214580542995,0.273180709581246,0.265651018576118
2814,0.0203962599770324,0.208311843727975,0.261370244711752,0.0417415853429703,0.189333387090725,0.278846679149545
2815,0.0293574947444825,0.0770645808629646,0.143477352406007,0.0589625283073794,0.150842318570007,0.54029572510916
2816,0.284967263560529,0.16481548843337,0.258578592283065,0.0859639345552494,0.151048566137529,0.0546261550302566
2817,0.0608656670428647,0.422405455045576,0.10939701827917,0.0642615730386586,0.214516284075819,0.128554002517912
2818,0.261999648763685,0.371880967480147,0.151820292728147,0.0394107701843179,0.0916901503220084,0.0831981705216946
2819,0.404180067262902,0.387566674690557,0.0484405432134611,0.0383721001262805,0.0946130185998391,0.0268275961069602
2820,0.310367746840933,0.220297066937961,0.315458179639789,0.0576969469130186,0.0582720759058727,0.0379079837624252
2821,0.00735343694374996,0.0479501525322673,0.0341958243105198,0.0135029813620333,0.399635754923006,0.497361849928423
2822,0.18313752442632,0.251314666583234,0.172068883672428,0.0574582549413904,0.218272459163633,0.117748211212995
2823,0.0515233689103515,0.0912850248878008,0.0961758279078018,0.0974046083653595,0.21940013079941,0.444211039129277
2824,0.0316357613999174,0.116049817177212,0.194518056778281,0.0531091077186067,0.270896813044273,0.33379044388171
2825,0.00649412962636624,0.0629649924487061,0.179739138003873,0.0281107039106925,0.0698170470978847,0.652873988912478
2826,0.0315941997938916,0.194277615772259,0.0541722129054124,0.0478650351816715,0.453131896751361,0.218959039595404
2827,0.114535718953075,0.482691050592497,0.113178739004095,0.0238668666643802,0.141641075924031,0.124086548861922
2828,0.018142787190989,0.147113720171148,0.0917618515645608,0.0431311516950591,0.393643242868195,0.306207246510049
2829,0.0355632476111727,0.041145862397984,0.0356817748037228,0.169899339633781,0.5897943458479,0.127915429705439
2830,0.00677916946302773,0.0405376315888402,0.131349542507382,0.0362894773407999,0.162655531814925,0.622388647285025
2831,0.329716113181421,0.409888779706094,0.100095555254286,0.0476391215470416,0.0674056726337487,0.0452547576774095
2832,0.0330976781500456,0.24400830422568,0.239407563400517,0.0270546955170087,0.248621443920617,0.207810314786132
2833,0.110821142011079,0.108518624975081,0.129560337854154,0.156577259112076,0.28315360584013,0.211369030207481
2834,0.0176390516675306,0.0620296963643465,0.114815902348391,0.0423955424749219,0.223215303787288,0.539904503357522
2835,0.23980658188704,0.256566734844464,0.0565061059369816,0.139743866039507,0.213083274360372,0.0942934369316347
2836,0.0165005466491826,0.0465652843024812,0.0586376173604515,0.0526617464893733,0.315896971558566,0.509737833639945
2837,0.047962612570529,0.249375619457408,0.312554838618125,0.0573793333087669,0.166916712589243,0.165810883455927
2838,0.180495421435817,0.217376314663328,0.178421561777609,0.107989760292795,0.115363492096392,0.200353449734059
2839,0.119640666817053,0.180736689021317,0.173619261724238,0.120481888843251,0.218014437249898,0.187507056344242
2840,0.133201226951366,0.0800102905192039,0.135692352363957,0.209622373103815,0.195296276651292,0.246177480410366
2841,0.427269146750301,0.122727669149956,0.0702359769218675,0.129045134791032,0.16837631485248,0.0823457575343636
2842,0.00735398026579709,0.0299678741975254,0.0285303237087932,0.0437273302989102,0.491990043273356,0.398430448255618
2843,0.119660694972488,0.130831238376994,0.151730301526413,0.114035178894579,0.182506603215289,0.301235983014237
2844,0.0304749073731021,0.0736550028835514,0.581322793702656,0.0224602817962041,0.0715526646259351,0.220534349618551
2845,0.195719638505634,0.331162108421331,0.166095092952622,0.172318669070975,0.097909973993166,0.0367945170562707
2846,0.0115296558077687,0.0333471412861712,0.0427183923258129,0.0417065463351496,0.39830287256801,0.472395391677088
