"CUS_ID","F20-","F30","F30+","M20-","M30","M30+"
2501,0.0752240100168471,0.451810308298735,0.11156680275007,0.0366702299889677,0.123502271176394,0.201226377768986
2502,0.071240407032181,0.18235162155945,0.134098489801522,0.101538283556082,0.312558868204834,0.198212329845931
2503,0.0593770974662596,0.42500970874598,0.0825000991738218,0.0702653774359352,0.200243620242005,0.162604096935998
2504,0.410763863703595,0.12618454911984,0.123058758380845,0.133116345516259,0.126662652862947,0.080213830416513
2505,0.0535467737233634,0.147238706318887,0.191185622280059,0.0767306246014722,0.148652515643955,0.382645757432263
2506,0.0270972962781887,0.335652095336191,0.118107734629079,0.0366338679868867,0.173379201369339,0.309129804400315
2507,0.0249544870333449,0.0435297250750219,0.118830793550785,0.044601436231822,0.160261470192756,0.60782208791627
2508,0.020207323290766,0.0589794118878555,0.0705332694358319,0.0545871320599524,0.361648850543136,0.434044012782458
2509,0.0389196424259146,0.0725120711468108,0.193323669435645,0.0757977504961035,0.168864645882362,0.450582220613164
2510,0.0220238499956163,0.0637350916391673,0.0585560570233327,0.0501326433016755,0.306805830414689,0.498746527625519
2511,0.786554069682088,0.0693915267158773,0.034442637364065,0.0648837925273939,0.0331663730882589,0.0115616006223171
2512,0.0616899229477765,0.152574301409579,0.0853159269833234,0.116430377437226,0.43439730621278,0.149592165009314
2513,0.012929194316786,0.023963497609629,0.0576553868206204,0.0521947441848308,0.33960413781417,0.513653039253964
2514,0.0851978066060999,0.717488333478151,0.0354127318363525,0.0229491622121922,0.090411428938797,0.0485405369284078
2515,0.0216980493806292,0.0368626881922581,0.0664062854276733,0.0376399073971476,0.147572491367507,0.689820578234785
2516,0.0674408278197837,0.0867446848967813,0.0739993549272956,0.121291331452681,0.445337575033016,0.205186225870443
2517,0.0341937869054385,0.445645569272326,0.0831568742903334,0.0157564092297673,0.109362795074731,0.311884565227403
2518,0.398967113664211,0.294008556692234,0.110526959718424,0.0626804052332601,0.0682909466984337,0.0655260179934381
2519,0.0408297659871124,0.866400058343471,0.0178313697085759,0.00694017141347366,0.0333217394814069,0.0346768950659604
2520,0.0255909006650945,0.0320251786763354,0.0305137706840459,0.0826413371707218,0.655851563810513,0.173377248993289
2521,0.0598551033673209,0.10877897926133,0.345440675929976,0.0979117742475604,0.127732299871927,0.260281167321885
2522,0.325518520868092,0.186921630521945,0.181427502714284,0.0842104261582137,0.116917863007468,0.105004056729997
2523,0.048329201193731,0.510680491864952,0.0588167656939044,0.0262754067766382,0.15894962484837,0.196948509622405
2524,0.0659091311012073,0.164244529734183,0.279186763817251,0.0878769705849736,0.14677050456786,0.256012100194525
2525,0.0879723676215166,0.0741751939501324,0.108609170362917,0.287408431233412,0.361474013180797,0.0803608236512251
2526,0.1565362192056,0.254134672108668,0.0734236976171902,0.107116013692753,0.250364101962011,0.158425295413778
2527,0.589913763604599,0.136800997840958,0.0762964085367971,0.0432759875544977,0.0787041658549044,0.0750086766082436
2528,0.0190091415277741,0.0304332951363264,0.08273065391202,0.0678447747361932,0.197830370573339,0.602151764114348
2529,0.0909431255970737,0.13899573292984,0.285307999491368,0.0923417101716123,0.116543697657358,0.275867734152748
2530,0.0178277745101066,0.0561210423381508,0.24350089803138,0.0632381767937322,0.132826017151129,0.486486091175502
2531,0.0421949508206517,0.16381071588279,0.131052540645697,0.0956877586721664,0.248814533338475,0.31843950064022
2532,0.0464792758781984,0.202695467156967,0.151908923903591,0.0582528487819422,0.177503445784788,0.363160038494514
2533,0.013778558908594,0.0270417214056492,0.0897507262143423,0.0249985374849865,0.0541940552411826,0.790236400745245
2534,0.263315090138485,0.0972129798814126,0.0979599246913053,0.314025943973545,0.120970882179939,0.106515179135314
2535,0.0599587523825675,0.130324813655422,0.178027959008931,0.0730723179584258,0.171670104666004,0.386946052328651
2536,0.130731375403087,0.26693954481132,0.120241533501177,0.0727351388079921,0.151369346904068,0.257983060572355
2537,0.0523307001408494,0.76533462530418,0.0608870625279638,0.0096028468223457,0.0574819285277214,0.0543628366769396
2538,0.268834132198409,0.110210552451325,0.0670383951667653,0.0930972606723096,0.267294720542488,0.193524938968704
2539,0.245586590464636,0.290554784597321,0.180559048335563,0.0506325688939549,0.111473054209554,0.121193953498971
2540,0.260140300839318,0.125003284510881,0.0708870027105923,0.150773785713018,0.331940187594054,0.0612554386321379
2541,0.14823697402242,0.0858105174178922,0.0570463066059882,0.232084314114668,0.397559532090805,0.079262355748227
2542,0.0917999539420748,0.477973762320422,0.0795426195404129,0.0606139946847934,0.186999663786218,0.103070005726079
2543,0.0270493558467152,0.0443852760953411,0.0872393565001962,0.0275791618974993,0.151104025332038,0.662642824328211
2544,0.0929146856158693,0.151453115022003,0.156512032651018,0.25102178967369,0.149094134269633,0.199004242767788
2545,0.0435878225490895,0.407080647235089,0.0801868102391765,0.025684447535192,0.231923768092497,0.211536504348956
2546,0.045810499658311,0.0502604251436804,0.0328335023649686,0.201747642170774,0.572797070628992,0.0965508600332738
2547,0.0795175411916797,0.187511606260151,0.344815993984339,0.0771385747686655,0.125686019765958,0.185330264029206
2548,0.0649102561535942,0.0904438230256843,0.129219247843483,0.234513059796028,0.372995381117,0.107918232064211
2549,0.0133103498658185,0.0381822713527906,0.0438689473391011,0.055040537984346,0.261559724740874,0.58803816871707
2550,0.014302775823796,0.0169238676401678,0.0248132614633738,0.140072494971223,0.613181700155352,0.190705899946087
2551,0.142793839122133,0.186449217836503,0.0960949922493353,0.196559447816455,0.225935877711669,0.152166625263905
2552,0.124110339334855,0.343043063659905,0.203647295879098,0.0623728455178625,0.11100339067052,0.15582306493776
2553,0.437308534612892,0.266185847683412,0.0446503125899197,0.099364593537022,0.118530670689506,0.0339600408872474
2554,0.129268084702168,0.300613001551284,0.102525464029101,0.121408897331014,0.234954144075753,0.11123040831068
2555,0.0304026607172259,0.144121736857414,0.14622715426191,0.0818323878560423,0.353549614401059,0.243866445906349
2556,0.0726670680116191,0.328525337282381,0.306487523480178,0.0683199263647162,0.0932991663193934,0.130700978541713
2557,0.399017213052663,0.19532270983682,0.255109996232994,0.0640196471583614,0.0540640600573203,0.0324663736618414
2558,0.0459774387685611,0.12974096364385,0.569732167532186,0.0656347124252069,0.0888246563962351,0.100090061233961
2559,0.0694444545828462,0.471190046677555,0.180250040361303,0.0323302251357191,0.0847651592325036,0.162020074010073
2560,0.0196293007513521,0.11988286090374,0.106896414700693,0.0401916917449836,0.138760944425717,0.574638787473514
2561,0.0359153580023704,0.0988188040683267,0.19977882955661,0.0426851733556479,0.12643288289582,0.496368952121225
2562,0.271936044630662,0.385958247365526,0.046967121758067,0.0645593135678513,0.174681933483621,0.0558973391942736
2563,0.314120723331524,0.167829304841004,0.203911287398347,0.118226458764252,0.116370343510987,0.0795418821538852
2564,0.165479617375656,0.0905550853240188,0.0917809383129754,0.249331318335863,0.2742146834866,0.128638357164886
2565,0.0282513712930125,0.0713911487007053,0.0997745652569929,0.0567258870192648,0.182424364915537,0.561432662814487
2566,0.0298114471636677,0.0524095535698746,0.121940806028372,0.100023784350663,0.20150578627612,0.494308622611303
2567,0.0494280022396569,0.148825794014962,0.128102853410539,0.0697312652276214,0.128818645339116,0.475093439768105
2568,0.0175629314415077,0.0705662547464904,0.092021877378771,0.0441316232956724,0.201644761036978,0.57407255210058
2569,0.0526851753087311,0.128572997978054,0.211758850925751,0.0469943023723236,0.152102788299096,0.407885885116044
2570,0.0511673319635194,0.537998668882354,0.0964919462396779,0.0280074739609148,0.116704629451273,0.16962994950226
2571,0.0795274514911793,0.0790926706854741,0.0551796522467705,0.228104510379057,0.385172619141798,0.172923096055721
2572,0.103231096504909,0.108340232368832,0.30007038105168,0.132899188431081,0.127435801023749,0.228023300619749
2573,0.0827244761686767,0.272403743084931,0.108724728428022,0.0475309466748955,0.164906561925036,0.323709543718439
2574,0.0391043768229352,0.0582001086832732,0.0584203248708217,0.199478336637339,0.523424867638177,0.121371985347455
2575,0.0212825953468135,0.0231735284014201,0.0230872003092255,0.101754604945362,0.698964604096976,0.131737466900204
2576,0.326346745751684,0.349639398406582,0.15138216244106,0.0645170590762342,0.0460000930240651,0.062114541300375
2577,0.0382000145657933,0.289729321748094,0.347299455287806,0.0325610345308757,0.108813321085024,0.183396852782408
2578,0.0103377102049595,0.0188163394774308,0.0570710294198922,0.0221022018344283,0.0695874735572636,0.822085245506026
2579,0.317938566090362,0.198231325075275,0.194353084652416,0.067612308202572,0.117099658997841,0.104765056981534
2580,0.0665221597624295,0.325333971823661,0.139938311418146,0.0353570321944891,0.152490366001734,0.280358158799541
2581,0.0209868950545324,0.0515359967438409,0.0782330944108689,0.0958361488299831,0.341429275555175,0.411978589405599
2582,0.218505557962899,0.502200597271905,0.0669771933336446,0.0386988635876038,0.109294022490859,0.0643237653530889
2583,0.101271612898938,0.534546646141201,0.194304812864818,0.024462923491065,0.0684507230797097,0.0769632815242682
2584,0.238072491233723,0.627066973604784,0.0438922208295647,0.0176255125943969,0.0455955127621033,0.027747288975428
2585,0.0290828049842648,0.0657229430267065,0.0796127428846121,0.0969025531891884,0.396679529877881,0.331999426037347
2586,0.0485669159726633,0.223112871838224,0.0955577948821048,0.035591387973927,0.13428089715247,0.462890132180611
2587,0.194971848226347,0.0705509613759054,0.0660197779667204,0.181179420108566,0.379506320512889,0.107771671809572
2588,0.027323254936868,0.0265803776298996,0.0361560011466752,0.0866158336758634,0.739600118186229,0.0837244144244646
2589,0.0736366318184225,0.111279096889908,0.071832499358294,0.137096178567796,0.487066674298829,0.11908891906675
2590,0.0206265843453713,0.0604646227763659,0.127916928950225,0.0979779715951038,0.210932514405006,0.482081377927928
2591,0.0912342472096596,0.151427568999423,0.314445661490247,0.0802520317414705,0.0882137988633762,0.274426691695823
2592,0.0178843022155255,0.026103701383328,0.036105238227308,0.0788066552902923,0.743266787410332,0.0978333154732142
2593,0.172267425430525,0.225535830680745,0.0946187352467088,0.160744167615623,0.196156601995878,0.15067723903052
2594,0.0515513265214712,0.0805654210605143,0.070504191113075,0.0507603385262011,0.278128594538864,0.468490128239875
2595,0.160043117377083,0.11972858396941,0.197048734522743,0.180613403650165,0.17705462140844,0.165511539072161
2596,0.715495789651452,0.083312305127336,0.021665021246176,0.113046522195501,0.050822169433841,0.015658192345694
2597,0.0228168413906749,0.0647250760402979,0.215426399995742,0.0611429319600822,0.164748186639985,0.471140563973218
2598,0.0270764514522027,0.0964368849338488,0.0978271457773119,0.0280366274639026,0.125487013746514,0.62513587662622
2599,0.241234573949703,0.297748939292387,0.0798654529579959,0.107476787654105,0.177000441226338,0.0966738049194702
2600,0.0388352336899381,0.0899260018059349,0.125140384696995,0.120943862594453,0.453914761716082,0.171239755496598
2601,0.0554192945034316,0.109612413332521,0.240846635821004,0.0746183140186416,0.128351981626728,0.391151360697673
2602,0.0307688965049342,0.108597880411559,0.136276439388659,0.0610637752034896,0.171021789207206,0.492271219284151
2603,0.0396042587517227,0.672075167531786,0.0322954497950126,0.0313261460687682,0.135059875994709,0.0896391018580016
2604,0.0553693453868645,0.135288387447737,0.334322406251548,0.17480104144106,0.13181084465924,0.168407974813551
2605,0.0423360985444867,0.155784817359125,0.283965660757658,0.0807603261805546,0.168443167587619,0.268709929570558
2606,0.0560093532878304,0.108287735774325,0.16903113716155,0.0690211119477226,0.177690024470878,0.419960637357693
2607,0.0186073212331316,0.0277046200845937,0.0710691711875395,0.0431553695779136,0.140822239790593,0.698641278126228
2608,0.213755005120884,0.175534482497305,0.0730655372966888,0.132782950660786,0.205175963269133,0.199686061155203
2609,0.0217955208984308,0.0334646411546725,0.0510046960852898,0.102985954657167,0.538686700361457,0.252062486842982
2610,0.0910909441908461,0.211124075665864,0.0751172338904999,0.166810089744652,0.263770787065011,0.192086869443127
2611,0.0341383582926656,0.162175704299978,0.316548711883863,0.0771708496300961,0.0805495644083074,0.32941681148509
2612,0.0543283309312552,0.205494542819343,0.144785579055479,0.0666015734484579,0.155602330665585,0.37318764307988
2613,0.553740183797623,0.291710039628878,0.0312388196871679,0.0506575414551787,0.0581971398188095,0.0144562756123431
2614,0.121195737341524,0.117772344165346,0.0819384581559393,0.144446592602459,0.227900541829773,0.306746325904959
2615,0.478989203618559,0.215000489286088,0.12555772210515,0.0584245776173145,0.0796903935307616,0.0423376138421269
2616,0.0245151979714901,0.0570356024169945,0.088395138948963,0.0729327838933768,0.341171577210851,0.415949699558325
2617,0.293455492156335,0.359698747721166,0.14075843366334,0.0395434659224813,0.102800161584176,0.0637436989525004
2618,0.0797713023073941,0.0957828520663183,0.0882536653265224,0.0893508655736189,0.400717195143374,0.246124119582773
2619,0.0153945773957795,0.0174619008733795,0.0197294811842334,0.0664205852324428,0.725737468320572,0.155255986993593
2620,0.0271871085502607,0.14451011813445,0.255077979135949,0.0571817145055214,0.247912212032713,0.268130867641106
2621,0.055576967073975,0.116997875088754,0.0677028835719271,0.140108463511754,0.474466487187888,0.145147323565702
2622,0.0138922915428575,0.0216128060223316,0.055340520846921,0.030103730123063,0.111127199280979,0.767923452183848
2623,0.311525217399234,0.288122020812629,0.0405455968117725,0.077006611030069,0.221809325495761,0.0609912284505342
2624,0.052714767344304,0.0856981095006457,0.144247816856127,0.0925402985617818,0.162287185484358,0.462511822252783
2625,0.133032907888441,0.284694634205756,0.378518134549373,0.0450969223057468,0.0683315647972235,0.0903258362534607
2626,0.0198420041604824,0.0356374517506763,0.0701743309707811,0.0364469070828375,0.124219311211397,0.713679994823826
2627,0.0988492221439338,0.202501591974356,0.312672398756215,0.061643237829453,0.12321110392262,0.201122445373422
2628,0.150003041218009,0.245138130726819,0.0707910261545986,0.193846706283124,0.239363943351029,0.100857152266421
2629,0.039452714850983,0.185043848797727,0.0924449994027005,0.0529518167018223,0.256898319455333,0.373208300791434
2630,0.147584595908369,0.100860638069976,0.130027519548315,0.0990398432217229,0.215033176087716,0.307454227163901
2631,0.0279470111409913,0.273742867238155,0.254526458198564,0.0466300133973238,0.158859558796541,0.238294091228425
2632,0.0186381088185551,0.0399735900736516,0.0799056524472964,0.0420384867700049,0.148053248209849,0.671390913680643
2633,0.128571562531666,0.439329982301524,0.0769034921925196,0.0853221362814139,0.159027566568665,0.110845260124212
2634,0.0484947271720697,0.0983639582513341,0.272305325801464,0.112067468379885,0.148683506875555,0.320085013519692
2635,0.0446995781986573,0.140114737543202,0.0892565589438905,0.0757206817891889,0.406968963047461,0.2432394804776
2636,0.0440325110857796,0.0797954096829163,0.164079936963023,0.130390296963608,0.309170774556149,0.272531070748524
2637,0.0360478704272571,0.0688682635394955,0.0445220606644018,0.0480834292161152,0.618372884112629,0.184105492040102
2638,0.0820347296302561,0.0511322326850167,0.102767967452761,0.321016638951387,0.225166711245476,0.217881720035102
2639,0.113896864736777,0.0772766677237005,0.0607072555843384,0.190284781406843,0.444471641533122,0.113362789015219
2640,0.0325134516170779,0.0456657895048868,0.0827976734880588,0.0487010130791757,0.114682858226427,0.675639214084373
2641,0.254253527371236,0.147683125682219,0.155048858078332,0.11183344961268,0.195695331941677,0.135485707313856
2642,0.0348409160662516,0.116722191477669,0.145420098247085,0.056681506347728,0.177688068460443,0.468647219400824
2643,0.403138446766107,0.379954052656499,0.019382394389169,0.0787163664989436,0.0869227036774631,0.0318860360118183
2644,0.0174409175659598,0.20000446561915,0.0734513162523885,0.0329375430211136,0.175782582111125,0.500383175430262
2645,0.0310013772019008,0.0561449646918508,0.0478700735842271,0.0715797063367523,0.405365225651524,0.388038652533745
2646,0.0184229139074675,0.0486113031899488,0.184831479761646,0.0553968249376874,0.0894873004627091,0.603250177740541
2647,0.0639610252252164,0.0802609442335827,0.117568488492372,0.126222520305719,0.25291675900695,0.35907026273616
2648,0.195657243340167,0.246869945824482,0.328107162951389,0.0616492743440652,0.0694145306813242,0.0983018428585731
2649,0.0465047806072944,0.0626248710685543,0.108100586750732,0.0800974779553978,0.240552211717183,0.462120071900838
2650,0.0746560663635585,0.0750476242168445,0.200622974726215,0.0967029589716789,0.15365386098278,0.399316514738923
2651,0.0243469528062798,0.0516677788370539,0.0486022449166183,0.0728780264005174,0.474614857035973,0.327890140003557
2652,0.034659543427936,0.173160915713461,0.0953384170158257,0.0745776114205441,0.313362171277707,0.308901341144527
2653,0.303600685615512,0.257882714812358,0.0884317220164282,0.0647257853485004,0.145085833741593,0.140273258465608
2654,0.0160512516956389,0.042812745103683,0.0767644756339773,0.0501597014675467,0.130178102283545,0.684033723815609
2655,0.560198179821929,0.201641036249507,0.028644673559139,0.078432212377296,0.102657179592049,0.0284267184000803
2656,0.0282470277877054,0.0969730653916685,0.0776155314525776,0.0597507276002018,0.364169992393711,0.373243655374135
2657,0.0313001074942397,0.0673084223145412,0.205121946195262,0.0632001227398911,0.122910817566365,0.510158583689701
2658,0.185567116554079,0.137258597189643,0.138310171945958,0.21490179911885,0.207218754838113,0.116743560353357
2659,0.286454155265511,0.140163220255329,0.117532245762286,0.254560698961036,0.118962354212759,0.0823273255430787
2660,0.0209064425858474,0.0370473075650258,0.0544229279338407,0.051421209279292,0.223988769136388,0.612213343499606
2661,0.0207409489617509,0.0609099642772219,0.192295437657886,0.0688165953457052,0.130143514061372,0.527093539696063
2662,0.0174449405595951,0.0770305836806633,0.142364763735254,0.0337396731077506,0.141165926826921,0.588254112089816
2663,0.0165015282931076,0.0432870336566915,0.0752833071036691,0.0566702388907855,0.266319509700899,0.541938382354847
2664,0.0545374803077794,0.12796081851028,0.0542329386499949,0.120125191442282,0.438703839138887,0.204439731950777
2665,0.259905687912231,0.28384772325583,0.139234690513778,0.0800337276156701,0.13940620120317,0.0975719694993198
2666,0.0281629786864497,0.0578404140501209,0.214921832890355,0.0622323793391399,0.071929914733031,0.564912480300904
2667,0.0620897753291075,0.174384955584357,0.38338531001019,0.0806841481842875,0.156777434915397,0.142678375976661
2668,0.0303227102081896,0.10579146017612,0.3545094476586,0.0540876253564894,0.107378754266807,0.347910002333794
2669,0.0697306139715964,0.287361447349412,0.12671538228878,0.0298210969431466,0.122889627050806,0.363481832396259
2670,0.0226697931204304,0.065384724397669,0.178987669674191,0.0540397462889927,0.169972849734424,0.508945216784293
2671,0.0487107415696449,0.0757826162179507,0.0643209461717509,0.112501462005779,0.252528986009183,0.446155248025691
2672,0.0235188408080225,0.0928331200050485,0.176536040396237,0.0472811176380384,0.142928958789374,0.51690192236328
2673,0.296398928107814,0.295861602979473,0.0536816197591235,0.106454795397832,0.175740010608086,0.0718630431476718
2674,0.035328142686325,0.0506367642115896,0.0890514492435907,0.201278413303278,0.329238800857828,0.294466429697389
2675,0.670116012236005,0.171469705522807,0.0121484427185174,0.091904756968605,0.0380914269400288,0.0162696556140362
2676,0.0330651129768592,0.0568898122524718,0.0960521607465883,0.159904217246679,0.37852137588567,0.275567320891732
2677,0.0986275530076113,0.170306287782289,0.271125946459527,0.116080886502844,0.180696902360928,0.163162423886801
2678,0.0493609750262108,0.125011541895571,0.223988803302397,0.0838060824609047,0.267955687351852,0.249876909963064
2679,0.00827675805413599,0.0135697835262135,0.0349449944735618,0.0385969112199344,0.312938860273247,0.591672692452908
2680,0.0866461774930088,0.12887594832609,0.341018465457903,0.18289280599742,0.123016217075734,0.137550385649843
2681,0.0488392109311938,0.206712551015166,0.123713448575196,0.0704643728487661,0.210156090031271,0.340114326598407
2682,0.0251050861891167,0.0401344827135712,0.128272015456535,0.12929584728119,0.18536440182472,0.491828166534867
2683,0.514922158751066,0.201479227615274,0.0480564487749487,0.0998164205404063,0.10587982694807,0.029845917370235
2684,0.0240591257932256,0.0480086574706955,0.0677528976533585,0.0843612553799892,0.374366497149505,0.401451566553226
2685,0.145207636498149,0.11381766289676,0.230784188980931,0.064973117455391,0.101283614562237,0.343933779606532
2686,0.0273538527757136,0.126742013576008,0.163532959779634,0.0487501920075457,0.153224310893401,0.480396670967698
2687,0.277214192186032,0.231417632506276,0.0962346433710109,0.165216795550802,0.170459322057559,0.05945741432832
2688,0.0469737449203192,0.152885732655328,0.0921450972473112,0.169406020970629,0.337959972277611,0.200629431928802
2689,0.159769775443299,0.587097919693744,0.0467766407341789,0.0533886569087633,0.105695601346103,0.047271405873912
2690,0.0185170425394081,0.0325373687847787,0.0528693934481869,0.195245042923428,0.508925805473199,0.191905346830999
2691,0.0540824801618794,0.221058530556706,0.106554668280393,0.0550974302627991,0.224854518497893,0.33835237224033
2692,0.080814740607747,0.12293357496696,0.235692482997053,0.0944368891446932,0.163001696819093,0.303120615464454
2693,0.0486970045437327,0.078356999908506,0.185489203396976,0.0835676514852419,0.131317028145887,0.472572112519657
2694,0.015914445899429,0.0282889907950191,0.0647651959037154,0.0713888072988661,0.28030415628716,0.539338403815811
2695,0.684255879548815,0.153458918164764,0.0306162880179564,0.0619873446692587,0.0498691195791552,0.0198124500200504
2696,0.0359504961250237,0.154801807669022,0.319044883336349,0.0608422845338632,0.0987219743850055,0.330638553950737
2697,0.0767207804357438,0.220606981529599,0.262878090548449,0.0641697531396394,0.126540348525574,0.249084045820995
2698,0.0297998157215564,0.0770758150839718,0.215914225553452,0.0721690522849539,0.219093385467305,0.385947705888761
2699,0.0325571137291409,0.198238457261596,0.361636650160873,0.0451405072766476,0.0793759637821906,0.283051307789551
2700,0.00870004128344806,0.0500014792218604,0.040667980900602,0.0225028775984146,0.241244691970944,0.636882929024731
2701,0.0342444317399082,0.0481916113479138,0.107611989504253,0.0956369299692359,0.183785458670886,0.530529578767803
2702,0.505336359932393,0.165855105485925,0.132581964216479,0.0634959191889985,0.0686416964323817,0.0640889547438231
2703,0.0804748765346809,0.0782686318191955,0.137688838605826,0.133807781745794,0.344854718268789,0.224905153025715
2704,0.0587762491462114,0.240652819004683,0.432621542578829,0.0676552352954456,0.0851233158352912,0.11517083813954
2705,0.0219264920636271,0.18561378867683,0.436229383335937,0.0375057446122035,0.0902869367089631,0.228437654602439
2706,0.0315282704573779,0.0819064770717758,0.183671187175808,0.183418824211234,0.165359407865613,0.354115833218191
2707,0.0177281627818625,0.0204238909494344,0.0300264488659124,0.0598979251767088,0.727959965834279,0.143963606391803
2708,0.351768804182009,0.308366835787051,0.0630325280476861,0.0871839482051115,0.142288750139121,0.0473591336390219
2709,0.0622491985302465,0.189916065924365,0.323324760779179,0.0841692671953185,0.0902736431435644,0.250067064427327
2710,0.0798645181898418,0.117858105923514,0.27396875819038,0.0972547026381109,0.14462564905855,0.286428265999603
2711,0.0778050245648963,0.115394196946987,0.133315033505357,0.0767549549939258,0.28153605014922,0.315194739839614
2712,0.160120843285534,0.121768761974577,0.0941584330926136,0.14700698238548,0.351926126822241,0.125018852439554
2713,0.0991169685925287,0.190957991081144,0.298781869475169,0.0911307364341154,0.108520393906349,0.211492040510694
2714,0.0141695908269894,0.108873870231744,0.217974302451861,0.0402072697338767,0.155564110043485,0.463210856712043
2715,0.0416408583822495,0.130932246299701,0.37154404918985,0.0706654101656391,0.185846564661931,0.19937087130063
2716,0.0330787537747316,0.0493912401302035,0.0766265612315066,0.0891838365520771,0.420611879503592,0.331107728807889
2717,0.0196055350193688,0.0368236056281088,0.0437787785689611,0.0514628513069521,0.223704593512888,0.624624635963721
2718,0.0345410733590664,0.0707970257295014,0.247810051084217,0.10171601810128,0.185515747634895,0.359620084091041
2719,0.0520593158870449,0.132057423048773,0.184517422029778,0.0857703492080301,0.253655215597646,0.291940274228728
2720,0.211537723567041,0.113478238346953,0.190343456008752,0.104296053292196,0.196005145099925,0.184339383685133
2721,0.0343488539041463,0.0819223207718492,0.129589525949446,0.0800638481451161,0.238095354416274,0.435980096813169
2722,0.285395601466602,0.498265482825421,0.114724190599032,0.016924019330652,0.0514058964067861,0.0332848093715059
2723,0.05684778121914,0.194305755519752,0.240838763236799,0.0820104200423899,0.124441559141196,0.301555720840724
2724,0.666037962816461,0.101785406308847,0.0484072191042199,0.0855070227950045,0.0771804704470683,0.0210819185283994
2725,0.302848699432478,0.413532249447917,0.0342501098856475,0.103934515341167,0.0953227416739963,0.0501116842187943
2726,0.0772555290865811,0.135027938558955,0.100416535293859,0.190578243171517,0.395867229936634,0.100854523952454
2727,0.0155745815245737,0.0470817468031311,0.0941417068652265,0.0619881795018071,0.295150109786425,0.486063675518837
2728,0.039455326039758,0.0775478140002779,0.205640913645874,0.0871981071937582,0.130558061140181,0.459599777980152
2729,0.238149598604926,0.274727183568324,0.0693931727177262,0.0944816824219224,0.21092480821439,0.112323554472711
2730,0.0341644514273749,0.0496172246014905,0.116526776114999,0.0904960978514972,0.281498063987993,0.427697386016646
2731,0.123889844648385,0.163389666619177,0.0919540315798198,0.191718523834954,0.303616441272314,0.125431492045349
2732,0.0491102011896368,0.105575945197231,0.289495828162792,0.0679536734731906,0.118437719229878,0.369426632747271
2733,0.0559409980445597,0.129620872063924,0.168254019955814,0.227862397719737,0.320329834759718,0.0979918774562478
2734,0.0196432756851145,0.821095103998764,0.0347352805545367,0.00645704847367257,0.0516049681427528,0.0664643231451592
2735,0.0533762723310727,0.399264356852408,0.148648133162954,0.0340264023807198,0.107455411854125,0.257229423418721
2736,0.0505429026566847,0.0961868748948208,0.0708885376532505,0.230584372046234,0.446321438241858,0.105475874507152
2737,0.123342603515696,0.167720498286076,0.249647623990985,0.120050705331833,0.148571200811014,0.190667368064397
2738,0.0397790447535436,0.102160915820992,0.12838109282119,0.0549448744217897,0.142274478001387,0.532459594181098
2739,0.245522269835046,0.396784209915678,0.106781702125894,0.0418760834248843,0.135022175029406,0.0740135596690913
2740,0.236283128489172,0.337112782609942,0.077827221312884,0.0974986811792518,0.121859248050309,0.129418938358441
2741,0.0869283611381523,0.315631440366709,0.137843412949821,0.0688643979871427,0.202853431977872,0.187878955580303
2742,0.0660335889069696,0.0853911822391961,0.0715735362134679,0.170432461640265,0.421901031733616,0.184668199266485
2743,0.228470917427474,0.168481607924151,0.111838632969385,0.13648143011652,0.206077084611124,0.148650326951346
2744,0.0351720493347933,0.0701363668947373,0.0821539488126271,0.146688777372903,0.531068280069728,0.134780577515211
2745,0.0392838413882117,0.166408282023796,0.291991967951185,0.1026463765664,0.179063096933041,0.220606435137366
2746,0.0314648884569621,0.0817817735921565,0.132173484215347,0.0540832133468549,0.189247657525726,0.511248982862954
2747,0.0254847850959252,0.0248396693168589,0.0217819837498258,0.0714322457311462,0.62241841416892,0.234042901937324
2748,0.0196637846659158,0.0574761405615276,0.0767657104170681,0.0699429244750433,0.512946216246786,0.26320522363366
2749,0.282332085526934,0.137272108536791,0.0538919990343589,0.213227020780382,0.207221056478631,0.106055729642904
2750,0.0237400500373858,0.0967009319178832,0.333967900278019,0.0557562412516498,0.129834082449679,0.360000794065383
2751,0.186647639090352,0.207593702963053,0.108729959615646,0.139036593656868,0.259071164130007,0.0989209405440739
2752,0.0464141050348228,0.139398950464892,0.230836162506178,0.130872883208549,0.159059235152545,0.293418663633013
2753,0.0664841097992577,0.0795227434350453,0.0450669674971951,0.21127866146702,0.505200613050715,0.0924469047507663
2754,0.0345011910548713,0.269458755885277,0.141060647946977,0.0473990882319877,0.231457391230437,0.27612292565045
2755,0.00728702676078098,0.012560543439962,0.0391027202384162,0.020892427333441,0.169359254987634,0.750798027239765
2756,0.0284365108855909,0.0510620543523592,0.13413235494453,0.0465114441870675,0.0739143165955296,0.665943319034923
2757,0.0240785059134312,0.224491134631143,0.0602672861351042,0.062224096386658,0.304052394049607,0.324886582884056
2758,0.0803526928275376,0.262279536349207,0.179380316081108,0.0492466871888197,0.209074382708923,0.219666384844405
2759,0.0317543328723908,0.234095193733044,0.0839818402328519,0.0227948329078704,0.167160904071429,0.460212896182414
2760,0.55533289361706,0.137959686440937,0.0400752048436448,0.183907408952482,0.0657547690359426,0.0169700371099338
2761,0.128902843290347,0.113687605592306,0.0988348672694332,0.171508235237625,0.363517912914865,0.123548535695424
2762,0.02361395283539,0.134340358162535,0.155748438594856,0.060711094289808,0.295722604816932,0.329863551300479
2763,0.0558645068225372,0.215043928625722,0.232157440207818,0.0660729511677497,0.158140074006168,0.272721099170005
2764,0.0289073133651902,0.0404864720975583,0.139034764045395,0.0482371893422353,0.114167584592577,0.629166676557045
2765,0.0535312947412299,0.173676961480513,0.219523052168212,0.0563147332436245,0.149158977880577,0.347794980485844
2766,0.047214199629982,0.159087603135895,0.108592553671303,0.0745301177708765,0.270048660986164,0.34052686480578
2767,0.0538067930136328,0.137058667001916,0.193992847795882,0.18778454212071,0.206899046645986,0.220458103421873
2768,0.0507740977944498,0.254974032069933,0.34906598051263,0.0527553119528689,0.0986609677010558,0.193769609969062
2769,0.0645099117525503,0.417018881286491,0.107054135532834,0.0893915576470216,0.183388961720335,0.138636552060769
2770,0.0118635573550579,0.0553055765933858,0.140629173389312,0.0497900675917327,0.156386239358272,0.586025385712239
2771,0.0325305443521006,0.165234458297106,0.480561010320233,0.0733196946943597,0.0871045240630547,0.161249768273146
2772,0.0671719005732806,0.109888579725823,0.159710647717534,0.200495698080981,0.262717468190545,0.200015705711836
2773,0.0729441099227774,0.326852016387683,0.155510219343759,0.0557458052935999,0.21620396134041,0.172743887711771
2774,0.101272386436131,0.548723185308677,0.0661517480261214,0.0363372969938082,0.124408236327508,0.123107146907754
2775,0.015414340275339,0.0371915809995383,0.132187675303931,0.0325604815685917,0.12781408507771,0.65483183677489
2776,0.0215787228309951,0.0476073457921778,0.0774409797348086,0.0688201132314143,0.220993364590464,0.56355947382014
2777,0.0108567431495579,0.0264692647260628,0.0919506641341471,0.0333164161062106,0.0940924454872847,0.743314466396737
2778,0.175134743411553,0.125857570717365,0.164696827434473,0.122951830978534,0.164106913193832,0.247252114264242
2779,0.0617055031181377,0.116794773985627,0.321998788602704,0.129681744051004,0.142844499613893,0.226974690628635
2780,0.0527333581107824,0.194212188734708,0.350110593957034,0.0766879790464763,0.12180060503424,0.20445527511676
2781,0.0182298192647317,0.0306428081133454,0.0582245650828553,0.153220046183047,0.481617455585395,0.258065305770625
2782,0.027403946789532,0.0694904828269083,0.225372349420703,0.0531120724800583,0.149517852121728,0.475103296361071
2783,0.395713891026171,0.314407418023006,0.0907299934469265,0.0765235731611752,0.0867669121712569,0.0358582121714642
2784,0.0941452329849877,0.261141590052562,0.0655242501252356,0.11576610830661,0.33448364373811,0.128939174792496
2785,0.00918678878078848,0.0217791095941755,0.0516254539348835,0.0452038691784657,0.245310105499615,0.626894673012072
2786,0.0277454631194106,0.0980412952001783,0.0824843616642863,0.0919515711594595,0.33012054838014,0.369656760476525
2787,0.016269815583588,0.0361928497424609,0.0671921908127944,0.0358277617004082,0.155634044258494,0.688883337902254
2788,0.0273124447196269,0.0858389534059763,0.183966028982827,0.0597870823113538,0.124675103194568,0.518420387385647
2789,0.0677526175714327,0.0959478743180962,0.294082063168439,0.107587973810703,0.180336334242877,0.254293136888452
2790,0.0973367523510554,0.164705754214507,0.0757222858324112,0.115339067547809,0.334467716954635,0.212428423099583
2791,0.233186363265481,0.109609980182214,0.0678383160458568,0.241069453680206,0.273502625047313,0.0747932617789294
2792,0.568519562498854,0.270933845042129,0.0208785744168897,0.0471089509469782,0.0719453989392305,0.020613668155919
2793,0.0208341527925802,0.0770452808276876,0.0709612163572606,0.0518971674734424,0.345712482377632,0.433549700171397
2794,0.497444609247283,0.167878068996963,0.0576718924776917,0.0983413817370353,0.134356497959436,0.0443075495815902
2795,0.427971529441804,0.139812456487284,0.0657996770062422,0.208698620890812,0.121012119450127,0.0367055967237307
2796,0.0144882429654984,0.0325809258464565,0.116220470315099,0.0406707205960988,0.121955609870535,0.674084030406313
2797,0.0565878838590581,0.0750011299791248,0.111327214512475,0.120702337347471,0.166759372218009,0.469622062083862
2798,0.0212912708848327,0.274285021650061,0.15883033552306,0.0200521718632956,0.163985257200731,0.36155594287802
2799,0.169628962199031,0.18184139569354,0.286980404765865,0.0460466861907714,0.121613016094415,0.193889535056377
2800,0.0178654436382449,0.031519705815596,0.0576947930672524,0.0467895501087908,0.160306170211896,0.685824337158219
2801,0.0170367559698105,0.028841291463492,0.0316588878901922,0.0443209143037002,0.416164732033768,0.461977418339037
2802,0.0323073865672133,0.0797506687658606,0.0773786118211898,0.0907060834348712,0.283336242046547,0.436521007364318
2803,0.0655569661490568,0.628230679557565,0.0968758025650725,0.0184112069833978,0.0946868763043526,0.0962384684405554
2804,0.0267637235129598,0.0955259483681632,0.136619808321487,0.0763392190109538,0.287260439249688,0.377490861536749
2805,0.294222079306754,0.162740747121544,0.227213829455616,0.0965855952726139,0.131561820010251,0.0876759288332213
2806,0.0868967415143508,0.0655770216244266,0.0701640542510504,0.286362267208425,0.325822271238731,0.165177644163017
2807,0.091089101485317,0.17560321646704,0.196676097287968,0.102506938176301,0.170128557880576,0.263996088702799
2808,0.0167986068122571,0.0374740097501875,0.0551689005839514,0.0367992636956275,0.187551004500464,0.666208214657513
2809,0.0524408881263646,0.122853144944508,0.374106830029838,0.0804423850029839,0.0902749608245682,0.279881791071737
2810,0.0145574122143935,0.0322505912563792,0.0582283757957418,0.0973190449204379,0.417492683242654,0.380151892570393
2811,0.0228407041961624,0.150594079826132,0.182639526408486,0.0587316766981567,0.209813267259067,0.375380745611996
2812,0.504038573175743,0.265577281079489,0.0966332052669663,0.0534418848699235,0.048509575403159,0.0317994802047194
2813,0.15232784709447,0.114390598876846,0.126597731871306,0.124700011123829,0.300993561727662,0.180990249305887
2814,0.0313219555971886,0.246601333941911,0.219031017766998,0.0476220282900199,0.142963679062741,0.312459985341142
2815,0.044558946235655,0.0733324125339051,0.152115613409506,0.0867262102069895,0.145328344773736,0.497938472840208
2816,0.219570802383393,0.18997963183113,0.266606478858058,0.107513012658023,0.146763339508226,0.0695667347611698
2817,0.0716968792982122,0.495700256034246,0.0834513521335367,0.0669723525891307,0.149628411923467,0.132550748021408
2818,0.281437304737392,0.405662870490814,0.146142903278522,0.0349808037274987,0.0556319357990354,0.0761441819667381
2819,0.390870841981427,0.416015342641919,0.0584613547811131,0.031723820290314,0.0681705929223527,0.0347580473828741
2820,0.341897984953033,0.231694913697249,0.260476666856512,0.0610519577792947,0.0663229076400134,0.0385555690738981
2821,0.0119204082817477,0.0470482606082299,0.0425281678250273,0.0241508412221807,0.293327050122488,0.581025271940327
2822,0.219231176206389,0.313497981809576,0.148195276490407,0.0597156286554952,0.138836164467401,0.120523772370733
2823,0.0577178479411117,0.0843740125231837,0.117436073686789,0.0943906838770915,0.176546571594193,0.469534810377631
2824,0.0459342695298006,0.123089713429703,0.210895292837432,0.07639248160547,0.209059033191322,0.334629209406272
2825,0.0168321999659336,0.0922244531336674,0.269718396976962,0.0550974418930967,0.0779520519592655,0.488175456071075
2826,0.0468588340482404,0.197940190085016,0.0724855058236035,0.074172463077436,0.359007249982106,0.249535756983598
2827,0.0974178118458467,0.565603584595022,0.110355222204224,0.0192546255096328,0.0851729676667996,0.122195788178476
2828,0.0310615874149042,0.153934879967936,0.130150174431662,0.0628744402789924,0.263504942850097,0.358473975056409
2829,0.0366731124519843,0.0410793500832807,0.0534389561332654,0.169842397301808,0.579506452917215,0.119459731112447
2830,0.014325878863614,0.0447681974428498,0.143068940077604,0.0537850439670509,0.158592492771802,0.585459446877078
2831,0.366567117732905,0.432842325831485,0.0771524474369918,0.0430845875347904,0.0443144720209498,0.0360390494428773
2832,0.0387259446327536,0.366456066215654,0.184050148497427,0.0351780769821887,0.163408015921922,0.212181747750055
2833,0.165031164522606,0.110870328165095,0.115085818360891,0.160026449121938,0.289217438542705,0.159768801286764
2834,0.0315169445907161,0.075103553436343,0.115727726748434,0.0541392221401242,0.175889631662322,0.547622921422061
2835,0.187542925869581,0.289160841863343,0.0607094065284174,0.151240864434126,0.181440648416947,0.129905312887585
2836,0.0245999136354681,0.0542894755501069,0.076551098317904,0.0791757949884264,0.274158616426017,0.491225101082078
2837,0.0496931133121669,0.266585205366106,0.332348950327658,0.0680743861083849,0.127770125285761,0.155528219599924
2838,0.237677131433975,0.205933193567202,0.18608160902888,0.107621913268796,0.112899390347171,0.149786762353977
2839,0.0941645089777716,0.166331898668166,0.187201502307553,0.137094483454378,0.208259720330496,0.206947886261635
2840,0.143780804818649,0.0887996343523512,0.12184798256242,0.186499224926937,0.252249404810868,0.206822948528775
2841,0.414080418032463,0.128873063012361,0.0683981671634829,0.122906225511599,0.155344518169862,0.110397608110233
2842,0.0162998783900335,0.0427980897291604,0.042446731862361,0.0643946874259656,0.421004053499372,0.413056559093108
2843,0.114515754895863,0.133246196931545,0.161304694167165,0.118822326703784,0.183060278081883,0.28905074921976
2844,0.0461905301857868,0.141190618158516,0.456846296348468,0.0424044847660671,0.0866749298215112,0.226693140719651
2845,0.244719464053255,0.39651371248923,0.133966028816656,0.118933182594012,0.0775799797607201,0.0282876322861269
2846,0.0124403407580544,0.019547435840193,0.0387540006432061,0.0391353131251232,0.257248658082364,0.632874251551059
2847,0.0193688407014112,0.047088808436867,0.0516308572448095,0.0595924751522136,0.396061871354768,0.42625714710993
