"CUS_ID","F20-","F30","F30+","M20-","M30","M30+"
2501,0.0976255741559413,0.386381379503419,0.113739455026374,0.0485984726985624,0.152594080364999,0.201061038250704
2502,0.0411759391751194,0.139955198874683,0.170954191862439,0.0898996027107964,0.359705349927704,0.198309717449258
2503,0.0723786328322765,0.388336944813704,0.0925227115025817,0.0725911111329333,0.240265647595385,0.133904952123119
2504,0.373748200232152,0.145687260173408,0.15204849364245,0.123239285551073,0.114456951680254,0.0908198087206641
2505,0.0388248508931098,0.126682752012275,0.208677827933924,0.0619777680721283,0.155519532846679,0.408317268241883
2506,0.0321334924504747,0.293563987269625,0.121824704269775,0.0407848894991657,0.210741016183569,0.30095191032739
2507,0.0196007241194753,0.0429008304667242,0.110985166930597,0.0351451474502268,0.166671924946536,0.624696206086441
2508,0.0154363002748224,0.0497573864129277,0.0689212735976807,0.0458605109698545,0.356554621277902,0.463469907466813
2509,0.0266795293677895,0.0604482590173693,0.178072798624873,0.0554897886891501,0.176200151741461,0.503109472559358
2510,0.0233282951228967,0.0860473184717163,0.0627003429286211,0.045581013871457,0.297694539148403,0.484648490456906
2511,0.762017864419934,0.0772576525172519,0.0443031166467726,0.0666538879809358,0.0370364492334006,0.0127310292017051
2512,0.0601945972038855,0.15472278309003,0.103016563792168,0.115896191042715,0.42930503629047,0.136864828580731
2513,0.00855368435803604,0.025785433835267,0.0791028014808166,0.039232030520818,0.283601002419903,0.56372504738516
2514,0.116679573798385,0.662775977010256,0.0426241079352288,0.0251492146313175,0.108598922399216,0.0441722042255977
2515,0.0190306662071295,0.0384010185300596,0.0808726322244259,0.0381032119151111,0.154394033253034,0.66919843787024
2516,0.0630844084723296,0.109497405293986,0.0816339446865684,0.128260644387332,0.363523316021787,0.254000281137997
2517,0.0396096269639288,0.403382093080312,0.100681879068832,0.0179682973329122,0.145381006557932,0.292977096996083
2518,0.42557350533633,0.249478535707506,0.104244859722941,0.0660192909448596,0.0856967463195455,0.068987061968818
2519,0.0453245242447603,0.836592435998002,0.0232049669612589,0.0104541947645455,0.0458534494059223,0.0385704286255111
2520,0.0264464902087144,0.034519857558904,0.0292539399688146,0.0988717810887903,0.62691717995425,0.183990751220526
2521,0.0581997604948211,0.115170688834756,0.331317113666338,0.0914642787232039,0.147663211335773,0.256184946945108
2522,0.391962767850796,0.203735328957476,0.148994071401691,0.0722394293210469,0.111602845574228,0.0714655568947618
2523,0.0548940209856289,0.417527728928102,0.07646692164692,0.0283579457728475,0.233699643404733,0.189053739261769
2524,0.0691132784736266,0.153281469864584,0.281509187286412,0.0771509880365237,0.155002223454968,0.263942852883887
2525,0.117260483202099,0.0744928603005608,0.0887457479881736,0.360582653813752,0.300134406739219,0.058783847956196
2526,0.129162931032713,0.234791580358551,0.075219413472172,0.116498456772743,0.290299801282472,0.15402781708135
2527,0.520191654197695,0.16863122610399,0.0961301663437574,0.0496539731105817,0.0944072874846277,0.0709856927593484
2528,0.0121602830182787,0.0292965857974756,0.0959286380073417,0.060933898673076,0.223608925288244,0.578071669215584
2529,0.0778216800789715,0.110893902841623,0.287234562288934,0.0740691631032802,0.115796887463105,0.334183804224087
2530,0.00969338775228063,0.0439045666811964,0.205033694149926,0.0466744050393562,0.130864470518651,0.563829475858589
2531,0.0358161587035116,0.145592944100874,0.135534036169132,0.102167950717571,0.272655433345012,0.308233476963898
2532,0.0435783808331879,0.179845045163092,0.146050556649155,0.0629316976873121,0.227181760691958,0.340412558975295
2533,0.00955901545928502,0.0220441431569363,0.0915094025683573,0.019383631934937,0.0428543167630411,0.814649490117443
2534,0.233803103390437,0.0657472013764559,0.0646091120757911,0.449569317165551,0.105101812746994,0.0811694532447707
2535,0.0545496235477637,0.122416070811168,0.179986667308037,0.0665099906864487,0.193244454537843,0.38329319310874
2536,0.158266562522223,0.261445694396108,0.124533460278951,0.0678535206899095,0.165070689075613,0.222830073037194
2537,0.0453625683928108,0.747025357204092,0.0757595887962206,0.00986652150234423,0.0630303852393336,0.0589555788651989
2538,0.215338724171273,0.106589976827106,0.0761557039228766,0.0985198675425803,0.290768543390354,0.212627184145811
2539,0.219000868163268,0.258086368033237,0.206123455252382,0.0479040769702983,0.124383991866675,0.14450123971414
2540,0.305366826127554,0.15171626996729,0.0585190447656252,0.170897103626906,0.266346115419686,0.0471546400929384
2541,0.162211812034571,0.0790144277567153,0.0413290053227589,0.284897427654414,0.351482522841106,0.0810648043904336
2542,0.0938304202828789,0.475947744841638,0.0866453211617741,0.0517186693850303,0.210056190201978,0.0818016541267002
2543,0.0179072134830548,0.0366644698052934,0.0762818839548483,0.0189428418693159,0.184019338075709,0.666184252811778
2544,0.0882387058871982,0.161917252650563,0.13657758148313,0.229935197923284,0.164751557148147,0.218579704907678
2545,0.0398035773868299,0.355748330716593,0.0701525746081401,0.0214110771952765,0.312144828215378,0.200739611877782
2546,0.0381703420976928,0.0374133024532143,0.017394384598168,0.218367941270875,0.597024783485308,0.0916292460947418
2547,0.0915339551320092,0.181241843626199,0.315852768614226,0.0726195169163606,0.149921497921877,0.188830417789328
2548,0.0591323279874848,0.095652531468177,0.145769056959557,0.204580031257513,0.375191041441617,0.119675010885651
2549,0.00912012105214042,0.0357764746985426,0.0428795420057619,0.0524951378133769,0.28038634726087,0.579342377169308
2550,0.0181946829648134,0.0233007871917579,0.0211594867857621,0.142006334176656,0.612970196656091,0.18236851222492
2551,0.121548779815197,0.196272913967684,0.0829774847285111,0.191954351110666,0.247282430421105,0.159964039956836
2552,0.15584632183283,0.345474392901564,0.173309708293808,0.0722146450591769,0.113454395723995,0.139700536188626
2553,0.425393765151231,0.262230508548543,0.0444939053705783,0.110916313437589,0.125369492013271,0.0315960154787877
2554,0.121942451038439,0.252992644765326,0.118545321406457,0.128630033720932,0.279575077876624,0.0983144711922234
2555,0.02682589282024,0.115138690903657,0.117832201158624,0.0773713326703951,0.429491197562587,0.233340684884497
2556,0.0937531222412532,0.329885727357771,0.270565912711274,0.0698861178647595,0.10946205697025,0.126447062854692
2557,0.329011264716553,0.220574437983615,0.276850342991986,0.069410318461417,0.0698988898183655,0.0342547460280632
2558,0.0487851790846788,0.130304796126707,0.560563425170642,0.0501162284465624,0.0980508456609317,0.112179525510479
2559,0.0688988505588473,0.462532172504705,0.160829477222818,0.0334880232868349,0.0991415224113118,0.175109954015483
2560,0.0132246149479269,0.117174433260517,0.108404404496102,0.0386144460463372,0.158915499775497,0.56366660147362
2561,0.0370174613980477,0.0815644369673136,0.182048581919858,0.0351128882202686,0.12920326384093,0.535053367653582
2562,0.299748554415466,0.401306666083402,0.0498888949601006,0.0526407928207727,0.157518260409318,0.0388968313109405
2563,0.264168854495868,0.176913290257561,0.21938651525525,0.110827474615973,0.124513990776194,0.104189874599155
2564,0.133252549949082,0.0909739788096655,0.0886634900159051,0.226856139848052,0.297812906494626,0.162440934882669
2565,0.0233289117731326,0.0611926379903,0.0900379487203206,0.0430295728255353,0.173716509859924,0.608694418830788
2566,0.0229906073716641,0.0447640253857846,0.0962784402963194,0.110205793202842,0.265721097692381,0.460040036051009
2567,0.0423331071751883,0.137238601146586,0.116994133008378,0.0766325574595307,0.13899506279262,0.487806538417698
2568,0.00951555406726638,0.0525868320199775,0.0878844629256141,0.0392059633325895,0.207754961455981,0.603052226198572
2569,0.0361855347796013,0.110968169872309,0.239207688538958,0.0317816418449995,0.173841084752036,0.408015880212096
2570,0.0459093696241952,0.474648779837604,0.113121971444686,0.0296872791191338,0.150963072982333,0.185669526992048
2571,0.0921069595432818,0.0705182298654713,0.04349178955174,0.309410367433357,0.339896174761875,0.144576478844274
2572,0.0971684505838333,0.117492035601041,0.273001921456089,0.16222315341305,0.137869388680417,0.212245050265569
2573,0.101925948879883,0.298101393919957,0.11737417931099,0.0487883891488748,0.187920882095026,0.245889206645269
2574,0.0297092684723227,0.0538219393518914,0.0484595145871832,0.285426144586321,0.477878567778886,0.104704565223396
2575,0.020354155663569,0.0262935120309241,0.0185963756941799,0.120902793061611,0.690844409849801,0.123008753699915
2576,0.285822417675809,0.338322307964325,0.155773926085286,0.0691021580479201,0.0689437743258004,0.0820354159008598
2577,0.0435107071222536,0.24997634402238,0.296202297561155,0.0349061716739445,0.138678104703368,0.236726374916899
2578,0.00668761104742557,0.0162629185132943,0.0626249191243126,0.0197838808580377,0.062634724463973,0.832005945992957
2579,0.275355220140247,0.229022210740785,0.243098866949841,0.0510842319740401,0.110981786220578,0.0904576839745096
2580,0.0734926076039,0.300296929958781,0.141809514850666,0.0402262574266689,0.185055995688918,0.259118694471066
2581,0.0231202131026362,0.0548883993721049,0.0847241554407807,0.109490795299131,0.362312700487472,0.365463736297876
2582,0.164887865410783,0.550887137566654,0.0618331115955012,0.0313893418229438,0.127771195482652,0.0632313481214668
2583,0.0653348516888523,0.579044347890827,0.179442915598131,0.0192933577967093,0.0794137242507094,0.0774708027747707
2584,0.250301090721118,0.650334060034445,0.0295216044663751,0.0100887991098051,0.040571439586113,0.0191830060821441
2585,0.032830617272099,0.0727576594134899,0.0881483036040847,0.0905828563192532,0.403174382818504,0.31250618057257
2586,0.0439320301792536,0.262715979712914,0.113055922363982,0.0400611213073057,0.161479916386247,0.378755030050297
2587,0.200093583465981,0.0754819706520578,0.0704398505902219,0.224469676050171,0.325748861057095,0.103766058184473
2588,0.0360991781909076,0.0304006781337668,0.0374777227164673,0.120343935342466,0.676685525859079,0.0989929597573137
2589,0.051309910184132,0.0879502578543216,0.0671355347054478,0.15061039689757,0.536308879853647,0.106685020504882
2590,0.0173300920521822,0.0600377022415778,0.134079663217812,0.082308656610449,0.203348586169707,0.502895299708272
2591,0.100432249187345,0.145592609255384,0.287040521773789,0.0707104752519832,0.0891399393814648,0.307084205150034
2592,0.0192894879099204,0.0420112188753751,0.0405364155975152,0.098184847375119,0.689244960317553,0.110733069924517
2593,0.157109430142867,0.228157744395398,0.0928585117032201,0.151877359323846,0.211783721274787,0.158213233159883
2594,0.0456008754943352,0.0631682143746069,0.0664507765185557,0.0355244098985885,0.327439416868921,0.461816306844993
2595,0.124299975847545,0.135226574061202,0.184898089444107,0.160875805969547,0.193504446942829,0.20119510773477
2596,0.741186686628889,0.0760920091800042,0.0189893251657934,0.109835266748603,0.0415797014560881,0.0123170108206222
2597,0.0161601583356353,0.0498408521236989,0.17653267032946,0.0508469220715131,0.204234090309034,0.502385306830659
2598,0.0246335012663419,0.097883151647959,0.0963185999734355,0.0232517777496396,0.123315117472536,0.634597851890089
2599,0.251126213433789,0.250560936272302,0.0955832137039033,0.115832631217607,0.180742856322064,0.106154149050336
2600,0.0328575850301615,0.0917441269824,0.115272624111094,0.111064975219328,0.518828409666209,0.130232278990808
2601,0.0506594259730926,0.104525830433785,0.242030186782209,0.0762164634391781,0.140739138125178,0.385828955246557
2602,0.0246786539317155,0.0860831123705914,0.112081303860776,0.0508704143374486,0.172442832292688,0.553843683206781
2603,0.0467282278489961,0.632151473259328,0.0399928201447398,0.0355397654948261,0.158307250843759,0.0872804624083505
2604,0.058936320970741,0.155079522999275,0.32300140893923,0.138346714690684,0.133089271636861,0.191546760763208
2605,0.0364346371761598,0.16070833065831,0.269919345660031,0.0733473780784045,0.199442582970914,0.260147725456181
2606,0.0467783149701969,0.0916740689334503,0.154358189302815,0.0536293913420955,0.195935578686528,0.457624456764914
2607,0.0119090524023023,0.0223195357080251,0.0702657023162579,0.0296157908843373,0.116424711564699,0.749465207124378
2608,0.192096366397116,0.166245403301295,0.0757886091189952,0.151294029627487,0.226058401666478,0.188517189888629
2609,0.0190494347723789,0.0393057773798849,0.0505541367610351,0.104703833975859,0.498688102595687,0.287698714515155
2610,0.0833484586435655,0.182245438757899,0.0617512356941335,0.182265568591725,0.287655048961029,0.202734249351648
2611,0.0245038778809698,0.10929314895189,0.259978847080362,0.0627999119142761,0.0844763709859647,0.458947843186537
2612,0.0625199630001393,0.210020128332342,0.148586612246867,0.0638604070576344,0.147610148257408,0.367402741105609
2613,0.486698643329402,0.329909809670385,0.043092551202451,0.0523205084398038,0.0685632491504128,0.0194152382075453
2614,0.121369785925892,0.108030702821403,0.0759945108176782,0.145996661016072,0.230121574449877,0.318486764969078
2615,0.432152096780321,0.226341750610954,0.155145274448606,0.0604020921703779,0.0791885351829051,0.0467702508068362
2616,0.0170873368496707,0.056982878197036,0.0629339355602957,0.0593101237047416,0.424980089574574,0.378705636113682
2617,0.210299691224536,0.344948918499298,0.202257046579185,0.0420837408804497,0.114173319379694,0.0862372834368374
2618,0.0579977532318378,0.0833866263462918,0.0987216387901483,0.0749369943913491,0.415933736308025,0.269023250932348
2619,0.0212673207495178,0.0242138056928272,0.0192881552491574,0.0830297420627848,0.707511536944561,0.144689439301152
2620,0.0169470615836747,0.124620404447547,0.247120332474352,0.0458645829424977,0.26798908481132,0.297458533740609
2621,0.0447729135770017,0.099795717647469,0.0699682330470996,0.146943771213434,0.496680333793618,0.141839030721378
2622,0.0105380090501702,0.0228872125137605,0.0452246785807369,0.025873199400221,0.140662517027468,0.754814383427644
2623,0.294051651936563,0.24986709649304,0.0434640442120052,0.0757009727362088,0.268741262262263,0.0681749723599198
2624,0.0436405546412648,0.0817254678453539,0.1283306121455,0.0865792690497535,0.20637770616962,0.453346390148507
2625,0.122183990090242,0.282551466551138,0.373389127100939,0.0428253743160212,0.0837847434607151,0.0952652984809438
2626,0.015727542967879,0.0342152430924974,0.0681194721555184,0.0342387127561346,0.123888723691964,0.723810305336007
2627,0.0868534683339367,0.186617775372382,0.297666100290625,0.0515626014157772,0.155989987488369,0.22131006709891
2628,0.122587311060274,0.188908874407261,0.0970250425114367,0.238618745526426,0.267395658384873,0.0854643681097291
2629,0.0451360210666152,0.178336174592734,0.0874076677031439,0.0546711640776185,0.312777429275352,0.321671543284536
2630,0.168184501834539,0.129270106351181,0.156817814893593,0.090595577816232,0.199200916092315,0.25593108301214
2631,0.0254057414330249,0.241232460935417,0.232433641678028,0.0421293701791055,0.199429631503839,0.259369154270586
2632,0.0114398825539836,0.0307868966604334,0.0797771871914204,0.0325488134839714,0.125802497448685,0.719644722661506
2633,0.136154265964112,0.438946157608036,0.0664191887822865,0.0885621694269733,0.178617483297569,0.0913007349210226
2634,0.0495281138036631,0.0803773186077692,0.266885008111934,0.0923196463859078,0.150776189097985,0.360113723992742
2635,0.0277833819719237,0.103645390602755,0.0858304411851477,0.0486388782958382,0.510556294413466,0.223545613530869
2636,0.0309991908088721,0.067448448261493,0.150532941463348,0.0805173611147847,0.324659586749994,0.345842471601508
2637,0.0279254371266227,0.0767097965734777,0.0410523373457777,0.034539522828759,0.652435799937308,0.167337106188055
2638,0.0674433404079833,0.0465105498297963,0.0821360229447387,0.344300157121852,0.223059869155136,0.236550060540494
2639,0.105205561801455,0.0824922591139077,0.0510670463759414,0.277309218766949,0.387655082467929,0.0962708314738184
2640,0.0288581482855637,0.0431911489920604,0.0657613775075005,0.0385810806018332,0.122171778102843,0.701436466510199
2641,0.150912965792764,0.156736688744243,0.155559355932876,0.126195053647408,0.236347756371017,0.174248179511693
2642,0.0284541067625065,0.116825538747872,0.147151117966555,0.0494380456980278,0.181982309903471,0.476148880921567
2643,0.341172524277886,0.418961439725762,0.0210218260531681,0.0894473141511018,0.0960570939323777,0.0333398018597043
2644,0.0120766772365051,0.156437610689677,0.0566541581635434,0.0233535674524237,0.193035926197272,0.558442060260578
2645,0.0250460130400044,0.0629150581185693,0.045351431058358,0.0671045646988575,0.344391928081935,0.455191005002276
2646,0.0109052958456949,0.0314955389010105,0.149278127028303,0.0315173584934758,0.0664562496262178,0.710347430105298
2647,0.0634209003994966,0.0942301870965689,0.120395212803543,0.131901316409088,0.233244799780182,0.356807583511121
2648,0.182354322421431,0.26192813219741,0.344556486373938,0.0500364686326851,0.0651545790628642,0.0959700113116721
2649,0.0464586987799973,0.0565203816765245,0.115140994902477,0.0722397262065435,0.237728813396944,0.471911385037514
2650,0.0718891032437827,0.0749937265480991,0.215431495222125,0.077461298301823,0.140556344055179,0.419668032628991
2651,0.0268128863129372,0.0637568152115638,0.0424446814209247,0.065260050829158,0.514846742780649,0.286878823444767
2652,0.0301913176059231,0.165744708108574,0.0771133521372309,0.068309125152087,0.38292529037665,0.275716206619535
2653,0.300752325105553,0.251447245582289,0.104535652510324,0.0587337757681641,0.164983884945574,0.119547116088097
2654,0.0100628241360003,0.0403788203878184,0.0866885306644021,0.0465952935745869,0.114394429323988,0.701880101913205
2655,0.460596857799838,0.238982008271282,0.0481949152614325,0.0804964533234192,0.130000053321768,0.0417297120222609
2656,0.0161183634418431,0.0797379917186754,0.0742721145884136,0.043224569669707,0.363530195432261,0.4231167651491
2657,0.0286270549894398,0.0502095940874428,0.190310163622211,0.055610718602406,0.114681034414323,0.560561434284177
2658,0.180462538430512,0.155590156911857,0.124641617611148,0.269004042135726,0.161660068290766,0.10864157661999
2659,0.207280617877153,0.117451654919124,0.13940797578239,0.320589407482724,0.119336179596915,0.0959341643416942
2660,0.01784165714273,0.0361727771658037,0.0458396570753,0.0554857857304206,0.223936926890392,0.620723195995354
2661,0.0125822855740719,0.0459976859065286,0.158976206661985,0.0586606581887587,0.124188005100155,0.599595158568501
2662,0.012554195408819,0.0665818034305312,0.121577352451226,0.0237366732311665,0.147017577311131,0.628532398167126
2663,0.00995783290552965,0.0324919286849558,0.0592793345392573,0.0476533073006497,0.360201971938841,0.490415624630766
2664,0.0522927435716446,0.117498378503884,0.0483084569254439,0.122964953316481,0.479524623962513,0.179410843720033
2665,0.246092443460383,0.28283213220225,0.122426384123438,0.0728177740643781,0.162968175481489,0.112863090668062
2666,0.0184444984755831,0.0389121935504006,0.18051746817967,0.041871683158273,0.0538677926667796,0.666386363969293
2667,0.0710570458432822,0.146655561442086,0.393066482342904,0.0898874148361734,0.164385038732002,0.134948456803552
2668,0.0235855383918708,0.0962734302217342,0.377620058163337,0.0404128570861244,0.117004746120994,0.345103370015939
2669,0.0461139418481507,0.228891926025798,0.117752636816339,0.0269230796409362,0.172384167241071,0.407934248427705
2670,0.0144666528948341,0.0566909605039683,0.163106310782848,0.0374365028801427,0.174432453848572,0.553867119089635
2671,0.0453280742886916,0.0744596811908474,0.0494892016936593,0.113406701519954,0.277547517388912,0.439768823917936
2672,0.01658687081848,0.0770020956540839,0.174325066769248,0.0370618435383212,0.154183382403752,0.540840740816114
2673,0.298117520066853,0.332919254692514,0.0505259083672988,0.107211988362549,0.159226831971501,0.0519984965392839
2674,0.0403821658649374,0.053061684710481,0.0836998552037452,0.2508203740345,0.32707100107702,0.244964919109316
2675,0.589359275832107,0.197244053630728,0.0164499183468086,0.119549776900471,0.0568225973887246,0.0205743779011618
2676,0.0333396644310554,0.0452551248879255,0.0769564339190786,0.166289919831287,0.38907166897509,0.289087187955563
2677,0.0954634953421405,0.189275362528393,0.262970579859289,0.102195116175338,0.176737182349529,0.17335826374531
2678,0.0478556611637166,0.145769021121417,0.227363987371045,0.0705751998470097,0.26924488559667,0.239191244900143
2679,0.0044855475350066,0.0142082831811293,0.0413770842282375,0.0306562225274803,0.300006583076314,0.609266279451832
2680,0.074830796698661,0.135432963959048,0.332677378635204,0.178417489549211,0.138724149703444,0.139917221454432
2681,0.0603001283976061,0.201810177116651,0.128183621935922,0.0793514204795027,0.237204540461972,0.293150111608346
2682,0.0192221935205036,0.0399036998725117,0.134694881779989,0.151096503114562,0.187332847925188,0.467749873787245
2683,0.473561880001196,0.26634487198592,0.0503286058570555,0.0885465100550606,0.0951968296255513,0.0260213024752165
2684,0.0184977336532141,0.0452951260200121,0.0660255271894324,0.0952821344972564,0.379366431314974,0.395533047325111
2685,0.128275093326963,0.100979040404276,0.197111921035793,0.0597363608027689,0.093938297166288,0.419959287263912
2686,0.0183857963019875,0.130396734727603,0.170702645630224,0.0395427282721928,0.165297066215766,0.475675028852227
2687,0.357742190574207,0.206411283182443,0.076950852647057,0.161231894532195,0.156442590226249,0.0412211888378489
2688,0.0477464148363557,0.16617213000407,0.0844985477719742,0.203010517432583,0.317417534776889,0.181154855178128
2689,0.149353232902882,0.604624735389625,0.0375216525282513,0.0514736468359452,0.119571098263311,0.037455634079985
2690,0.0135625587984801,0.0298581937937238,0.0496686910003494,0.187722520340283,0.485467750949267,0.233720285117896
2691,0.0480011702684901,0.211109320275551,0.0821315870670752,0.0593296309767332,0.282313508417304,0.317114782994846
2692,0.0802209550730888,0.109545452171652,0.225950750569309,0.100987528684813,0.180361878156686,0.30293343534445
2693,0.0379735905469672,0.0778724072628331,0.229623116543525,0.0649544679157497,0.123747529505076,0.465828888225849
2694,0.0134819321816082,0.0325640356328019,0.0755497574290023,0.0609232041245805,0.2290011068317,0.588479963800307
2695,0.651938370619678,0.164959180255972,0.0337702874990137,0.0737012489978509,0.0555640268207336,0.020066885806752
2696,0.0279136981573712,0.122887787079563,0.284914043680022,0.0523254725587845,0.106959747115799,0.40499925140846
2697,0.0596123889365814,0.190883345277295,0.263191669699314,0.0545173554796582,0.131047183446585,0.300748057160567
2698,0.0246659247888042,0.0719314244139494,0.209117571563293,0.0596983276968619,0.214150237771282,0.420436513765809
2699,0.0289276564854956,0.161719054026527,0.31299692846408,0.0452721656622601,0.0995467206171334,0.351537474744505
2700,0.00496058519557348,0.0443835398585462,0.0325906323860516,0.0168659294205663,0.288431056915787,0.612768256223475
2701,0.0310953495829743,0.0399960225220033,0.0802924953657314,0.128870919226327,0.229231716751693,0.490513496551271
2702,0.489841102850029,0.169242774541044,0.147803872281352,0.0670714670224017,0.0663662479117183,0.0596745353934553
2703,0.0795251472428605,0.0813767240913088,0.16006398581107,0.112966265987207,0.303148530212614,0.26291934665494
2704,0.047186454233661,0.218038434770239,0.438313868166252,0.0646287301978337,0.106115574973453,0.125716937658562
2705,0.0220186273933374,0.181697057853095,0.428869582490832,0.0312795811346534,0.109656200973002,0.22647895015508
2706,0.0299662686740768,0.0877555966849186,0.17533022264365,0.168675571592969,0.16558265878846,0.372689681615925
2707,0.0168217781271309,0.0229368574698563,0.0357838847008653,0.0545148142782127,0.65203516631066,0.217907499113275
2708,0.317848101392923,0.353728516766893,0.0682288399994863,0.0749076503266739,0.139672246653538,0.0456146448604862
2709,0.0673740999438503,0.171259027235582,0.337803555728973,0.075449859177018,0.0924625655128585,0.255650892401718
2710,0.0876850030829526,0.120021160449202,0.247188282295711,0.0931876941272418,0.157305635082134,0.294612224962758
2711,0.0393823517852646,0.0883093179417311,0.146456549199566,0.0587890599890703,0.284906058096216,0.382156662988151
2712,0.133531260036969,0.114393102167375,0.100524591091766,0.160911462111709,0.349049928567274,0.141589656024907
2713,0.115224997633986,0.218694438033484,0.276612779771174,0.0682244205861995,0.1149565529757,0.206286810999456
2714,0.00998797212270106,0.0859284331211081,0.15783152270298,0.0337360667711828,0.195972414767014,0.516543590515014
2715,0.0496619135910673,0.124228625709382,0.403162752706855,0.0603222061577963,0.18228581372701,0.180338688107889
2716,0.0351283321818423,0.056356776631468,0.102186032224086,0.0848175122890978,0.375296684971336,0.34621466170217
2717,0.0153308410407148,0.0338844174668673,0.0345464606670455,0.0417082004358234,0.22307804968613,0.651452030703419
2718,0.0231434527988707,0.0553350645759441,0.26547546630484,0.0784577013575876,0.184273044781016,0.393315270181741
2719,0.046918522334186,0.126285351582392,0.192154200060933,0.0752539077171265,0.282673356140012,0.27671466216535
2720,0.180339098385478,0.12154836776171,0.22572061559889,0.101367362426945,0.196784357008787,0.17424019881819
2721,0.0320637701464916,0.0795612714122687,0.117289534224874,0.0742019446339745,0.27047492906917,0.426408550513221
2722,0.292050519663318,0.502108437125334,0.111495141871908,0.0147847021166208,0.0498058799019339,0.0297553193208856
2723,0.0566515575656726,0.158635708246627,0.191986669846852,0.0886848282910693,0.155153611623236,0.348887624426544
2724,0.684552129608663,0.0909013397921605,0.058585034112413,0.0776994308901912,0.0653594453719305,0.0229026202246418
2725,0.260184940577509,0.366805248041203,0.0495578913771689,0.129196279982105,0.126444475713497,0.0678111643085187
2726,0.0818944746055401,0.120904036291398,0.0871523889752289,0.19964631708506,0.428344988258334,0.0820577947844394
2727,0.00874447426796062,0.0371479199363925,0.0924017572495786,0.0390798557642044,0.266866608444594,0.55575938433727
2728,0.0298949130788364,0.0596955154231967,0.173500490034607,0.0643529017670033,0.129480850169129,0.543075329527227
2729,0.184783849056953,0.259192038239524,0.0926810007640598,0.0969621474411567,0.222013226715224,0.144367737783083
2730,0.0311368029647441,0.0443217822842695,0.0974906580631102,0.0878374249338342,0.380377772934136,0.358835558819906
2731,0.130967525578223,0.153197859056463,0.0862995821722779,0.196712888171782,0.320528481886526,0.112293663134728
2732,0.0411683554548148,0.0997293009292173,0.273348082921441,0.0541061126502198,0.120012763610655,0.411635384433653
2733,0.0510992612722431,0.134284335934159,0.182435728115138,0.187001150322886,0.342631600340866,0.102547924014708
2734,0.0349908608310998,0.706930702058315,0.0499537558708818,0.0133909090994261,0.0959614632501965,0.0987723088900811
2735,0.073031284520117,0.452749434468171,0.124646103985471,0.0344170121511211,0.10825020824007,0.206905956635049
2736,0.0442662956722421,0.0756542553028225,0.0498933646082837,0.342408158954713,0.397424665761665,0.0903532597002733
2737,0.128795522683374,0.158284976475936,0.239386018276373,0.123916775438043,0.157392530501759,0.192224176624515
2738,0.0390340227540661,0.111237868343573,0.132165342240574,0.0639124697082144,0.162923440793102,0.490726856160471
2739,0.190484813574828,0.347195153453041,0.165756199428605,0.0375496988300943,0.172460914537033,0.0865532201763989
2740,0.2360403622426,0.368376576969307,0.0626524293752571,0.091760960640857,0.119301918331711,0.121867752440268
2741,0.0808148135097589,0.347647020750317,0.11545117502523,0.047419690152692,0.2304429823711,0.178224318190902
2742,0.0706048274949043,0.0721429860158681,0.0557267543102848,0.210016013541857,0.42410643740461,0.167402981232476
2743,0.206683942495147,0.17985096044321,0.100108743262979,0.134004174454824,0.220985327357962,0.158366851985877
2744,0.0271578847373618,0.0726591245055728,0.0801261551737302,0.132882883968587,0.539095067748446,0.148078883866302
2745,0.0335456476177584,0.170962007053481,0.283753497574597,0.0927662894067593,0.210839430514478,0.208133127832927
2746,0.0234728484895352,0.0707712774711418,0.11290677786856,0.0508850596823532,0.245098577891791,0.496865458596619
2747,0.0260300116219141,0.0241403004220159,0.01656256157622,0.114344465802569,0.609413207120636,0.209509453456644
2748,0.0145715977370544,0.0577750866476671,0.0790129660827256,0.057174314444589,0.509206021779806,0.282260013308158
2749,0.241362206243355,0.0944576339489984,0.0499563449610972,0.266830601111779,0.23919488721788,0.108198326516891
2750,0.0199954390639595,0.0817801982916826,0.360391837794305,0.0469056469041947,0.119063323534391,0.371863554411467
2751,0.183034601531388,0.203773564779921,0.0914606041507587,0.152521725743232,0.276013646751894,0.093195857042807
2752,0.0434816944806417,0.150647291908013,0.221060443262002,0.109678909044903,0.174486654314067,0.300645006990373
2753,0.0622284810762882,0.067302072605742,0.0292352551900643,0.319649776626166,0.447166744335962,0.0744176701657775
2754,0.0243975687400888,0.246412134179032,0.141805380450749,0.0385573002269313,0.261445237278311,0.287382379124888
2755,0.00628167642483151,0.0123151680577824,0.0441175164009954,0.0207192829901135,0.210246163613379,0.706320192512898
2756,0.0242102798563077,0.0430995465233879,0.12157430428014,0.0342676884052525,0.0554871313355116,0.7213610495994
2757,0.0185771147303054,0.178079295113045,0.0434768761809736,0.0510799298736793,0.423147082455632,0.285639701646364
2758,0.0849343935420903,0.239288393153949,0.187950982671619,0.0482781220312837,0.239176996566588,0.20037111203447
2759,0.0264610110217425,0.220829211586898,0.0991142282629025,0.0203596579819805,0.195375600853124,0.437860290293352
2760,0.485976486395903,0.105560452154307,0.0316357860939581,0.305458277980527,0.0574182796400458,0.0139507177352592
2761,0.163956262931139,0.125910343664616,0.107967638671089,0.200756275386142,0.284680963999824,0.116728515347191
2762,0.0182389384570137,0.167373151005594,0.157632676260196,0.0507221027132439,0.318507676973515,0.287525454590437
2763,0.0523399826042906,0.202185931559799,0.241053976535777,0.0678899210309385,0.183963597312871,0.252566590956324
2764,0.0169621385895156,0.0331313616089587,0.140559514286837,0.031779861503225,0.104798383703079,0.672768740308385
2765,0.0541945704156753,0.156591405909498,0.202732685284567,0.0569855530730783,0.168179576607656,0.361316208709524
2766,0.0386590737230089,0.134593286855048,0.108121041858295,0.0802099336186886,0.304677620312381,0.333739043632578
2767,0.0465923736460539,0.143575329273763,0.173199606800691,0.181934693102866,0.242401398423235,0.212296598753391
2768,0.0511596343467166,0.251252156452129,0.317408581367639,0.0469455094485916,0.125607909515323,0.207626208869602
2769,0.0551679769364968,0.366452705266482,0.106075721750601,0.0888283919327814,0.221517624826812,0.161957579286827
2770,0.0068846463819006,0.0492561984557782,0.163971517663221,0.0360415305304781,0.148958729937055,0.594887377031567
2771,0.0317350732824316,0.161792415043234,0.464445975251827,0.0652570253252534,0.112698814808896,0.164070696288358
2772,0.0784840534716559,0.10666537410192,0.147706432968877,0.192790181681214,0.291221254361279,0.183132703415054
2773,0.0614209434043468,0.313441511071874,0.158337327873637,0.0459436099765215,0.250202806227112,0.170653801446509
2774,0.131968029421075,0.488377695368735,0.0743894892361096,0.0421069648417437,0.151182781028055,0.111975040104282
2775,0.00945907834559048,0.0290300743380611,0.136508322958152,0.0210165381812489,0.115888825763742,0.688097160413205
2776,0.0167476879246996,0.0373278184644766,0.0599498152666052,0.054041276000433,0.226714081942579,0.605219320401206
2777,0.00556532019892448,0.0195321605105233,0.0930242363778721,0.0237140780489074,0.0740078310143735,0.784156373849399
2778,0.126570688370757,0.140620169128179,0.15604151841974,0.116572381985612,0.185864678870313,0.274330563225399
2779,0.0567439304333096,0.124743803335158,0.332175847137305,0.108197004130746,0.14805059837946,0.230088816584021
2780,0.0577273142534983,0.221545142925253,0.32046460844208,0.0678740519093686,0.134037086969109,0.19835179550069
2781,0.0180331768659553,0.0343292956764473,0.056151111946099,0.140358189350612,0.503015663836508,0.248112562324379
2782,0.0179556575496554,0.0586294830369595,0.225461784704676,0.0395635941550817,0.141776350480619,0.516613130073009
2783,0.447966995825385,0.314830668684088,0.0846757227069677,0.0573633029403061,0.0687036580634202,0.0264596517798327
2784,0.0711362632098888,0.299067700054336,0.0671688948227126,0.108136066596928,0.336549672884493,0.117941402431641
2785,0.00676023370787746,0.0241998566154664,0.0583147206338955,0.0405560661927189,0.245964318885231,0.624204803964811
2786,0.0225896189298557,0.0825512513607322,0.0742808651649349,0.08114054018717,0.342737471639954,0.396700252717353
2787,0.0122042662447907,0.0401913185662034,0.077875610933381,0.0351763495151341,0.213786112989566,0.620766341750925
2788,0.0191615322144962,0.0662519881289647,0.143853535976128,0.0453487018805334,0.130166282720654,0.595217959079224
2789,0.0691506047077609,0.085105438776259,0.287925491475967,0.0964214400660628,0.190055099834729,0.271341925139221
2790,0.0694192303953687,0.163871328339558,0.0701583885325308,0.0997813033997135,0.381249374880055,0.215520374452774
2791,0.185355884626854,0.0821217592403049,0.0607336890718365,0.384829120207913,0.213882529387935,0.0730770174651573
2792,0.583829674042885,0.256553346086688,0.0233334162064715,0.0483303789820827,0.066737532766871,0.0212156519150014
2793,0.0150110725069102,0.0702395939040187,0.0595195012613593,0.0408404694803311,0.390037176570679,0.424352186276702
2794,0.493066554214671,0.165015590343388,0.0641089759569574,0.121044045711258,0.115881365591552,0.0408834681821733
2795,0.381683240042886,0.141767780842077,0.0705259302336349,0.247911470423928,0.123724206280808,0.0343873721766658
2796,0.00930656090234775,0.0326159353519834,0.127544197014244,0.0331032155665332,0.0991302673890677,0.698299823775824
2797,0.0399774263747112,0.0566562502814131,0.0896559620297702,0.111565793120116,0.150574329468144,0.551570238725846
2798,0.0134880730973351,0.192770161743398,0.167566687225849,0.020738043356808,0.184258255284231,0.421178779292379
2799,0.126108470422112,0.179525375630416,0.308099402314701,0.0397346050168558,0.132665130656221,0.213867015959695
2800,0.0115040219204191,0.0360938122849018,0.057008281184659,0.0498214205192817,0.211830338124019,0.63374212596672
2801,0.0177477191201368,0.0379312197350965,0.0276498108121041,0.0457183969736224,0.467447120317942,0.403505733041098
2802,0.029760970345696,0.0854813988497895,0.0657577110921766,0.0932633148902105,0.342577127721657,0.38315947710047
2803,0.0773416858873523,0.571093785004027,0.103970306178853,0.0233888912236801,0.123259624679631,0.100945707026456
2804,0.0188033704369911,0.0861472171064122,0.127954471732537,0.0632534933787848,0.342476931522684,0.361364515822592
2805,0.269878351382942,0.179122713239017,0.235474731252568,0.0951893416417249,0.143378666505832,0.076956195977916
2806,0.115931113910715,0.0727181608480811,0.0658923248348565,0.2732580797718,0.294112228720901,0.178088091913646
2807,0.0710927249961743,0.179487879051014,0.180448163186039,0.0979897382305896,0.191944667687029,0.279036826849155
2808,0.014647698353726,0.0429543567196671,0.0542656103051008,0.032279813882434,0.245679643526967,0.610172877212105
2809,0.0427157169448056,0.108991025399936,0.322172412917901,0.0654815194220014,0.109784704932045,0.35085462038331
2810,0.0117191036006759,0.0376293614277794,0.0674202433939486,0.0807792563031296,0.440167191512812,0.362284843761655
2811,0.019680499058898,0.150478399885767,0.20142202381509,0.0583340280198705,0.233446220708319,0.336638828512056
2812,0.49972672442005,0.24992860089183,0.105286571108545,0.0603950377036918,0.0521468826134402,0.0325161832624436
2813,0.109893680240616,0.108568611506889,0.144937782705199,0.118075775989867,0.30880658696643,0.209717562591
2814,0.0310573928991462,0.226877735413939,0.228961004057564,0.0488117699744596,0.167186452720764,0.297105644934127
2815,0.0521479274150491,0.0831633765529349,0.149338877773363,0.106842315605742,0.154547828833728,0.453959673819182
2816,0.193843169137715,0.178178112724423,0.274940299781398,0.0932109390136252,0.166630861874815,0.0931966174680231
2817,0.0792493274150623,0.427764864343945,0.103828603525449,0.065456582247869,0.198472653357137,0.125227969110538
2818,0.316536754637251,0.33975860597257,0.149341653766999,0.045585062617352,0.0771477557322415,0.0716301672735864
2819,0.439493369793339,0.376720808598657,0.0665726935891503,0.0317229324210517,0.0590700257570487,0.0264201698407528
2820,0.306723491529308,0.211294945555486,0.308688648534502,0.0566649808329574,0.0705719041582973,0.0460560293894494
2821,0.00714650006788804,0.0375917858561709,0.0346132943598307,0.0167135031717368,0.354280566281906,0.549654350262468
2822,0.214646718876348,0.270797724102297,0.161661768945057,0.0600320661009776,0.172311406294764,0.120550315680557
2823,0.0641776759346727,0.0846656419121501,0.120798571254975,0.0999532074299576,0.175012498100659,0.455392405367586
2824,0.053270053257657,0.136192049240917,0.211365679992909,0.0697543112822547,0.225444482092727,0.303973424133535
2825,0.0098726771619224,0.0626145958651117,0.248114572775065,0.0344985347854755,0.0554087602141711,0.589490859198254
2826,0.0343297349374471,0.199761355829934,0.0604863018736461,0.0520884961233053,0.387008347481579,0.266325763754089
2827,0.0867485547407243,0.498807192713234,0.116806964701891,0.0279089024915773,0.119350659395058,0.150377725957515
2828,0.0304278178758161,0.158185612873974,0.161277369969639,0.0679732862654658,0.292848556658197,0.289287356356908
2829,0.0385269869411769,0.0400434389626889,0.0436177722374212,0.157600900811921,0.576830624578195,0.143380276468597
2830,0.00791536291035593,0.0408178365483892,0.128047989748379,0.036731899384393,0.157249351355539,0.629237560052944
2831,0.350300994642806,0.445492841699399,0.0755242736305416,0.0417244805444824,0.0503853391488073,0.036572070333963
2832,0.0401412067235027,0.287692860407497,0.2014183396878,0.0370864334854722,0.208801551268114,0.224859608427614
2833,0.141321774224687,0.119985124920228,0.098725561083109,0.193369833473276,0.282079435292001,0.164518271006699
2834,0.0308858625396931,0.0745486018295397,0.099792821464473,0.0455230575532068,0.216299875326989,0.532949781286098
2835,0.220706285083539,0.237072787003892,0.0486561628878317,0.202134195946802,0.196047588183149,0.0953829808947849
2836,0.0165928873677835,0.0347162822491466,0.0608255085344631,0.061340329205394,0.257210217727861,0.569314774915352
2837,0.0653299781487633,0.247526931685149,0.333955850195738,0.0638987740472055,0.132645729167925,0.156642736755218
2838,0.185246127036693,0.220229610904162,0.19993771325362,0.0866564058530242,0.134500480737895,0.173429662214605
2839,0.104179547127679,0.158136269113457,0.165154029856929,0.11351112790942,0.246366661864186,0.21265236412833
2840,0.123899197194901,0.0926643214389821,0.144307210876129,0.16080849073075,0.234923365052143,0.243397414707094
2841,0.45667761094265,0.108240558850596,0.0506332128958921,0.167938081196609,0.147248510651687,0.0692620254625662
2842,0.0116394320688251,0.035027617292487,0.0318877134182063,0.061486562311061,0.502641873860171,0.35731680104925
2843,0.112825997465096,0.126470020691848,0.162660205369154,0.112352455303871,0.209301415574437,0.276389905595595
2844,0.039872473122322,0.138159245804745,0.483827915845894,0.0338870456971141,0.0949619775612173,0.209291341968708
2845,0.219617161323061,0.375829947961089,0.15947573326907,0.118231282804151,0.0920575155230675,0.034788359119562
2846,0.0126106578208064,0.0281770651216779,0.0428885475218543,0.049061357993281,0.321716792335398,0.545545579206983
2847,0.0159707203388713,0.0487257040570609,0.0574896051168429,0.0630753590602462,0.46540243904932,0.349336172377659
