"CUS_ID","F20-","F30","F30+","M20-","M30","M30+"
2501,0.0735184353485892,0.513982188366857,0.102768391860849,0.0367010724043276,0.125279894391307,0.14775001762807
2502,0.0578347637233318,0.170812586890778,0.146085158522211,0.0843107540168689,0.335921870026709,0.205034866820101
2503,0.0589497397244826,0.343513910119793,0.0753048881407937,0.0793345012800274,0.274660022598281,0.168236938136623
2504,0.354047897175893,0.137599245902023,0.116080368754588,0.158838352610554,0.133442573585568,0.0999915619713737
2505,0.0411460467653077,0.141994837580387,0.165641385272421,0.068106585730541,0.170128984210369,0.412982160440974
2506,0.0228948920222165,0.371815390238875,0.101954297345696,0.0275287995515444,0.211327500520471,0.264479120321197
2507,0.0202380764735574,0.0393755552246533,0.102974132808025,0.0358931863648597,0.177855788255448,0.623663260873456
2508,0.0139652714577106,0.044463578987037,0.0542211969917309,0.0385311357305486,0.413847196659009,0.434971620173964
2509,0.0293997445727712,0.0635410441945077,0.164774605582547,0.0550675022382808,0.170638740681598,0.516578362730296
2510,0.0155531974128728,0.053735930264713,0.0471994852830884,0.0408845199781998,0.361642328138909,0.480984538922217
2511,0.681281297375133,0.0817557552755676,0.054051166280698,0.115784540653129,0.0482402772549242,0.0188869631605485
2512,0.0632855436956612,0.178057530202923,0.0755721973696351,0.12530504351195,0.428442066175872,0.129337619043958
2513,0.0114972801193214,0.0289071146962998,0.0703724192808896,0.0481544593360171,0.322458160942395,0.518610565625077
2514,0.0770088105944539,0.658060554250839,0.0481172776662562,0.0311826236650169,0.125556776936548,0.0600739568868854
2515,0.0212294879977276,0.0481909206743644,0.0965857936022328,0.0430570664837209,0.167826936048704,0.62310979519325
2516,0.0774571946003775,0.0976076147005466,0.0710079363286774,0.123499885405544,0.418855333533278,0.211572035431577
2517,0.0338453346727601,0.391838339945235,0.098240967949692,0.0175338964616503,0.146681430728406,0.311860030242257
2518,0.40988391801055,0.278297330503387,0.108488363306403,0.0590614036043876,0.0777943404050153,0.0664746441702575
2519,0.036719415157939,0.86585706887249,0.0168332159738151,0.00660428565764742,0.0434688591505038,0.030517155187605
2520,0.0249868491074191,0.0446367061266838,0.0239898835037774,0.0785942925555879,0.660787621599341,0.167004647107191
2521,0.0534157980974016,0.0869563195776069,0.350266669315999,0.07989662067845,0.117160409712937,0.312304182617606
2522,0.278816197052319,0.204539491036034,0.197805521903868,0.088456370039951,0.136545837721598,0.0938365822462294
2523,0.0533164661073934,0.51061920681326,0.0632739816321202,0.0213099873178979,0.185305232869099,0.16617512526023
2524,0.0720214549130136,0.165740221907961,0.241114089214647,0.081004081207659,0.160929162208635,0.279190990548085
2525,0.0885471032746303,0.0753245167952689,0.107802555499697,0.285491644291063,0.363062667483175,0.0797715126561656
2526,0.122014650039161,0.221036026864918,0.083628665310194,0.104072113599086,0.294275320815499,0.174973223371142
2527,0.593735774639756,0.141846065971206,0.0742443534170434,0.0430059917230478,0.0808451865939999,0.0663226276549463
2528,0.0138132775560256,0.0267446527069597,0.0590080080602036,0.0601613163316224,0.206737182127063,0.633535563218126
2529,0.0781962564503875,0.112343018437911,0.298832354830704,0.0864165385009976,0.120488586958764,0.303723244821236
2530,0.010400620526498,0.0404714020942946,0.199995987928644,0.0416127798220358,0.123143219386378,0.58437599024215
2531,0.0475227025895228,0.159963792275148,0.143506700755201,0.0815028998056084,0.263824471606066,0.303679432968454
2532,0.0441008984895679,0.182838908910915,0.144190990934321,0.0631356750647681,0.206029930953638,0.359703595646789
2533,0.00810603573566305,0.0201012168402873,0.0663513333749217,0.0148633725370709,0.0424047546429133,0.848173286869144
2534,0.286930370515546,0.0997378958448574,0.0841604641381172,0.321103190172584,0.117702642167548,0.0903654371613468
2535,0.0518895789592195,0.122040771734536,0.139676515146216,0.0687273819433896,0.180264305403031,0.437401446813608
2536,0.116578780537164,0.257413721571959,0.118651586831533,0.0754214021426374,0.166274443270339,0.265660065646368
2537,0.0520036817116203,0.731974583734296,0.0756397520656625,0.0101693074657186,0.0725779723984339,0.0576347026242691
2538,0.300488750948945,0.123129029695485,0.0631921395462496,0.0940575389247571,0.264268466762888,0.154864074121675
2539,0.192118731276652,0.298977193249795,0.178955424745235,0.051516318280097,0.149144468869411,0.12928786357881
2540,0.322837026774206,0.142852242958431,0.063507375964814,0.139608426539464,0.275917756859414,0.055277170903671
2541,0.144761439330431,0.0785648926726556,0.0462536332360869,0.282518103254046,0.367889348806626,0.0800125827001541
2542,0.118321447017604,0.4268765129972,0.0849546343011917,0.0478332469103506,0.233896870786171,0.0881172879874825
2543,0.0198868159158182,0.034706579961715,0.0825233858886557,0.0198554030138562,0.19242340293601,0.650604412283945
2544,0.0919255705523552,0.133455913844965,0.125420819034357,0.282748909361048,0.142043144224946,0.224405642982328
2545,0.0338252346479089,0.353790610542319,0.0655895556223526,0.0188852874597327,0.308341018068052,0.219568293659635
2546,0.0448314624873397,0.0458038378747824,0.0247286838380216,0.249490716097509,0.549487336125264,0.0856579635770832
2547,0.104120227742808,0.204881930549039,0.260876113857952,0.0713198488789657,0.166419197795492,0.192382681175744
2548,0.0678880770899915,0.0874339949281291,0.113839782740521,0.287180965141541,0.345261391680925,0.0983957884188915
2549,0.0110623570578825,0.035706841755472,0.0442835191315294,0.057366999245228,0.293492337829382,0.558087944980506
2550,0.0153597183570366,0.0202913541161802,0.0216735036931259,0.162636783831453,0.608825939751768,0.171212700250436
2551,0.122895004212233,0.204662604170351,0.0927169534998541,0.188864598536895,0.223382113371167,0.1674787262095
2552,0.115744659717067,0.360771052254463,0.177444761595776,0.0598930166594528,0.121670938800776,0.164475570972466
2553,0.468297463184722,0.228213284606016,0.0468278170832425,0.115055976528209,0.115187841629524,0.0264176169682872
2554,0.0987944322988237,0.243715545657932,0.0905830296106264,0.134648354679583,0.315302617298206,0.116956020454828
2555,0.0231279729660884,0.113822545890307,0.0996433369161251,0.0590091360894682,0.471488889217901,0.232908118920111
2556,0.0678349886027513,0.295196228631805,0.310984379317326,0.0636787535461847,0.123035526644463,0.139270123257469
2557,0.351990393298577,0.235567011072382,0.271212339971046,0.0561970998395854,0.0557370492824445,0.029296106535965
2558,0.0388777917212641,0.107501356112075,0.606055442237957,0.0566815867868127,0.0949786035025965,0.0959052196392944
2559,0.068534816917013,0.464441418351858,0.167229556505166,0.0324535107672397,0.0914164965097239,0.175924200949
2560,0.0155759785787854,0.0994315088100921,0.0918762226708439,0.0325164120204353,0.147717629519502,0.612882248400341
2561,0.0265285011197527,0.0871470443567576,0.174890505787661,0.0341212144548136,0.119960072603838,0.557352661677177
2562,0.293769172452289,0.385139325761887,0.0422666199595667,0.0509668550459849,0.185681314539847,0.0421767122404252
2563,0.262056222705315,0.196411502684274,0.226918969763215,0.122682528732165,0.111727531197027,0.080203244918003
2564,0.193586016579014,0.09023690077303,0.0794139477890469,0.283767702585197,0.242964750035182,0.11003068223853
2565,0.0212129942153775,0.0673157150533816,0.0925408120577017,0.0510409955075299,0.200740062744722,0.567149420421287
2566,0.0209603259685072,0.0447114368023001,0.114395033207333,0.0869628379459708,0.185010017061708,0.54796034901418
2567,0.0471249693192533,0.139343125259501,0.130343094663039,0.0651956489537534,0.137129671014972,0.480863490789482
2568,0.0156508077305414,0.068467799660385,0.0875473216214902,0.0368228896116788,0.214098601835676,0.577412579540228
2569,0.0373403375299939,0.103395061203096,0.20581197624035,0.0385136951432659,0.173745619098851,0.441193310784443
2570,0.0413321255848309,0.582353886978111,0.0741113829933861,0.0232155251626607,0.136521755323535,0.142465323957476
2571,0.103999031241054,0.0857518777718871,0.0512516997892463,0.249210774108924,0.344801182265086,0.164985434823803
2572,0.0938761362265903,0.0986351903810706,0.362325415330396,0.11967407078049,0.110274822478478,0.215214364802975
2573,0.0792923949038333,0.308102339476899,0.0957401672992664,0.0468721018017192,0.200334243417534,0.269658753100749
2574,0.0487170128606465,0.0634573098450708,0.0524027098737686,0.256831217311508,0.475727174064151,0.102864576044855
2575,0.0249928364363362,0.0285774662853572,0.0226436149053233,0.127428291500864,0.678616937654905,0.117740853217215
2576,0.321015296221716,0.337067701924666,0.139921821042015,0.068298688091662,0.0650425209535505,0.0686539717663914
2577,0.0403158160475843,0.276717785220873,0.33422991647206,0.030560553445687,0.130829267766611,0.187346661047185
2578,0.00572456280960802,0.0141157461313326,0.0476253295834491,0.0163985970897543,0.0697985453887112,0.846337218997145
2579,0.302099633898769,0.18437038099132,0.24979778937602,0.0565104088323072,0.101257675693581,0.105964111208003
2580,0.0688690585856939,0.300044112175575,0.164805980918493,0.0335966716643546,0.169330226084891,0.263353950570992
2581,0.0168440830431008,0.048206857799128,0.0775132653551645,0.112729884257483,0.445362918313495,0.299342991231628
2582,0.154556262343377,0.53272756185441,0.0639153407456923,0.0420790961595247,0.149591807041401,0.057129931855595
2583,0.0801002302438236,0.547702984349909,0.186108182601836,0.023087468987679,0.0891771363570555,0.0738239974596974
2584,0.228874005361699,0.630931959403651,0.039648232144219,0.0169189860834539,0.0585358369941853,0.0250909800127925
2585,0.0212463618108834,0.0597773306927751,0.0719307200889719,0.0821377310506731,0.424059029734987,0.34084882662171
2586,0.0550839068254344,0.237671954436097,0.121508963842769,0.0411028670901661,0.15269397456859,0.391938333236943
2587,0.190873352764599,0.0745945970212269,0.0660432927556532,0.201571269221896,0.350835697364531,0.116081790872093
2588,0.0345940880213518,0.0336784074536424,0.033530767884359,0.106338976195062,0.691786955600094,0.100070804845492
2589,0.0601037135792731,0.106829320044072,0.0589837853095908,0.122208213075541,0.518945602355999,0.132929365635524
2590,0.0136622774660269,0.0529970024512275,0.121222960833303,0.0742914339932313,0.173177652623906,0.564648672632305
2591,0.0890074774712158,0.122746419636793,0.27335056053943,0.0812018256390787,0.0941146962524673,0.339579020461015
2592,0.0221789304136667,0.0358066511817303,0.0376953865418791,0.107358028903276,0.65353613358254,0.143424869376907
2593,0.197645403688846,0.228112761363984,0.0849571096120858,0.212632480628051,0.172640663986813,0.104011580720221
2594,0.0387893831109563,0.0749386126403893,0.0670348632876601,0.044446446496557,0.329424864772841,0.445365829691596
2595,0.12668146498443,0.110280324766775,0.208752533010525,0.181629061726686,0.164716246119494,0.207940369392089
2596,0.72295192625352,0.0863824684091138,0.0193334871252289,0.111931687146881,0.0472750350953387,0.0121253959699182
2597,0.0161510913783599,0.0585955835937566,0.20891911751056,0.0454768246339636,0.161429008806202,0.509428374077159
2598,0.0201030114514236,0.0998734008303049,0.12969825367394,0.0235244735161516,0.136365718002428,0.590435142525752
2599,0.212426092749458,0.275746844907681,0.100111109897917,0.133727534498472,0.178441723678114,0.0995466942683576
2600,0.0382762482618165,0.0830028193983229,0.122249761007217,0.0984220736107663,0.530009806792388,0.128039290929489
2601,0.0546948005697084,0.103137540103277,0.216983288973403,0.0630684449935166,0.130578031560609,0.431537893799486
2602,0.0243727015380278,0.104679965323674,0.141785687770297,0.0560454205541102,0.191246689744285,0.481869535069606
2603,0.0372456150895212,0.635986985553648,0.0319690050878619,0.0262804521043791,0.190256842404171,0.0782610997604191
2604,0.0396259298709899,0.163830583987279,0.314841733570696,0.144133747902441,0.123192648677006,0.214375355991589
2605,0.0277734355386891,0.142038428735973,0.32540451694732,0.054287912384323,0.15072220130184,0.299773505091855
2606,0.0544579242220672,0.111929329635119,0.138585602471083,0.063242833394121,0.221466223851398,0.410318086426211
2607,0.0114917339977927,0.024754660906054,0.0642875106879332,0.031699524389428,0.133060685376201,0.734705884642591
2608,0.201135955974662,0.176781925232531,0.0743900424919598,0.133806228220787,0.228822515885826,0.185063332194235
2609,0.0237529229810586,0.0415484862494558,0.0585508679126491,0.0928111332962564,0.472737505878036,0.310599083682544
2610,0.103872980118517,0.213589925469282,0.0712734321246277,0.152895769520177,0.273738135710495,0.1846297570569
2611,0.02981160085603,0.127402420520773,0.300616676620328,0.0625610450984002,0.0836951821128046,0.395913074791663
2612,0.056396565195293,0.241478295645109,0.13018212527784,0.0486612042903213,0.162992725527303,0.360289084064134
2613,0.502145528964698,0.326274984540077,0.0411141351156549,0.0545031532391144,0.0602004203854829,0.0157617777549736
2614,0.142390606896063,0.102606879066489,0.0740978827510564,0.162603525910372,0.23841513423434,0.27988597114168
2615,0.45944096315623,0.239953054266574,0.138009003052923,0.0496477011284788,0.0742336654584449,0.0387156129373484
2616,0.0208093331439766,0.0588147596124089,0.101428284653191,0.0570444898685226,0.360016495351045,0.401886637370856
2617,0.230105756436424,0.347773093094382,0.185255689921214,0.042285385629078,0.11717372678837,0.077406348130532
2618,0.0819295156227594,0.0939239515329616,0.0880402587006944,0.0742780903318358,0.429730500514702,0.232097683297047
2619,0.019233137270676,0.0252961608492702,0.0194610623668554,0.0603712212877716,0.73331056331928,0.142327854906147
2620,0.0201693517188756,0.119003934481194,0.218470388546054,0.0402821796108291,0.295695324353213,0.306378821289835
2621,0.0401599207656903,0.102472702407113,0.0563111557362768,0.124237597620813,0.535627680944591,0.141190942525516
2622,0.00941765194593432,0.0208318993726934,0.0517158269424771,0.0246015635664475,0.119607881307378,0.77382517686507
2623,0.227326031392682,0.27310022112026,0.0436595849110318,0.0732300035051383,0.306599228933885,0.0760849301370033
2624,0.0576583684460149,0.0670687167281946,0.117942045817695,0.101187725419145,0.162686866127396,0.493456277461555
2625,0.0811917678315788,0.203910369359209,0.506108585378218,0.0376931618334107,0.0733847830805626,0.0977113325170214
2626,0.018198046414555,0.0394103459575437,0.0802311164432007,0.0383651396985483,0.166687390912451,0.657107960573701
2627,0.0714899158926876,0.172732263729294,0.326083589369934,0.0517552574437516,0.144578463995921,0.233360509568412
2628,0.130238580671,0.171040719998091,0.0697067922470158,0.245827301324981,0.271757694996922,0.111428910761991
2629,0.0377951087610256,0.208024272993159,0.0793600939976297,0.05125131337494,0.314659619736321,0.308909591136925
2630,0.109778488481758,0.103335804885725,0.114769624925907,0.0968544015006438,0.234640020844977,0.34062165936099
2631,0.0224003574451628,0.234037309037735,0.25899554116949,0.0396528453912953,0.205279483495398,0.239634463460918
2632,0.0126696787140567,0.0350904564744167,0.0672926494958589,0.0324382211846762,0.158751880044596,0.693757114086395
2633,0.133464151527486,0.403596985863646,0.0694091439510868,0.0915818781539501,0.201071498972707,0.100876341531124
2634,0.0449004271463364,0.0901520052555376,0.287211649428347,0.100842008021311,0.151762896411084,0.325131013737384
2635,0.0364709137306155,0.101061957354435,0.0647126682092854,0.0580521806273498,0.516250418849698,0.223451861228617
2636,0.0343117084417283,0.0877257778681046,0.167578251639743,0.0815718586207372,0.328703333202419,0.300109070227268
2637,0.0300647027777646,0.0716787272976572,0.0393575311096875,0.0355189229260349,0.622317786045108,0.201062329843747
2638,0.0877399792358325,0.0529185436401973,0.106008051008721,0.282870226357469,0.224605672577666,0.245857527180115
2639,0.0938258910862417,0.0790093076324755,0.0600070027961974,0.230866261581281,0.423386599398429,0.112904937505375
2640,0.0240091895448941,0.0394458882433477,0.0853889426975371,0.0435622470823767,0.115312603390903,0.692281129040941
2641,0.250191868071151,0.176763383000184,0.151114158537239,0.108612557150258,0.181389374669313,0.131928658571854
2642,0.0324273144467563,0.100986633507912,0.125215893142563,0.0466246788312839,0.211620594375776,0.483124885695709
2643,0.416718985592884,0.349059088530518,0.0243191761394901,0.0973764573379301,0.0835358683158962,0.0289904240832821
2644,0.0144997145177094,0.165009057363449,0.0627046455565648,0.0308441370203616,0.194913437110051,0.532029008431865
2645,0.0227518730921828,0.0630541186337041,0.0461780733747063,0.0521128959797918,0.36426199521325,0.451641043706365
2646,0.0129589478024548,0.0392361311906895,0.147914343187284,0.0508322236986754,0.0835008305874044,0.665557523533491
2647,0.0748394210367194,0.0903830077039845,0.134285572687573,0.130603960207167,0.252740529652118,0.317147508712438
2648,0.206398261349442,0.246502050933786,0.314110155605617,0.0509284882381825,0.0740676563903758,0.107993387482597
2649,0.0459556801606778,0.0689634935501832,0.10229081228426,0.0685031005401572,0.278111284399653,0.436175629065068
2650,0.0647355121011745,0.0655828926498084,0.1927810908737,0.0704692770257378,0.138910869376261,0.467520357973318
2651,0.0250161054682489,0.0625385887526065,0.0481633729785819,0.0623980454949607,0.525444859393565,0.276439027912037
2652,0.0267931430331394,0.207559231818228,0.0757118144916541,0.0580546079833451,0.331632177096563,0.300249025577071
2653,0.308999118715913,0.243302611346089,0.107525197587562,0.059134646960399,0.150762899523704,0.130275525866333
2654,0.0139516804833938,0.0477307381875736,0.0746788590213252,0.0565217472537523,0.170084425069497,0.637032549984458
2655,0.491306710407489,0.203062762294168,0.0381822209926567,0.111641547731778,0.122094055879736,0.0337127026941731
2656,0.0239487451600419,0.0854096817206865,0.0695767524822135,0.0499563233712227,0.406009188439957,0.365099308825878
2657,0.0229863910352612,0.0588479471502494,0.209246684843003,0.051353524647328,0.126930093280801,0.530635359043358
2658,0.190264125113461,0.166096048739955,0.172206022863369,0.176112138738516,0.17442508658408,0.120896577960619
2659,0.218468161744032,0.12187883173284,0.119776919771156,0.33968636383293,0.109730374980358,0.0904593479386848
2660,0.0139736444259581,0.033291793699521,0.0505852802927341,0.0403410130317532,0.248942272752667,0.612865995797367
2661,0.0113023416711301,0.0431678305952696,0.143772413167337,0.0445758083535466,0.124530197707893,0.632651408504823
2662,0.0113565419460676,0.0653029197704885,0.128908586441033,0.022393579030173,0.1298464841915,0.642191888620738
2663,0.0119116529787383,0.041674380234729,0.0646817331970362,0.0464321092890019,0.29912530553449,0.536174818766005
2664,0.0436108138192485,0.103828999475612,0.0443412308866863,0.110354045398379,0.499560058512077,0.198304851907997
2665,0.246393304860931,0.283052454655953,0.119890665737288,0.0801751548083146,0.164115859655499,0.106372560282014
2666,0.0219525486221836,0.0469999732607593,0.203656941959283,0.0543330127604125,0.0646799266584122,0.608377596738949
2667,0.0535890653597181,0.170729340570423,0.418352907498898,0.0738174355654471,0.169320764020663,0.114190486984851
2668,0.0270379468987228,0.0885014440159022,0.399824128342345,0.0483105964911305,0.110156692375774,0.326169191876125
2669,0.068027702581199,0.250783885686137,0.131497541001209,0.031902432450915,0.153626354210078,0.364162084070463
2670,0.0178283886615407,0.0635790514278397,0.174212305799559,0.0426794561778258,0.187230370666495,0.51447042726674
2671,0.044885285788596,0.0763881778403777,0.0483091696094687,0.100742002980889,0.296812196309829,0.43286316747084
2672,0.0150176972045983,0.0961936263476113,0.150725099004912,0.0339875813779082,0.170448712744868,0.533627283320102
2673,0.308798908502231,0.301611056179304,0.0540606672863827,0.10521220239436,0.170298299700606,0.0600188659371161
2674,0.0306406025351766,0.0473378775166055,0.0759185347270222,0.248020406662783,0.360859673447318,0.237222905111095
2675,0.600791017007985,0.173520477225199,0.0161942129563247,0.142383510402897,0.0485161733191795,0.0185946090884142
2676,0.0265662691391376,0.050764173677137,0.0820757236815464,0.142750602716313,0.418496084227353,0.279347146558513
2677,0.104668549661148,0.189700789128532,0.296804286632993,0.0800705852764546,0.197230723145777,0.131525066155096
2678,0.0503078273706547,0.140470731882202,0.183549832329989,0.0733198204111246,0.308977152679381,0.243374635326648
2679,0.00779253853424097,0.0163130864405574,0.0417068073555219,0.0357117063863048,0.334603391076161,0.563872470207214
2680,0.0754134938674485,0.111769726626202,0.338890834107747,0.150766669930013,0.124825157510467,0.198334117958122
2681,0.0427410563061463,0.177338960761358,0.103270376623145,0.0789838630389829,0.256931570330158,0.34073417294021
2682,0.0226172070813209,0.0437252939302627,0.129517701039988,0.117914503538765,0.191634291553929,0.494591002855735
2683,0.484268857769919,0.206818165437992,0.0528101412179103,0.109253580120758,0.116620167481109,0.0302290879723106
2684,0.0195863418300305,0.0454343663207605,0.0566851989630077,0.0704844180485156,0.419724411389896,0.38808526344779
2685,0.168399378616249,0.127708960387042,0.176412297359963,0.0467287507163241,0.101841751952554,0.378908860967868
2686,0.024961017727705,0.147043767500394,0.172863910116538,0.0492189917365393,0.183109101016054,0.42280321190277
2687,0.239122946326929,0.216984503312516,0.115920012467156,0.172743515055391,0.197792482118266,0.0574365407197428
2688,0.0506595721288397,0.163062896942897,0.0905778494916832,0.194488690291807,0.336462805680984,0.164748185463789
2689,0.165306798238866,0.607397229135806,0.0378488262766532,0.0428734255109686,0.109098658286908,0.0374750625507989
2690,0.0168407579756164,0.031123121438736,0.0433672215397602,0.211854969406151,0.499524531292626,0.19728939834711
2691,0.0509230014278558,0.241545125894837,0.0968124500117426,0.0498766475114642,0.25567020010721,0.30517257504689
2692,0.0511019265105771,0.107301784570893,0.23490712591539,0.0842663186846502,0.170502250027672,0.351920594290818
2693,0.0484013431370983,0.076694518832011,0.190810387525745,0.0814338514092388,0.141585323923128,0.46107457517278
2694,0.0170895304347824,0.0319713607032053,0.0746866593145293,0.062456012669684,0.23874415948465,0.575052277393149
2695,0.658508234009085,0.160696298329115,0.0383263673622978,0.0697695581671267,0.0523923280269139,0.0203072141054623
2696,0.0312244058369287,0.141519205499038,0.335782303668121,0.0496477215482322,0.117218122420687,0.324608241026994
2697,0.0518572730931197,0.19021087642247,0.273894297540629,0.0529547762492922,0.138478270781838,0.292604505912652
2698,0.0250001901393945,0.0697146663713745,0.200102712044377,0.0754837199696682,0.226085066034719,0.403613645440466
2699,0.0240403322512857,0.163111389879009,0.355723089338282,0.0370839648585378,0.0826710026166639,0.337370221056221
2700,0.00623391635871847,0.0407705897703194,0.0347287688327013,0.0153212124976758,0.268310862174989,0.634634650365596
2701,0.0303977186035568,0.0523729413612106,0.126518309046925,0.0905604956621894,0.206565063739954,0.493585471586165
2702,0.478311289824216,0.169838665740238,0.143424406800134,0.0677833222336135,0.0784228461647845,0.0622194692370147
2703,0.0755828188009503,0.0810013314624064,0.128015461130173,0.115955249911472,0.339668544475601,0.259776594219397
2704,0.0419489326466759,0.222072205494488,0.474598095566724,0.0665004489633656,0.0887664417375641,0.106113875591182
2705,0.0198984593928288,0.18999507357392,0.410516864220908,0.031724460912273,0.110804647554981,0.23706049434509
2706,0.022346878851276,0.0883668451618832,0.174269096789629,0.177103188211802,0.150319934585388,0.387594056400021
2707,0.016519779837819,0.0260671409612512,0.029042675969153,0.0667838674805415,0.714703845947273,0.146882689803963
2708,0.388392420971397,0.328832271999555,0.0565735564154149,0.0693299806494334,0.118231102269005,0.0386406676951951
2709,0.062324455057397,0.163598788566195,0.26684516349034,0.08704707019288,0.106949177058719,0.31323534563447
2710,0.0688465402607886,0.108190926022744,0.241997679681008,0.0866450902586292,0.160782486389132,0.333537277387699
2711,0.0543904290265883,0.108601135773851,0.158420641776664,0.0578135395062873,0.278387527471132,0.342386726445477
2712,0.151146658196575,0.110301857397581,0.0855958017334261,0.137408283148035,0.369899414104353,0.145647985420029
2713,0.140930902274929,0.200930721677666,0.264645747870422,0.0824385102334965,0.107579710294916,0.203474407648571
2714,0.00844211616144885,0.0848678181971657,0.163406030643063,0.0330549806347314,0.142822502507129,0.567406551856461
2715,0.0357516325202617,0.126384550001876,0.357936284355156,0.0688358328211379,0.220571249323307,0.190520450978261
2716,0.0268460332468459,0.0531838793343488,0.0794218109599608,0.0811872453694725,0.440679104973006,0.318681926116366
2717,0.016570238697721,0.0443561352753442,0.041923323491168,0.0431217602738889,0.250454941965564,0.603573600296314
2718,0.02973592569765,0.0751306522628603,0.23708490765276,0.0980201622950058,0.195546748376678,0.364481603715046
2719,0.051498881699555,0.143479577740936,0.200840406089135,0.0775439912470654,0.284665309074404,0.241971834148905
2720,0.13922908335581,0.10265356233701,0.225395426926622,0.0983491362873007,0.21542754191707,0.218945249176188
2721,0.0234016686072796,0.0662386790516252,0.10712416014029,0.0598394555354899,0.259382771843685,0.48401326482163
2722,0.271081505060067,0.502180067810064,0.11803669134648,0.0177195984339955,0.0605593110818055,0.0304228262675884
2723,0.0561307787021616,0.160952909645143,0.177703515915763,0.0773990724280134,0.155568053437324,0.372245669871594
2724,0.666632066176038,0.0921152736204834,0.0479131741265866,0.101494163119419,0.0691437072862466,0.0227016156712262
2725,0.254633148325276,0.363205078950411,0.0494150117363387,0.148110673382311,0.122272344120801,0.0623637434848623
2726,0.070124779809701,0.116868647987647,0.0760304148907767,0.179363510748689,0.472233110193408,0.085379536369778
2727,0.0157027741745038,0.0513072472932714,0.099366641120606,0.0631504077369573,0.327993115735645,0.442479813939016
2728,0.0286995484236135,0.0679948868692283,0.161763949454094,0.0808053694286249,0.133014953676654,0.527721292147785
2729,0.231314693613092,0.249109022605831,0.0668027132646818,0.0996165632907276,0.2445249200593,0.108632087166367
2730,0.030384386287764,0.0448505451218109,0.125530435489545,0.0819391321912087,0.295390667571681,0.42190483333799
2731,0.148105254541476,0.159503479142786,0.0750281955439623,0.187444790817652,0.302368236792971,0.127550043161153
2732,0.0426061142437456,0.0970295075102474,0.292035703639131,0.0595331919604602,0.119803423481127,0.388992059165289
2733,0.0678802061814912,0.131166547203864,0.136615268858321,0.237664127045332,0.338658446010443,0.0880154047005492
2734,0.01999972826185,0.789145408078415,0.0338272321277795,0.0075325375565141,0.0786347254903649,0.0708603684850768
2735,0.037742922007995,0.389067063988263,0.156064557777826,0.0332145713107826,0.125554473909106,0.258356411006028
2736,0.0408806498010263,0.108645944704127,0.0790775393580745,0.212485217676819,0.429459991302627,0.129450657157326
2737,0.137920216185289,0.142286470109869,0.254705956606562,0.143465524346251,0.146149890534002,0.175471942218027
2738,0.0367966188045116,0.101034844756553,0.138233779654812,0.0520320548790117,0.140650606890875,0.531252095014237
2739,0.173598846605676,0.340695144188574,0.160035293039677,0.044568975846641,0.185355768321645,0.0957459719977864
2740,0.218156870651955,0.355580208489984,0.0699354756624722,0.0989893978268632,0.114092691716827,0.143245355651899
2741,0.060677585768376,0.300339139348569,0.126184300897075,0.0614706989842335,0.273437187069863,0.177891087931883
2742,0.0627114086898712,0.076999843104004,0.0595182265551139,0.170598863004049,0.467107994744891,0.163063663902071
2743,0.191668814773281,0.201834739348866,0.113834674124797,0.118248917246224,0.225214716041227,0.149198138465606
2744,0.0442878742800272,0.0725294898141645,0.0726164082200351,0.139670240163641,0.563370843385368,0.107525144136764
2745,0.028531060762113,0.177879068525509,0.296216603141887,0.0880257416005378,0.177459609205133,0.231887916764821
2746,0.0281194913957637,0.0852993859367803,0.121826495825337,0.0422851815626303,0.226281749602109,0.496187695677379
2747,0.0213218745118604,0.0294661725009494,0.0194907265114227,0.0527228014467987,0.645405681404648,0.231592743624321
2748,0.0156989328972394,0.055567049935128,0.0734780523773395,0.0557812654081939,0.554022707897082,0.245451991485017
2749,0.283394080380819,0.1277366449076,0.0627069868371073,0.236199029702929,0.204796272590672,0.0851669855808725
2750,0.0169216531581367,0.0838486424812768,0.378559645765318,0.0411534112251592,0.123459938665768,0.356056708704341
2751,0.227539338917587,0.214605540040656,0.100799384938961,0.0984409778757192,0.275096329825303,0.0835184284017736
2752,0.0395670420271521,0.152409617120514,0.211722922586068,0.119861682959195,0.16682739256019,0.309611342746881
2753,0.0741476613578049,0.079278549718512,0.0330627175324157,0.235947419065326,0.508506670996402,0.0690569813295398
2754,0.0275865544078844,0.262463129917265,0.126746935632124,0.0332144204882668,0.283747079626728,0.266241879927733
2755,0.00560233447663639,0.0126862252212687,0.0438448500886365,0.0159515823223392,0.153465944768252,0.768449063122867
2756,0.0176780140285503,0.0379817221431593,0.0933356261047441,0.0333614907913439,0.0620135878980479,0.755629559034154
2757,0.0162213479137845,0.178492313328935,0.044503148232629,0.0552553428032464,0.373281324047631,0.332246523673775
2758,0.0899426064912773,0.273338112369391,0.179471850040782,0.0383736367424367,0.234145938310281,0.184727856045832
2759,0.0292164851579566,0.221806949600129,0.0826839305326815,0.0226196786742912,0.226256749671753,0.417416206363189
2760,0.525441768327775,0.113701058075999,0.0374303833803991,0.243932707493166,0.0642387231606164,0.0152553595620446
2761,0.132531199456728,0.132231281379357,0.0843696494692687,0.198261345369433,0.31635269021309,0.136253834112123
2762,0.0169893859593064,0.131385744715337,0.150183843911921,0.0423263292041841,0.340891459168142,0.318223237041109
2763,0.0533519422855811,0.204115601005744,0.278198360310971,0.0622379947287797,0.167641111232818,0.234454990436107
2764,0.0269728739728641,0.0393509867254321,0.153602466149541,0.0389069357204043,0.115923937397005,0.625242800034754
2765,0.0330215082489216,0.171796694461968,0.221390558763435,0.0435546749088194,0.164042368491357,0.366194195125498
2766,0.0389771270555021,0.156714156519067,0.095755459311094,0.0639322368965206,0.316968372493408,0.327652647724408
2767,0.050392939609138,0.132840713273893,0.181294540768098,0.176196122513526,0.203612257002165,0.25566342683318
2768,0.0522264895343605,0.296473964762489,0.364776131708532,0.0388383650677248,0.0889878864021861,0.158697162524708
2769,0.0559824336759546,0.343968130761255,0.132470724724633,0.085121238765623,0.229917545028593,0.152539927043941
2770,0.00833791494307961,0.054461471151127,0.153280924160009,0.0463211584410824,0.157015080530586,0.580583450774116
2771,0.0327755530537965,0.160659664716897,0.493208407204662,0.0678195505374015,0.0987798925008295,0.146756931986413
2772,0.0673699526095406,0.11135442707052,0.12289897502612,0.187288216804186,0.332046797123046,0.179041631366587
2773,0.082056945776147,0.310605389004295,0.130448766381958,0.0573512586671183,0.266382800923731,0.153154839246752
2774,0.0912781723688323,0.459271367279265,0.0752760756036503,0.0471014141938367,0.175213832597423,0.151859137956993
2775,0.00907996974425488,0.0315444236765364,0.101633989381754,0.0215990463274343,0.12684725116433,0.709295319705691
2776,0.0165135023279465,0.0421968885195688,0.0707774596568308,0.0704795590609479,0.258682799354249,0.541349791080457
2777,0.00687020409635474,0.0215850581996783,0.0763471201101689,0.0250498038261763,0.0773523822185707,0.792795431549051
2778,0.120580793219885,0.132677838717206,0.148136952394438,0.104421325058233,0.171799508656627,0.322383581953611
2779,0.0520676076574774,0.0967468887085796,0.336921476308955,0.12957516603691,0.139450442665657,0.24523841862242
2780,0.0466235337479051,0.215880834545711,0.301577485037939,0.0580873319491217,0.127527308493569,0.250303506225754
2781,0.0169189191201904,0.036151462598481,0.0573654242978657,0.135268788060449,0.491312691672281,0.262982714250733
2782,0.0194638322634846,0.0651366244807656,0.214529494036016,0.0404192496535161,0.13835155925458,0.522099240311637
2783,0.243083163439969,0.396216082277849,0.115624845207312,0.0767487575964288,0.118840818383226,0.0494863330952158
2784,0.0921818510954501,0.259247454337358,0.0555597951177491,0.120339646011394,0.386267303771501,0.0864039496665478
2785,0.00648929862292442,0.0217795997830961,0.0507565345976058,0.0421763867489488,0.230544279967655,0.64825390027977
2786,0.0209787627099579,0.0781831952844202,0.0667740735825946,0.0756450768074134,0.356462190617182,0.401956700998432
2787,0.0111420967311755,0.0371629334613546,0.0684384517002519,0.0275913467824269,0.16786001291305,0.687805158411741
2788,0.0233411554991124,0.0796315028317609,0.171020551387764,0.0521953006484618,0.13317969748064,0.540631792152262
2789,0.0674407867871689,0.0792646054540661,0.287190565400169,0.0998797223135631,0.204875625069226,0.261348694975807
2790,0.0744287756080056,0.138778250504831,0.068578081021995,0.120790026942247,0.374214343660568,0.223210522262353
2791,0.240087538085768,0.107442739785346,0.05776778311345,0.287253486504635,0.232076273765015,0.0753721787457863
2792,0.568173334976538,0.273901135165264,0.0213351046823065,0.0430381868347477,0.0730623019282091,0.0204899364129353
2793,0.0163664787046039,0.0787314704553962,0.0610244631405416,0.0420809222123267,0.405648482848355,0.396148182638777
2794,0.500611657718908,0.206374567131953,0.0569892582895494,0.0742000221992376,0.123669027893401,0.0381554667669508
2795,0.409192601907085,0.114869137324649,0.0559007863996635,0.27483853702973,0.112653774929028,0.032545162409844
2796,0.0113877476309819,0.0336535590466887,0.116220155025829,0.0324462917865745,0.125249519126887,0.681042727383039
2797,0.0456911368615528,0.07005651626863,0.0993201500265203,0.123610814812082,0.190590260051939,0.470731121979276
2798,0.0183722725078969,0.198044237292115,0.1670462725535,0.0199523507166443,0.227026416859117,0.369558450070726
2799,0.143344244214793,0.184105408333717,0.285294157425329,0.0477255348763491,0.150249552346132,0.189281102803679
2800,0.0143764211005699,0.0308138417257578,0.0548967515945262,0.0493844564868067,0.183682982308592,0.666845546783747
2801,0.0145163668439426,0.0296532883485288,0.0354532810167469,0.0353349300238177,0.41556956024553,0.469472573521434
2802,0.0319250141773211,0.076579222144734,0.0733079858851715,0.104433222672128,0.271679482834723,0.442075072285922
2803,0.0614095500818074,0.605864548471834,0.0811347528815035,0.0170082170559297,0.13388615892325,0.100696772585675
2804,0.0236518681493483,0.0927982800081854,0.133385917460237,0.0787472953917904,0.322654709360479,0.348761929629961
2805,0.238360137086819,0.173007844280336,0.265504401544703,0.0926523224484851,0.13580080312568,0.094674491513977
2806,0.110092705860343,0.0844701011549248,0.0714632426402313,0.276487025228079,0.270343120033008,0.187143805083414
2807,0.0829198510081838,0.16246741297196,0.190410023387736,0.0840339966049995,0.182395776417542,0.297772939609579
2808,0.0126581204724045,0.038902808030739,0.0606790514610596,0.0358491687663226,0.211440457744504,0.640470393524971
2809,0.0488795021253694,0.0955021434589722,0.327497802191753,0.0730554518808273,0.094365304619714,0.360699795723364
2810,0.0128825214625408,0.035718451286794,0.0587173848117017,0.108734137371833,0.436002858600872,0.347944646466259
2811,0.0180116930503741,0.159614657459672,0.210373568530737,0.0558144746439106,0.20594146216606,0.350244144149246
2812,0.40972192300915,0.272847605443553,0.130767251928926,0.074636353288048,0.0721509711973077,0.0398758951330157
2813,0.0906428631914876,0.119717863660119,0.135387598467628,0.121540677270288,0.283817484499541,0.248893512910937
2814,0.0239335224449754,0.221382386638945,0.231251700168155,0.0472049809724944,0.177765630453656,0.298461779321774
2815,0.0439381376050773,0.0847786084087734,0.160077565379789,0.0689625317240867,0.149207029039354,0.493036127842919
2816,0.238782938560845,0.184852327468491,0.284350050112498,0.0904635386744189,0.141499348995038,0.060051796188709
2817,0.0679856428317483,0.415850953007253,0.0980252600270975,0.0634581772388293,0.200063112912262,0.15461685398281
2818,0.262081400989914,0.36276751137789,0.162184469618912,0.0402421449544206,0.0826650837739259,0.0900593892849371
2819,0.42879514114245,0.382256399592395,0.0449218888477634,0.0398128646553411,0.0751462990288548,0.0290674067331958
2820,0.32342881351065,0.223267270973665,0.301741680256819,0.0519221598679447,0.0617711595936927,0.0378689157972291
2821,0.00949930978969896,0.0463904878698978,0.0384073046572471,0.018792862205141,0.362279719987691,0.524630315490324
2822,0.203090607388486,0.258432800008883,0.155215869819451,0.0610220025874627,0.201121406947714,0.121117313248003
2823,0.0627397071204973,0.0963901929633935,0.107123283956216,0.0979446145935891,0.21276611244286,0.423036088923444
2824,0.0361018358170024,0.133055876903523,0.197052503592976,0.0569311830190645,0.231957655823382,0.344900944844052
2825,0.0106190065184739,0.0840336376503942,0.224320796701645,0.0381622581642874,0.0740344191134903,0.568829881851709
2826,0.0369154554903187,0.193838506989788,0.0643896353356647,0.0554447602896511,0.414195340535837,0.235216301358741
2827,0.12416261132385,0.47490057215699,0.111515615077782,0.0261869238663627,0.127327241290453,0.135907036284562
2828,0.0255801516803417,0.154640224063647,0.114121150932935,0.0570967056221407,0.338663925611269,0.309897842089666
2829,0.0293823940783263,0.0405027462552928,0.0419777103610031,0.165321456429575,0.596244794616265,0.126570898259538
2830,0.00972661427472056,0.0397629417485399,0.132399481933234,0.0401889017977636,0.161137334822958,0.616784725422784
2831,0.351131950484066,0.425246111447865,0.087293221895716,0.0421244664693284,0.0542569749472449,0.0399472747557798
2832,0.0321733455098311,0.302845645296851,0.218063176899672,0.0286263536716723,0.192534208361032,0.225757270260941
2833,0.135794631922528,0.110984476313415,0.112737185565272,0.148141957453533,0.29570279887401,0.196638949871243
2834,0.0255610290140704,0.0731151988899802,0.110171820512728,0.0515990009903614,0.207512433521273,0.532040517071587
2835,0.228404712539661,0.2691114415853,0.0509026555047775,0.151562029606479,0.192936378564068,0.107082782199715
2836,0.0189708725946631,0.0464674679917633,0.0614535770676825,0.0588657877020152,0.274133490568529,0.540108804075347
2837,0.0466441027189724,0.253746737345047,0.327422101956539,0.0626074142602124,0.151602004858001,0.157977638861229
2838,0.186004281965514,0.201940812111642,0.19991758336733,0.107855340939056,0.114879981455921,0.189402000160537
2839,0.132713707290978,0.183521615373823,0.16541697933239,0.120037614725426,0.21274811270457,0.185561970572815
2840,0.147239302101847,0.0887291169488154,0.135130508210671,0.183708313948509,0.23097657993137,0.214216178858788
2841,0.425918554999091,0.121933092931263,0.07066381592012,0.132366834296695,0.159598070920208,0.0895196309326232
2842,0.0105462880478399,0.0344844232298286,0.0349313990589871,0.0522554990249301,0.453599950087143,0.414182440551271
2843,0.138007917675053,0.12790700752952,0.158179823450474,0.147273783572399,0.171155057034704,0.257476410737849
2844,0.033312547625424,0.0862586841229962,0.576852163569297,0.0317747441837097,0.0703577467241174,0.201444113774456
2845,0.206137185597203,0.345988545891964,0.158535131692797,0.16009162676147,0.0970868311193952,0.0321606789371708
2846,0.0162450327815935,0.0341072609986405,0.0493146971667608,0.0446033483843191,0.342414943748947,0.513314716919739
2847,0.0132110851423178,0.0401366835386639,0.0425952251043596,0.0459074868734828,0.450986055297229,0.407163464043947
