"CUS_ID","F20-","F30","F30+","M20-","M30","M30+"
2501,0.132523673339165,0.450271787019558,0.0877826045055898,0.0593451293430393,0.159601878305433,0.110474927487214
2502,0.0325512655883608,0.0961301207414921,0.210679404193761,0.0588706997792658,0.36006362561938,0.241704884077741
2503,0.0968469533128467,0.200060170028763,0.0903276313132572,0.0999160600212889,0.344294263301136,0.168554922022707
2504,0.226588904889683,0.183620852150449,0.160178088470344,0.13319774457667,0.144895280529383,0.151519129383472
2505,0.0295647801573918,0.113600407950968,0.18392721393843,0.0596334743803485,0.238030742071252,0.37524338150161
2506,0.031586662852892,0.268220963524578,0.0844870640624696,0.0262382798315788,0.307049361597379,0.282417668131102
2507,0.0128119883398977,0.0391971634251247,0.0764748424734187,0.0309055093995783,0.241950701862116,0.598659794499865
2508,0.0112880707466124,0.0328464649403551,0.0600184709360912,0.0344785607970296,0.401191295778125,0.460177136801786
2509,0.0220659790133541,0.0556573886764057,0.157356922042842,0.0322497777873222,0.173445612283903,0.559224320196172
2510,0.0194989778514663,0.0845218699746862,0.0663683822456479,0.0352413556411352,0.314031354292499,0.480338059994565
2511,0.437845252889104,0.161923465849967,0.109875203949342,0.153764557250221,0.0874399411236137,0.0491515789377529
2512,0.0592708893150731,0.186290423984104,0.0937573138803542,0.117577632543441,0.440080227241966,0.103023513035061
2513,0.00826013476934989,0.047785809151009,0.135089995070966,0.0317117412351305,0.226666258922854,0.55048606085069
2514,0.125222238960156,0.496003660790779,0.0764337713356764,0.0451929129053869,0.187073878489362,0.0700735375186398
2515,0.0160943183566748,0.0553948544544268,0.147322870064595,0.0469225667417789,0.179010250580188,0.555255139802337
2516,0.0988556663171292,0.149669659878588,0.0852272632915283,0.114574556948611,0.251622587041479,0.300050266522665
2517,0.0755163863832963,0.254697277463984,0.155658591547173,0.0302938351120727,0.211455880796377,0.272378028697097
2518,0.305306722758196,0.230265802346509,0.0998501118197445,0.0691185377897406,0.182169018954677,0.113289806331133
2519,0.0734471843202896,0.7312920325709,0.031600373181356,0.0210040389176171,0.0990246219338206,0.0436317490760165
2520,0.0307867916389996,0.0652738814601841,0.0202483456161584,0.0903087171581912,0.628890211425082,0.164492052701385
2521,0.0353880075305233,0.0738839931410758,0.269258756903511,0.0546959691951774,0.132267487281902,0.43450578594781
2522,0.346742914962528,0.260833936250056,0.140633760713207,0.0823148856901675,0.11797726488122,0.0514972375028211
2523,0.0892050592093327,0.325625060498739,0.11537219964844,0.0278559622356998,0.317358194893847,0.124583523513941
2524,0.107085466431319,0.12951469262339,0.256070145351723,0.081155952571134,0.146521878021484,0.279651865000951
2525,0.195075879417339,0.110065341941354,0.0763540858659301,0.33179421750936,0.239596862771331,0.0471136124946862
2526,0.0779476858381882,0.150836358800681,0.0967858482140755,0.0893405401015549,0.345260540421288,0.239829026624213
2527,0.426795827508544,0.181198038973815,0.110772216377112,0.0807649182073506,0.118290520512383,0.0821784784207949
2528,0.0121603078070046,0.0380001230482408,0.0880021896448703,0.0732773678737133,0.285463998824376,0.503096012801795
2529,0.0359308022064833,0.0601851775917474,0.254805474526966,0.0385853317116638,0.111622186306883,0.498871027656257
2530,0.003011624042656,0.0276937870761026,0.121807363194858,0.0202932949910159,0.109969776220543,0.717224154474824
2531,0.0606946339804231,0.136940831452744,0.172474433757208,0.115355444697628,0.271511461722136,0.243023194389862
2532,0.0615485590634848,0.133085056360707,0.156917977061095,0.0957009230161891,0.263926483838665,0.28882100065986
2533,0.00600367614237551,0.0186283527317023,0.0918034997135421,0.0161352881872709,0.0474346593611428,0.819994523863966
2534,0.204046149746129,0.0725541111931571,0.0465950516607682,0.467795871039872,0.145070574076996,0.0639382422830782
2535,0.0693708060278557,0.128748878820576,0.138508505310953,0.0741351803242559,0.205178874146114,0.384057755370246
2536,0.169897887139648,0.204741628512497,0.113526312822216,0.085377870068272,0.203804595308998,0.222651706148368
2537,0.0547494486804624,0.650190162765437,0.0991278393211906,0.0166431745479512,0.10338045410532,0.0759089205796383
2538,0.189258655914944,0.104582444362876,0.0820252700668505,0.102714381877163,0.322352720186869,0.199066527591298
2539,0.148036039806382,0.240473798286539,0.17203190189657,0.0588237912854264,0.186801962688293,0.19383250603679
2540,0.443354910045497,0.18638334924382,0.0382484115030606,0.120310182538786,0.167559441357526,0.0441437053113106
2541,0.159766689414083,0.0834726390783476,0.0295335697300388,0.324520534282714,0.302650991538017,0.100055575956801
2542,0.126301834412693,0.312319501759387,0.0950479708738434,0.0460040045900848,0.336874883039254,0.0834518053247376
2543,0.0139597310176542,0.0283407997493643,0.0619686961765317,0.0171478016906655,0.349697268445941,0.528885702919843
2544,0.144114038805438,0.152876233362324,0.1087117333373,0.208262479636057,0.140686311265033,0.245349203593848
2545,0.0266386007385073,0.241082757552408,0.0461360786652272,0.0205725058594276,0.424182357056661,0.241387700127769
2546,0.052145580918114,0.0367540784282375,0.013637782664447,0.287849538622094,0.525307342834789,0.0843056765323189
2547,0.124291834322802,0.202304344888625,0.183041324880108,0.0613575570284138,0.228741143446259,0.200263795433793
2548,0.0699801731524678,0.0845755662551027,0.122803890772567,0.17224125505033,0.406914983083025,0.143484131686507
2549,0.0075067362358945,0.035705708045248,0.0461661420073128,0.0538010668078107,0.32298268495037,0.533837661953364
2550,0.0264568234590293,0.0503695665955332,0.0172272576838046,0.192067738806796,0.56549664439608,0.148381969058756
2551,0.0761665819473862,0.183815013079953,0.0846752421037544,0.181111121052016,0.269588996013998,0.204643045802892
2552,0.148171400046001,0.360776596133913,0.106337801897327,0.0782180427744835,0.167455486251425,0.139040672896851
2553,0.467968658254153,0.165511034751208,0.0627399897782314,0.141258581939264,0.136184173985329,0.0263375612918152
2554,0.0808941254326535,0.123940463616791,0.0822772407240713,0.13417616403482,0.451610348457841,0.127101657733824
2555,0.0193027789780973,0.0756358294035941,0.0506802130394378,0.0439483465327555,0.595685133960625,0.214747698085491
2556,0.0825859386682747,0.232704268919003,0.290082814063208,0.0678265716950432,0.203692799953821,0.12310760670065
2557,0.19326576306582,0.300238276722957,0.301269235393347,0.0650263332062932,0.0932407837539517,0.0469596078576311
2558,0.0475392299913491,0.112613330773248,0.565071785815379,0.0426996672927458,0.116277460281522,0.115798525845755
2559,0.0833587101228278,0.394236888496591,0.105294207989514,0.0486990895661988,0.150392834319603,0.218018269505265
2560,0.00892650363024405,0.0895292440530154,0.0726641362458385,0.0320802589266462,0.212861465439221,0.583938391705035
2561,0.0340572143698061,0.069542131229368,0.140253265332036,0.0314423247568642,0.146893905049164,0.577811159262762
2562,0.346174153082137,0.37648553634145,0.0554404616868393,0.0461211706720993,0.151046462359529,0.0247322158579462
2563,0.148067067715522,0.224809906064707,0.234478600419287,0.0881616095584547,0.124378712985821,0.18010410325621
2564,0.126489073307467,0.0846268181864289,0.0862353710366981,0.290730202038382,0.250038740987756,0.161879794443267
2565,0.0138873516360708,0.0497178085834216,0.05558471778377,0.0351124738321973,0.174795899190095,0.670901748974445
2566,0.0121165143459331,0.0277892683670012,0.0776146949026137,0.11054049288553,0.29417684641793,0.477762183080992
2567,0.0635470496075296,0.154552747870359,0.123728166481273,0.0799629145433312,0.165076797525616,0.41313232397189
2568,0.0136670245378351,0.0496083029252582,0.0833626612852309,0.037737029675156,0.239141910617438,0.576483070959082
2569,0.0175238188739023,0.0674735212249886,0.201921187747655,0.0258976338032595,0.239665873201665,0.447517965148529
2570,0.0519261595887217,0.452748708195003,0.113212278140366,0.0409784381135687,0.192972000803567,0.148162415158774
2571,0.129650985920001,0.10176109864318,0.0521549675012264,0.273985740589588,0.319227099929508,0.123220107416497
2572,0.084270256844609,0.14116861788954,0.317061338369421,0.1837376448271,0.120083659305551,0.15367848276378
2573,0.0920343206115576,0.291483557226272,0.116441239518422,0.0560977133746561,0.292649954644304,0.151293214624788
2574,0.0545525039503104,0.0596667827298439,0.0415614611422553,0.472078182415583,0.312127580298198,0.0600134894638093
2575,0.0297346750441608,0.0556809287039218,0.0236497460384205,0.156069230552874,0.627915269623856,0.106950150036766
2576,0.266825725576291,0.225737534963631,0.120484796526786,0.0878968984729232,0.171169643517033,0.127885400943336
2577,0.0583654475244713,0.183787103977846,0.184697852684141,0.0468815779008032,0.258221342228274,0.268046675684464
2578,0.00351556582234368,0.0166549670400855,0.0599581670271838,0.0144008275408653,0.0731508545404484,0.832319618029073
2579,0.22616741646491,0.232245767989924,0.322485750636174,0.0352921837703052,0.0840697199129429,0.0997391612257437
2580,0.0922506269496485,0.249762082411742,0.189096075764503,0.0446031147629531,0.207958510447267,0.216329589663887
2581,0.0230173303050208,0.0510937955967129,0.0875956981854343,0.142455336848676,0.446937505003839,0.248900334060317
2582,0.0769707671201142,0.512925542671741,0.0651313920461416,0.0375525822847493,0.24662734127404,0.0607923746032139
2583,0.0439339031686702,0.533845464615462,0.143960244787669,0.02646224692282,0.140657016905331,0.111141123600047
2584,0.26041973607577,0.585032396476859,0.0310435405326006,0.0137780764195664,0.0886862108854327,0.0210400396097715
2585,0.0264205565720719,0.0548160571026458,0.0749401589881917,0.0583679703574878,0.447020927038907,0.338434329940695
2586,0.0600157336706845,0.237762491255669,0.153383516351565,0.056760242055475,0.213801641339122,0.278276375327484
2587,0.229906677061783,0.0969058514377402,0.0739274050952141,0.22240065860734,0.256424752517465,0.120434655280457
2588,0.0723237227436537,0.0560887730267411,0.0398921451550435,0.132925842056707,0.519441921442045,0.179327595575809
2589,0.0340405538938924,0.0722462406357009,0.043987477252942,0.121241907757667,0.574121098271694,0.154362722188104
2590,0.0160708746084018,0.0643379509515002,0.157764564075157,0.0690046864526698,0.16235833631614,0.530463587596131
2591,0.0927188351112076,0.114541785589099,0.159754834708413,0.0681325048632219,0.124203500473551,0.440648539254508
2592,0.031691618977083,0.0762077873431024,0.0607863285521118,0.150173988607153,0.486127407641163,0.195012868879386
2593,0.259786979588945,0.202729023620131,0.0754877094813472,0.236290907718954,0.15285771830142,0.0728476612892029
2594,0.0373023193302936,0.0695573237750736,0.0705927161867857,0.0296089625985583,0.423843023848012,0.369095654261277
2595,0.0980585900691146,0.151116977108009,0.187369444556978,0.119794797165041,0.171600947734078,0.27205924336678
2596,0.74202509681534,0.0942223501425238,0.0224615081774002,0.0900300984012961,0.0409744106214904,0.0102865358419494
2597,0.0140154090390402,0.0498103545063316,0.157082887440277,0.0407873645019018,0.210898341567031,0.527405642945419
2598,0.019701745527129,0.107876704032425,0.143131384278307,0.0235647169656924,0.165371904394119,0.540353544802328
2599,0.194138560203295,0.150134717488304,0.132135286104112,0.213188040714853,0.177033306643912,0.133370088845524
2600,0.0386817407405243,0.103224075292661,0.10456948961415,0.0790459484291233,0.592688327182834,0.0817904187407076
2601,0.0773250208120569,0.0916804775063976,0.19624319740196,0.112510727060191,0.149111638163853,0.373128939055542
2602,0.0109716005763589,0.0537421367890503,0.0873299514809977,0.0402460639787222,0.212651917871208,0.595058329303662
2603,0.0571765335656257,0.461033508511931,0.0568511032296389,0.0355379341733186,0.295891553160748,0.0935093673587377
2604,0.0488189705419174,0.257584072186543,0.239591718099921,0.0630083822857021,0.126240679482282,0.264756177403634
2605,0.0239684415746956,0.136793802810413,0.323476360964109,0.0384161762149856,0.167116467360343,0.310228751075453
2606,0.0753464695991304,0.107499582443042,0.116950489401694,0.0607634669911733,0.28066950974121,0.358770481823749
2607,0.00552934018198146,0.0194787081767224,0.0677928992048518,0.0151996444565722,0.0923003582527395,0.799699049727133
2608,0.192618669035337,0.140960436392989,0.0841207850363296,0.134569787995891,0.285303186517448,0.162427135022006
2609,0.0354581875344125,0.0667671633622838,0.081805677754579,0.0985441512651421,0.292381999748009,0.425042820335573
2610,0.105079584613215,0.148553535687423,0.053092667091231,0.134125891368385,0.298455816441744,0.260692504798003
2611,0.017322313832582,0.038883835693223,0.157557917148934,0.0294665334339875,0.0959973479466646,0.660772051944609
2612,0.0857094795235087,0.255054889996792,0.124321322948114,0.0384393297166158,0.133075501559409,0.36339947625556
2613,0.376139028034863,0.359753039254481,0.0723614194312555,0.0656029717822149,0.0959273873260778,0.030216154171107
2614,0.142401440539978,0.092473713713912,0.0823576822402366,0.153982645243081,0.221038993472341,0.307745524790451
2615,0.274481549014131,0.288951972794547,0.2285675704171,0.0455542690270091,0.0843256687249641,0.0781189700222491
2616,0.0125079352532967,0.0564503344438373,0.0635906247634188,0.0507017478198788,0.511207330451733,0.305542027267836
2617,0.0905247890525844,0.235366575730602,0.366384590222853,0.035978058553551,0.122170102686781,0.149575883753628
2618,0.0384464051499911,0.0803191984003397,0.111733393216665,0.0433207625407203,0.416130792513984,0.3100494481783
2619,0.0485597130162994,0.0650956079718792,0.0280422577490572,0.110404709410004,0.59415091093855,0.15374680091421
2620,0.0117403288003048,0.0977299128458331,0.188768630873413,0.024338147741962,0.304582634182296,0.372840345556191
2621,0.0246897987830188,0.0852209146283755,0.0687597665362302,0.14725754207447,0.520433918793566,0.153638059184339
2622,0.00648059998288677,0.0339004415333943,0.0453027834387253,0.0271250465309692,0.167756946874503,0.719434181639522
2623,0.107309893327893,0.152019873359812,0.0453032455134837,0.0643466000434694,0.503695817535542,0.1273245702198
2624,0.0482409680406187,0.0634093366720585,0.0882203144086737,0.102284783992851,0.199138107230751,0.498706489655046
2625,0.0539636111040724,0.192425591797712,0.509734840225518,0.0364729130850181,0.0996340383908075,0.107769005396872
2626,0.0167295524794694,0.0378628447911294,0.084202080604975,0.046031265843234,0.166276239321371,0.648898016959821
2627,0.045649728741644,0.120239583657082,0.220216256417561,0.0345186942827746,0.225442754317377,0.353932982583561
2628,0.0713788202923528,0.0638057904332601,0.0856598216692114,0.343755594737486,0.334259887869988,0.101140084997702
2629,0.0391888057080039,0.156535933354269,0.0607476987784409,0.0636692251372891,0.452228649684836,0.227629687337161
2630,0.133605159256801,0.158401781909736,0.148191970160953,0.0988929898843904,0.210390704940887,0.250517393847232
2631,0.0271288747886322,0.185965728672352,0.201789951551223,0.0319150836827314,0.322357703382052,0.23084265792301
2632,0.00884769411612928,0.0262530975240254,0.070046741074931,0.021413040929595,0.0968367927882112,0.776602633567108
2633,0.151526728422176,0.301292419230185,0.0608217674513199,0.103871318865776,0.285848406654175,0.0966393593763692
2634,0.0373201204700287,0.0598837312865767,0.245738118038419,0.0643797784385785,0.175485149162267,0.417193102604131
2635,0.0237115958883896,0.0745218370943906,0.0623902662537899,0.0275140190710374,0.60840808506615,0.203454196626243
2636,0.0143025931562792,0.0641112911198347,0.0934889170100167,0.0245966492216152,0.340385863631555,0.463114685860699
2637,0.0352015140039646,0.11478424841706,0.0433646063213547,0.0211778685894284,0.600994845105775,0.184476917562418
2638,0.0889073734531694,0.070960419113548,0.0678784823743939,0.367226554511889,0.185052836955304,0.219974333591696
2639,0.0568901256597103,0.0695226839203542,0.0488983816568692,0.390731962984095,0.326078100611184,0.107878745167787
2640,0.0157143278380165,0.0370731429341647,0.074108297787787,0.0300938253987673,0.138631116193602,0.704379289847663
2641,0.125129405027399,0.187311686062079,0.125481001104604,0.145680836759457,0.221858150036926,0.194538921009535
2642,0.0284020156749561,0.0933372815324058,0.165634846600358,0.0469080477616603,0.237401825621725,0.428315982808895
2643,0.337218582504946,0.316739854686681,0.0429446655504377,0.165379391547777,0.0997715792678196,0.0379459264423386
2644,0.00780847902220592,0.0582813627921623,0.0430208041711608,0.0192635636872876,0.1857804625516,0.685845327775583
2645,0.0153697292076378,0.0656186492672857,0.0527140997071819,0.0464473707797037,0.215612079891181,0.60423807114701
2646,0.00739061335145496,0.0279802206657588,0.102634662802213,0.0236067519627589,0.0612033673804333,0.777184383837381
2647,0.0750545993448163,0.119384440374086,0.125487111533517,0.170677412505592,0.241942162302058,0.267454273939931
2648,0.216256985018999,0.2793863210828,0.248284039452464,0.0399324350958249,0.0913393979412749,0.124800821408636
2649,0.0504378265651013,0.0738316524660559,0.123935412230137,0.0452929673520856,0.295627346290221,0.410874795096399
2650,0.0649582163962969,0.0609523154367904,0.20309569604288,0.045655619579375,0.110736736489367,0.514601416055291
2651,0.039217592896281,0.115289341909023,0.0466826985276984,0.0532989999302629,0.542886325664725,0.202625041072009
2652,0.0226812820545083,0.187475463605623,0.0635261688946057,0.0446874437890525,0.410282854532329,0.271346787123882
2653,0.168235314747277,0.224744625919951,0.170773981940202,0.0845150525258623,0.199147315635331,0.152583709231377
2654,0.00905338333752468,0.0510210445597496,0.0977535655798292,0.0579693155825672,0.161279980482841,0.622922710457489
2655,0.309815061786675,0.217225023089585,0.10029233177812,0.126631856052247,0.178015936612464,0.0680197906809091
2656,0.0104343692217018,0.0412144535339774,0.0606279547194436,0.0281561935853392,0.377327311427612,0.482239717511926
2657,0.0189112475251596,0.0403336158973787,0.162629311752829,0.0367485922294301,0.0883977082354801,0.652979524359722
2658,0.154753062305467,0.25338145509459,0.190028055816169,0.167823235604663,0.120168464266257,0.113845726912853
2659,0.0921320058332193,0.0898793145065869,0.130703817277412,0.411731991108215,0.145934937508621,0.129617933765945
2660,0.0123653200334455,0.0379208676370523,0.051735914389398,0.0388155443973171,0.301306859908028,0.557855493634759
2661,0.00516250338057167,0.0271740656091376,0.0936346914978975,0.0436662253050681,0.109295061592514,0.721067452614811
2662,0.00743367012774431,0.0498915201301163,0.0959043317751331,0.0118274751259732,0.115033834484076,0.719909168356957
2663,0.00795729368048657,0.0315366823680035,0.05225823873015,0.0411202879721834,0.504901634383184,0.362225862865993
2664,0.0502373621902561,0.0925286131836766,0.0399197216749488,0.117142300192223,0.53685129952048,0.163320703238415
2665,0.180057387303824,0.294754455427628,0.0740609225227246,0.0596510070625644,0.231579617851394,0.159896609831865
2666,0.013736409036,0.0365996025769718,0.216244652772694,0.0470682901142553,0.0564793075784511,0.629871737921627
2667,0.0793122046632869,0.126438504209468,0.438863887597637,0.0693437115296625,0.183080987422895,0.102960704577051
2668,0.0207497160693846,0.0845259537698806,0.452484237950211,0.0329805128266649,0.121787758851043,0.287471820532815
2669,0.0421148977749984,0.145435311677286,0.11880270257629,0.0337155276085857,0.266684175662431,0.393247384700409
2670,0.0084429775583155,0.0490033108159102,0.126750359830222,0.0240191676532109,0.202070861187624,0.589713322954717
2671,0.0434413768492398,0.0798871869831327,0.0310355628176629,0.11741747313436,0.350824941770812,0.377393458444792
2672,0.0109463333611984,0.0784378457648832,0.139886921673667,0.0265030349838485,0.210422942324711,0.533802921891693
2673,0.355704696328927,0.303836384714449,0.0605765842960276,0.102204114497948,0.138067596218857,0.0396106239437911
2674,0.0476380426628804,0.0570440274125722,0.059812071445609,0.346885901844202,0.322474848010386,0.166145108624351
2675,0.42752908773008,0.207611077585501,0.0343997115167892,0.178785713023558,0.12362332866228,0.028051081481791
2676,0.0217592390006313,0.035788922481255,0.0454326648578476,0.119266613791546,0.448727878919498,0.329024680949222
2677,0.0728018479544801,0.216963231756483,0.240984290186096,0.0492082586603314,0.248209548120243,0.171832823322367
2678,0.0622211534410079,0.223628319483811,0.166323524540827,0.0512719386708406,0.288462101831136,0.208092962032377
2679,0.00493138606370154,0.0249864905264133,0.0806426808735825,0.032354159638692,0.332156742045923,0.524928540851688
2680,0.0494267134198607,0.138067422430348,0.312386526498969,0.112060324597703,0.157743627586174,0.230315385466945
2681,0.0628715299456816,0.181561563127549,0.099733664729173,0.107693769909787,0.346028691671857,0.202110780615953
2682,0.0193634128439854,0.0502586468557921,0.128216311237001,0.18692547528599,0.207797502303603,0.407438651473629
2683,0.378291819285245,0.31280075489275,0.0689170002802037,0.103584746588515,0.108732621141993,0.0276730578112934
2684,0.0145849033641756,0.0553464183605634,0.0479261030243687,0.10009560758441,0.455419723776615,0.326627243889867
2685,0.129955476865615,0.0987573834850528,0.102706339568568,0.0498532073845882,0.112789866982562,0.505937725713615
2686,0.0158840303690852,0.128444108049005,0.192675279002331,0.0479467111763239,0.219377352877726,0.395672518525529
2687,0.318857630320289,0.176953642998801,0.0989214700873162,0.176929739996381,0.17836264431984,0.0499748722773718
2688,0.0755275711360411,0.192219063332482,0.0943509718415736,0.261046480497408,0.257897028988732,0.118958884203764
2689,0.230673923419716,0.515089207950786,0.027894562394388,0.0502478174922635,0.14945473822283,0.0266397505200169
2690,0.0152316724748805,0.0436306744260181,0.0457131264452426,0.187717226606053,0.439344241105025,0.268363058942781
2691,0.060783518407643,0.209767040564913,0.0640574079715914,0.0778856298319476,0.345003056767965,0.242503346455941
2692,0.0629565486082845,0.100602889045661,0.219043432326314,0.0898282707960563,0.232470751044953,0.295098108178731
2693,0.0664635224201281,0.067956177675211,0.305312105324264,0.0721460692332447,0.152271593525011,0.335850531822141
2694,0.0214395460044192,0.0620806901811181,0.124913097676364,0.0579264014662967,0.214584936268538,0.519055328403264
2695,0.516762296291459,0.201083665677565,0.0678467118147842,0.102181078887111,0.0811698716219044,0.0309563757071755
2696,0.0231367930813003,0.090459395401707,0.253081226680469,0.0405815025489773,0.177571576098955,0.415169506188591
2697,0.0273301182522321,0.107133691704173,0.235493979207808,0.0302019236749684,0.166714985565622,0.433125301595198
2698,0.0165186584026556,0.0565583616912247,0.174293572804983,0.0588830513459973,0.206824990500852,0.486921365254287
2699,0.0172158538679923,0.0698859470129079,0.221673096211045,0.0420840797909232,0.129441172066194,0.519699851050938
2700,0.00482646582462165,0.0374571158770313,0.0313731422682644,0.0123132432356003,0.372926838913423,0.541103193881059
2701,0.0310992536792819,0.0517562403011599,0.0698062553032308,0.121521566532951,0.378177479018189,0.347639205165187
2702,0.343953519835288,0.21446368835098,0.219695084046068,0.0522671758564422,0.0885462916505126,0.0810742402607102
2703,0.0834265189325361,0.0813417225318114,0.149779824866292,0.0838606227719853,0.245322292629603,0.356269018267772
2704,0.0367865547700341,0.177420416740577,0.412070110084007,0.0731132764912582,0.158917070818181,0.141692571095943
2705,0.0228658374974322,0.166330442663417,0.305235070477725,0.0350402456008138,0.234557911662594,0.235970492098018
2706,0.0237173020348173,0.110111711935605,0.18700175488962,0.113325646329718,0.165545953289805,0.400297631520435
2707,0.0149963277178869,0.0408503425765513,0.049123411903951,0.052891203050165,0.529127367238405,0.31301134751304
2708,0.36010908887645,0.383991135953094,0.0623368036864715,0.0484299099447863,0.106576568531515,0.0385564930076831
2709,0.111703769729653,0.123418952548111,0.222003047803402,0.0846925634535183,0.135859394988394,0.322322271476922
2710,0.0968210667189632,0.106041194580106,0.186557759459041,0.104146049988597,0.197554937674829,0.308878991578464
2711,0.00901204943410262,0.0505026361506421,0.158896878290598,0.0282501818315268,0.280153088713082,0.473185165580049
2712,0.0896148079827033,0.0908724603276796,0.128926375638203,0.107457983389352,0.325027278240512,0.25810109442155
2713,0.202368753928678,0.240730485078375,0.173499307709516,0.0596321422680466,0.120613546468214,0.20315576454717
2714,0.0070378214317201,0.0571588237549968,0.101187392382284,0.0284372812466467,0.155916121344599,0.650262559839754
2715,0.0621305612019942,0.142144727670496,0.34984377696345,0.0548153009062387,0.227052328063028,0.164013305194793
2716,0.0384501644404817,0.101640836261268,0.140250121586812,0.0634234039426931,0.358437693922648,0.297797779846097
2717,0.0244798432915353,0.0606033449352774,0.0411860913374656,0.0434480554237754,0.30781238217571,0.522470282836236
2718,0.020677631539429,0.0646731717327947,0.243529749252567,0.0677024985359049,0.19680615081424,0.406610798125064
2719,0.0447711575415737,0.156788960328671,0.192551293167131,0.0670546733697086,0.359844978339028,0.178988937253887
2720,0.0725928170648607,0.105353444662146,0.333317861041446,0.0759518585019576,0.185277195223217,0.227506823506373
2721,0.0213270160393137,0.0706895017044517,0.099600071722956,0.0429836432813128,0.370463234666926,0.39493653258504
2722,0.253033166988434,0.472197757217678,0.144283434925272,0.0227474229943341,0.0744046815893774,0.033333536284904
2723,0.0494035514960602,0.0894564799086881,0.107284035980914,0.0770872487296269,0.222097597656508,0.454671086228203
2724,0.636308066743216,0.088241080690813,0.0853455771197264,0.0869652044694305,0.0608507858475798,0.0422892851292338
2725,0.205729560994106,0.187112202216845,0.105709143558886,0.248958808128779,0.155365836242755,0.0971244488586276
2726,0.0700807070019143,0.104031145980027,0.0674353062304126,0.152753791955793,0.515320279186688,0.0903787696451645
2727,0.0109583379864161,0.0462906000172678,0.105341676767488,0.0332827768941266,0.269698853214952,0.534427755119749
2728,0.0137690439381276,0.0332313334696734,0.0898571009251159,0.0421202772581174,0.158292655330609,0.662729589078357
2729,0.110446985821917,0.219851384073775,0.125782979763657,0.093538375256145,0.276326015546668,0.174054259537838
2730,0.0237786580870706,0.0361032465947334,0.0855380008381104,0.0733373202325806,0.3744258999473,0.406816874300205
2731,0.210277292101647,0.172810932095032,0.0729215180101246,0.155497745397631,0.269716661491266,0.1187758509043
2732,0.0417171834779659,0.103179234520989,0.244581884902603,0.0562732575444029,0.13874910838617,0.415499331167869
2733,0.0732556120144301,0.14286514084225,0.163760552018024,0.132662667647026,0.357657965457651,0.129798062020618
2734,0.0501676672647424,0.496803725680341,0.0531321220228217,0.036234683351932,0.214849656634697,0.148812145045466
2735,0.0764499206745182,0.427317851996336,0.129455515830645,0.0597763859756203,0.131039401706232,0.175960923816649
2736,0.0456587785329409,0.0853527187850031,0.0570420821132577,0.39677975537853,0.291127066290859,0.124039598899408
2737,0.174848490208089,0.106592430448804,0.245425022315774,0.177869084048536,0.147551324096347,0.147713648882451
2738,0.0575882096626563,0.146804087603003,0.156387166727172,0.0919442385828126,0.160670257096999,0.386606040327357
2739,0.0585791945053322,0.20014790613035,0.324004554177565,0.0333796166574618,0.241130518320644,0.142758210208647
2740,0.23483170228009,0.37737660095642,0.0445474063021101,0.0787831352918458,0.123764645105879,0.140696510063655
2741,0.0406626993078766,0.297877805605259,0.105017277986333,0.0298155415899135,0.35391320489547,0.172713470615148
2742,0.0848963663334351,0.0992788844801138,0.0540968938299196,0.209436076368341,0.430100085559999,0.122191693428192
2743,0.13751578928071,0.205740004261725,0.0986634216741351,0.0899758565377759,0.264944759701852,0.203160168543801
2744,0.0569689876087406,0.113916941217273,0.0863396057116481,0.110359388263464,0.530528160267142,0.101886916931732
2745,0.0266332207911109,0.16927894622244,0.250849747815723,0.0755850500586419,0.217790385781827,0.259862649330257
2746,0.0176065676391492,0.0761583902815213,0.0932916264145323,0.0398180401488246,0.353792879233562,0.419332496282411
2747,0.0258343934990117,0.0412718914272298,0.0174126687297873,0.147243568752125,0.612258822167391,0.155978655424455
2748,0.0094639619040502,0.060503035053853,0.0734205461270923,0.0353748057944974,0.519531495644447,0.30170615547606
2749,0.206895155298195,0.086819229668252,0.0841734907475666,0.278998025201553,0.248917202473638,0.0941968966107958
2750,0.0168736184670514,0.0674778082732024,0.381803238669794,0.036081683246961,0.144183205403858,0.353580445939133
2751,0.220750410696243,0.171763058962419,0.0620601448136904,0.107161725375486,0.352512268663189,0.0857523914889727
2752,0.033518434566689,0.134717130359342,0.160714687713167,0.0642706898397145,0.183770103242329,0.423008954278759
2753,0.0597594931563585,0.0724989516202485,0.0141126834218063,0.410330436894358,0.399777203685756,0.0435212312214725
2754,0.0149890373595084,0.183175550135993,0.109572901005648,0.0257357755965628,0.333158333127321,0.333368402774967
2755,0.00590811798425156,0.0173621733218699,0.0673186745243786,0.0182187069942219,0.235916347768257,0.655275979407021
2756,0.016735633688209,0.0308218478375888,0.0697810626470018,0.0279627567910951,0.0488001555241033,0.805898543512002
2757,0.00928500139455148,0.0966492031504455,0.0273936730873628,0.0391086311130808,0.562592530509267,0.264970960745292
2758,0.105297232316452,0.225370945718256,0.16767537859685,0.0438386599262997,0.288081163158492,0.16973662028365
2759,0.0244848798933623,0.184028916483977,0.0961450012878368,0.0287731154461691,0.320106120130955,0.3464619667577
2760,0.36220083465888,0.0602674574013081,0.021924414022114,0.502558339397585,0.0423154343622304,0.0107335201578823
2761,0.161337768380149,0.141209787067371,0.0634139339730246,0.223072859275704,0.26302210704708,0.147943544256672
2762,0.0146500977129427,0.1705213216174,0.140516268266248,0.0439156249258491,0.341810915756736,0.288585771720824
2763,0.0472724373625589,0.164646628100083,0.315777235070716,0.0649378402404745,0.216106291007443,0.191259568218724
2764,0.0153367282364435,0.0413176134624146,0.164047469601026,0.0219842046824236,0.132895737021405,0.624418246996288
2765,0.0390285058791954,0.139898923045917,0.207439206564322,0.05362180297772,0.18252109214376,0.377490469389086
2766,0.0254910556499797,0.104714778347833,0.0709581023220958,0.0677883211633368,0.4007810352201,0.330266707296654
2767,0.047544236753788,0.144817670129257,0.140691770935907,0.159383881422008,0.275094157855142,0.232468282903897
2768,0.0823345871949831,0.328479317324102,0.276286067022675,0.039138080341991,0.12613362414458,0.147628323971669
2769,0.0469483104315648,0.195263712724809,0.109525409176795,0.08647858250109,0.343996912321332,0.21778707284441
2770,0.00348868449903483,0.0473251457368617,0.182369041199324,0.0261836413171201,0.122437107171446,0.618196380076214
2771,0.0492997783513703,0.159914562554805,0.409574847577623,0.0598117234242009,0.171482863661563,0.149916224430437
2772,0.0702174624172098,0.095239438460067,0.100030977334423,0.146018239468642,0.4310449534152,0.157448928904458
2773,0.0793101222275437,0.247352855863305,0.14006088677291,0.057688915585961,0.309733283900277,0.165853935650003
2774,0.196431614527021,0.265930082082648,0.0989435745692259,0.0826973283821053,0.229469704886179,0.126527695552821
2775,0.00498635271677046,0.0271977229690691,0.103515122025203,0.0164605721193332,0.149467495520548,0.698372734649075
2776,0.0168189472843505,0.0411145624304877,0.0577675599465891,0.0563754490213913,0.34019950827578,0.487723973041401
2777,0.0028615750239871,0.0187345162237162,0.0802298880132732,0.0149474845319113,0.0548769801747206,0.828349556032392
2778,0.0485419212887121,0.136628387378327,0.107985816689297,0.082891946469692,0.188796486559215,0.435155441614756
2779,0.0482748910687426,0.124884634433472,0.307266782712096,0.0925186141664539,0.157924126773224,0.269130950846012
2780,0.0619441790172286,0.272236354425417,0.234392128993133,0.0417794428949936,0.15994458169929,0.229703312969938
2781,0.0328907233652858,0.0568319698934436,0.0599316504557221,0.118724282075628,0.506204673862947,0.225416700346973
2782,0.0170858045870913,0.0539000912911305,0.218989088191769,0.0359499486394623,0.123301153911781,0.550773913378765
2783,0.266572343838154,0.41725569737161,0.0940016582308481,0.0497031177869123,0.124836476681531,0.0476307060909449
2784,0.0586128005730779,0.283332617418392,0.0561516927329205,0.117862083125461,0.399204767259938,0.0848360388902101
2785,0.00584783163883016,0.0327102263464072,0.0680804841565086,0.032506159763768,0.201251815444861,0.659603482649625
2786,0.0216854732090924,0.0635973146989486,0.0622094581260313,0.0601250904505288,0.362584002005463,0.429798661509936
2787,0.0118174617056519,0.0703355111808532,0.137797572244411,0.0317617223670982,0.266543670354038,0.481744062147948
2788,0.0130953885929603,0.0567990378135121,0.109221534041691,0.0303787505699017,0.143404870774019,0.647100418207917
2789,0.0959514963586474,0.0887983860018024,0.289172918586862,0.0923977646884648,0.188100018634983,0.24557941572924
2790,0.0525736732657064,0.142806107488022,0.0628238869772028,0.109562368801857,0.428563543303352,0.20367042016386
2791,0.18533990444795,0.0702692462710298,0.037945641453261,0.492520523593091,0.128057141978112,0.0858675422565558
2792,0.499997111508566,0.293436855290462,0.0310914718781653,0.054896037827881,0.0875157262272818,0.0330627972676441
2793,0.0116940719749958,0.0675982636150484,0.0378856942374058,0.0346590344249707,0.479061667435391,0.369101268312188
2794,0.423911334647472,0.268434765354593,0.0732798351821984,0.0992753321263728,0.104143480271343,0.0309552524180207
2795,0.377460863598935,0.117043475041732,0.0601455100117651,0.309634729808077,0.107636492557167,0.028078928982323
2796,0.00730205255099173,0.0387171261429748,0.147385017961795,0.0231641506465936,0.0844404198727259,0.698991232824919
2797,0.0277614826105416,0.0409269678731661,0.0791083007216253,0.0811310796859232,0.182243912004555,0.588828257104189
2798,0.0104977130436958,0.0871197779987536,0.150054594900149,0.0274763070184497,0.334484224552184,0.390367382486768
2799,0.0724337104975767,0.175563534788876,0.210949121669563,0.0528119301354001,0.230391936450975,0.257849766457609
2800,0.00791360752782031,0.0380831350116359,0.0522080525314047,0.0580821204550241,0.289569983330407,0.554143101143708
2801,0.019969192372899,0.0601306541084265,0.0469277129575576,0.0426615304530604,0.453469035441114,0.376841874666942
2802,0.0436181307407688,0.0846464682669858,0.0545602808512097,0.142005851037502,0.343933487333734,0.331235781769799
2803,0.10380723262844,0.401415710684678,0.0937724581085033,0.0329732379364451,0.235520031095103,0.132511329546832
2804,0.0187840256314931,0.0944142535693932,0.128539988053925,0.0678300721361471,0.407363026744015,0.283068633865027
2805,0.165315455950331,0.174408389848399,0.33715767893474,0.0781542724776804,0.14649740450124,0.0984667982876087
2806,0.152641711825336,0.0932593013726669,0.0535790134093633,0.198627165390417,0.25941205217907,0.242480755823147
2807,0.0649235697173399,0.153047432652438,0.186556467988069,0.0609342795020594,0.204290883406155,0.330247366733939
2808,0.0104192965240256,0.0475060053336635,0.0601502646476278,0.0372383935863114,0.386480279712979,0.458205760195393
2809,0.0440891235957481,0.095181579135259,0.205367142899846,0.0517663390914376,0.126258798231508,0.477337017046201
2810,0.015915471521497,0.0570945690083619,0.0905067828718592,0.101799113730296,0.44095329243806,0.293730770429925
2811,0.0227798101690256,0.168078170638172,0.298757051994041,0.0554908869311055,0.218911750421165,0.235982329846491
2812,0.358340123317879,0.258799140352601,0.13853572319317,0.105487601871865,0.0902628297341171,0.0485745815303673
2813,0.0534188492421952,0.117130490700158,0.155841709294055,0.109947190744363,0.276146105668683,0.287515654350546
2814,0.0338208864625787,0.195851699555131,0.232960736761516,0.0580596810792024,0.259127348662049,0.220179647479522
2815,0.0621303549335931,0.101699396513787,0.146307945375027,0.120526470381906,0.198209505752208,0.371126327043477
2816,0.109246518533186,0.155264147561126,0.323416563343922,0.0571245767064502,0.175645114526517,0.179303079328799
2817,0.0754188989675359,0.222912550915383,0.140531516253549,0.0518248221411799,0.323682957985635,0.185629253736717
2818,0.249104743885207,0.216231807241583,0.197640958851499,0.0661490742728554,0.160643468190861,0.110229947557994
2819,0.562242174457785,0.254944266403486,0.0440451038892682,0.0641139051330504,0.0569020925584496,0.0177524575579614
2820,0.239363156394482,0.202486542653209,0.374403421843129,0.0371531191120136,0.078341700326049,0.0682520596711174
2821,0.00731256891310281,0.0437298568933277,0.0303566750842042,0.0141236475289075,0.530119101186004,0.374358150394453
2822,0.185493297736186,0.170129464959094,0.150598232608223,0.061108431713342,0.298550949656106,0.134119623327049
2823,0.081193664264572,0.107377450206677,0.112358533135589,0.109331470827633,0.2258150408969,0.363923840668629
2824,0.0464024502641217,0.170428170835505,0.186808879874595,0.0517120929934228,0.224690032661229,0.319958373371127
2825,0.00590063796303548,0.0516837287012973,0.191558565352968,0.0167316759319994,0.0375713106593475,0.696554081391352
2826,0.0217056263429474,0.159446886693131,0.0566085969417221,0.0295344221973943,0.507097858524635,0.22560660930017
2827,0.117596376551053,0.273813649657586,0.0961031526866039,0.0632411682794727,0.231758979276435,0.21748667354885
2828,0.0270883084482435,0.169974130326638,0.164988148737315,0.0830428692876524,0.384017079494535,0.170889463705616
2829,0.0187771453025694,0.0360705934431175,0.0348126908576369,0.121072348910711,0.546759430133209,0.242507791352756
2830,0.00503728976477017,0.0329246273739113,0.0934200396162328,0.0201716619004958,0.157415354718768,0.691031026625822
2831,0.326788573852025,0.378255585400603,0.110530223767052,0.0528239051318986,0.0801009844805248,0.0515007273678968
2832,0.02367984285925,0.15796884633574,0.184152446241691,0.0369691829615128,0.285204755957615,0.312024925644192
2833,0.111321316466695,0.130720018111446,0.0836629280112396,0.190740334401626,0.248065722629537,0.235489680379457
2834,0.030411399848055,0.081936463326897,0.074865941582712,0.0409628695924593,0.318651678555496,0.45317164709438
2835,0.302238864885965,0.183864981847156,0.0295258773344799,0.230270965067388,0.190656283990673,0.0634430268743383
2836,0.0120634990323403,0.0267738353418893,0.0384143310013257,0.0389849909761864,0.2483698487906,0.635393494857658
2837,0.0715281857747653,0.205977819497662,0.332665735900429,0.0547177142866611,0.191589807723569,0.143520736816913
2838,0.0893468414185105,0.18201474652834,0.250330266141468,0.0605437234231909,0.151822524152397,0.265941898336094
2839,0.223163607776164,0.173998081681373,0.109070785910832,0.0858684098896409,0.242216213366815,0.165682901375175
2840,0.117980962133208,0.0935059245236314,0.213443140919651,0.140549441995143,0.187851346200115,0.246669184228251
2841,0.480856937919361,0.112639212610319,0.0499945334880832,0.178468369464222,0.140746952590749,0.0372939939272666
2842,0.0101217934654182,0.0353420311194433,0.0353720270280564,0.0531365549678715,0.556318653396265,0.309708940022946
2843,0.160647484103855,0.121146051507839,0.214283152327736,0.154323610256833,0.183804010595173,0.165795691208564
2844,0.0243773724435046,0.0648653068347691,0.658923342899834,0.0217196881856348,0.0772743033654751,0.152839986270783
2845,0.173503542925427,0.256252389399989,0.204873970481697,0.154231029922943,0.16023891301813,0.0509001542518145
2846,0.0223431075198756,0.0632190345722007,0.0475067354724304,0.0668596039997849,0.482733757552262,0.317337760883447
2847,0.00948393116145404,0.0468820833861158,0.0462890535806404,0.0526265362800799,0.575067862376034,0.269650533215675
