"CUS_ID","F20-","F30","F30+","M20-","M30","M30+"
2501,0.125499683942508,0.450847859469423,0.0856095687801997,0.0630435128512273,0.163408774110276,0.111590600846366
2502,0.0163380546179123,0.0961558699390089,0.260282087087677,0.050349704665598,0.369472514967298,0.207401768722506
2503,0.0866236849771156,0.212476909006468,0.07806945648332,0.098501904650151,0.3992305717298,0.125097473153146
2504,0.271967271814735,0.169213254812297,0.160297464016981,0.157489740350781,0.116306614845365,0.124725654159841
2505,0.019686210368828,0.106514867775226,0.17840969549853,0.0440382566157452,0.213054814182465,0.438296155559205
2506,0.0343693044687164,0.29555804460865,0.088068051824009,0.0260771001159799,0.322660659576495,0.23326683940615
2507,0.0134792615802518,0.0349944955547952,0.0728129806098529,0.0248579690038223,0.222683557770566,0.631171735480712
2508,0.007280636636909,0.0254317469169362,0.0499073212025671,0.0251243328405406,0.393065170041356,0.499190792361692
2509,0.0144951394620293,0.046499955712041,0.136698505276779,0.0279295091437233,0.200695878106435,0.573681012298992
2510,0.0172945301466842,0.0915467448399397,0.0538048297015701,0.0384354916551581,0.377434293719535,0.421484109937113
2511,0.547736185233712,0.1033047922249,0.110937072045088,0.141887335277156,0.0657255614012645,0.0304090538178801
2512,0.0650383317075407,0.19489649405545,0.104546938498755,0.139419384917124,0.39248947979562,0.103609371025511
2513,0.00480632608486681,0.0353640506250762,0.146746162420571,0.0252052713406162,0.185202082873089,0.602676106655781
2514,0.127327626944126,0.493676758893001,0.0841071865892749,0.0475422619852516,0.185039876077253,0.0623062895110932
2515,0.01719574865938,0.0594206316272704,0.204692531251555,0.0482627426513992,0.166983633903307,0.503444711907088
2516,0.0760402877217062,0.150610713604074,0.083586459891438,0.118110180633026,0.2739568804324,0.297695477717357
2517,0.0399354472614426,0.269948658916557,0.150558297256833,0.0186874303425117,0.24444887844572,0.276421287776936
2518,0.455671812537004,0.207605209233593,0.0798321516933939,0.0587773912840054,0.129865284431967,0.0682481508200363
2519,0.0425991457557343,0.794889429894687,0.0252049608266402,0.013397730161786,0.0889751420337444,0.0349335913274086
2520,0.0255998939524617,0.0646069730985773,0.0179616013130791,0.0893591153659456,0.633908403064018,0.168564013205919
2521,0.0367043223081378,0.0716977434878039,0.309610510387276,0.0569315917879293,0.134279397912013,0.39077643411684
2522,0.342444685520848,0.274397836295007,0.154702476350903,0.0644091367980696,0.127431270942223,0.0366145940929486
2523,0.0683444327120711,0.300712918849058,0.112763451661162,0.017276930234309,0.368619297820446,0.132282968722954
2524,0.0792959762712591,0.128898855893436,0.250887281239572,0.0596303268267129,0.168784418432372,0.312503141336648
2525,0.133212180012891,0.0712403143113633,0.0667573951140745,0.454583661963987,0.235596799148036,0.0386096494496485
2526,0.0690919502120842,0.179216395873485,0.0893334924908694,0.103022465883785,0.361997847978272,0.197337847561504
2527,0.486680163977497,0.208699494853426,0.0963129740192141,0.0568061348305229,0.102637700356777,0.0488635319625631
2528,0.00596458452226294,0.025479951192675,0.0699752586086677,0.05264089546124,0.267931147618995,0.578008162596159
2529,0.047912993942567,0.0575804630879149,0.292556748806172,0.0494109285544022,0.106055169682407,0.446483695926536
2530,0.0019900390780266,0.0172561282544765,0.102533265832901,0.0156305515888061,0.10024900162151,0.762341013624279
2531,0.0433102444579527,0.116821146418619,0.183223671008976,0.081812477007078,0.292863155957037,0.281969305150337
2532,0.033458522122074,0.122322076823042,0.148376598080322,0.0878141435838629,0.326775400729445,0.281253258661253
2533,0.00433420477257065,0.0116036220224343,0.0638562254353722,0.00850241849442398,0.0223393734400312,0.889364155835168
2534,0.224907611530143,0.043851330209693,0.0270996966610751,0.582821740514246,0.0866802548636712,0.0346393662211717
2535,0.0513669990761115,0.112574666047967,0.10877246022392,0.0671899568933094,0.211118630999511,0.44897728675918
2536,0.144833080489551,0.230281759181707,0.122699120610279,0.0637560429918971,0.199028775353981,0.239401221372584
2537,0.0317155946932832,0.681085807720287,0.122183887177298,0.00940398323844903,0.0831551617915981,0.0724555653790847
2538,0.221627076674329,0.115438438991882,0.0700819455426753,0.105384381593592,0.337067327940119,0.150400829257403
2539,0.115387542281425,0.252260054135901,0.209600827908853,0.0420835902260852,0.190060233687238,0.190607751760497
2540,0.463592727091426,0.221157084594431,0.0319944086226268,0.120529218869864,0.136323947959047,0.0264026128626056
2541,0.159078147101119,0.0672786188262755,0.0191347662693655,0.368414071195782,0.293936844977608,0.0921575516298507
2542,0.152923470994138,0.361359706324013,0.108996235649979,0.0294821811254895,0.29031639599731,0.0569220099090698
2543,0.00889882614066423,0.0212670949257334,0.0632067139420155,0.00987475464598625,0.340854973276231,0.55589763706937
2544,0.0947927630688198,0.1328029608726,0.080261393926846,0.246987056773621,0.164261084331866,0.280894741026247
2545,0.0214496223746625,0.250331751374085,0.032751638585049,0.00995066814665761,0.483544728407972,0.201971591111574
2546,0.0313904318536001,0.023200226622086,0.00578489967611009,0.324659403477704,0.547766582652122,0.0671984557183769
2547,0.152191623541146,0.20737025106537,0.143094077810508,0.0563943367838281,0.274492935389143,0.166456775410005
2548,0.0695576411779765,0.0996575468360123,0.135452076725465,0.22524115248736,0.358981355184615,0.111110227588571
2549,0.00621204831923851,0.0296299171396876,0.045220742803582,0.0570637383473184,0.33623475605804,0.525638797332133
2550,0.02138223316602,0.0415232301164878,0.0138664105016619,0.17475681820746,0.60722552220226,0.14124578580611
2551,0.0639864226344282,0.215588367331184,0.0630780383201698,0.157991141674508,0.295268858087795,0.204087171951915
2552,0.173861970259695,0.38101225808048,0.107274477665768,0.0848587757650933,0.119896524195724,0.13309599403324
2553,0.51185010546635,0.1823696573268,0.0418300956373931,0.128930691644077,0.117346018867819,0.0176734310575613
2554,0.0647945520221906,0.127655612615806,0.0909553845426641,0.152384270049096,0.468043592257614,0.0961665885126285
2555,0.0152476087859109,0.048980373189386,0.0424610305858531,0.0406349587308717,0.659489829644354,0.193186199063624
2556,0.0901313644619085,0.25443060082875,0.248277550775443,0.065183636683048,0.206917395757779,0.135059451493071
2557,0.214965606544878,0.319940030989774,0.301360686745855,0.0510570928305386,0.0821308473343595,0.0305457355545948
2558,0.0453374156581127,0.106818056060926,0.545313550724606,0.0381889562231756,0.137264551790201,0.127077469542978
2559,0.0657175842493443,0.451014092954396,0.121171390930491,0.037340519014245,0.120887641432463,0.20386877141906
2560,0.00630762070248241,0.0723134890367243,0.0843311207938334,0.0259234761904016,0.174199516625349,0.63692477665121
2561,0.0254903546762793,0.0583943266786461,0.116684191136841,0.0212633135552681,0.0956944462567905,0.682473367696175
2562,0.396631920360483,0.385835874417984,0.0431383373692605,0.0250481091204223,0.131697737236783,0.0176480214950667
2563,0.151401314826904,0.230954649005084,0.281654942897107,0.0819411073128373,0.103171973888654,0.150876012069413
2564,0.143419912691334,0.086157850960147,0.070160893824237,0.26795245165538,0.289540597611789,0.142768293257113
2565,0.0128880050232472,0.0471758195873384,0.056195098109549,0.0266846818189549,0.173321036464225,0.683735358996685
2566,0.0107251265853387,0.02743869407357,0.0687394312068138,0.116052995818213,0.314319111018552,0.462724641297513
2567,0.0390320577307196,0.121210395302988,0.109509593158858,0.0723669654700906,0.148888508461454,0.50899247987589
2568,0.0061572305802288,0.0383084475563462,0.0731196118304268,0.0280358701067859,0.189306587677009,0.665072252249203
2569,0.0130882635174017,0.0598207480709856,0.242075276286624,0.0154294587132319,0.221261544836471,0.448324708575286
2570,0.0262797935893428,0.468791136006319,0.103877115045421,0.0241664595490317,0.226590580477347,0.150294915332538
2571,0.168603323701125,0.0696485076080677,0.0306371542873168,0.407920113441576,0.237101585583607,0.086089315378307
2572,0.0769671397738211,0.104018321404022,0.37762320465282,0.161094548659042,0.120587551082752,0.159709234427543
2573,0.109965191401929,0.363263152763205,0.088153060201972,0.0509152645867217,0.267351043204263,0.120352287841909
2574,0.0304187678731802,0.0511587995837826,0.0287783088832384,0.550815332739861,0.283610323322705,0.0552184675972336
2575,0.0232421724025814,0.0378402089041743,0.0152143355866655,0.180154884715226,0.656450001587609,0.0870983968037441
2576,0.24660964898455,0.279308723111952,0.101771390243835,0.0676897158284385,0.182151855396333,0.122468666434892
2577,0.0469825911448448,0.185148436578641,0.201885441002495,0.0321608165528717,0.227725436761488,0.306097277959659
2578,0.00187625944853659,0.00782245685547289,0.0459692500249339,0.011108590134214,0.0499748523771834,0.883248591159659
2579,0.206513442977929,0.205883558975477,0.421114345350814,0.0218936246243245,0.0650433210383679,0.0795517070330875
2580,0.081202060188034,0.226845336667609,0.190140430029673,0.044412977692376,0.231602263138468,0.22579693228384
2581,0.0224134076189636,0.0530563623331127,0.0835108741918134,0.18488733951238,0.500777607716125,0.155354408627606
2582,0.0581899551127697,0.613128852517945,0.0454855860686346,0.0237765240576297,0.218762032352914,0.0406570498901069
2583,0.0240400859806443,0.599765367755669,0.144788945975877,0.0128461832707942,0.136588555022374,0.0819708619946414
2584,0.286979725744867,0.631405729848047,0.0157367961440717,0.00578834974834539,0.0497797197915909,0.0103096787230789
2585,0.0239426551755728,0.0631456187978404,0.0888693278658416,0.0638145841855242,0.447584842770623,0.312642971204598
2586,0.0469372891740362,0.298104060250078,0.170747255629515,0.0505343716756845,0.204189145507521,0.229487877763165
2587,0.190083381537661,0.0859557294203041,0.0725298438247777,0.269483662431118,0.269351741515148,0.11259564127099
2588,0.062254148337511,0.0464458459975286,0.035236748862812,0.150725664810438,0.553801989747951,0.15153560224376
2589,0.0255146808885255,0.068385087236378,0.0462367150209387,0.11413266987295,0.624024075790846,0.121706771190361
2590,0.00794251832952606,0.0464791485687271,0.130538303224131,0.0416020144700193,0.126058753420095,0.647379261987502
2591,0.10838981122937,0.108435414808019,0.168171269322854,0.0636774208767342,0.0958958606442713,0.455430223118751
2592,0.0266421658603938,0.0960417724806652,0.0562705877894516,0.148715304097283,0.470498695119923,0.201831474652284
2593,0.194944065032568,0.229705352626817,0.0711041114391266,0.275740066819527,0.15103450332174,0.0774719007602221
2594,0.0219223374799765,0.0401130139871953,0.0525574499293335,0.020168051306,0.488181326102247,0.377057821195248
2595,0.0630775708556205,0.131261959204496,0.1878708334347,0.112397796595653,0.189966660792435,0.315425179117094
2596,0.811311191832309,0.0651383388417042,0.0127419149799642,0.0754505275497458,0.0298072753680312,0.00555075142824598
2597,0.00809027405044841,0.0390080246710843,0.160287380971766,0.032769378854036,0.236122350291192,0.523722591161473
2598,0.0147239732671697,0.102734168261482,0.169470712807188,0.0151479128078829,0.117746693385809,0.580176539470469
2599,0.172799516557966,0.159553489859411,0.17241429810194,0.211159606597224,0.16191255793626,0.122160530947199
2600,0.0358229693715926,0.0810219704299912,0.105770515596972,0.0737881181122784,0.646796381634004,0.0568000448551623
2601,0.0496139218636786,0.100174558300618,0.208512551853063,0.0753508750569742,0.154388296474285,0.411959796451381
2602,0.0160739287523054,0.0572376481017549,0.0912071558660921,0.0387613276561563,0.186416731707915,0.610303207915777
2603,0.045063336505496,0.515662069248397,0.0465407049232016,0.0287235412539173,0.297988724645348,0.0660216234236403
2604,0.0313068780405457,0.250597826478524,0.245819856599086,0.0652484827083705,0.0992436344690813,0.307783321704393
2605,0.0158322799223624,0.136383509706478,0.349268839313728,0.0373565649010234,0.183750429314547,0.277408376841861
2606,0.0438269112768434,0.0843061982479422,0.0899702296552791,0.0425204722826643,0.304681599691993,0.434694588845278
2607,0.00334501102295256,0.0147344577210656,0.0590743559981497,0.0111022120601373,0.0671281449364887,0.844615818261206
2608,0.187711055989914,0.143796227233796,0.0787096282307849,0.145478515387824,0.302329848792564,0.141974724365116
2609,0.0195013968951501,0.0564544919935033,0.0646470409713949,0.0791426597476726,0.339234290131024,0.441020120261255
2610,0.109685024498993,0.174857237488803,0.047473571553408,0.159328326983438,0.284308519386356,0.224347320089002
2611,0.0124866713281932,0.0342583222680321,0.146292541756437,0.024183699524085,0.0763302823277105,0.706448482795542
2612,0.0908676766629491,0.284193779508985,0.115223218610874,0.0331165803082369,0.117671609061893,0.358927135847063
2613,0.334307763979312,0.427464211392462,0.0867429929036215,0.0514825879173713,0.0721606904569786,0.0278417533502551
2614,0.162047240792819,0.0840875960635137,0.0634418495670437,0.191939705590933,0.221862578954879,0.276621029030812
2615,0.343343443867342,0.30407904635087,0.208535783441372,0.0419987127320061,0.0631980897379249,0.0388449238704844
2616,0.00825254513170251,0.056539779615152,0.0595317053833065,0.033681701749334,0.545666722520409,0.296327545600096
2617,0.0829778260069581,0.238717774268281,0.377159172401777,0.0351295645380665,0.122356616259397,0.14365904652552
2618,0.041596107525434,0.0596780499193865,0.111927114453506,0.0422779993043265,0.467958591173381,0.276562137623966
2619,0.0396354557421256,0.0549102506992372,0.0185927045507273,0.0682109064068057,0.715117260956951,0.103533421644153
2620,0.00611566341620348,0.0837538863734222,0.196145351837874,0.0189805113451279,0.297274128801084,0.397730458226288
2621,0.0229902940583239,0.0712878335709385,0.0611947831552327,0.125902104472676,0.573833052764905,0.144791931977923
2622,0.0059826790451653,0.0284460542062449,0.0405208357871701,0.0190758117505059,0.190564194204265,0.715410425006649
2623,0.131955375228709,0.166214711257022,0.0441481264962206,0.0539483725922435,0.495961787391146,0.10777162703466
2624,0.0493802934711861,0.0531443827571215,0.0853478411898943,0.116745392738885,0.225889285133788,0.469492804709125
2625,0.0431057833084786,0.135205521248457,0.575438035938145,0.0303489959816445,0.100291214264703,0.115610449258572
2626,0.0143621022685006,0.0387402886973365,0.0819938418849817,0.0390041456238195,0.183909492243967,0.641990129281395
2627,0.0374679771994394,0.112206325442558,0.256761621703456,0.0286611391700565,0.246040366609487,0.318862569875004
2628,0.0666516528357994,0.0608943490313713,0.106119994464202,0.395040851307458,0.297633018480357,0.0736601338808127
2629,0.0502798765013341,0.219700497349982,0.0513827531998544,0.0574352439713913,0.43310095950019,0.188100669477248
2630,0.113102416340389,0.180127740659059,0.153307862985153,0.0828759180065503,0.215479092587614,0.255106969421235
2631,0.0149172416989753,0.167294077407213,0.205169339555267,0.0256234931822077,0.345013868471143,0.241981979685194
2632,0.0046993367636135,0.0187118666034344,0.0692827333319464,0.0185384859133248,0.118772807579146,0.769994769808535
2633,0.14778147813494,0.379206110532938,0.0442478169299738,0.107114397728067,0.25645544581923,0.0651947508548504
2634,0.0431643363092177,0.0528309584571674,0.28533135537984,0.0717011240169669,0.162154740727305,0.384817485109503
2635,0.0106966113627913,0.0406817938644124,0.0391912605154253,0.0180333543059806,0.736223472800474,0.155173507150916
2636,0.0120678477879269,0.0557876228657535,0.109133767180787,0.0161633762066435,0.370671103775005,0.436176282183884
2637,0.0146798480881104,0.0860913364729144,0.0342241903105016,0.0127718015397899,0.669370574570562,0.182862249018121
2638,0.066755801322503,0.0477122449160125,0.0582584021103748,0.32068453678512,0.222712961536535,0.283876053329455
2639,0.0673720575007865,0.0765566077507248,0.040767264917473,0.410373081006888,0.332051666417578,0.0728793224065495
2640,0.018630966845124,0.0374027602804826,0.0672678354169397,0.0297593718861946,0.134518624239801,0.712420441331458
2641,0.0894968351477906,0.217551542959332,0.128787678460319,0.142303046857251,0.218532744215174,0.203328152360134
2642,0.0260288362960168,0.0936277858976526,0.145068226742382,0.0377519075430853,0.243005184383639,0.454518059137225
2643,0.333016209950066,0.360807371545702,0.0349458892029822,0.143040811902348,0.098990430390845,0.0291992870080567
2644,0.00743254682430213,0.0791124804596692,0.0317794549839149,0.0163154941982348,0.204141113227153,0.661218910306726
2645,0.0112316219243411,0.0762823930413116,0.0401807349707405,0.0341791964123746,0.224453310960181,0.613672742691051
2646,0.00407574020742268,0.0152530666413536,0.067515128162555,0.0172691435033237,0.0425982052309682,0.853288716254377
2647,0.0933470666585083,0.133265511968054,0.137040214845741,0.154271462670047,0.206185834553783,0.275889909303867
2648,0.175608984140562,0.288556025549444,0.292269950363489,0.0260993617347646,0.0753158069520262,0.142149871259714
2649,0.0477669441434987,0.0653068274014993,0.116463095524078,0.0474825972243282,0.27538635714254,0.447594178564056
2650,0.055408013243133,0.0593428498880333,0.228624757144966,0.0374587326668488,0.0965557663318745,0.522609880725144
2651,0.0366111863798852,0.102569070023606,0.034730066599533,0.0431597071790805,0.610592535680627,0.172337434137269
2652,0.0187296268911937,0.224877263163696,0.0470311982083172,0.0465044418316765,0.427785207445277,0.235072262459839
2653,0.246490989765419,0.241537381757324,0.180743588361785,0.0435315415006165,0.185999752910594,0.101696745704261
2654,0.00677888902457375,0.0504429241313033,0.110768923269972,0.0666743928083122,0.156024708466719,0.609310162299119
2655,0.274534868219603,0.265494712978842,0.110750288374077,0.106230401440184,0.170928933838724,0.0720607951485695
2656,0.00742625921111614,0.051863017910879,0.0649262292933007,0.0268123999146589,0.371856218735115,0.477115874934931
2657,0.0198267245471055,0.0340338568615484,0.201967643950232,0.0388474846038974,0.100056117355598,0.605268172681619
2658,0.188537758074164,0.246856436964774,0.181204761330557,0.191533719996263,0.0954502829158349,0.0964170407184071
2659,0.0743389572654438,0.0645339691645211,0.151140104281292,0.464837078126529,0.11063963952672,0.134510251635495
2660,0.00888332497285635,0.03280422050318,0.0342807722079599,0.0422248846760816,0.264968713591332,0.616838084048591
2661,0.00259829433818706,0.0181669172832315,0.0698043566934404,0.0237080857411318,0.0964539573599167,0.789268388584093
2662,0.00517445909156889,0.0418901583764668,0.0947404057393939,0.00888814578346946,0.112154873075081,0.73715195793402
2663,0.00424235610333549,0.0226788393257547,0.0355036771190163,0.0276375185029149,0.525995721495075,0.383941887453904
2664,0.0356172166761132,0.0756216280573839,0.0321115955450176,0.116257969425033,0.577244250928358,0.163147339368094
2665,0.220653091768894,0.286196400974935,0.0679472000104557,0.0598084374467258,0.221118188945475,0.144276680853515
2666,0.0115538708504633,0.0257733311797329,0.163328755349463,0.0350756778516612,0.0419859316943409,0.722282433074338
2667,0.0759026586087954,0.118717991698356,0.453067889894813,0.0949010534964976,0.177694762521127,0.0797156437804106
2668,0.0195761055756649,0.0717531128179952,0.502886558445317,0.031671719686345,0.136794904148896,0.237317599325782
2669,0.0316459082857468,0.12187348419473,0.0907035401083386,0.0254786406764503,0.299050678954668,0.431247747780066
2670,0.00766250305131391,0.0521223100209871,0.142702156208813,0.0192513109999426,0.208674394356687,0.569587325362256
2671,0.0368243382999602,0.0767223532331739,0.0239420878552155,0.0927252316577575,0.395748020886649,0.374037968067244
2672,0.00616804393169667,0.0796155673252017,0.132303503755098,0.0202333169416056,0.234639216446801,0.527040351599596
2673,0.343152973352486,0.368239927545231,0.0440594916714392,0.0976685921413826,0.119218241206574,0.0276607740828869
2674,0.0391774447890802,0.0420657967543815,0.0530680605711947,0.408827911846698,0.33079226766017,0.126068518378476
2675,0.412875648140488,0.194852988504437,0.0294041579444825,0.22047965801066,0.117521084825223,0.0248664625747108
2676,0.0228215366183382,0.0261455748599602,0.0428094099886868,0.132053515329758,0.449781843587841,0.326388119615415
2677,0.0913868924159811,0.280355885345745,0.283656462692102,0.0342786578513835,0.180541163013994,0.129780938680795
2678,0.0520419503626042,0.227859862607466,0.168324455141036,0.0488155143867301,0.288446031199068,0.214512186303096
2679,0.00234245275467904,0.0237562481139821,0.0733544733699804,0.0213176960620928,0.30202186709891,0.577207262600356
2680,0.0448267454628304,0.119636841202967,0.309442581258952,0.101479327083622,0.171974803927767,0.25263970106386
2681,0.0569435252862201,0.135347133020625,0.100761551325585,0.133763607145056,0.315205018028183,0.25797916519433
2682,0.015861238688108,0.0526169367578638,0.140431021497705,0.158651975053032,0.216935895538854,0.415502932464437
2683,0.351176654431106,0.386061154162715,0.0542462780189855,0.0819851888182629,0.103484356008892,0.0230463685600395
2684,0.0107131412918237,0.0409367432372577,0.0513894851771769,0.0960701715522077,0.448019214329993,0.352871244411541
2685,0.162556656806528,0.116836616257912,0.0888486412049024,0.0334565894819445,0.0897113188157289,0.508590177432985
2686,0.0150791254249545,0.186890440288458,0.200465200248287,0.0450650503554414,0.22504258639606,0.327457597286799
2687,0.323206763721721,0.182723133339746,0.0943115659695353,0.172429858990848,0.195909595033472,0.0314190829446778
2688,0.061364411708858,0.168679127880936,0.0727670048971667,0.338991198352501,0.26356491304569,0.0946333441148489
2689,0.180614030968877,0.622537542826519,0.0175969005641486,0.034159896625402,0.124680292175651,0.0204113368394021
2690,0.00877076367551346,0.0235902335627046,0.0291233287834031,0.200374981876213,0.461992024421874,0.276148667680292
2691,0.0382681022356319,0.244056574608456,0.0544335124860805,0.0642078196304027,0.35784788930776,0.241186101731669
2692,0.038394784763985,0.0863143385866277,0.212659575619641,0.0866916370806494,0.221354557722568,0.354585106226528
2693,0.0383615031648275,0.077258657919667,0.341136980962437,0.0544863668599467,0.138249797351238,0.350506693741884
2694,0.0156118022157147,0.0448229333560438,0.13054039095845,0.0473013678255534,0.133345653445655,0.628377852198583
2695,0.580996220596161,0.191905504980729,0.0498667894102449,0.0974321746823885,0.0609905043872286,0.0188088059432478
2696,0.0194554424605517,0.0787353138077337,0.283294268986169,0.0361236702917595,0.166953669804167,0.415437634649619
2697,0.0230593986113052,0.104622472147758,0.251655565186909,0.0316659731550309,0.146846591775561,0.442149999123436
2698,0.0208740918381847,0.0653806173951541,0.186866574426111,0.072775404132789,0.172573005033185,0.481530307174576
2699,0.0158201061624283,0.0740781763490921,0.202271638682638,0.0392234377680583,0.126148469263754,0.542458171774029
2700,0.00206622079156653,0.0285838620361468,0.0240670379867767,0.00784192549358978,0.34470570456464,0.59273524912728
2701,0.0268911069867391,0.0465151945601088,0.0762570435891659,0.155875260729559,0.330616391231436,0.363845002902991
2702,0.409469205313286,0.197110132414458,0.192421751519187,0.0680058526647985,0.0769654713320993,0.0560275867561713
2703,0.0680220494666711,0.0837275252068751,0.154396366941099,0.0717723526828126,0.231707386810185,0.390374318892357
2704,0.0235837535294143,0.184580649621971,0.437036364069506,0.0699104957892994,0.152799741256104,0.132088995733705
2705,0.0209593048071917,0.18574401447136,0.3988009323087,0.0214003082269126,0.174790720314009,0.198304719871827
2706,0.0148370194330421,0.117903379765878,0.144135073875445,0.135950159510184,0.148967195103869,0.438207172311581
2707,0.0155256301274705,0.0408049265317092,0.0449122376248124,0.0567706112194574,0.524382611488637,0.317603983007913
2708,0.345070804151193,0.452460589847018,0.0543754608274179,0.0331406175804457,0.0840213871857612,0.0309311404081637
2709,0.0863490933010799,0.124437482341619,0.230614306643658,0.0684067587203313,0.127077211723799,0.363115147269513
2710,0.0786128272524573,0.101345999860557,0.158551692761548,0.0881054447811148,0.20443683662627,0.368947198718054
2711,0.00965685379582634,0.0472197275889605,0.213029644117507,0.0226413534523509,0.233032874923743,0.474419546121613
2712,0.0893418999432477,0.0820980772310566,0.0968169015748148,0.116967051159025,0.394498104569681,0.220277965522175
2713,0.253567258596528,0.27271654447738,0.186415822715618,0.0429326846732516,0.099823348170777,0.144544341366445
2714,0.0030069558452862,0.037876360616982,0.0613309404293866,0.0215372988164821,0.1609714095419,0.715277034749963
2715,0.0561367639765061,0.123601687779743,0.396132249045202,0.0494077090221361,0.214563848958612,0.160157741217801
2716,0.0264222644841836,0.0735887563947099,0.148970508609115,0.0697169067629957,0.366933148324275,0.314368415424721
2717,0.0115031449310565,0.0512310814003647,0.029722896341049,0.0316936787844707,0.290905980587861,0.584943217955199
2718,0.0136855280323085,0.0590481548595013,0.294747312921313,0.06386117288386,0.184611686813607,0.38404614448941
2719,0.042402423021186,0.131231317611422,0.246955828156166,0.0576557815637148,0.339003433556431,0.182751216091081
2720,0.0568083182681511,0.0975169659297114,0.32590887899407,0.0783983201427964,0.216853430426469,0.224514086238802
2721,0.0149910357998546,0.0475928564124442,0.0740466468993902,0.0415516649223462,0.346288687724827,0.475529108241138
2722,0.286039150034343,0.521347929351526,0.105025483845487,0.0138984369149204,0.0529164783120754,0.0207725215416482
2723,0.0471553254095297,0.0772636409673294,0.0591413488462722,0.0758260554442265,0.252350502824927,0.488263126507715
2724,0.727923825937896,0.064648725618393,0.0608588583387161,0.0807057169069121,0.0421326087923224,0.02373026440576
2725,0.139418027476453,0.178645663875944,0.110406375184726,0.261795401036473,0.193225114453882,0.116509417972522
2726,0.0830277009867389,0.0990044543661102,0.0517421548604679,0.207315995227299,0.499573891448674,0.0593358031107096
2727,0.00663069925633907,0.0384535844528345,0.100169793433439,0.0281863450145063,0.287120436752589,0.539439141090292
2728,0.0148717465891111,0.0359639275020721,0.0939234753212656,0.0505348254343265,0.150754847878035,0.65395117727519
2729,0.129774717708906,0.198579199811711,0.110302184216263,0.112934503135619,0.266920753824882,0.181488641302618
2730,0.0266876279735099,0.030517387289088,0.0857458338474899,0.069931642031808,0.482327405567095,0.304790103291009
2731,0.209495267394339,0.148943438163023,0.056394355005936,0.164125953359608,0.312383281579305,0.108657704497789
2732,0.0310356331016001,0.0817455727593811,0.253012700136524,0.0456285526021578,0.134033345082016,0.454544196318321
2733,0.0703365033920669,0.145361630717054,0.15164917547132,0.156865311163499,0.375799980727283,0.0999873985287772
2734,0.0503537546297924,0.488955535162746,0.0563522958214039,0.0282162209815262,0.239064396240853,0.137057797163679
2735,0.0493554630418521,0.490535778253909,0.116491751446477,0.0394256370569835,0.136376330368953,0.167815039831825
2736,0.0276543686426996,0.0782095557069847,0.0487461652051242,0.383290963293014,0.343401798660472,0.118697148491705
2737,0.164360969759974,0.0852491552868292,0.221301658994198,0.210856607758763,0.143620561699952,0.174611046500285
2738,0.0330696113034462,0.12073071192912,0.147975304587223,0.0762462898565729,0.144629122729411,0.477348959594226
2739,0.0512490417674078,0.161818931015472,0.392211232104767,0.0288525053728561,0.242632349396976,0.123235940342521
2740,0.227133565924476,0.398074955371864,0.0352206375043037,0.0872990650667969,0.0988597354083465,0.153412040724212
2741,0.038560762941537,0.334471891073956,0.0822713334686195,0.0235096956683057,0.390219606922266,0.130966709925316
2742,0.0669817203582943,0.047747222417986,0.03131351753394,0.291310744368241,0.444255755753403,0.118391039568136
2743,0.142650276372307,0.246414789479294,0.0887338751708373,0.0906493963890036,0.270205488949515,0.161346173639042
2744,0.0385598928694035,0.0812628387245712,0.0682921840957175,0.106695357257179,0.615688348249192,0.0895013788039365
2745,0.0206215523599837,0.208647567078645,0.251220513742435,0.073815566091689,0.238051829878988,0.20764297084826
2746,0.0181950976313754,0.0811588344804422,0.0914404785949995,0.0340968717566417,0.398233948492778,0.376874769043764
2747,0.019531253720191,0.0292659047407931,0.0104733475932207,0.105690051516822,0.673447943967823,0.16159149846115
2748,0.00978108619067225,0.0545228281715249,0.0834821374837827,0.0334825533748273,0.569393933653445,0.249337461125748
2749,0.19492468224487,0.0658790277708068,0.0625942959008682,0.340334549137761,0.265971708245393,0.0702957367003009
2750,0.0104041800793804,0.0471931520723432,0.485864408876295,0.0227783585279273,0.0943989974308406,0.339360903013214
2751,0.261119794607289,0.199586541854978,0.0567589790465794,0.082416728551764,0.340941855537303,0.0591761004020861
2752,0.0360629471273218,0.19481342283516,0.178286186068164,0.0773677364804002,0.202449166545461,0.311020540943493
2753,0.0673275790843935,0.0509958472027816,0.00947968406411265,0.49733637826186,0.346104910531377,0.0287556008554754
2754,0.0115961196949513,0.204255118051184,0.118164363349994,0.0194891094161478,0.318219417352859,0.328275872134864
2755,0.00473294984998838,0.0126110561858363,0.0603465822915419,0.0136414147458989,0.193795958818306,0.714872038108429
2756,0.0126168617628233,0.0267181230885844,0.0608143608776225,0.0210931850415165,0.0356909051979048,0.843066564031548
2757,0.00553399936256828,0.0859393909815957,0.0152011008129412,0.0320073679717865,0.625091288717493,0.236226852153615
2758,0.123285907660041,0.233235875596145,0.195802250818791,0.0341670456685815,0.270992581626259,0.142516338630182
2759,0.0186276455660339,0.173549152962587,0.101285086722774,0.0170620678836192,0.319678329782471,0.369797717082515
2760,0.29587595937435,0.0377632204195542,0.0136082717746588,0.616651771659655,0.0299708669842279,0.00612990978755414
2761,0.211137607862744,0.179181039003313,0.0864804558966084,0.229436008739199,0.177478014239454,0.116286874258681
2762,0.0103503984254419,0.217989275060534,0.161472278069342,0.0221914929617084,0.33994550548778,0.248051049995193
2763,0.0461300439377053,0.162756100091301,0.361455022957734,0.0653890050080753,0.20277360554808,0.161496222457104
2764,0.0123006408587233,0.0326965176424168,0.19490147427671,0.0173039256869861,0.112497303293162,0.630300138242002
2765,0.0209079147031725,0.145461503998513,0.188692579062625,0.037971237548067,0.201011832513478,0.405954932174145
2766,0.0254786533345581,0.103662905550517,0.086746741246532,0.0720195249801238,0.372874190130275,0.339217984757994
2767,0.0439829198481232,0.14561969021487,0.144064863407086,0.12939183772136,0.247755129237299,0.289185559571262
2768,0.0673317437563072,0.336310784429832,0.315714834640378,0.0264763816425595,0.122655697579228,0.131510557951696
2769,0.0356113492788614,0.229717863690441,0.131928457192936,0.0657293613927621,0.322940744899562,0.214072223545437
2770,0.00320627201158021,0.0473086478093793,0.234486530571603,0.0240950559563147,0.117753515382783,0.57314997826834
2771,0.0343415015149006,0.150406084267588,0.469271828503709,0.0513783464595327,0.172539974672955,0.122062264581315
2772,0.103731478116252,0.102944644954579,0.0791476316252352,0.141903634082177,0.446739043571434,0.125533567650323
2773,0.0718900107439566,0.290830255433859,0.118787146994028,0.0529637464322084,0.312835457685955,0.152693382709993
2774,0.131553574007844,0.279553474794454,0.100415420515002,0.0721123579845407,0.270307473115145,0.146057699583014
2775,0.00335119304692488,0.0194506189231183,0.0977981418643494,0.00861335645144609,0.0937439501896105,0.777042739524551
2776,0.0106309905157493,0.0238579089634314,0.0382079349034749,0.043563230060253,0.275991533567168,0.607748401989924
2777,0.00186564398190346,0.0110892764903866,0.0728242541925069,0.0110886315351692,0.0349530561539071,0.868179137646127
2778,0.0369697687966998,0.152716579869356,0.106813741960185,0.0705813846456022,0.199635756244233,0.433282768483924
2779,0.0359909972744427,0.0969708664072391,0.353443846318213,0.0910975069325333,0.15014928022873,0.272347502838842
2780,0.0516322226288653,0.282373808788923,0.244093455199104,0.0374995194808497,0.145963584391073,0.238437409511185
2781,0.0168568032358613,0.0503714947422036,0.0470017850723227,0.0813916210178308,0.559852066320102,0.24452622961168
2782,0.00717467578679432,0.043766930900263,0.180682133350439,0.0217622808281887,0.0964772294385558,0.650136749695759
2783,0.202623528254441,0.508800485792334,0.115166198746534,0.0354164264199391,0.100931083639889,0.0370622771468631
2784,0.0499441281389563,0.344205361731414,0.0474041673627864,0.125299738169007,0.377176059127561,0.0559705454702749
2785,0.00335014048033282,0.0292394569116835,0.0752417626080424,0.0389940466047779,0.185220246167821,0.667954347227343
2786,0.0133047597230685,0.0455513696703054,0.0519181146843925,0.0586137332212836,0.374845955556772,0.455766067144178
2787,0.00637224539951613,0.0471267275225728,0.108216929816227,0.0229864485751412,0.301171704093096,0.514125944593447
2788,0.0128859617319139,0.0505771329623142,0.0917740163940961,0.0302867022183478,0.155195395317521,0.659280791375807
2789,0.0692900282356188,0.0585444614877073,0.270527072986247,0.0804325660913017,0.225400706387562,0.295805164811563
2790,0.0324593058555076,0.119079854497659,0.0469940207380094,0.091675734682716,0.453755373322849,0.256035710903259
2791,0.163479161704841,0.0463550345855185,0.0277522037352526,0.613953856835309,0.0907051526589419,0.0577545904801373
2792,0.624278740048718,0.224045021713874,0.0251241299129433,0.0420712226534109,0.0619065554529591,0.0225743302180952
2793,0.00855006760318561,0.0720810428852609,0.0413043450866564,0.0272542775636168,0.497538218784269,0.353272048077011
2794,0.495509069140743,0.280750141174271,0.0579404192760907,0.0643266120182912,0.0768620544692276,0.024611703921376
2795,0.312923202905166,0.0952950507224117,0.04570348298075,0.408203913182063,0.111654028953932,0.0262203212556763
2796,0.00658448876230872,0.041264848011371,0.153852263962859,0.0225074035563767,0.079984650715192,0.695806344991892
2797,0.0216698524423504,0.0357818203236451,0.0591711603226116,0.111774814600462,0.177900721052406,0.593701631258525
2798,0.0059129524938774,0.0755028365377377,0.171745827683783,0.018289677377367,0.271425996891935,0.4571227090153
2799,0.0657281695056518,0.186838930746747,0.296512392002595,0.0415386139278079,0.19301314976396,0.216368744053237
2800,0.00596731174963491,0.0377586154028539,0.040301675931915,0.0639954440880663,0.301565658599293,0.550411294228237
2801,0.0185273029684724,0.0566842310281314,0.0358550516389167,0.0418490086385675,0.503798896999775,0.343285508726137
2802,0.0348271325185755,0.0966386459876828,0.0550060853193029,0.151057524674138,0.310658585432555,0.351812026067746
2803,0.0823074666809005,0.454426288952663,0.0706848817665068,0.0264517035467338,0.252284618225173,0.113845040828023
2804,0.0138037404142802,0.0789526413144562,0.118688709791773,0.0669219123153885,0.4415497726555,0.280083223508602
2805,0.183128543521454,0.192944560729834,0.30645735687718,0.0786948412584974,0.16502529377947,0.0737494038335643
2806,0.213396182494867,0.118690817194881,0.0616871440258036,0.181787628777589,0.186592694902959,0.237845532603901
2807,0.0495304505325561,0.163200252749586,0.14908047970482,0.0607331864863861,0.215063843470114,0.362391787056537
2808,0.00833419436467472,0.0506316042124765,0.0622708167102292,0.0291617656388556,0.362543379256205,0.487058239817559
2809,0.0275606873993695,0.0573378482082498,0.184241695711458,0.0514274392603289,0.133313598682238,0.546118730738356
2810,0.00864417140577868,0.0457079614691865,0.0778529559953487,0.0808950881132654,0.492807481631783,0.294092341384638
2811,0.0140107343317512,0.1532418418797,0.311918953804082,0.0689411355549662,0.189681840460627,0.262205493968873
2812,0.322907014071637,0.262614167597363,0.163857469475709,0.107503078360768,0.0930696016912831,0.0500486688032399
2813,0.0249256647465452,0.10546648220291,0.165792489075709,0.0842755799573731,0.250706534288963,0.368833249728499
2814,0.0200703435828675,0.17006495332273,0.224546833886244,0.0528837308389572,0.269987281369005,0.262446857000196
2815,0.0847773573979494,0.132368577821353,0.172916727803891,0.0929187873459903,0.16357768138108,0.353440868249736
2816,0.164817931769308,0.172455341340484,0.344702462173546,0.0585150285835361,0.160109522473886,0.0993997136592408
2817,0.0737615469204527,0.214435527394771,0.133906846255343,0.0475545174102326,0.368010591293628,0.162330970725572
2818,0.274053533292567,0.196992896977096,0.178176694808341,0.0712374572613323,0.188991351600745,0.0905480660599191
2819,0.588023341887126,0.264754958735793,0.038687058745627,0.0483125522892143,0.046039442445282,0.014182645896958
2820,0.241211309107631,0.170462504511321,0.441400309049306,0.0321787963796546,0.0649087793869377,0.0498383015651499
2821,0.00317733566050059,0.0255397081609015,0.0233285727900047,0.00881152772322034,0.534896742578436,0.404246113086937
2822,0.174877156600481,0.142925650389663,0.152586790321997,0.0585206082824477,0.361572612100502,0.10951718230491
2823,0.0991723408699836,0.113088146238247,0.111233217551207,0.110687358921341,0.236026370884584,0.329792565534638
2824,0.0422764737699087,0.195987927224634,0.181881111723882,0.0368133418809548,0.248787189014998,0.294253956385622
2825,0.00330082475104337,0.041258911444801,0.172577164937933,0.0123220225952347,0.0329957713796066,0.737545304891381
2826,0.0171887240551569,0.18179345676161,0.0446161100798343,0.0223140561792793,0.478389722084761,0.255697930839358
2827,0.110204991606852,0.247188407934462,0.100776976341879,0.066511792365549,0.272194529361535,0.203123302389724
2828,0.0256464254523052,0.155162908111465,0.171949013794165,0.0721850170255631,0.416173782693506,0.158882852922995
2829,0.0209400089415122,0.0364375565304279,0.0252111590442209,0.131523995050924,0.599411325977731,0.186475954455184
2830,0.00275633788693316,0.0274419086490807,0.0942726614886577,0.0147803907682442,0.151948201737583,0.708800499469501
2831,0.323128095759743,0.45355393203927,0.0815328057379109,0.0337393858465993,0.0682847204833611,0.0397610601331158
2832,0.025184477784492,0.172710538267296,0.254252754807055,0.0247136177424389,0.258761416446853,0.264377194951865
2833,0.0972210593362892,0.128856443360119,0.0684759676828631,0.183452056411875,0.290822850936048,0.231171622272805
2834,0.0273382602954317,0.0783330168601517,0.0709120162070953,0.0401009312873865,0.326155109315281,0.457160666034654
2835,0.323749946973991,0.155800696206551,0.0217902380103,0.259620449231835,0.191355315170414,0.0476833544069089
2836,0.006710077123389,0.0142306581958982,0.0286222086877888,0.0257471561434999,0.183582930980448,0.741106968868976
2837,0.0726338535440301,0.209121880706798,0.336750468951603,0.0546349987382534,0.173791637024644,0.153067161034672
2838,0.0815022040005064,0.188175495303787,0.248493687707577,0.0625996989257769,0.147763848598631,0.271465065463722
2839,0.232855968720806,0.170399122289119,0.0993821477404573,0.0658207621476975,0.272129481248312,0.159412517853609
2840,0.118729772194886,0.102708539318283,0.200811347634031,0.113109221584772,0.208129771058037,0.256511348209991
2841,0.484655682779192,0.0737743995983824,0.0367247637190311,0.249093526055186,0.127410651781245,0.0283409760669637
2842,0.00471710057193725,0.0202464656946732,0.0187777453925698,0.04367586992792,0.607168737410955,0.305414081001944
2843,0.178189300529321,0.103485801440047,0.157362426998513,0.201700491181026,0.187737527835232,0.171524452015861
2844,0.0175093083518185,0.0528748272043734,0.725350780523878,0.0192470143111114,0.0603155506065054,0.124702519002313
2845,0.133867532847587,0.257552807883654,0.230642079014021,0.179822003391638,0.154183246322314,0.0439323305407858
2846,0.0239882226422515,0.0987820489172448,0.0692980869671492,0.0667336430804331,0.478637565409079,0.262560432983842
