"CUS_ID","F20-","F30","F30+","M20-","M30","M30+"
2501,0.193051016820541,0.271707402471823,0.0958806800064531,0.0812784497979915,0.196429162954509,0.161653287948682
2502,0.0262625541780605,0.0678279315003319,0.228310014962306,0.0666908151087178,0.374752231041446,0.236156453209138
2503,0.140217556067168,0.234844667831357,0.13317637271104,0.0886465237356007,0.263285038245625,0.139829841409209
2504,0.217896945767832,0.202418387030896,0.233159017585332,0.0813178220246039,0.124789104933146,0.14041872265819
2505,0.0326339346575702,0.0971511887370103,0.259499748340386,0.0591979058426513,0.216087601391197,0.335429621031186
2506,0.047471382868777,0.169010408285233,0.101906883549356,0.0447480442817533,0.281229912703927,0.355633368310954
2507,0.0119840116154532,0.0474894071888331,0.0882744095364991,0.0336091258430112,0.230300069936817,0.588342975879387
2508,0.0160546805502284,0.0434350755034366,0.0927123435853109,0.0515505201739469,0.318595809110625,0.477651571076452
2509,0.0234270930802827,0.0562399641087093,0.18879945694805,0.0348921610198966,0.168407567059151,0.52823375778391
2510,0.0349642846538012,0.151288993359716,0.10375200179088,0.036518808000363,0.196672004603284,0.476803907591956
2511,0.512939384047646,0.20627755575106,0.0898809742909757,0.0774439823413683,0.0751518575591024,0.0383062460098472
2512,0.051630278605676,0.145118296818681,0.139000733743317,0.0944765240923506,0.459771551169917,0.110002615570059
2513,0.00669810105570467,0.0451089180714914,0.14889356464889,0.025213393883189,0.199365228821981,0.574720793518744
2514,0.225963226072932,0.490289503614631,0.0592704229887805,0.0311371247714525,0.147625153163606,0.0457145693885975
2515,0.0132404261140829,0.0381183158144171,0.0959441864405621,0.0385899558822082,0.163857031955087,0.650250083793643
2516,0.0769322523551064,0.16462298828242,0.0985106648696233,0.110908918719376,0.181060295457272,0.367964880316203
2517,0.127105180226287,0.249826334484236,0.158753436433656,0.0386836230189016,0.187612705516161,0.238018720320759
2518,0.247615368714848,0.192770171410572,0.0985075972047841,0.08295945100195,0.233624460382648,0.144522951285198
2519,0.121276824350989,0.610862940405835,0.0525140336964623,0.0480280551216604,0.103783995299418,0.0635341511256356
2520,0.0365731582982299,0.0443899667743256,0.0288002466847275,0.127437480897429,0.575866059584779,0.186933087760508
2521,0.0404633415035872,0.117055813078062,0.236523044758272,0.0672357020665699,0.19018272787064,0.348539370722869
2522,0.52150525147571,0.226694949975923,0.0786020550557176,0.0615834339973417,0.0752154336331805,0.0363988758621266
2523,0.0942118003446552,0.221697128321088,0.137188389229015,0.048046132680979,0.369035550360765,0.129820999063498
2524,0.114797407390454,0.113307612224396,0.320270195946613,0.0863597371910081,0.126635291681735,0.238629755565793
2525,0.306905650274096,0.114785206780961,0.0520333741522634,0.343256651052526,0.154932951314642,0.0280861664255119
2526,0.0924971467170854,0.155398822499547,0.0881497637858375,0.101072716840531,0.338887166613771,0.223994383543229
2527,0.292811812531472,0.19551294548765,0.156359110835683,0.106733068926904,0.143160567003578,0.105422495214713
2528,0.01302853737358,0.0483333362425249,0.185832829808588,0.0800578834674048,0.301106216078378,0.371641197029525
2529,0.0291740065276483,0.0569888000883185,0.211627494464836,0.0255524829098546,0.101891211834164,0.574766004175178
2530,0.00335444338635481,0.0398905150997971,0.138678610386631,0.0276404702641908,0.12697332463578,0.663462636227246
2531,0.0457765712898401,0.12536115482193,0.149557056639249,0.187200122407752,0.267451367211154,0.224653727630075
2532,0.0799647243382785,0.132061373211826,0.160421838648496,0.096955710170032,0.267826782642931,0.262769570988436
2533,0.00854510454807569,0.0255982594739918,0.168364515816999,0.0312614970523915,0.0663158666406409,0.699914756467901
2534,0.123173047233022,0.0430369796863829,0.0354095563214805,0.598217752084313,0.136445565094781,0.0637170995800204
2535,0.0832424655174578,0.13251028571837,0.219020673156297,0.0710189873562622,0.215073121546482,0.279134466705131
2536,0.274763916456455,0.186535409218378,0.110840877120941,0.0795849772452361,0.192569205278524,0.155705614680466
2537,0.0587274544071194,0.656343749853793,0.0896871912298001,0.0212041088620727,0.0934853172518285,0.0805521783953863
2538,0.0926911613881736,0.0700441800073379,0.102565835867402,0.0949684395344213,0.317846199917097,0.321884183285568
2539,0.200187499572807,0.18472213935043,0.188991315227567,0.0611738274393316,0.138360961092392,0.226564257317473
2540,0.396054984815159,0.185958747095126,0.0367308842197223,0.161651874536764,0.174946833188622,0.0446566761446078
2541,0.186886461568316,0.0922792112524139,0.0304954720059137,0.303506441195926,0.282211880654266,0.104620533323165
2542,0.0828699019259291,0.349472847653411,0.093464075286518,0.0660524606060923,0.315742397038424,0.0923983174896261
2543,0.0150629251925127,0.0358162753539319,0.0549805978974272,0.0212307399809396,0.33398569923966,0.538923762335529
2544,0.158640622998119,0.208088177114175,0.136484813104561,0.133135723498883,0.154394799366035,0.209255863918226
2545,0.0375909821838699,0.236641310528668,0.0600844850566025,0.0354226868448699,0.401423035276707,0.228837500109282
2546,0.0523651533884772,0.033868697788982,0.012251235071944,0.220108133139225,0.577795945497402,0.10361083511397
2547,0.0932806875269144,0.167501749534078,0.277869571954499,0.0662523508944792,0.179884654916291,0.215210985173739
2548,0.0511443283489938,0.0799091798756236,0.151859674309374,0.0811714802068811,0.439882231753936,0.196033105505192
2549,0.00617555277166221,0.0393004509056484,0.0444340260871748,0.0457171091233669,0.295511795627965,0.568861065484182
2550,0.0376595387442589,0.0677562276559856,0.018384817561212,0.163061373768162,0.547195446023063,0.165942596247318
2551,0.0805939914473791,0.157169017058041,0.0818978628284741,0.195905996337985,0.295826472950155,0.188606659377966
2552,0.206739272968015,0.318236247412548,0.0988571740031006,0.0961769477315654,0.172378378551911,0.107611979332861
2553,0.386870324101097,0.193947986257677,0.0710681235587579,0.139759443954037,0.166357088693941,0.0419970334344908
2554,0.127672012565231,0.133043147624762,0.120675063129723,0.121090698877912,0.381517789100528,0.116001288701844
2555,0.0276324271266357,0.097394633853925,0.0725188985636735,0.0698908554002619,0.501314797452162,0.231248387603342
2556,0.12887939781713,0.263794215243756,0.255317371273206,0.0798158937984199,0.170168415734207,0.102024706133281
2557,0.157167991276633,0.250104859533861,0.29484147716233,0.0956020764715565,0.132416299516346,0.0698672960392734
2558,0.0668204627661201,0.150682296548037,0.499667459092834,0.0366566342148807,0.109618189929561,0.136554957448566
2559,0.0923090607923661,0.357326237500375,0.0903011257209899,0.0568643919310289,0.184800800880308,0.218398383174932
2560,0.00811237179048245,0.124442284871631,0.0844148672872136,0.0450970335721643,0.256383458442827,0.481549984035681
2561,0.0623728911100792,0.0660523369414843,0.156972766379923,0.0383662067423493,0.195544990744255,0.480690808081909
2562,0.324409166335518,0.384970612858651,0.0784398543961904,0.0639342482515354,0.123009715036942,0.025236403121163
2563,0.138283294053935,0.176915647201675,0.189767109644052,0.0732624689598206,0.149913680128681,0.271857800011837
2564,0.0613081926945299,0.076728290853721,0.101928130549415,0.195627148720936,0.284969248412547,0.279438988768851
2565,0.0162148567194878,0.043143995639268,0.0517440448094456,0.0304068219231137,0.137822408505313,0.720667872403372
2566,0.0131656575121744,0.0249314942384666,0.0566688471819627,0.136964682455459,0.435935389851219,0.332333928760718
2567,0.0679327118390957,0.167854989761605,0.110050965130327,0.105404169716037,0.174543372180654,0.374213791372281
2568,0.00950980355282913,0.0374349744148816,0.0881965468483169,0.0473863492752805,0.253112937175399,0.564359388733293
2569,0.0192948433119948,0.0794741863124971,0.23049332955978,0.0250876797986911,0.249010792803557,0.396639168213479
2570,0.0750292273457169,0.287485522463309,0.195710977213899,0.067757312436193,0.18183001698948,0.192186943551402
2571,0.0916633196694472,0.0887306373505302,0.0514562338327621,0.300487655584936,0.350686363563888,0.116975789998436
2572,0.0827953136371849,0.190637784224986,0.169425119233098,0.276132678044181,0.149366671429297,0.131642433431254
2573,0.117846000582357,0.238644726022162,0.17446046288512,0.0600530016812626,0.267146467422076,0.141849341407023
2574,0.0335990275779724,0.0486086779982572,0.0428943478289353,0.494476114663988,0.318372182423001,0.062049649507846
2575,0.0247708365323316,0.0597376563186666,0.0219920125054498,0.134535390556173,0.632138132848546,0.126825971238834
2576,0.223149061942551,0.195292860540448,0.147367664883085,0.097548492240909,0.173289624662544,0.163352295730463
2577,0.0661261733286308,0.142538570761071,0.133623251978341,0.0626438468718658,0.27205958044207,0.323008576618021
2578,0.00593461827855876,0.0293521157429784,0.100845367015687,0.0212208245252141,0.0734784366717959,0.769168637765765
2579,0.195286859041677,0.323800868815123,0.2568885503623,0.0365160714663421,0.103987499869846,0.0835201504447115
2580,0.107142031291217,0.259378307222034,0.148780250971999,0.0578859333801478,0.222539342438049,0.204274134696554
2581,0.0355390532616519,0.0577167426251754,0.0971315149142707,0.113405210486969,0.293536891907966,0.402670586803967
2582,0.0986609190696267,0.498963897554921,0.0750066803297153,0.030752933494084,0.20906960244703,0.0875459671046228
2583,0.043095278533447,0.539279638267298,0.133865521625617,0.0285779820677837,0.118148798709099,0.137032780796755
2584,0.283934901368619,0.589767331103719,0.0280354184781982,0.00979574228898676,0.0683580935194209,0.0201085132410562
2585,0.0531428795590599,0.0683643931682495,0.0930618915963112,0.0644441443424928,0.412838889082934,0.308147802250953
2586,0.0477399206885104,0.243726136752357,0.12886259625898,0.0571686067019895,0.234992152271181,0.287510587326983
2587,0.264798754324927,0.102192781556198,0.0802164116348612,0.231664934667269,0.218412537306046,0.1027145805107
2588,0.081866046092964,0.0520788899115743,0.0494141550023591,0.148061378690332,0.479483511832664,0.189096018470107
2589,0.0306126042689789,0.0547535969898801,0.0514257120565759,0.168754938411423,0.571077189630988,0.123375958642154
2590,0.0305972640162051,0.0855099545980664,0.189015766163789,0.0970971859590939,0.219651985269348,0.378127843993497
2591,0.104593334395165,0.154750599416458,0.170496795906598,0.0582763026455961,0.132586529231337,0.379296438404846
2592,0.0285498230278994,0.0878562587531408,0.0717472490083536,0.134409680165063,0.545008576854301,0.132428412191242
2593,0.220151323368908,0.197330275327114,0.0920612647912666,0.136770571709828,0.216418372220342,0.137268192582541
2594,0.0610310372579305,0.0697527030360455,0.0794550782951851,0.0252253688540472,0.38510469720362,0.379431115353171
2595,0.113581762966573,0.210439434734628,0.14909055979869,0.0985409621135338,0.198496689191986,0.22985059119459
2596,0.730133997056856,0.0928589671199246,0.028772735445377,0.0947490169433555,0.0392756445089917,0.014209638925495
2597,0.0177669067009961,0.0424915426495194,0.116233997884155,0.051770854313302,0.272948270919745,0.498788427532282
2598,0.0308873390806629,0.107166641135776,0.084111899321759,0.028857568200959,0.168392722794941,0.580583829465901
2599,0.260998030514712,0.124476470018691,0.106489087866477,0.17039955865364,0.186210345713122,0.151426507233359
2600,0.0316275685611904,0.133944969721194,0.0941825790317333,0.0970244725188613,0.543617840310743,0.0996025698562777
2601,0.082215138114485,0.0854966381110231,0.214285535615523,0.174503411141053,0.156667693144802,0.286831583873115
2602,0.00869587833935343,0.03656418401239,0.0565489229096829,0.0333899913710331,0.183096961414211,0.681704061953329
2603,0.0880880378564338,0.420456593989157,0.0855690806478998,0.0605044755235728,0.217813781138621,0.127568030844316
2604,0.108157952055796,0.235244322222429,0.240412742196426,0.05695175596578,0.156377805941395,0.202855421618175
2605,0.0437271525329428,0.162705960908148,0.232078827001317,0.0603734340125057,0.239393109742701,0.261721515802385
2606,0.0794320899883221,0.0908722215257873,0.158295225883484,0.0572860564220597,0.226399398945762,0.387715007234586
2607,0.00738159207510444,0.0188719510263574,0.0816776768290211,0.0158071166583862,0.0871861037216317,0.789075559689499
2608,0.18117441384692,0.126616369960408,0.0889661528767188,0.154806854031584,0.270739944320954,0.177696264963415
2609,0.0352984527733967,0.0686772811975948,0.0758930608808038,0.135441234544847,0.302312203178179,0.382377767425179
2610,0.0710791836309465,0.103763029870097,0.0435360414325033,0.154004102139459,0.316720580356276,0.310897062570718
2611,0.0135860100401514,0.0294120725583837,0.117508370858046,0.0292312168895282,0.0975494306347086,0.712712899019182
2612,0.0960673157704415,0.193778423553322,0.155696522654668,0.0615605095415099,0.120592780164135,0.372304448315924
2613,0.368081913788159,0.324431723754782,0.0685660759594593,0.0673410501469551,0.129972266725105,0.0416069696255394
2614,0.102203713836192,0.101927089126949,0.0948210914091342,0.114160734794155,0.203548845717434,0.383338525116137
2615,0.20629800710362,0.237783734174742,0.262819530966625,0.0586656926146267,0.0988915384997312,0.135541496640656
2616,0.0105923359059738,0.0497270552009561,0.0296952596174984,0.060966745486897,0.586656768330578,0.262361835458097
2617,0.0780475052517325,0.218114763055783,0.389191782875422,0.0341529567913551,0.110932116188873,0.169560875836835
2618,0.0207630106980844,0.0735154636854352,0.125020228966831,0.0419099486511968,0.352419485426165,0.386371862572288
2619,0.0570921163425785,0.0606350031922984,0.0310416167257368,0.206952180876819,0.468850978151495,0.175428104711072
2620,0.0126135620730186,0.113897969410923,0.224292638782274,0.0337100584365732,0.267808012548981,0.347677758748231
2621,0.0293158218946438,0.0871628454768486,0.0982580941051539,0.199393629443134,0.430765372443322,0.155104236636899
2622,0.00782377265537721,0.0417648013068383,0.038387825309126,0.0341871357923044,0.196718567785446,0.681117897150908
2623,0.154246038299508,0.137848671212342,0.0493878213302853,0.0800247040925524,0.451314811714825,0.127177953350487
2624,0.0307243317355191,0.0911697257511032,0.0996190588291364,0.0741513708490004,0.261422261635301,0.44291325119994
2625,0.105189183152804,0.353360746219132,0.286898335264577,0.0456956963647613,0.114327955845821,0.0945280831529051
2626,0.014374542667633,0.0300037058937082,0.0661467733877887,0.0417750857112721,0.100382764768893,0.747317127570705
2627,0.0668712694442463,0.138525797909694,0.176282207599416,0.0373339683962007,0.239684381334188,0.341302375316256
2628,0.0673425829027945,0.0756856066199535,0.126171899491313,0.306159480028974,0.345165180231926,0.0794752507250391
2629,0.044081331152975,0.102393161427055,0.0745391351839269,0.072104496024552,0.447106903223064,0.259774972988427
2630,0.24198291571343,0.182643165905953,0.204498515793085,0.0858812298454503,0.142907108556562,0.142087064185519
2631,0.0437186459360529,0.202993893830481,0.168325932399363,0.038591231206763,0.295190869317719,0.251179427309621
2632,0.0100573237350652,0.0246745496177699,0.0877824406434034,0.0223341384995685,0.0595565156911101,0.795595031813083
2633,0.161207227392376,0.310599217008267,0.0680641860660475,0.0991832424232238,0.257643139838003,0.103302987272083
2634,0.038704118286107,0.0516724912988244,0.196661983721962,0.0514450256071217,0.174040228311325,0.487476152774661
2635,0.0223215965676489,0.0996134999962095,0.114342632589472,0.0247850500358632,0.517263637214658,0.221673583596149
2636,0.0124539240212227,0.0431555725819319,0.0686148919334285,0.0277145969848852,0.29821948578716,0.549841528691372
2637,0.04757574548034,0.14306200472469,0.0506980615442512,0.0254959901230879,0.596006419590053,0.137161778537577
2638,0.064755724617093,0.0667772305430816,0.0467966557588071,0.49418637550021,0.156341993313203,0.171142020267605
2639,0.0583837004660183,0.0664818423345884,0.0395454323644984,0.472103165141805,0.266283562526472,0.0972022971666179
2640,0.0188873775746286,0.041998715885664,0.0522107141100161,0.0250501072434317,0.152422911094439,0.709430174091821
2641,0.0602868861725345,0.12622382776514,0.112518478263719,0.160563770630577,0.289182400143758,0.251224637024272
2642,0.0239824237400176,0.114034676514001,0.221739631986981,0.0561455697209369,0.184022497444382,0.400075200593681
2643,0.248083278475674,0.385119769204826,0.0377585187433319,0.15450014520338,0.121889173324055,0.0526491150487326
2644,0.00587864351836664,0.0446207023299302,0.0415390865993902,0.0133256994595579,0.168788803557995,0.72584706453476
2645,0.0203544944529707,0.0594552972505852,0.0575988877752957,0.0775480939046371,0.190416835629299,0.594626390987212
2646,0.0073404778509948,0.0260404033352515,0.122581424143935,0.0128747943162751,0.0497668513330015,0.781396049020542
2647,0.0523166414298668,0.119864023694765,0.101581755477731,0.181564819919938,0.23153400943688,0.31313875004082
2648,0.200827485458702,0.303431949212536,0.264926290045,0.0484717619966646,0.0836266922660908,0.0987158210210069
2649,0.052861679139261,0.0584442392762753,0.153203030659789,0.048068004629563,0.242895174357286,0.444527871937826
2650,0.0825520509868573,0.0757591275346688,0.226797830906488,0.0582605468711072,0.12106040132107,0.435570042379809
2651,0.0446937471390986,0.124850361811262,0.0444311101141716,0.0628637731263102,0.492674753580145,0.230486254229013
2652,0.0287380395262826,0.117577169453422,0.0730495530141269,0.053817904813559,0.479878120386516,0.246939212806094
2653,0.128685105870985,0.219617729307745,0.153429128086523,0.11239406429187,0.227458148813488,0.158415823629388
2654,0.00627998451535097,0.0391235752193319,0.112542698612499,0.0396450403348515,0.0886269751415304,0.713781726176436
2655,0.281783087851008,0.236617406979316,0.127657603552455,0.0798406141612637,0.188261504008502,0.0858397834474556
2656,0.00647502702810293,0.0314233712377332,0.0612649104397839,0.0220177760334474,0.305328148252559,0.573490767008374
2657,0.0248038736716751,0.0334375268839243,0.122311794335646,0.0389195571528307,0.0689502896963761,0.711576958259548
2658,0.128952230138728,0.231738480946886,0.11931301320785,0.295279776707896,0.11978758001576,0.104928918982881
2659,0.0918428540090287,0.0972240546297914,0.147875516133236,0.344239042076366,0.184176172260968,0.134642360890609
2660,0.0211120529399448,0.0463171119768314,0.0549934090070714,0.0602141617220493,0.274965859362329,0.542397404991774
2661,0.0084424447846518,0.0361068971924652,0.124547204151208,0.0883643339238284,0.114441479315007,0.628097640632839
2662,0.010367279035448,0.0561172928654792,0.0884757280710724,0.0149057958542716,0.140512867803975,0.689621036369754
2663,0.0075509448765846,0.0232081585687771,0.0504249607319167,0.0472731156857062,0.592551405040619,0.278991415096397
2664,0.076955005931517,0.121036579628913,0.0497197817494449,0.135864082130767,0.478290529341611,0.138134021217747
2665,0.160593712016678,0.295538648152036,0.0789215190399167,0.051004077314357,0.231968870484859,0.181973172992152
2666,0.0113868964333546,0.0324338033794474,0.204976093179905,0.0364133799086296,0.0491482533539434,0.66564157374472
2667,0.120324198436729,0.100976730405931,0.382360435534303,0.0774212185505455,0.172794791901463,0.146122625171029
2668,0.0172095377966057,0.10292120755974,0.38954285730451,0.0254607979040461,0.124384246085936,0.340481353349162
2669,0.0256896087609139,0.131247015527627,0.109156564160759,0.0284872942910797,0.283605031538532,0.421814485721087
2670,0.00631494633622476,0.0389990074418924,0.105493093397256,0.0214856728386041,0.174311097567055,0.653396182418968
2671,0.0475192986210356,0.0778546367538688,0.0363594207879856,0.156613628642073,0.296412788938998,0.385240226256039
2672,0.016830327994003,0.0554428422972248,0.177894702864298,0.0343432692653431,0.170461664136439,0.545027193442692
2673,0.340844664011311,0.317563138084743,0.0636773368750232,0.106706121125974,0.133282635882496,0.0379261040204527
2674,0.0770396436464353,0.0764138505794751,0.0712516598385967,0.314982041703966,0.266308251381093,0.194004552850434
2675,0.406530936775978,0.2497880864149,0.0366356053400351,0.119129208863718,0.154566104576747,0.0333500580286219
2676,0.0298802221512545,0.0352560969916397,0.0425082026398093,0.142554206051706,0.401907081205199,0.347894190960392
2677,0.0532367057952693,0.178924426086588,0.174240891584796,0.079962918133711,0.232208163508265,0.28142689489137
2678,0.0625446112667305,0.23205360944479,0.225850675045519,0.0491699441230603,0.232512047289918,0.197869112829981
2679,0.00313363301180581,0.0208882692948157,0.0837893518830742,0.031791601115215,0.296566010683261,0.563831134011828
2680,0.0506267208301635,0.195237613549118,0.30126759301923,0.149604959065416,0.174674331438232,0.12858878209784
2681,0.103960603841003,0.239728761964282,0.128854875948614,0.0913780388013961,0.302016271103348,0.134061448341358
2682,0.0159424205315151,0.0407265897680828,0.123572074261152,0.279907655177349,0.186943271049667,0.352907989212234
2683,0.359948931017625,0.39010823133862,0.0685139369447112,0.0805392644468666,0.0779298180805182,0.0229598181716585
2684,0.0153676093456618,0.0630289017372384,0.0572461061737799,0.15800374917913,0.388215655635009,0.318137977929181
2685,0.0728552957704957,0.0602072130023476,0.123002907259962,0.0829563340794006,0.105663643238146,0.555314606649647
2686,0.0100544707588769,0.0867528748179959,0.180842030292098,0.0347452288193195,0.181244213893668,0.506361181418041
2687,0.519509979274311,0.144832190197785,0.0491192153611481,0.144871967884127,0.107315228953811,0.0343514183288182
2688,0.0754313984439211,0.207683433752985,0.0952415535745735,0.240354427444846,0.229985144417072,0.151304042366603
2689,0.219013950830945,0.455223272839666,0.033913252943251,0.0784289788255782,0.183670639485129,0.029749905075432
2690,0.013900658172569,0.0534262912166332,0.0672643941747346,0.145215745038584,0.393331017190717,0.326861894206762
2691,0.0670737421577147,0.152023180048246,0.0519487218833764,0.106472911631718,0.376052088232704,0.24642935604624
2692,0.147572043963078,0.10426974908212,0.195178641092602,0.111648926973836,0.241231050099915,0.20009958878845
2693,0.0589734480695097,0.0632545350302469,0.369883491526894,0.0573685787497452,0.126667867307477,0.323852079316127
2694,0.0172111664486178,0.0734227682289299,0.121536019606155,0.0603769447906252,0.250004075739031,0.477449025186641
2695,0.473217036559666,0.211018336955236,0.0645187506869504,0.111985201837639,0.100807535262476,0.0384531386980334
2696,0.0199069181804252,0.0732353571482978,0.174517961448863,0.0434412242394964,0.148999788074907,0.539898750908011
2697,0.0366243284394364,0.108847076606365,0.214309430581258,0.0307709617684851,0.16332032242424,0.446127880180215
2698,0.0141752630420444,0.0542692862340128,0.177012608117586,0.0366689167451427,0.205461163095306,0.512412762765908
2699,0.0224619266018354,0.0634972134158314,0.181486232492292,0.0557148876990037,0.164164013799305,0.512675725991732
2700,0.00509768618791946,0.0474147164475277,0.0317022803059884,0.0173493313115286,0.420897716148196,0.47753826959884
2701,0.0315590942243863,0.0332302538036365,0.0307968384317819,0.166126106173565,0.431251180024942,0.307036527341688
2702,0.324930828576497,0.22132045124967,0.244248872069545,0.0448567550921677,0.0735359339100197,0.0911071591021019
2703,0.0965050369494183,0.0781348073965808,0.199620344439368,0.0843611765098479,0.205983458342862,0.335395176361924
2704,0.0521082759698469,0.160881250418841,0.337614868819418,0.0681019579992118,0.201383947227177,0.179909699565505
2705,0.0274729850977036,0.145467497616352,0.281787914035228,0.043380859200982,0.26435419503307,0.237536549016665
2706,0.0454064789489507,0.102691594018567,0.209607989362265,0.0937801025518541,0.196743088342306,0.351770746776057
2707,0.0128184708054839,0.0285548584629307,0.0594714746890647,0.0318683680706833,0.392026594808274,0.475260233163564
2708,0.264284811615035,0.382989401906139,0.0857825508317257,0.0638042654462052,0.149560573822649,0.0535783963782459
2709,0.143146726953831,0.131966621789195,0.310999321949308,0.0762310079647573,0.113198390751986,0.224457930590923
2710,0.148655763265771,0.121988235478725,0.201079785682261,0.121560815124188,0.18089202890814,0.225823371540916
2711,0.00499773279763785,0.0356824238418844,0.113654160633419,0.0301486509560394,0.296311945686782,0.519205086084237
2712,0.0721053074650293,0.0976913284547107,0.183195756026772,0.126280391871803,0.261644543432733,0.259082672748951
2713,0.131736294190954,0.253136117613417,0.176295953761507,0.0521515602516328,0.144347490835264,0.242332583347225
2714,0.0134832058333499,0.0696132506609525,0.120060077989071,0.0327855996764629,0.240004810546798,0.524053055293366
2715,0.104475662496824,0.145032396213094,0.383700788759578,0.0462422397697863,0.171319249561363,0.149229663199354
2716,0.0649122143075755,0.121827081631796,0.185686518845742,0.0603948463150638,0.260317563918156,0.306861774981667
2717,0.0324193593481598,0.0448943375879938,0.0369952560532385,0.0493628920813982,0.271511109239968,0.564817045689242
2718,0.0169875190485858,0.041643524708096,0.255313244273888,0.0485912819727204,0.180940063726715,0.456524366269995
2719,0.0402775647094233,0.142475461694253,0.160195189759148,0.0696040915242815,0.369349812111875,0.218097880201019
2720,0.122166089015361,0.142485918249407,0.341157747476149,0.0789990538975509,0.15099413856364,0.164197052797892
2721,0.0387605483350164,0.107747082528503,0.12573421447477,0.0573536481759867,0.387646885867241,0.282757620618483
2722,0.266261256982058,0.449517416854476,0.155329211393343,0.0221906885360782,0.0658372771560255,0.0408641490780201
2723,0.0508312014126504,0.0933739245155313,0.160865137769655,0.0945098899955643,0.205739757097566,0.394680089209032
2724,0.59430870107947,0.0970191854263543,0.13118393964624,0.0580503328240739,0.0645204043512182,0.0549174366726439
2725,0.257817629846103,0.194114765775503,0.10375973059067,0.197552223188448,0.146330595962198,0.100425054637077
2726,0.0813250166718721,0.112303992524655,0.0945605455100295,0.154108191908888,0.452517300004324,0.105184953380231
2727,0.00535991086163792,0.0286476298708579,0.0886901929097778,0.0161197891056572,0.17563662192819,0.685545855323879
2728,0.0138415642920438,0.0258233991739359,0.0959394246663736,0.026857182799337,0.153087683576038,0.684450745492272
2729,0.0647299985734439,0.218450923941389,0.195305439872778,0.0727371156568969,0.216423160547093,0.232353361408399
2730,0.0220827327935993,0.0365857038233786,0.0554554899244169,0.0790541206333929,0.457190147362198,0.349631805463014
2731,0.176679939671003,0.176711978344196,0.103166352310551,0.164109123696073,0.275873201203774,0.103459404774404
2732,0.0453663605768915,0.119285908422507,0.21505016611171,0.0534711928885349,0.139775345456805,0.427051026543551
2733,0.0450301481814415,0.135298546148663,0.242178230697949,0.0785246131379271,0.327451466400968,0.171516995433052
2734,0.0919588525822612,0.336938091516143,0.0734700396888292,0.0772357255018896,0.217894410262617,0.20250288044826
2735,0.220060157765477,0.430204283998345,0.0837005347322124,0.066712196409658,0.0883611828754133,0.110961644218894
2736,0.0513550519609382,0.0402505128300827,0.0240244150266749,0.641547134665015,0.185381452784924,0.0574414327323654
2737,0.164032756970861,0.140956948026155,0.237357680964033,0.132177877216629,0.168466145112943,0.157008591709379
2738,0.0770370367306864,0.173512678209953,0.139451375331612,0.127529309770984,0.195883995621685,0.286585604335079
2739,0.0729358974647996,0.232018336183484,0.314518723877461,0.0281312990223388,0.218589660680977,0.13380608277094
2740,0.263654924279923,0.380125547103861,0.0416783956946049,0.0655336548020978,0.145273022330578,0.103734455788935
2741,0.064149486571063,0.349900802776215,0.103784877692193,0.0227380938011463,0.260631638351525,0.198795100807857
2742,0.109134130462545,0.124091208881924,0.0615724655785418,0.231839127477408,0.349943101129381,0.123419966470201
2743,0.15005567477535,0.156944810849486,0.0851554916272249,0.107328540276851,0.253082952993209,0.247432529477878
2744,0.0325403880164381,0.132347582101459,0.110117191522756,0.101930731214434,0.451133323409319,0.171930783735595
2745,0.0379432917583071,0.141267628730563,0.231085900575674,0.0813642031185662,0.265267180050428,0.243071795766462
2746,0.0128369912605759,0.0541834081353585,0.0817058275901234,0.0552022239919417,0.365327425693621,0.43074412332838
2747,0.0304407146420744,0.0276043819200051,0.0133583708600518,0.421610565203665,0.40683490755032,0.100151059823884
2748,0.00802808933753366,0.0651631627513362,0.0740425611868854,0.0363865953417529,0.421697528080373,0.394682063302118
2749,0.15749989892005,0.0595803588134475,0.0652496503085627,0.285138222893573,0.2857458215459,0.146786047518466
2750,0.0268258054843863,0.0755339636452156,0.30554483292579,0.0537044208614481,0.164013036989592,0.374377940093568
2751,0.137172310880873,0.138104683301935,0.0525394084000661,0.220751956121522,0.337449544346701,0.113982096948904
2752,0.0364711658735126,0.107855819074955,0.159490415538469,0.0502341400396751,0.183481347854134,0.462467111619254
2753,0.038403933599401,0.0599878828083987,0.012702646670988,0.521420958672278,0.314345074778958,0.0531395034699764
2754,0.0140045038821169,0.155917652512273,0.123376988843817,0.0365485057240501,0.297904119424515,0.372248229613228
2755,0.0071216952404276,0.0177054958721835,0.0652125976186796,0.0283216697770596,0.379275330429339,0.50236321106231
2756,0.0309289103963541,0.0400644933396473,0.111255723900029,0.0335571820658182,0.0483547002757039,0.735838990022447
2757,0.0139226972800353,0.0964772980193821,0.0335407111330512,0.036293675325431,0.608463931607081,0.211301686635019
2758,0.087288335419268,0.177374707414883,0.162546569883319,0.0684965373228463,0.299745778276668,0.204548071683016
2759,0.0245736277074244,0.191193667862767,0.1248599736657,0.0324059054971361,0.261048458441538,0.365918366825434
2760,0.313549236894692,0.0599094479258078,0.0190205231999133,0.55922032817052,0.0373748008385951,0.0109256629704714
2761,0.19045567797569,0.114314101583763,0.0771501771864389,0.219960026741464,0.268258982736872,0.129861033775773
2762,0.0187294539510339,0.209491711137022,0.13617128312873,0.0782934373861697,0.299047358780534,0.25826675561651
2763,0.0460059981269244,0.161525879279235,0.235533716976646,0.0729437949483071,0.25374169483395,0.230248915834937
2764,0.00843631480363671,0.0354458231567879,0.13014494908657,0.0180704415265875,0.122646510914229,0.685255960512189
2765,0.106291170502876,0.113192734704978,0.180695451603534,0.090410960304248,0.171169335501346,0.338240347383017
2766,0.0250616723858135,0.0833541361410209,0.0766214813419053,0.0919652380562723,0.389646377267525,0.333351094807463
2767,0.0416196570942027,0.153681364510306,0.122954170195976,0.175779373873626,0.356601791188069,0.149363643137821
2768,0.0830292718074375,0.238226076815075,0.197329563058369,0.0594815717603001,0.201764329552686,0.220169187006132
2769,0.0525222656672657,0.197169305914507,0.0712200048061121,0.105319484231036,0.334410144374131,0.239358795006949
2770,0.00267323845213811,0.0398597000599008,0.174219696258522,0.0183411214250846,0.112948017428068,0.651958226376286
2771,0.0542067662177316,0.160504696784902,0.336787721142344,0.0586691013493967,0.200666049003378,0.189165665502247
2772,0.0732593636153997,0.0866114427993101,0.149429892748714,0.156010397848037,0.350728054154896,0.183960848833644
2773,0.053117741992527,0.227696386541163,0.200255675255023,0.0425061437973998,0.276237141666493,0.200186910747395
2774,0.373549079371816,0.254611287140359,0.0863758475767688,0.0670103027368907,0.15170124426843,0.0667522389057358
2775,0.00634103297875097,0.027839346858043,0.16253962109487,0.0214145866613281,0.16159498339235,0.620270429014657
2776,0.021795715423494,0.0452993395615139,0.0558566453300714,0.043436506390858,0.312611778835564,0.521000014458498
2777,0.00255054359135243,0.0206902798369316,0.111796985264119,0.0157788272610838,0.0635195422145663,0.785663821831947
2778,0.0614727255259309,0.144907226936856,0.120628392138124,0.108888248297505,0.212315648680604,0.35178775842098
2779,0.0609847922428252,0.198941176635214,0.268893987099574,0.0682086531723936,0.169865566894511,0.233105823955482
2780,0.0918127132356912,0.272946433425758,0.24711917070278,0.0547095154261403,0.177199687214013,0.156212479995618
2781,0.0495409312112526,0.0547390645699907,0.0642216710738525,0.148515544324458,0.488629932625685,0.194352856194762
2782,0.0228477842402515,0.0499551266520211,0.25403154048866,0.0437611855260501,0.141416647586537,0.487987715506481
2783,0.634279194803474,0.221928517444292,0.0441335067053334,0.0315488353745138,0.0506042725721088,0.0175056731002777
2784,0.0413593376768277,0.306039307060527,0.0780559507898916,0.093559414389536,0.320938638382399,0.160047351700819
2785,0.00815803602193036,0.0402405521587869,0.0791977309649043,0.0277912406505293,0.229573117202374,0.615039323001475
2786,0.0307672723006733,0.081090209486301,0.079464727919513,0.0672845525844391,0.334390803383768,0.407002434325305
2787,0.0165038395902497,0.0864548858208064,0.168847444618411,0.0480800313633432,0.322419757433786,0.357694041173404
2788,0.00938878802346352,0.0436751006222597,0.0878899954558831,0.0235590404171826,0.12735784449946,0.708129230981751
2789,0.114575126648162,0.118910382468188,0.293314841942465,0.0918033907092621,0.150047074356763,0.23134918387516
2790,0.0587030824387331,0.195453310721209,0.0732111073059466,0.0875914508582972,0.417171536247507,0.167869512428307
2791,0.115591758811674,0.0499195628705618,0.0413009062694177,0.590638962036449,0.116240136557474,0.0863086734544228
2792,0.457986876531654,0.299132227380328,0.0388709200431718,0.0733248818778204,0.0892604584450331,0.0414246357219931
2793,0.0120011222605469,0.0551082354103768,0.0349157407192011,0.0373326525574837,0.442773287742713,0.417868961309679
2794,0.356624547795501,0.174630046314689,0.0914939289333308,0.239107607102482,0.102314865581022,0.0358290042729757
2795,0.361426832937837,0.17211365104318,0.0946226122684628,0.22357992925244,0.117715568341312,0.0305414061567687
2796,0.005569729282898,0.0350803084302051,0.162591390056929,0.0237421553588186,0.0598919105064337,0.713124506364715
2797,0.0240661975408954,0.0297905996250984,0.0734155270689829,0.0554648642390055,0.121216910472785,0.696045901053233
2798,0.00892667588710408,0.0911757357003968,0.142963956718406,0.0362046578508193,0.275443764780646,0.445285209062628
2799,0.0616083770954651,0.160903382359425,0.196065221588835,0.0444178612378608,0.205060166904387,0.331944990814028
2800,0.00626938090937457,0.0465988561328741,0.0604345821225063,0.0538867254747626,0.337731922236925,0.495078533123558
2801,0.02679741368402,0.0856702426742177,0.0353552422445201,0.060614079055468,0.490746603623701,0.300816418718073
2802,0.0410043361071801,0.087195272056728,0.04308406909046,0.108445245083688,0.478229523973328,0.242041553688616
2803,0.153909152883928,0.322502979369582,0.14634549474811,0.0554520881075422,0.187758753548221,0.134031531342616
2804,0.0153674128229838,0.091366242692982,0.124345958037714,0.0486388517191737,0.423334161877736,0.296947372849411
2805,0.194378047429065,0.179438446027178,0.303407874718614,0.0833119671355513,0.153814171341678,0.0856494933479137
2806,0.135688573806617,0.0642249906168324,0.0430018826624943,0.198421054782371,0.337597413710493,0.221066084421193
2807,0.0589252060863129,0.171856372886695,0.192257263018587,0.0767452571509892,0.214642333176301,0.285573567681115
2808,0.0135926653253911,0.050041454545146,0.0468620723768175,0.0337004726386046,0.468447837323489,0.387355497790552
2809,0.044100334195846,0.144734947280251,0.204795653589219,0.0426649478441222,0.149261501037926,0.414442616052636
2810,0.018443904468209,0.0679192091752019,0.11818559926074,0.0719781750012669,0.41647385436316,0.306999257731422
2811,0.0326463870069691,0.15856175592364,0.269555442775987,0.0523448594706162,0.279301574772999,0.207589980049788
2812,0.512755377067688,0.227127452745613,0.0928028396149614,0.0767023537567568,0.0550781683008412,0.0355338085141391
2813,0.10196062780463,0.104116876679348,0.163456671477329,0.117446342138453,0.321256631284904,0.191762850615337
2814,0.0640961734761815,0.215353180083266,0.230876629060737,0.0631757612399231,0.228677069046559,0.197821187093333
2815,0.0621044550817061,0.0782109727500331,0.109511773417096,0.239045660047791,0.207705961364403,0.303421177338971
2816,0.0515475134414474,0.110468975285379,0.23600791151723,0.0467755041107369,0.186283658066208,0.368916437578999
2817,0.0968161106028606,0.239182454476652,0.158307873383429,0.0571721114763504,0.302569303814831,0.145952146245877
2818,0.314874639642416,0.205100952714153,0.183716426624507,0.0767616103264398,0.133375449279489,0.0861709214129955
2819,0.562683406793271,0.241415774011396,0.0836263873856133,0.0518138372225592,0.0434849753797611,0.0169756192073993
2820,0.212164257844034,0.195753026253272,0.343758965021129,0.0438514157727482,0.101260366295336,0.103211968813481
2821,0.00730984925951578,0.0421490830996836,0.0299167120714816,0.0151439624265183,0.515362896410483,0.390117496732318
2822,0.209853197490043,0.201278995684988,0.160774187995348,0.0616000009348659,0.217496208355193,0.148997409539563
2823,0.0759196172306434,0.0860352555159933,0.135071135942274,0.111891440419478,0.16458974548423,0.426492805407381
2824,0.084942697477138,0.160438001472361,0.20502864198195,0.081030797077096,0.199453353402085,0.269106508589371
2825,0.00682729357675846,0.0359161922171938,0.226631141053558,0.0161771804235893,0.0250586286554356,0.689389564073465
2826,0.0220072087781285,0.157172674991156,0.0584082651490605,0.0311286575438935,0.47441061869298,0.256872574844781
2827,0.0705449637860062,0.308483709584122,0.100044678895038,0.0674693509013977,0.192991872513984,0.260465424319452
2828,0.0339493993671572,0.173008802988973,0.255218036015624,0.108753178892606,0.278818010829504,0.150252571906136
2829,0.0255783291221216,0.0338006541951375,0.0415122752364453,0.103587801991813,0.476065781763504,0.319455157690979
2830,0.0049540854821102,0.037170805633516,0.0876531485053848,0.0204054439821184,0.153067328085557,0.696749188311314
2831,0.328927133422158,0.372044046121503,0.104026662441096,0.065447368905204,0.0779826809172709,0.051572108192769
2832,0.0303945916415204,0.132865626410841,0.132148330872338,0.0633313046616951,0.321201358188075,0.32005878822553
2833,0.122114512236438,0.142905212536165,0.073175275868155,0.280064923100795,0.206110489094981,0.175629587163466
2834,0.0418896839365757,0.0848314621535671,0.0652041872119036,0.033733338776865,0.329568915917629,0.444772412003459
2835,0.260426720429124,0.155056016112276,0.0301557285621077,0.313591195765578,0.183011324013256,0.0577590151176577
2836,0.0128327628298538,0.0230012632331242,0.042502865220433,0.0494912284805899,0.254649799007226,0.617522081228773
2837,0.116088811124379,0.194327548033769,0.336047009520379,0.0557092135035823,0.162441537926712,0.13538587989118
2838,0.0914569945105989,0.200539188087933,0.247184626094383,0.0421793221229319,0.191771002222017,0.226868866962136
2839,0.153675690915765,0.142237197247984,0.115288472043036,0.09121454071453,0.288008382394363,0.209575716684321
2840,0.0878674041526216,0.0921610899535439,0.235046459430566,0.124190257866926,0.177179864153215,0.283554924443127
2841,0.501839395614595,0.10985429894235,0.0333883310962734,0.203726960850493,0.123715290120589,0.0274757233757002
2842,0.0163222016947887,0.0453864223390805,0.0402032493810207,0.0710270027286284,0.589781428687718,0.237279695168764
2843,0.110590393629455,0.126401708351905,0.255750456150694,0.0882206643754937,0.241223785057478,0.177812992434973
2844,0.0373865717674168,0.144554538765676,0.478839207563892,0.0252230716099307,0.136133982984845,0.17786262730824
2845,0.216237168513001,0.288073820079037,0.193934509694295,0.0902448558291797,0.150148962469629,0.0613606834148585
2846,0.0149640811695677,0.0385313427809497,0.032368875656749,0.0783320405305554,0.447968676661612,0.387834983200566
2847,0.0140087639547129,0.0677584603139524,0.0660270227632566,0.086187674363245,0.550106723110235,0.215911355494598
