"CUS_ID","F20-","F30","F30+","M20-","M30","M30+"
2501,0.0823957479289853,0.639192771561552,0.0706823697451209,0.0349847323542688,0.108635504703187,0.0641088737068866
2502,0.0758224823928659,0.128477109538443,0.148432386358878,0.057314737777122,0.318011668272954,0.271941615659737
2503,0.0690917076170893,0.14825062832848,0.0654878320137882,0.105537462706877,0.358712470013483,0.252919899320282
2504,0.181811059239852,0.16739937022909,0.101836300653851,0.170893195700073,0.194112631905005,0.183947442272128
2505,0.0383103308114678,0.134928851279652,0.127998855293555,0.0774742497691469,0.278998232863741,0.342289479982438
2506,0.0179040482056961,0.358067207845377,0.0622861340828345,0.0143487925043738,0.295705700895876,0.251688116465843
2507,0.0129140067621992,0.0359457178423005,0.0690226883535923,0.0350481087433944,0.273954327761894,0.573115150536619
2508,0.0117517394025068,0.0306381927381565,0.04462384326707,0.0302227380693029,0.49245198788203,0.390311498640934
2509,0.0311887579907991,0.0649890493534866,0.148820352503625,0.0339280022210152,0.152180560042566,0.568893277888508
2510,0.0110646148513027,0.0393451521538574,0.0472606975520439,0.0281412226744905,0.376503755564515,0.497684557203791
2511,0.249140813178778,0.166141201848925,0.110936646077754,0.275903898101178,0.112869334791049,0.0850081060023153
2512,0.0596832000180801,0.220012332404542,0.0545869322634736,0.118776000128787,0.454597542743482,0.0923439924416356
2513,0.0167375314706582,0.0653984346277455,0.107875249224516,0.04797693684216,0.301550659655254,0.460461188179667
2514,0.0629123527253996,0.464741346522128,0.082572736576359,0.0574783907372666,0.220935602269213,0.111359571169634
2515,0.0175348143082351,0.0718693584013305,0.155918019784236,0.0531209044326497,0.200771086079653,0.500785816993896
2516,0.156065315869361,0.127793527917584,0.0710510235460679,0.10850872142406,0.303526996324741,0.233054414918186
2517,0.0816253536474445,0.235709343121703,0.151815019526217,0.0370006473401085,0.198350037894073,0.295499598470454
2518,0.229650321540235,0.27777807775672,0.115261912738303,0.0616588138993564,0.181426153310611,0.134224720754776
2519,0.0721508456509107,0.757733875822961,0.0224289998145546,0.0135480532311648,0.0989293560144273,0.0352088694659818
2520,0.0302158040202758,0.0940146623444541,0.0155585408701649,0.062703887982607,0.660568717767027,0.136938387015471
2521,0.0276259367074434,0.0444918268283212,0.246801608973127,0.0395767684310936,0.0838892836210104,0.557614575439004
2522,0.200917996399705,0.245535858280736,0.196871464876601,0.121023281645406,0.147454204367027,0.0881971944305251
2523,0.100130818927531,0.470380237374991,0.0901624194487832,0.0236503316859109,0.213407970553243,0.102268222009542
2524,0.130103744698079,0.143459857961754,0.20154085765229,0.100106912356662,0.141939003557502,0.282849623773713
2525,0.153863006195583,0.138169544698651,0.108589488585556,0.198356285844113,0.319302644077386,0.0817190305987105
2526,0.0720519479477372,0.119807634322637,0.111941713762168,0.0665842751628871,0.326190690663693,0.303423738140877
2527,0.501014646695592,0.133901588466237,0.0828908735335393,0.0797987707652902,0.103452662352629,0.0989414581867131
2528,0.021139943394907,0.0407057367244121,0.0478805861587338,0.0852959060147682,0.263425059011723,0.541552768695455
2529,0.0323816820581963,0.0648264174853685,0.260730658567652,0.0443975128368839,0.125583057452637,0.472080671599261
2530,0.00403009054816691,0.0303898565891238,0.125181733906133,0.0190516494585685,0.102901589916923,0.718445079581084
2531,0.106622593870399,0.165785552944969,0.177018209099249,0.094759087932412,0.241594582783781,0.214219973369189
2532,0.0842485237724533,0.141065577799656,0.156928936429798,0.0995232032823861,0.203076366369453,0.315157392346253
2533,0.00544451282302628,0.020279320949142,0.0670591376289885,0.0147269221644192,0.0671325248960452,0.825357581538379
2534,0.238715780675632,0.157535079958717,0.0820635375006541,0.228554548532053,0.200943582696379,0.0921874706365643
2535,0.0736320715986,0.134929228232474,0.105194054327172,0.0805304514045056,0.179411862411978,0.42630233202527
2536,0.115146336928498,0.186685804630598,0.100522169497881,0.114603308635347,0.206372994591616,0.276669385716059
2537,0.0853724793052022,0.595772807998147,0.0861261904492752,0.0224010982578653,0.137713135387902,0.0726142886016087
2538,0.291484963516299,0.12495795447864,0.0678178749285382,0.095641914531065,0.276166108321968,0.143931184223491
2539,0.132124515006792,0.280745474167014,0.120911898344105,0.0743802284662995,0.233193469842785,0.158644414173004
2540,0.456698902438052,0.151485604827369,0.0458144246779333,0.0860006172297927,0.18979989554928,0.0702005552775731
2541,0.134651225344981,0.0919584111625807,0.0433340495510801,0.300028418009192,0.328047663443441,0.101980232488725
2542,0.14969396794399,0.227138337803804,0.0793631019118225,0.0470743791410801,0.392688087584322,0.104042125614981
2543,0.020051023476235,0.0295253565318558,0.0676537448805469,0.0237619100790478,0.371130502439415,0.4878774625929
2544,0.184057409192383,0.119560791999822,0.108458166653644,0.254031944486173,0.101534164808834,0.232357522859144
2545,0.0227147035222256,0.22917546549632,0.0483507072345705,0.0239333786657165,0.380973730251956,0.294852014829211
2546,0.0811436247517982,0.0594384440032972,0.0336664353690051,0.313959826954091,0.430835950471313,0.080955718450495
2547,0.128047076821036,0.225670189737825,0.146018930809053,0.0585317833760372,0.229473182513735,0.212258836742313
2548,0.0872498413144607,0.0688033857219906,0.0815436563798906,0.253129214055592,0.386442305744915,0.122831596783151
2549,0.0109536769486161,0.0388331034978395,0.0486445862227681,0.0592994688616336,0.33685067241497,0.505418492054173
2550,0.022530216016455,0.0444984217965408,0.019647413585895,0.243589385495897,0.533184996738711,0.136549566366502
2551,0.083562460197923,0.178755326132462,0.114611159645593,0.187181620505047,0.218756072215128,0.217133361303847
2552,0.0850055953916361,0.363754537192477,0.106497736709479,0.0550725293549955,0.213398174190341,0.176271427161071
2553,0.498006060103615,0.12334897471014,0.0799396355195927,0.150521864478447,0.124498119207681,0.0236853459805238
2554,0.0605043778512619,0.105992946943572,0.047980332160801,0.123778505162257,0.487708811171112,0.174035026710996
2555,0.0163985434411765,0.0871348999165454,0.0406106649062103,0.0287126962599986,0.614183569439052,0.212959626037017
2556,0.0458881293142289,0.177672375748307,0.36440946794218,0.0567561724796531,0.227139436549742,0.128134417965889
2557,0.205639170109443,0.325522949272136,0.296185183032982,0.0542148843507566,0.0717371541589198,0.0467006590757631
2558,0.0342331022084985,0.0856482666196103,0.639204142508321,0.0536832952487091,0.10085598069357,0.0863752127212913
2559,0.0934482177757033,0.372100920894911,0.104415308859259,0.0532335911951814,0.149018321551085,0.227783639723861
2560,0.0133540300719556,0.0766106360350108,0.0517767921776413,0.0271302621321431,0.207460683386989,0.62366759619626
2561,0.0234795502726225,0.0823984997333722,0.142343214758793,0.0360079419285992,0.16007077907175,0.555700014234863
2562,0.310010906084208,0.345452660866982,0.0484232762948749,0.0589069170399662,0.204544490371372,0.0326617493425959
2563,0.146926648738932,0.263498341868156,0.228557684664488,0.108163233287107,0.117885307140477,0.13496878430084
2564,0.195698241132892,0.0779524039624915,0.0762470410035443,0.398601976261822,0.161090639038282,0.0904096986009686
2565,0.0125398972033673,0.0590786561999267,0.0577885634557589,0.0522018287927465,0.218754551571525,0.599636502776676
2566,0.0110127000125237,0.0274236513858976,0.104926995775342,0.0742856496739068,0.162419524998323,0.619931478154007
2567,0.0925483196014064,0.173515721822069,0.150294286900314,0.0640988818583375,0.165529851409211,0.354012938408663
2568,0.0413303269259669,0.0807039699928724,0.0851595062413268,0.0383477362009501,0.270577010947832,0.483881449691052
2569,0.0206439262177731,0.0625967108136963,0.14294408751921,0.0434708753922017,0.242060429774577,0.488283970282542
2570,0.0612117924443277,0.593615454243371,0.0615282316736538,0.0362264612321535,0.150350327235369,0.0970677331711246
2571,0.12301344695285,0.148746506804274,0.0785032158195555,0.14637569079318,0.341297220017356,0.162063919612785
2572,0.0822200082225909,0.124211364357167,0.436173281452143,0.12208475975008,0.0841707562054411,0.151139830012578
2573,0.0567511179659437,0.269503286549145,0.0968458728292961,0.0544688020964809,0.331061849075556,0.191369071483578
2574,0.145923819222966,0.0784718975360264,0.053426599075997,0.354846802350177,0.309378218172966,0.0579526636418675
2575,0.0445168574648434,0.0744509092697733,0.0385401836531786,0.152904963163898,0.581623292625286,0.10796379382302
2576,0.332254520999054,0.202970724119891,0.112243646924124,0.0989852155224791,0.15292095820974,0.100624934224712
2577,0.0605670076591693,0.222623839442068,0.221043381258324,0.0484038815104794,0.263014595308238,0.184347294821722
2578,0.00375742031165425,0.0193748569528537,0.0447725090979693,0.0121991876230326,0.10264470333265,0.81725132268184
2579,0.266362595077471,0.174481033111448,0.287866600287867,0.0510550086116769,0.0815716845205683,0.138663078390968
2580,0.0882461527039882,0.258958838088178,0.233745099650903,0.0337541640127896,0.170645649159833,0.214650096384308
2581,0.0135068198443043,0.0384297196760103,0.0731050105958258,0.121646044234704,0.535839603847243,0.217472801801912
2582,0.0745782973631744,0.414162049490025,0.0760370991415184,0.068000593634477,0.307956247328095,0.05926571304271
2583,0.0778586110880993,0.447429134637673,0.146418712399035,0.0480117432495301,0.164026335300151,0.116255463325512
2584,0.193815543777683,0.480825435595172,0.0606355463530042,0.041248728751047,0.183300152825464,0.0401745926976294
2585,0.0139684190070164,0.0367696042657179,0.0490409438796469,0.0465971259897775,0.46587172662911,0.387752180228731
2586,0.0928454413213085,0.178043021098103,0.157841203411933,0.0609190555256285,0.196025250351225,0.314326028291802
2587,0.234781460931917,0.100745136421625,0.0675313682254738,0.171350192841908,0.278709400821057,0.146882440758019
2588,0.0729193750165231,0.0716624999369027,0.0358168756539732,0.103388442987065,0.518508083470703,0.197704722934833
2589,0.0478448616602068,0.0954130034123605,0.0339121830634539,0.087665292047452,0.50309526365481,0.232069396161717
2590,0.0156849639891,0.0615364791475281,0.146149791104828,0.0746999935410358,0.141945439658371,0.559983332559137
2591,0.0680435076885461,0.0866689677532262,0.137616107202541,0.0824823212887941,0.145840285697828,0.479348810369065
2592,0.0400504314211456,0.0502009636880911,0.0532448862195262,0.1621603994088,0.428780898929941,0.265562420332495
2593,0.354163042453457,0.159354879144145,0.0569691197203308,0.303271018211412,0.0947270987355905,0.0315148417350646
2594,0.0369191400318104,0.114462686630089,0.0801688053918906,0.04855677015879,0.385422282779692,0.334470315007728
2595,0.124348800433266,0.118043477716056,0.221898840431028,0.146658590190095,0.126618341934592,0.262431949294963
2596,0.667320117250068,0.1338041988894,0.0299067594675787,0.0987630864376031,0.0568539991129319,0.0133518388424186
2597,0.0182605585693595,0.0710843869790005,0.198347120572422,0.0381324906576003,0.138763047884195,0.535412395337422
2598,0.0158192976336228,0.107272172431859,0.193522344110467,0.0281613035268764,0.214581235365707,0.440643646931468
2599,0.156022995250897,0.163863705943402,0.120840077080637,0.25896564659091,0.17697566559514,0.123331909539014
2600,0.0498363589075415,0.0988711206968151,0.111978701687728,0.0673018159327116,0.577661605002873,0.0943503977723313
2601,0.107183801200208,0.0850841164131501,0.159949593510142,0.102426879007999,0.129617955751858,0.415737654116644
2602,0.00898766502241704,0.0705471590898655,0.122831233112288,0.0479101680866812,0.267987347900899,0.481736426787849
2603,0.0441218163417176,0.423497954432525,0.0432321729340977,0.0241986562400184,0.373983734281552,0.0909656657700897
2604,0.0326880694871785,0.275792341554816,0.221392345033585,0.0640381961806376,0.123322361480485,0.282766686263298
2605,0.018159195624319,0.105318778921937,0.381245000739443,0.0229509921417636,0.0968700678702615,0.375455964702275
2606,0.11335291707223,0.1495927384769,0.103614447563024,0.0849691867613697,0.295695722851075,0.252774987275401
2607,0.00671409788680329,0.0260642257995187,0.0633235979330335,0.0196224596381522,0.131756963695907,0.752518655046585
2608,0.207901876565947,0.15219638989281,0.0841021838603207,0.107054185965811,0.280696177822635,0.168049185892476
2609,0.0621847558222409,0.0737111021088419,0.107140914122859,0.0857209037530152,0.23401958215246,0.437222742040583
2610,0.14180202807927,0.172163026634446,0.0689953706135686,0.0936978761036678,0.281313873649567,0.242027824919481
2611,0.0293333554014593,0.0558596521527568,0.217827321002912,0.0346497539118766,0.113746684395594,0.548583233135401
2612,0.0697840387117254,0.291498003119103,0.103626912876317,0.0269546896142267,0.160677824330557,0.34745853134807
2613,0.419352331968631,0.325548088948257,0.0617735191948907,0.078968719253278,0.091264375219668,0.0230929654152756
2614,0.167632920777016,0.0887069854609098,0.0892803829024114,0.160198420699858,0.229920906990154,0.26426038316965
2615,0.273276820855504,0.312316892326126,0.203935453201693,0.0359132067197879,0.0898055997402687,0.0847520271566204
2616,0.0207369710466383,0.0592680728191377,0.134744772628315,0.0587962807709565,0.386587461660726,0.339866441074226
2617,0.113349131752793,0.247799975980481,0.33155835254218,0.0384103981579467,0.13293727493956,0.135944866627039
2618,0.0629455889182421,0.112981120762624,0.0953618072106587,0.0438932590334659,0.417987533816339,0.26683069025867
2619,0.046310967698511,0.0758217408113648,0.0349677388384725,0.0872478008501366,0.572524049897539,0.183127701903976
2620,0.0204864659878041,0.0955584674088398,0.149315202575303,0.0220040562710246,0.346610986831411,0.366024820925617
2621,0.0215768955927338,0.0962442218759824,0.0522400222616254,0.122905490061117,0.551002215465025,0.156031154743516
2622,0.00570579823741982,0.0321785375617304,0.0586523538148622,0.03002952219097,0.123576979336757,0.74985680885826
2623,0.0583818669776414,0.147444592499971,0.0410067730762836,0.0593436401138675,0.549005916274264,0.144817211057972
2624,0.069730184443287,0.0495861623833046,0.076099133691713,0.116488498163022,0.126018356141414,0.562077665177259
2625,0.0283656120888099,0.122059485346781,0.656601898717028,0.0286343612040753,0.0705998282904068,0.0937388143528999
2626,0.0214400341120777,0.0441455084693349,0.104055040036068,0.0565868068242771,0.23540291396621,0.538369696592032
2627,0.0370097625943855,0.109017420360523,0.229991108550382,0.0374685585546473,0.189393144808119,0.397120005131944
2628,0.0764041095832043,0.0531495149321945,0.0442670878058065,0.316715209376345,0.342810421927331,0.166653656375118
2629,0.0261726409476116,0.164342736454347,0.0564154604089751,0.0600700844663581,0.46034566842952,0.232653409293188
2630,0.0736089431541724,0.102050149216029,0.0876873426995124,0.114785597405159,0.255468971786564,0.366398995738564
2631,0.0299538135792804,0.185287966967022,0.232780784296238,0.0321642182693936,0.321800485146694,0.198012731741372
2632,0.0142690876644755,0.0381592837076281,0.0550244923354011,0.0230896037797845,0.124997058440665,0.744460474072046
2633,0.139621992258496,0.222013577925645,0.0714261449340284,0.100853596818509,0.337961651748053,0.128123036315268
2634,0.0303503272791602,0.0767352975993777,0.257967017431073,0.0705660154007264,0.186792023416613,0.37758931887305
2635,0.0509930766931207,0.0932680069273041,0.049494099989262,0.042559461067547,0.540086913629143,0.223598441693623
2636,0.0186793602764632,0.105022537854324,0.104702375470754,0.0318743159127768,0.342328830689974,0.397392579795708
2637,0.0591533586060728,0.116296239474983,0.044512730036444,0.0276264605248732,0.515344006755484,0.237067204602143
2638,0.147388822771047,0.10167370537929,0.104001924244361,0.283303432839423,0.165000209135111,0.198631905630769
2639,0.0440521420955622,0.062132902571588,0.0682501067328475,0.289766931243254,0.369013840887234,0.166784076469515
2640,0.0108398057305128,0.0318845048657794,0.113913331643051,0.0359368466945427,0.127729325075778,0.679696185990336
2641,0.304876472107081,0.200940467298459,0.114475371748986,0.113611377881384,0.145082184801335,0.121014126162755
2642,0.0354910743749501,0.0736449950631405,0.136602606720217,0.0470876660219455,0.289324483008576,0.417849174811171
2643,0.431621964891097,0.212651687384043,0.0558146927675793,0.190321222730199,0.0765409951110202,0.0330494371160623
2644,0.0106990757778688,0.0550642072051615,0.0592234746999617,0.0322835548960929,0.182720680955549,0.660009006465366
2645,0.0155952462993234,0.0611735074623719,0.0621505238774133,0.0371233206524595,0.23029488576411,0.593662515944322
2646,0.0126027868650862,0.0515115362883151,0.1220147660701,0.0552654338735972,0.101006763987559,0.657598712915342
2647,0.0839991812387464,0.103352315394195,0.137726425112414,0.172224329042117,0.287835732354031,0.214862016858497
2648,0.274857137593532,0.238720893457108,0.189453944873409,0.0482419837876834,0.115960438756008,0.132765601532261
2649,0.0489306806135872,0.101533193771427,0.102733276342798,0.0391996635862379,0.371923041359568,0.335680144326382
2650,0.0581624617851154,0.0488886687578129,0.156812600565332,0.0423249093510106,0.112754994338857,0.581056365201873
2651,0.0361544068310294,0.117365449418116,0.0646627375365448,0.0547340085777276,0.521667664540461,0.205415733096121
2652,0.0204167230277308,0.234711443171768,0.0702787278484143,0.0335818656037774,0.316856701149105,0.324154539199205
2653,0.139734349454437,0.199203613040009,0.167176570963049,0.11485126686586,0.173776288787085,0.20525791088956
2654,0.0159547780419435,0.0616005206738717,0.0685863510794848,0.0674561763692194,0.277688065465054,0.508714108370426
2655,0.354448944262107,0.150447691680658,0.0657915583540492,0.220757143510184,0.161643439730027,0.0469112224629756
2656,0.0226420783735145,0.0411687285858642,0.053692811685054,0.0362361515752891,0.453463367680944,0.392796862099335
2657,0.0134183843901439,0.0562556741132799,0.169885577526457,0.0320259117273901,0.0976907516910699,0.63072370055166
2658,0.134259659393087,0.250459118180417,0.279544362398738,0.0736092349862517,0.133671094316028,0.128456530725478
2659,0.110229670188731,0.111364279847923,0.0961429820535064,0.419770307072784,0.146778484494293,0.115714276342762
2660,0.00972363050526112,0.0346164065412777,0.0708489682043291,0.0221854533905569,0.362136306412655,0.50048923494592
2661,0.00599885346910552,0.0292574339479037,0.0903103701701021,0.0380108200285385,0.113120648494912,0.723301873889438
2662,0.00759096224290428,0.052370680405298,0.104321063747541,0.0123801672873124,0.0957545159585735,0.727582610358371
2663,0.0147698043993708,0.0559594591167027,0.0748569977292976,0.0499737767752142,0.387792217556551,0.416647744422864
2664,0.04499151201293,0.0841806845095921,0.0387541641651233,0.0989830449335046,0.545076662081511,0.188013932297339
2665,0.162998559396653,0.299565760011577,0.0749531413550831,0.0688454869689323,0.239572138696943,0.154064913570811
2666,0.0184273704015418,0.0548576596790817,0.282518485150869,0.0763650782639741,0.0816644063128944,0.486167000191639
2667,0.0520203862029433,0.160569728606266,0.464640195058352,0.043216907189581,0.190321535501409,0.0892312474414485
2668,0.025849256060673,0.0797134670518271,0.460990707988314,0.0433646291753874,0.103486261179105,0.286595678544693
2669,0.0863313594503271,0.180695491466449,0.15912603755327,0.0496133790867604,0.210120970412399,0.314112762030795
2670,0.0122302379165576,0.0569229483426257,0.13300910330215,0.032942224132404,0.223051528382182,0.541843957924081
2671,0.0459701053705838,0.0837519094256173,0.0336953233709954,0.109380634713763,0.361181439340704,0.366020587778337
2672,0.0122963287787273,0.106400332905425,0.113189586244255,0.0260727958807207,0.226705177135534,0.515335779055338
2673,0.373148803715742,0.232603315117583,0.0768329470655615,0.0993386836179716,0.160626253432707,0.0574499970504343
2674,0.0343591166628117,0.0553936485470196,0.054283640249775,0.310931163381978,0.36515580020779,0.179876630950626
2675,0.449646238608134,0.177565915790889,0.0364954827254455,0.210135040518291,0.100451881495171,0.0257054408620685
2676,0.0148114090920913,0.0487536816010721,0.0505227083922951,0.088352865523969,0.490021972730972,0.307537362659601
2677,0.0712454160247287,0.182895876437086,0.254359655663214,0.0390504773736651,0.327662343309183,0.124786231192123
2678,0.0716501383071609,0.204771995780872,0.117176021946179,0.054366071785594,0.346499477906031,0.205536294274163
2679,0.0157598747458712,0.0303249574161229,0.0823084003401229,0.0482061480671868,0.394670056665064,0.428730562765632
2680,0.0487106631607359,0.103157562694574,0.2993644589605,0.0848570460278355,0.119623748876844,0.344286520279511
2681,0.0389079726535478,0.170959089016506,0.0708140265177915,0.0947068942256546,0.403369008113046,0.221243009473455
2682,0.027633474600883,0.0570177283239391,0.116903519186305,0.141555374776859,0.212941767762269,0.443948135349745
2683,0.393868937899011,0.186895810846753,0.0809967581459105,0.15480385516802,0.146601568464356,0.0368330694759502
2684,0.018093311770151,0.063087901191744,0.0359274733473773,0.0634336417891391,0.521430420819727,0.298027251081861
2685,0.172238941084029,0.12726081492776,0.0921380585408984,0.04149173198931,0.14068600621077,0.426184447247233
2686,0.0250012271404739,0.12361926802795,0.186618284080052,0.0665818718069543,0.244827998648818,0.353351350295752
2687,0.158428968670996,0.171806020841386,0.171464333762542,0.181938316958634,0.221469095136682,0.0948932646297599
2688,0.0898540168128576,0.195711273265479,0.116995144470111,0.210767019084828,0.273175227449584,0.113497318917141
2689,0.294629671906839,0.457890452460722,0.0345348257327751,0.0449637723904778,0.138419015218003,0.0295622622911843
2690,0.0275577532736683,0.0626559492135727,0.0463628718456237,0.216136934314628,0.443706656246527,0.20357983510598
2691,0.0838500345097161,0.238422167227172,0.0890844822250123,0.0662338740974566,0.2924540006891,0.229955441251543
2692,0.0406748076876977,0.104488666622101,0.233858187800996,0.0691650134022346,0.21730133012272,0.334511994364252
2693,0.120720098338425,0.0597351085669197,0.209807001480344,0.111752625921617,0.187545812330206,0.310439353362488
2694,0.0345090900820926,0.0684051311427396,0.115591025542491,0.0640375807625324,0.278882871275783,0.438574301194361
2695,0.489417910482413,0.195777974497119,0.094652074178315,0.0953431503001489,0.0848145642260721,0.0399943263159322
2696,0.0297495292396864,0.119422574450688,0.30501249147644,0.0396192451530478,0.209389298290236,0.296806861389902
2697,0.0239869514581233,0.107153074046924,0.240303321485157,0.0280567962155954,0.191729079918637,0.408770776875564
2698,0.0149314451522268,0.0499808432010248,0.156900574948865,0.0749901907662004,0.244580978527171,0.458615967404512
2699,0.0139788866715279,0.0706427981569543,0.288870745647723,0.0332031945421101,0.101953148405206,0.491351226576478
2700,0.0104563414100866,0.0379848846542983,0.0396463111243571,0.0134416875657883,0.350177109079537,0.548293666165932
2701,0.0323758024118061,0.0819338782805655,0.132312469672726,0.063306579677659,0.346526267309332,0.343545002647912
2702,0.29651308803252,0.219223734862546,0.218741428562183,0.0453805459845116,0.118924776481838,0.101216426076401
2703,0.0857212654716114,0.0797265910189517,0.105655954599955,0.094395293207894,0.299788327823232,0.334712567878356
2704,0.0391382282912318,0.181707405674987,0.458171053337216,0.0793122381659674,0.126013662017604,0.115657412512993
2705,0.0197983343677728,0.162399420388638,0.241309715077923,0.0441909448417889,0.266315056672369,0.265986528651508
2706,0.0191967092340349,0.106889444458651,0.209823904628441,0.110659732095636,0.150058640515529,0.403371569067708
2707,0.0150575020521916,0.0519850078867226,0.0394344499128119,0.0726692301546232,0.640325030036391,0.18052877995726
2708,0.476173110878413,0.30383592602859,0.0482919479214798,0.0499543962142156,0.0895821062145569,0.0321625127427443
2709,0.104267020240177,0.105855378857002,0.141063221960098,0.107717889675518,0.161192108384355,0.379904380882851
2710,0.0742914309841008,0.0922579020466145,0.194807178430779,0.100887267166509,0.199429493179924,0.338326728192073
2711,0.0145978558356213,0.0735853539576804,0.159495258991763,0.0317921967790623,0.306511628319837,0.414017706116036
2712,0.107003163509785,0.08961641308921,0.115727995984016,0.0804630137852608,0.318626966852523,0.288562446779205
2713,0.232970620423097,0.189756680200511,0.149223603521264,0.0889314315220264,0.114344766563945,0.224772897769158
2714,0.00792926996424946,0.0653173237051431,0.129759647415896,0.0300350627535442,0.0904780148534363,0.676480681307731
2715,0.0386541208744318,0.151441646475596,0.266276013475289,0.0681419109127384,0.300993863835044,0.174492444426901
2716,0.0310776440989693,0.109824523675087,0.09351451126081,0.0568146838805084,0.452064651142208,0.256703985942417
2717,0.0373573165705617,0.0919042271279701,0.0603372292567491,0.04978615371462,0.35066207360974,0.409952999720359
2718,0.0361626045824336,0.104608628903043,0.182507916494549,0.0950971896938879,0.217005586313105,0.364618074012982
2719,0.0510017634434896,0.200084285374728,0.175151826164094,0.0729211691087258,0.361200599025181,0.139640356883782
2720,0.0521608639441296,0.0796380326885359,0.315174271077158,0.066944206443379,0.183808650532746,0.302273975314052
2721,0.0157209284179788,0.0648674651961885,0.0999377438637397,0.0313812074076297,0.356672968474407,0.431419686640056
2722,0.203336381335232,0.429451157017531,0.176002073386867,0.0364817838736506,0.113019709394124,0.0417088949925958
2723,0.0482772814769544,0.0952278651051148,0.124560850554911,0.0613453052788584,0.202506329528838,0.468082368055324
2724,0.559579133201193,0.102932402622875,0.0731637295481131,0.131912150642791,0.0778825907622483,0.0545299932227798
2725,0.232132856567834,0.181022826733802,0.0988081433878305,0.285901620660385,0.127100110878196,0.0750344417719527
2726,0.0485422302120839,0.0964298947147473,0.0596868964343147,0.106240214666133,0.576458776032188,0.112641987940533
2727,0.0324355276918691,0.0788781464324425,0.115263577502965,0.0710827684630597,0.340770435819942,0.361569544089722
2728,0.0125564833393728,0.0391261036994459,0.0797241252802571,0.0545162854753651,0.17016669845888,0.643910303746679
2729,0.147462468761646,0.225224460970468,0.0849342332154928,0.0916014464319145,0.335810934254805,0.114966456365674
2730,0.0200511992777169,0.0370442774733165,0.115680679779158,0.06270728401438,0.209218442270524,0.555298117184905
2731,0.243821091698183,0.190318881898764,0.0646917644398072,0.135493326234422,0.220994584955819,0.144680350773005
2732,0.0506396984697666,0.110627791668127,0.26407754930871,0.0717282648876942,0.140019297414022,0.36290739825168
2733,0.114838803277483,0.137178487620513,0.110637621644607,0.175373335942171,0.343993406136394,0.117978345378832
2734,0.0239456159836088,0.653604070482341,0.0318148067784585,0.0191706142073828,0.167194772763748,0.104270119784461
2735,0.0344574755071565,0.309696772631995,0.186366247461825,0.0680195874917512,0.156399072349465,0.245060844557808
2736,0.0498473289960326,0.14690507103696,0.117871490834463,0.188932778771599,0.288266948611765,0.20817638174918
2737,0.191986770645503,0.0975927251480539,0.272510650709822,0.195510614561863,0.128562703722837,0.113836535211921
2738,0.0707185981452443,0.142471186400499,0.174844856675117,0.0754060875593479,0.138106249313069,0.398453021906722
2739,0.052228265886822,0.207397738994811,0.267786890682484,0.0445013531814749,0.256732423217177,0.17135332803723
2740,0.211154126665787,0.346800402553827,0.0588038368378443,0.083458850676406,0.128893788162733,0.170888995103403
2741,0.0253544402196216,0.210675526232634,0.126533019546981,0.0462520792543727,0.406591498922453,0.184593435823937
2742,0.075845530724903,0.14964462283439,0.0744008959015616,0.123251104723249,0.463721962819905,0.113135882995992
2743,0.117874891014112,0.218489791748193,0.12332611703141,0.0726417800652538,0.263874601414128,0.203792818726903
2744,0.133918298790201,0.12492228207279,0.0777834171849824,0.112320791756061,0.488587604813384,0.0624676053825822
2745,0.0231314163213547,0.15766684511299,0.260495350363393,0.0688832932918364,0.156728719418008,0.333094375492417
2746,0.0228053874763555,0.0980352229395067,0.106063868348447,0.0327340334801931,0.297069249743351,0.443292238012147
2747,0.0223499638988505,0.0670641023305265,0.0290819806086077,0.0552116073300897,0.645579743500749,0.180712602331176
2748,0.010413968463549,0.0601378009595462,0.0617695488271636,0.0350524834235704,0.563401945618347,0.269224252707824
2749,0.260133144222175,0.150345117729559,0.131675479377482,0.201805849884495,0.182995851321556,0.0730445574647326
2750,0.0162659210473708,0.0814472190970932,0.354277368574587,0.0362862863660089,0.182941777041349,0.328781427873591
2751,0.271497186903999,0.166194505628896,0.072457880239535,0.0611457369812509,0.344191837687703,0.0845128525586154
2752,0.0272005276076407,0.110545996665426,0.138692006124358,0.0648958655327874,0.158728046370935,0.499937557698852
2753,0.072523489596003,0.109451953984307,0.020510082254103,0.234093401450384,0.516019771254117,0.0474013014610861
2754,0.020307232008569,0.18899233939988,0.0883687508946687,0.0234347371085639,0.381995967989612,0.296900972598707
2755,0.00563979574002446,0.0216064735984091,0.071458463595516,0.0144279812805399,0.164666775436701,0.722200510348809
2756,0.0116446968772951,0.0265172256195934,0.0486857533132981,0.0299453903220511,0.0652807339695439,0.817926199898218
2757,0.00987607626165821,0.103509075498675,0.0383269712104443,0.0489483359934802,0.445045690015445,0.354293851020298
2758,0.105186432689793,0.268278113021967,0.143612057545378,0.0349039253661237,0.285372825346546,0.162646646030193
2759,0.0310238131738639,0.181714961691397,0.0679891901568427,0.0416805384439418,0.380256008230963,0.297335488302992
2760,0.464006741137242,0.0876547882110423,0.0368850119197594,0.333447830007282,0.0612787070556633,0.0167269216690111
2761,0.0952275405844864,0.125347734595241,0.034850831399085,0.20056207400305,0.348491248553317,0.19552057086482
2762,0.0151908993584586,0.101689990030113,0.118179031525054,0.0456551134224262,0.367919337814469,0.351365627849479
2763,0.0482738525993934,0.164651402597945,0.358691763044767,0.0556783989698039,0.190232742823983,0.182471839964109
2764,0.033508637197922,0.0586648863162445,0.167766514047149,0.0327535204571341,0.163973986555166,0.543332455426384
2765,0.0250421544247095,0.155671929918185,0.245077989233193,0.042041889434313,0.165434243828298,0.366731793161302
2766,0.0254001002870309,0.130116354561209,0.0526333181996885,0.0460520714136249,0.433857399332162,0.311940756206284
2767,0.0555889643919532,0.128499327887922,0.148861452519778,0.168552772541462,0.223108145342365,0.27538933731652
2768,0.0898617920551466,0.398174299439691,0.304697603615115,0.0342638943079578,0.0729860292021493,0.10001638137994
2769,0.0536372006970661,0.159356078583567,0.135563337739236,0.0905723493644936,0.365425987892719,0.195445045722919
2770,0.00485434549694672,0.0550788645053149,0.145486216887515,0.0398033809857692,0.135229158656971,0.619548033467483
2771,0.0624284717304545,0.164297696901052,0.421637942200199,0.0688477850682315,0.141259978268581,0.141528125831482
2772,0.0434765568352997,0.0924623450811628,0.0807647004546267,0.134204698502576,0.487794318644396,0.161297380481938
2773,0.124057930199784,0.217021065171327,0.109683969084768,0.0809829416874131,0.32652197559194,0.141732118264768
2774,0.134164942605862,0.229834419314027,0.0971460770408308,0.101807172046212,0.256320940506999,0.180726448486069
2775,0.00548297763808587,0.0349166135254517,0.0655765394285649,0.0227237292977335,0.207155321522726,0.664144818587438
2776,0.0187925216316701,0.0588567477547559,0.0826717530991787,0.086661972760598,0.417670149374356,0.335346855379442
2777,0.0048098148584781,0.0279918978134202,0.0619550756707909,0.0186434436993839,0.0727030400924526,0.813896727865474
2778,0.0485433946797834,0.111161667877596,0.0942609786865992,0.0714783124083479,0.153133374072591,0.521422272275083
2779,0.048984034316866,0.0964866293548638,0.291710053099285,0.121800049056371,0.147578440806436,0.293440793366178
2780,0.0480010831802386,0.250616523714275,0.204380602218109,0.034030829804338,0.151451752402006,0.311519208681032
2781,0.0412016447993896,0.0643768290009677,0.0689614558467553,0.13387537756449,0.458520503890219,0.233064188898178
2782,0.0291539812316298,0.0686246715965484,0.219231274666009,0.0467454417427929,0.131647918419711,0.504596712343309
2783,0.0914623621702657,0.399221276162071,0.101409947318787,0.0681915100982221,0.23636320367803,0.103351700572624
2784,0.0890534587674558,0.197254202498415,0.0437116703614346,0.12758983167592,0.480122896357475,0.0622679403393003
2785,0.00723058346681519,0.0293937376747578,0.0523279361185434,0.0313204616210445,0.189429376993757,0.690297904125082
2786,0.0245120034921996,0.0685195660028756,0.0574174725455673,0.0542276277617901,0.374185445274512,0.421137884923056
2787,0.0145808310155922,0.0793513411815007,0.13305222745476,0.0269378337192749,0.181199276832478,0.564878489796394
2788,0.017987393502232,0.0803848583812917,0.156532698251207,0.0380749704912633,0.144586122790991,0.562433956583015
2789,0.107342545576438,0.0970258248389208,0.293971887440975,0.103055569253083,0.189828506000172,0.208775666890411
2790,0.0726551991524561,0.11921225001374,0.0686620390182668,0.156037860788937,0.396160425230478,0.187272225796122
2791,0.283078073275475,0.125984437999315,0.040051366686887,0.276824085524504,0.167344731900441,0.106717304613378
2792,0.413010007794491,0.356151800336506,0.0290735231950549,0.0506612804566382,0.1145914507754,0.0365119374419093
2793,0.0154050166504919,0.0768644188740842,0.0372704848615178,0.0404466119567516,0.493313157786384,0.336700309870771
2794,0.377904855816555,0.345857786855343,0.0650728409392429,0.0557648067310888,0.125911605259567,0.0294881043982038
2795,0.443832325018595,0.0912467197002222,0.0469598504071457,0.303598990590756,0.088558777006552,0.0258033372767288
2796,0.010450165177915,0.0394648201228187,0.125980411028686,0.0228953897995255,0.123714548086114,0.677494665784941
2797,0.0379817873576845,0.0595385011772183,0.105506452750093,0.0797463318078747,0.259853774796443,0.457373152110687
2798,0.0202997212529167,0.0889626836793788,0.12744866214641,0.0290138077239505,0.463599193072736,0.270675932124608
2799,0.0883015791235605,0.169358882653945,0.151924329729,0.0751145472625454,0.290717515247904,0.224583145983046
2800,0.012952499422976,0.030693061043097,0.0571264573940304,0.055555873602819,0.23309881742003,0.610573291117047
2801,0.0150130851682057,0.0419072398907556,0.0763093102674694,0.0286512872523186,0.353038384130159,0.485080693291092
2802,0.054103468534252,0.0670122524811301,0.0638078044816578,0.162756109515648,0.254961794378083,0.397358570609229
2803,0.0831410022088993,0.415548784938409,0.0750509348448545,0.0230117334977791,0.259674127901974,0.143573416608084
2804,0.030569910051413,0.114152637103121,0.140798935073824,0.0938082138358903,0.353840492465412,0.26682981147034
2805,0.12202070576287,0.147316193951334,0.396276827652871,0.0700004662573504,0.119080140332734,0.14530566604284
2806,0.116672177365161,0.101072462451318,0.0550781756010277,0.206367545456332,0.263241431012636,0.257568208113525
2807,0.0910868157248235,0.124169065847518,0.220064065322651,0.0471551535743179,0.179426221681967,0.338098677848723
2808,0.00970134756816787,0.0411129884464772,0.0724588929558967,0.0510514551561325,0.330252351691317,0.495422964182009
2809,0.0672260027811598,0.0990646561639476,0.218856295137559,0.0602769204984152,0.096435628229175,0.458140497189743
2810,0.0241873116889193,0.0573462771659444,0.0770741991384047,0.173306285251488,0.399593154847795,0.268492771907448
2811,0.0252082529452756,0.190610401730509,0.309352118163172,0.0461850052348641,0.193150817419501,0.235493404506678
2812,0.254115919264169,0.265725947506443,0.159878872936899,0.130169106652665,0.131181546850948,0.0589286067888755
2813,0.0556520570730199,0.135784808376255,0.129586718927242,0.124591396642446,0.24259168015089,0.311793338830147
2814,0.0293370175202098,0.200107714281179,0.237908081957552,0.057147768785958,0.274929753271494,0.200569664183607
2815,0.0415162091248492,0.0926000784868695,0.150735217377928,0.0718408953378065,0.208885956881655,0.434421642790891
2816,0.13085901120434,0.167528836359655,0.35457558183319,0.0580732436963908,0.154920646861346,0.134042680045077
2817,0.0581691594760005,0.209125686354984,0.126778547624887,0.0495755251000852,0.294919977160262,0.261431104283781
2818,0.16991201537904,0.237351333160908,0.223708844335151,0.0502076635735929,0.155999273048664,0.162820870502644
2819,0.514835711921231,0.248475218905475,0.0253128442849296,0.100903918830362,0.0882007969919482,0.0222715090660539
2820,0.259174831228234,0.240625665955504,0.334521137712328,0.0351498299194528,0.070750065560635,0.0597784696238453
2821,0.0163643852879907,0.0755077284415002,0.0389602624591332,0.0205215979837966,0.525289302160562,0.323356723667017
2822,0.16822100703284,0.165567164254331,0.134669918919731,0.061229131578425,0.327304811613424,0.14300796660125
2823,0.0685321844721884,0.122664374292464,0.0910109934543382,0.101721652598822,0.285738012442476,0.330332782739712
2824,0.0265309826960328,0.150121530879623,0.166703920342485,0.0442055085829249,0.217990448928742,0.394447608570192
2825,0.00881392910026837,0.0900735236131903,0.173758277454494,0.0227183713295711,0.0620150561314024,0.642620842371074
2826,0.0263745683429849,0.138410754198705,0.0679138199648912,0.0361845785773411,0.56055222922161,0.170564049694467
2827,0.198421967255487,0.255376045754879,0.0835089066704106,0.053465013460924,0.224784575616233,0.184443491242067
2828,0.021174412105797,0.169674669634791,0.0949230836026235,0.0676616612786199,0.452668964554217,0.193897208823951
2829,0.0119628973674804,0.0368792619122049,0.0390157662922556,0.126071814768679,0.554362245166117,0.231708014493263
2830,0.00930347129762792,0.0347773501768164,0.0980656753827657,0.0270485038141011,0.166691472153904,0.664113527174785
2831,0.316274202083006,0.30893730576216,0.153357032487713,0.0642983382807832,0.0929671387900771,0.0641659825962615
2832,0.0165926940012266,0.164320815289528,0.177793077115051,0.0308798026831048,0.266994992383903,0.343418618527186
2833,0.109031085273686,0.113819074572019,0.109657816763773,0.126732872382977,0.2389541709366,0.301804980070946
2834,0.0243746017840617,0.0821553954404702,0.0900666079419679,0.0504270526284711,0.298733863040557,0.454242479164472
2835,0.307611994435705,0.241705559106775,0.0367980003142218,0.140884225854805,0.185901316040064,0.0870989042484296
2836,0.0192270301903338,0.0552961755961629,0.0439438878521694,0.043850527292439,0.309072943723452,0.528609435345443
2837,0.0421633277877325,0.208910478073673,0.316044815932678,0.05228999236163,0.242004777102307,0.13858660874198
2838,0.0934606259037823,0.156075508048064,0.24944833990163,0.0820942785956357,0.120624310132225,0.298296937418662
2839,0.291878724026287,0.204257356853789,0.106428007722348,0.0991055888177029,0.170393795129823,0.12793652745005
2840,0.152303777290419,0.0835652150722109,0.199327376075149,0.191233573008553,0.173922860233374,0.199647198320294
2841,0.419049748330957,0.161644920729757,0.0934178406281114,0.102680696530823,0.162145115860424,0.0610616779199266
2842,0.0127153053606048,0.0453531649132742,0.0553456508385298,0.0456586836523752,0.453919277803797,0.387007917431419
2843,0.19410596568169,0.125403658086344,0.225560341128248,0.190561853760966,0.126505629685562,0.13786255165719
2844,0.019762083510067,0.0318869825254652,0.73556927429595,0.0188476020307204,0.0501840993751642,0.143749958262633
2845,0.171483626974678,0.215544484173588,0.182713204893347,0.214858832934868,0.168907009668277,0.0464928413552431
2846,0.0298519034165516,0.063773585085833,0.0459204496142223,0.0549283500254455,0.504031883383919,0.301493828474028
2847,0.00836171663664575,0.0399362498588045,0.0283197985586389,0.0350404917661443,0.527842064527859,0.360499678651907
