"CUS_ID","F20-","F30","F30+","M20-","M30","M30+"
2501,0.0639181805996507,0.456373937446556,0.126902605408257,0.0222347796840179,0.175343604624456,0.155226892237062
2502,0.053024881537581,0.168948542740462,0.136358007549915,0.098215276798707,0.382688916929615,0.16076437444372
2503,0.0338754020130765,0.510216786115225,0.0364010988034085,0.0303032320693809,0.326283751817849,0.0629197291810607
2504,0.413704819012235,0.14461766336815,0.113942279643481,0.166446124042056,0.0696671349121428,0.0916219790219352
2505,0.0486487860786002,0.158129219863476,0.141771367000879,0.0534745179626324,0.128557744083976,0.469418365010436
2506,0.0100795402153936,0.353434882998963,0.102933084484197,0.0226131389420485,0.265270864591721,0.245668488767677
2507,0.0087404410702909,0.0282613476797076,0.112985667656052,0.0222102296944129,0.173992891084769,0.653809422814768
2508,0.00548539370472188,0.0360898654024818,0.0220307673005993,0.0241305395942961,0.5426274481544,0.369635985843501
2509,0.0273391045780533,0.0359106643832655,0.154939795521557,0.0375489517772402,0.11397779992573,0.630283683814153
2510,0.00977375554842445,0.069954859564827,0.0469690640177216,0.021991450561641,0.365807824527299,0.485503045780087
2511,0.666652820354161,0.0996843846464801,0.0629580896221131,0.119462490434402,0.0348717941441308,0.0163704207987134
2512,0.0396223549203782,0.158488686478507,0.0488152146692704,0.130751692552327,0.520899034399096,0.101423016980421
2513,0.00755622256619122,0.0248156079599848,0.0556855754274321,0.027521656885976,0.360588225167547,0.523832711992869
2514,0.0903564521866607,0.573585973982845,0.0477556805300448,0.0252412306799112,0.218975613450481,0.0440850491700572
2515,0.0112703528407702,0.0453118899563443,0.0661519272969898,0.0290521946538571,0.227105569299657,0.621108065952382
2516,0.072591515036687,0.0987062737691219,0.0581232132294467,0.209636585412342,0.351251515075,0.209690897477403
2517,0.0232791979128467,0.443602501948107,0.103221252402156,0.0155401615084849,0.208968882895715,0.205388003332691
2518,0.459984081422231,0.207926409643416,0.136656445913562,0.0640965419588405,0.0639390189257358,0.0673975021362143
2519,0.0453824953889938,0.866926814827993,0.0165354715807183,0.00668751544681255,0.0454336858239054,0.0190340169315769
2520,0.0279933979672549,0.0485504883274577,0.0214687011752302,0.130522422517392,0.570203263577525,0.20126172643514
2521,0.0188756989812665,0.0678530680640717,0.293254163047793,0.0353781485895831,0.124684362283655,0.45995455903363
2522,0.310311900680387,0.194669329351575,0.171767736551414,0.085410050951961,0.13814529388373,0.0996956885809326
2523,0.0489139553718807,0.433905497957008,0.0588242421667864,0.0167249071040173,0.299262386439952,0.142369010960356
2524,0.033509293683911,0.141753313514874,0.253534206073778,0.049880079372241,0.106649201721248,0.414673905633948
2525,0.104721364488085,0.0758678130858345,0.0824538441174856,0.332930059488128,0.304612820109616,0.0994140987108509
2526,0.118697466165832,0.225462434704527,0.0711424104452,0.10125761708296,0.35755238376752,0.125887687833962
2527,0.542717179945188,0.147779518320732,0.100488330936808,0.0483469354171201,0.0888955230082423,0.0717725123719097
2528,0.00414149142712437,0.0133613248844232,0.0394433487042985,0.0325356032920947,0.159878511613911,0.750639720078148
2529,0.0837175845132207,0.1318461472444,0.266736149327523,0.0698266779678635,0.138246596875459,0.309626844071534
2530,0.00462480865510438,0.0153783611547015,0.155999827432554,0.0199402168205986,0.0998952573464336,0.704161528590608
2531,0.027847910251939,0.175237447834082,0.0936371768067754,0.0782843684030347,0.396851739309517,0.228141357394652
2532,0.0346617243365797,0.210659533183555,0.118902284123022,0.0435334315764687,0.247486911529921,0.344756115250453
2533,0.00106021726441261,0.00557312975874725,0.0380999283598134,0.00470695775931732,0.0270611731371343,0.923498593720575
2534,0.219970040099029,0.0834089384830895,0.0898397587575723,0.418989206829262,0.0782244787129548,0.109567577118092
2535,0.0398374021570199,0.103015752485783,0.187201215854964,0.0338632121811132,0.181399298596465,0.454683118724656
2536,0.14584648205494,0.269347445112961,0.10507934873822,0.0710816059507504,0.205230528708846,0.203414589434283
2537,0.0421854023367205,0.769915485752096,0.0753068340648463,0.00706511327814101,0.0726591786775226,0.0328679858906734
2538,0.241681650341728,0.115620804981822,0.0729228747522629,0.118501960266474,0.272598721055282,0.178673988602432
2539,0.196255327832582,0.249792431166606,0.234776108621205,0.0476751749020054,0.154700065594009,0.116800891883591
2540,0.305680413050621,0.109606089668014,0.0459074871359409,0.225748780491573,0.259823117028765,0.0532341126250858
2541,0.121768799307609,0.0492456323384768,0.0183854229070481,0.505769672884808,0.269268020612278,0.0355624519497806
2542,0.0679885005707132,0.48957000765901,0.0403544611772304,0.0293214551226662,0.339390456834436,0.033375118635944
2543,0.00815628796929261,0.0211573984521009,0.0739299405250656,0.00594646192425703,0.189520190836283,0.701289720293001
2544,0.0838029683367018,0.143084444456584,0.130794460927153,0.226278606054668,0.155221180141636,0.260818340083256
2545,0.0378175062910802,0.27536796473606,0.0774482995904975,0.0182099827219238,0.425910043519745,0.165246203140693
2546,0.0333514901088952,0.0450306173265172,0.0208507690556149,0.233497137549044,0.581988013720689,0.0852819722392401
2547,0.0483526180095658,0.109306640659484,0.441228479966042,0.0358647460687468,0.115451338859534,0.249796176436627
2548,0.0559482469312608,0.0703784648775045,0.08319731625755,0.260289150082552,0.439033393419037,0.0911534284320958
2549,0.00728179169381844,0.0518495768148716,0.0310526771469521,0.0380882293781609,0.355213412730468,0.516514312235728
2550,0.0168122712206487,0.0209764623561842,0.0205428250767264,0.202329443106052,0.538222428022,0.201116570218389
2551,0.259578928564296,0.238760616123279,0.0447498886960655,0.18502213177859,0.16068664121663,0.11120179362114
2552,0.121656098056159,0.345793101782213,0.203506898962058,0.0355144019012897,0.151198549119437,0.142330950178843
2553,0.439986440773465,0.223313629891116,0.0483625963575307,0.121870354560469,0.139019522683593,0.0274474557338265
2554,0.110844770452489,0.23480716986435,0.111949914450155,0.116393596508977,0.352080909626675,0.0739236390973537
2555,0.0111343223202045,0.0993516762939419,0.0701224787008181,0.0348838000289257,0.625910185431971,0.158597537224138
2556,0.0819361077763944,0.315884468066876,0.302758563809676,0.0405244052701034,0.128375952898429,0.130520502178521
2557,0.354125492260897,0.185874473901785,0.345513550952028,0.0438796199299761,0.0511651217530293,0.019441741202285
2558,0.025578678434193,0.0622126859804967,0.764692586470126,0.0238698387766284,0.0528807020060083,0.0707655083325471
2559,0.0773468894943727,0.456321241392471,0.157132310495772,0.0232035128176097,0.105604628109428,0.180391417690347
2560,0.00918817840859907,0.126794644994719,0.100784026332461,0.0225242227272272,0.21768535829435,0.523023569242644
2561,0.0135439630150674,0.0610888375551627,0.206484144682027,0.00949107044664152,0.164060086728915,0.545331897572186
2562,0.253327282083024,0.366209399547289,0.0376172322598778,0.0536589373634847,0.263111725082439,0.0260754236638856
2563,0.363028856547405,0.139958970611224,0.2199668054501,0.109904917056522,0.10180976289623,0.0653306874385196
2564,0.151692827582378,0.0750226691492355,0.0800345057374472,0.381868610754283,0.142642692363439,0.168738694413217
2565,0.0265072022569796,0.0976852630842171,0.116600678647515,0.0485670471558894,0.226831277581616,0.483808531273782
2566,0.0126280878549488,0.0413977199542238,0.116815677567582,0.0633818334534379,0.279899190729258,0.48587749044055
2567,0.0295022365561538,0.132290373306786,0.12768877088957,0.0432721150282571,0.17743320245763,0.489813301761603
2568,0.00765290973910579,0.0535467048821948,0.0739581281277306,0.0216956335928502,0.345670920728119,0.49747570293
2569,0.0367410915296846,0.0984576645305716,0.183201424925995,0.0178242813657604,0.148023554504624,0.515751983143365
2570,0.025751375247492,0.646554934078508,0.0650893242568211,0.00830469324281341,0.123838408917055,0.13046126425731
2571,0.0765606442617693,0.0837257784152064,0.0234233723035791,0.287764631163676,0.343055225022395,0.185470348833374
2572,0.0763256919305069,0.0640430656540976,0.334443185182278,0.103677341708279,0.108040760586294,0.313469954938545
2573,0.0631945679764734,0.283885440237059,0.0779727191940564,0.0248437840146423,0.276311114609642,0.273792373968127
2574,0.0267912385396368,0.0521671756304243,0.0259229867341205,0.335941706792046,0.467549444140281,0.0916274481634915
2575,0.021246557407788,0.0293839981939885,0.0157364105760208,0.14343491676792,0.660378920187377,0.129819196866906
2576,0.290111884274621,0.347888774467723,0.159724889046625,0.0850385779179097,0.051851775675446,0.0653840986176751
2577,0.0427421554158072,0.237548761664829,0.369989861209014,0.0248692102687262,0.140920131558509,0.183929879883115
2578,0.00143846821380717,0.00753932004541839,0.0307764493055369,0.00751529717941365,0.0874963893549134,0.86523407590091
2579,0.294478533137302,0.201007150096798,0.235621757970911,0.0701408741124109,0.121234442186899,0.0775172424956797
2580,0.0548351309587648,0.324311237400142,0.14661040419755,0.0176670374165825,0.225073136789981,0.23150305323698
2581,0.003283088537051,0.0290438034824764,0.0722512613148985,0.0506763168979167,0.425158495605457,0.4195870341622
2582,0.188605893460474,0.446265594556408,0.0884726890234469,0.039686447195972,0.164167629601277,0.0728017461624224
2583,0.0868888048998028,0.551184704196123,0.180318529148129,0.021154553470436,0.0845384024826265,0.0759150058028826
2584,0.236457825206833,0.585733930386295,0.0523162716721364,0.0212065839201575,0.0774342968500901,0.026851091964489
2585,0.0147332797070296,0.067315362277062,0.0445270940265616,0.0638257519667539,0.521962695653586,0.287635816369007
2586,0.0391676509136469,0.292881276689594,0.108036342029455,0.0321586211442241,0.220391168285846,0.307364940937234
2587,0.205534812289334,0.0632526966939529,0.0406298245460641,0.359242019682447,0.23506181293532,0.0962788338528819
2588,0.0425932400386782,0.0273274181034518,0.0146471939330796,0.302149417605993,0.512549031794188,0.100733698524609
2589,0.0604452528424459,0.0898248887937894,0.0402652846561236,0.174544022437545,0.551627968692761,0.0832925825773356
2590,0.0158401505939513,0.0714653742332666,0.134660812760284,0.0834334818360001,0.233285770245051,0.461314410331447
2591,0.0752536704838946,0.0970463936545839,0.390872590878062,0.0266920204342377,0.0673708972536518,0.34276442729557
2592,0.013844295629213,0.0321776801496305,0.0104919342943845,0.173927060179539,0.63269505098844,0.136863978758793
2593,0.17511689940609,0.187093485503515,0.0730473014419859,0.121119587706419,0.340284451145027,0.103338274796963
2594,0.0348536037589423,0.0745614943997492,0.0578360000824606,0.034124137304272,0.380436425226641,0.418188339227935
2595,0.113772571365384,0.0855140987461311,0.224072168631374,0.282857498829721,0.121066840259859,0.172716822167531
2596,0.727506415639457,0.0663233898454989,0.0126052997897953,0.157793537708251,0.0300194581390374,0.00575189887796068
2597,0.00674898067724784,0.0303040348697624,0.163631365192229,0.0165459480037269,0.127996425484051,0.654773245772983
2598,0.0135791814004823,0.0975176438918157,0.0890161817381047,0.0144638664573691,0.191044567372342,0.594378559139887
2599,0.27163519294158,0.286149569229673,0.0621101946551548,0.129410283172123,0.181652857438334,0.069041902563135
2600,0.00601190367152763,0.0365147523515694,0.0597589208139563,0.0282650338046686,0.777591964989729,0.0918574243685493
2601,0.0232900202664242,0.0563737072010536,0.200920967016047,0.0168528519590399,0.11177620718278,0.590786246374656
2602,0.0219166797721921,0.116645902996898,0.114621252342965,0.0368897580042436,0.236599105316387,0.473327301567314
2603,0.0371201656977632,0.57564217177453,0.0358739728820861,0.023098881938617,0.267694965902129,0.0605698418048749
2604,0.0538925072852972,0.101218566708766,0.341011338836244,0.191078535989988,0.107107689992231,0.205691361187474
2605,0.00144341417920331,0.0551037057977483,0.202307935272573,0.0204845515885969,0.25514342478443,0.465516968377448
2606,0.0282717704233066,0.0824964671944802,0.13875506642897,0.0286113310850657,0.178536128533187,0.543329236334991
2607,0.0106861842512692,0.0272240932427223,0.0631616684839848,0.0335211181318476,0.174615837454281,0.690791098435895
2608,0.175058822314117,0.21055634708206,0.069158002470214,0.175360024143489,0.199376500371655,0.170490303618466
2609,0.0184116582111014,0.0492214045416246,0.0431969049364224,0.115982305572758,0.474441060439154,0.29874666629894
2610,0.0848526923591154,0.199081166214781,0.0578439718663942,0.170477409088377,0.347793209387387,0.139951551083946
2611,0.0267223112651137,0.130146035892481,0.245269608206507,0.0530637686861555,0.0797265967932915,0.465071679156452
2612,0.0443749622478907,0.245238381862565,0.136407903143551,0.043211451747589,0.219781231605793,0.310986069392612
2613,0.502443528747284,0.30671404670882,0.0421998761262921,0.0631460857654591,0.0722300088376375,0.0132664538145072
2614,0.119299797325433,0.10343162245428,0.0723457126670552,0.125871967611658,0.329668256799977,0.249382643141597
2615,0.504873165906176,0.197476597394716,0.132468425651472,0.0528763625011586,0.066375333402069,0.0459301151444084
2616,0.0114261167328024,0.056572743562137,0.073502370427716,0.0501096654334232,0.434703136722334,0.373685967121587
2617,0.231352254039223,0.356683413775081,0.197219564999214,0.0427163849136144,0.120335863574943,0.0516925186979247
2618,0.0802718576323937,0.0932161005258564,0.0808485371857185,0.0832108772218798,0.428690412137597,0.233762215296555
2619,0.0263100867295001,0.0301877356927381,0.0153179702217656,0.105008734944007,0.658082959066157,0.165092513345832
2620,0.0169978468574398,0.104122294422239,0.231260569140025,0.0295717554020376,0.3430240615533,0.275023472624959
2621,0.0267687638532198,0.0791295831450474,0.0234630323545126,0.0999450239010546,0.696213980086612,0.0744796166595535
2622,0.00170401481420848,0.00601891396118622,0.0169587226535406,0.00857175311972257,0.117978822657816,0.848767772793526
2623,0.306652348721809,0.240707612108547,0.0400534574653881,0.100196872741656,0.26525394631303,0.0471357626495705
2624,0.0124725210538532,0.0371770769076589,0.106630789020553,0.0254727825563007,0.145567655132592,0.672679175329043
2625,0.117336952372031,0.24382797656204,0.480278393772696,0.0289747046831732,0.064514052048763,0.065067920561296
2626,0.00454338043227288,0.02126243593216,0.0496840510067175,0.017249017416898,0.195534108714273,0.711727006497679
2627,0.0890977279429816,0.174196055775941,0.410634436375166,0.0276355609945045,0.117567918445003,0.180868300466404
2628,0.125873532494611,0.199335518852982,0.0563859551787509,0.272252785033214,0.277405345280649,0.0687468631597939
2629,0.0235602933016516,0.189488048896274,0.0741657673652326,0.0287536917603373,0.388641085424055,0.29539111325245
2630,0.160058816989196,0.0929734749215878,0.12427345117897,0.0836309132473427,0.237831001468102,0.301232342194802
2631,0.0197705227604129,0.223373432460515,0.195139509297993,0.0267992512692519,0.28536889953395,0.249548384677878
2632,0.00472595718686097,0.020579158918278,0.0521153376007335,0.0183735988114615,0.161515345371308,0.742690602111358
2633,0.116722265956106,0.379353060652758,0.0834275183735811,0.0715718869038499,0.250139883599026,0.0987853845146798
2634,0.0388602592611988,0.106792263418448,0.24057894805825,0.0687620259967692,0.153118528437753,0.391887974827581
2635,0.0332044253892406,0.0947025430043337,0.0693044281784482,0.0441142407453258,0.571630557283481,0.187043805399171
2636,0.0429403889573686,0.0768003081028279,0.169601315868816,0.0964721123938195,0.264536323337714,0.349649551339454
2637,0.0190157762227769,0.0738012666109442,0.0208416995777512,0.0441841561568524,0.684240474479725,0.15791662695195
2638,0.0631389295673227,0.0427779663524998,0.107907065400994,0.247051094496388,0.157157595843573,0.381967348339222
2639,0.117453703273293,0.0711149790354477,0.0531492596866894,0.400089887425816,0.261675071347365,0.096517099231389
2640,0.0132659945992909,0.0302040959170238,0.046719900082563,0.0221024616032719,0.125142639362672,0.762564908435178
2641,0.250021896759234,0.175686491165397,0.170989587481877,0.101608515218893,0.173673643541077,0.128019865833522
2642,0.00884750809068451,0.0733918199452862,0.079259614619368,0.0216187941094742,0.234134302787212,0.582747960447975
2643,0.373057838260163,0.38426713145245,0.0228659507732649,0.110800529137885,0.0855015278815436,0.0235070224946925
2644,0.00552309711690901,0.145668237093062,0.046774245424958,0.0136052740709084,0.300622168257288,0.487806978036875
2645,0.0315472855468242,0.0679535225293662,0.0352517163220009,0.0688120612361213,0.350968570013925,0.445466844351763
2646,0.00328971807916515,0.0184459702988693,0.110654867713168,0.0160250958336092,0.058367890618434,0.793216457456755
2647,0.0564522322785631,0.0887274916150605,0.118010035881493,0.0974056567781881,0.285425719985379,0.353978863461317
2648,0.136196124188064,0.216105221914417,0.562470869661227,0.0149394558615933,0.0254506631969909,0.0448376651777087
2649,0.0331431494296285,0.047096180601354,0.0765650164336829,0.0580153312055447,0.244032042114836,0.541148280214954
2650,0.0547632305722659,0.0340840225453929,0.186821542610342,0.0584614727116295,0.120572767587067,0.545296963973303
2651,0.014095722230946,0.0688222589567119,0.0465968113960048,0.0538534123772325,0.524467272472884,0.292164522566221
2652,0.015170260458199,0.131643297577006,0.0511568164125849,0.0298496833395229,0.507612020584493,0.264567921628194
2653,0.330342729536633,0.20266577053011,0.0976978888646542,0.0695743927768285,0.182534113667356,0.117185104624419
2654,0.00372405760227295,0.0387141276873317,0.0581980350147238,0.0317592784100049,0.165773979318844,0.701830521966822
2655,0.490085402204143,0.186962846791079,0.0475926338836218,0.115637904961206,0.134166304881949,0.0255549072780006
2656,0.0133761628127682,0.0712499113609797,0.0454927284957049,0.0287819458554143,0.515755517081787,0.325343734393346
2657,0.0105521580248769,0.0362261912745069,0.161494828926139,0.0172592968980143,0.121959691256417,0.652507833620046
2658,0.148665464533627,0.129088623668659,0.121691700101343,0.353314711311746,0.135642295444097,0.111597204940528
2659,0.216077947686579,0.0818899489807639,0.0649705210384539,0.540302359431642,0.050554010364287,0.0462052124982743
2660,0.00876766561787326,0.033823899205968,0.0518209402022033,0.0271985034962278,0.263083921326467,0.615305070151261
2661,0.00593093825957814,0.026580644266944,0.115026093591927,0.0159443925632836,0.0859275193920314,0.750590411926236
2662,0.00532491488251643,0.0534735355774667,0.10041969217887,0.0133114238632507,0.144113794206294,0.683356639291602
2663,0.00664903045596688,0.0340583420810241,0.0519461843048893,0.0365380541304956,0.330160771998006,0.540647617029618
2664,0.0348680604374092,0.118364910582943,0.0294732963865567,0.0734934253101672,0.597993139778674,0.145807167504251
2665,0.231718319088873,0.253781325605065,0.169104428267057,0.0698574992688252,0.175682580978223,0.0998558467919572
2666,0.00170880139678621,0.00521140924498826,0.0548890755498787,0.00364915668515385,0.0121356485094773,0.922405908613716
2667,0.0521106217362751,0.145351110502673,0.420026054932187,0.0524313297185522,0.192753522064823,0.137327361045488
2668,0.00802464692608527,0.0564399791240878,0.353159097829101,0.0113361910658182,0.0925109706345516,0.478529114420357
2669,0.0584543561865077,0.24725491673544,0.151295932455586,0.0306003550914164,0.180041839559103,0.332352599971947
2670,0.00964814949342568,0.0497811344510313,0.156598386885443,0.0222641712282552,0.173870609652085,0.58783754828976
2671,0.0311953669583908,0.0772372426117819,0.0565136900532553,0.0950998158309811,0.309561624501425,0.430392260044166
2672,0.00557159192298224,0.0379014705121867,0.127356165781396,0.0131390375678905,0.151621634329027,0.664410099886518
2673,0.285410458907067,0.272392108953726,0.0678354726884608,0.129381991388542,0.192319085988381,0.0526608820738232
2674,0.0173922785501802,0.0481043110730914,0.0748722725885131,0.155128391109481,0.39940266585826,0.305100080820475
2675,0.584787033032018,0.173018722280327,0.0169048015721711,0.165621126290212,0.0478416981323056,0.0118266186929658
2676,0.0259301981635954,0.0537894717399341,0.0751259943521461,0.140323819696082,0.441029154089238,0.263801361959005
2677,0.0760195898755275,0.158605844313959,0.321979006638017,0.0647265321539153,0.291331017701854,0.0873380093167274
2678,0.038083837867714,0.12600917841342,0.208353944502285,0.0502909209526056,0.352853876693762,0.224408241570213
2679,0.00413682902553858,0.0157785485604794,0.027845602390697,0.0268084470541857,0.349245316823595,0.576185256145504
2680,0.0887023945976144,0.0842496447283476,0.336066961956898,0.275001428278007,0.0956185653004601,0.120361005138674
2681,0.0256951207497202,0.185906740923656,0.107839588348258,0.0269628653431705,0.380382187075845,0.27321349755935
2682,0.0105746123366168,0.0258525463178764,0.114389555082503,0.12243249644066,0.195988746939848,0.530762042882496
2683,0.536401767946018,0.182689976575436,0.0263257466706755,0.160010402395097,0.0834896958841981,0.0110824105285752
2684,0.0104846447507695,0.0403985040057683,0.0370020626817926,0.0608853165306549,0.475695142598413,0.375534329432602
2685,0.0998764536008615,0.0584586809930595,0.220929719707393,0.0323674618615481,0.0640630480845212,0.524304635752617
2686,0.0119718912917695,0.106470327313111,0.107251565891675,0.0250733362935405,0.174292501866943,0.574940377342961
2687,0.358370402991224,0.20889658978163,0.0904132607218326,0.162207623727664,0.144247636437536,0.0358644863401134
2688,0.0214771038841824,0.155018463871867,0.0647453121280148,0.161396333330676,0.43149389564087,0.16586889114439
2689,0.124191453692102,0.597603385207999,0.0550209280655729,0.0499090688202593,0.141145952348817,0.03212921186525
2690,0.0156115447269288,0.0286209024667522,0.0465716442650059,0.2349974194985,0.415286266438743,0.25891222260407
2691,0.0430094756318926,0.18796440914793,0.0959895466309224,0.0368458201612012,0.402190608766377,0.234000139661677
2692,0.08631717910739,0.107400347828111,0.244188665604181,0.0576105039146858,0.206867374189638,0.297615929355994
2693,0.0275547247752661,0.0568558461776005,0.121521207467193,0.0366040942492818,0.128547657235776,0.628916470094883
2694,0.00498264047416317,0.017929165561005,0.0319382491510186,0.0352315565001895,0.264152824120988,0.645765564192635
2695,0.57898578626581,0.154188256275356,0.0532300007005448,0.113520455757516,0.074513842477812,0.0255616585229607
2696,0.0196655094710988,0.0927765462201032,0.284469861874439,0.0226650111931136,0.0863898496356038,0.494033221605642
2697,0.0639006970952985,0.209650241518942,0.266692158681649,0.0378175823536577,0.180353915498039,0.241585404852414
2698,0.00715580478049639,0.031346735194803,0.222763115473843,0.02057613601839,0.329477758659868,0.3886804498726
2699,0.0104839404958697,0.163504581638629,0.50213748574588,0.00383294287922089,0.0425521372049828,0.277488912035417
2700,0.00206737021553147,0.0382715509404538,0.0229493629092247,0.00593063594306345,0.37889393669941,0.551887143292317
2701,0.0118196768693613,0.0381612943441715,0.104269840807698,0.074037481680504,0.243702999466102,0.528008706832163
2702,0.452081947233342,0.155581503293456,0.172706504962967,0.0776248769610319,0.0793544512796969,0.0626507162695064
2703,0.127035985796583,0.0822467489914225,0.145418360556913,0.126529111616909,0.27397280517364,0.244796987864533
2704,0.0376702488958255,0.181026865722818,0.601098937395936,0.0250338897040418,0.0669660209817595,0.0882040372996196
2705,0.0129788025666274,0.130794420313178,0.381244565348148,0.0174285589527603,0.109025357025006,0.348528295794281
2706,0.015698933614314,0.0651398432785878,0.223594333406265,0.15781643966742,0.178802661472496,0.358947788560918
2707,0.0110660970831771,0.0300329978910771,0.0172065659319398,0.068516420034508,0.685396310877066,0.187781608182232
2708,0.368775240769177,0.293774698188327,0.07335260053679,0.0989376557217648,0.134850097500184,0.0303097072837567
2709,0.0481643950576205,0.187401697103075,0.372829046555787,0.034191982359678,0.096123634309635,0.261289244614204
2710,0.0598213087741866,0.0504299632275473,0.297139944162844,0.0386457646582499,0.0677422664135259,0.486220752763647
2711,0.0745837335557967,0.104226466473089,0.109875186670223,0.0800109167268231,0.309317981211042,0.321985715363027
2712,0.164558240383703,0.0877342559478387,0.0695067085208449,0.366003607038142,0.216083081701619,0.0961141064078528
2713,0.0884321715685778,0.178467551487782,0.280565097824103,0.050628468217184,0.117909391849588,0.283997319052766
2714,0.00497537300570313,0.0792572158660371,0.192785598987646,0.0122051282272361,0.167746118219657,0.54303056569372
2715,0.0180486538522089,0.0874113125312357,0.392475638644447,0.032703730700291,0.263403577145467,0.205957087126351
2716,0.0321713596736497,0.0626274363112913,0.0606058959466372,0.0667661850475837,0.399536951930022,0.378292171090816
2717,0.00849759502548079,0.0309157014466538,0.0376862627140001,0.0292283897096447,0.255250486038425,0.638421565065795
2718,0.0225754148645208,0.0403925609524089,0.212609125788689,0.0581724681077809,0.164808971749416,0.501441458537184
2719,0.0266435316770713,0.0997983335810833,0.161822300476918,0.0505901052005574,0.347513667671316,0.313632061393054
2720,0.162051151075767,0.100361322893063,0.206132050064165,0.105125827595364,0.237359087584991,0.18897056078665
2721,0.0187167117572056,0.0610578870176728,0.10810053094019,0.0428524650289642,0.311798449251722,0.457473956004246
2722,0.266482241485684,0.465086686546025,0.147376466025556,0.013581627298832,0.0801527760528267,0.0273202025910759
2723,0.0494266524426644,0.200678507768505,0.204142473768357,0.0433108457547986,0.149162440230965,0.35327908003471
2724,0.61660677041784,0.115654498014995,0.0591232363899969,0.126465153796385,0.0590406924958313,0.0231096488849507
2725,0.305503775061807,0.386506904121596,0.0459977119280148,0.148973744594223,0.0784015810610569,0.0346162832333016
2726,0.0304739395143248,0.0618188987074194,0.0342414543999311,0.0926318269863687,0.73827251078089,0.0425613696110664
2727,0.00407906467053938,0.0380579479917918,0.0561724013692857,0.0343804873557148,0.330204157551911,0.537105941060757
2728,0.0193294592198767,0.0371315529905575,0.147068802929839,0.0362339847860022,0.0846255833056275,0.675610616768098
2729,0.179418043019873,0.236972735194154,0.0717966863898038,0.100679381731231,0.2998241555256,0.111308998139338
2730,0.00765301200017617,0.0330822485601036,0.0704453664136431,0.0501952734447332,0.429855674064037,0.408768425517307
2731,0.130356319594303,0.157371918367563,0.0720730740579035,0.190968595203981,0.353071060037613,0.0961590327386354
2732,0.015952735304786,0.0662888090878999,0.295088857869536,0.0136671688745795,0.0767398505734714,0.532262578289727
2733,0.0374175358607292,0.127355708135658,0.10495342132658,0.201355453446334,0.446127423389735,0.0827904578409644
2734,0.02293562420872,0.785274579186678,0.0323014311856282,0.00680084605065879,0.0981008078669875,0.0545867115013276
2735,0.0401449888320038,0.42121561667682,0.147734240795322,0.0167391050434532,0.150891113203462,0.223274935448939
2736,0.0403159668404426,0.0826032952773643,0.0502051483869471,0.398548174765959,0.340533076499077,0.0877943382302097
2737,0.159264763070791,0.14915197250999,0.298249522689446,0.0290698605611132,0.215146887988855,0.149116993179805
2738,0.0230561848970876,0.0997711932505976,0.117237429143428,0.0385098646063335,0.202302171686161,0.519123156416392
2739,0.233015696818713,0.296194006696093,0.155377481745617,0.042357693348104,0.20953510301797,0.0635200183735022
2740,0.21754465165421,0.337935687567471,0.0991820280324113,0.0890797443435142,0.128023742153552,0.128234146248841
2741,0.0778606646736618,0.274783309963483,0.135982009069674,0.0439194420609673,0.299078827529248,0.168375746702966
2742,0.0488000789972309,0.0783529345588476,0.0456363768669276,0.125116456095395,0.529133481656402,0.172960671825198
2743,0.219740353828584,0.221206618454406,0.119195661130291,0.133206569693653,0.178025043266962,0.128625753626104
2744,0.0175226805344862,0.0768277981246596,0.031934440575895,0.132947589366758,0.615434307276873,0.125333184121328
2745,0.00215028523825431,0.0274371881814839,0.380272743814272,0.0432575568240464,0.326528270828269,0.220353955113674
2746,0.0126781872242163,0.0581228374383973,0.107674185727695,0.0277981228122976,0.228002917115099,0.565723749682295
2747,0.0186310681735108,0.035415632028273,0.0150368551439735,0.0722839099721391,0.613833038512852,0.244799496169252
2748,0.00531222567473556,0.0420996350808862,0.0434776651483691,0.0356253233818229,0.667905161838515,0.205579988875671
2749,0.236936400875505,0.123597353742786,0.0505327330755381,0.314625757693376,0.183744050543986,0.0905637040688085
2750,0.0109036228136707,0.0773990126894676,0.305638432220213,0.0400966170419411,0.138573868504933,0.427388446729775
2751,0.185502688636843,0.151448195566562,0.0661872619556973,0.144234083509034,0.40214530904078,0.0504824612910836
2752,0.0436130537641089,0.140178457687229,0.189707692961928,0.083975508038494,0.151393923280901,0.391131364267339
2753,0.0442857201268032,0.0774355293722433,0.0304139112838644,0.265489392372427,0.500571443311432,0.0818040035332308
2754,0.0102710047730753,0.217104637815827,0.0462383097479883,0.0107319700358938,0.59429917382406,0.121354903803156
2755,0.00147845573817497,0.00689450711609655,0.0379996875572687,0.0101255297529446,0.245123140573365,0.698378679262151
2756,0.00345213786708874,0.00943365030544909,0.0662954180964814,0.00726085882851265,0.0314263819265506,0.882131552975917
2757,0.0145898981613505,0.15499588034692,0.0328641713020836,0.0323822195151581,0.493259217481861,0.271908613192626
2758,0.0585499876105421,0.275791402488846,0.178057850427195,0.0207052189775546,0.317288536193427,0.149607004302434
2759,0.0228201489209491,0.225328339423735,0.0856153426519161,0.0180143038649989,0.269605353667777,0.378616511470624
2760,0.390827319537833,0.120051397288712,0.0553155694419033,0.352612832687688,0.0666610099535069,0.0145318710903569
2761,0.144313534079877,0.10346539478825,0.0670800800415534,0.353069595917032,0.225681220107551,0.106390175065737
2762,0.00407319418227497,0.0667343948874999,0.0679872687940231,0.0146853833272313,0.498252482137096,0.348267276671875
2763,0.0517614158081323,0.179981083840166,0.253966136732294,0.0493356877800009,0.233140327235423,0.231815348603984
2764,0.00863467382684614,0.0168743439907453,0.10901179832634,0.0163069229328631,0.0792290251037523,0.769943235819454
2765,0.0260071351888851,0.159473620589028,0.242212177487695,0.0200576001200252,0.178316457026223,0.373933009588143
2766,0.0346462345465863,0.144260809992506,0.102191349150028,0.0358679874543217,0.429177203414186,0.253856415442372
2767,0.00773140854802857,0.017529026954768,0.033925080799541,0.589736746787286,0.189423345719418,0.161654391190958
2768,0.0315333378432815,0.207211914424569,0.417623664812788,0.0147470095316582,0.0782125971197364,0.250671476267966
2769,0.051888706379541,0.333765002595134,0.082802178907238,0.0953587049221546,0.331793004268665,0.104392402927267
2770,0.00171141938184561,0.0274614514158708,0.116519020688013,0.0167808120763619,0.209133420595836,0.628393875842073
2771,0.0224693463957705,0.125912512412397,0.470686764694698,0.0240867496562361,0.0912480737682617,0.265596553072637
2772,0.030171729731217,0.0474573689092505,0.0916841085761773,0.198374657452488,0.452249817585134,0.180062317745733
2773,0.0468352074707423,0.286706215759819,0.116125161457707,0.0170421619585955,0.414797074981251,0.118494178371885
2774,0.0912409908363509,0.458519910934843,0.0784334283411924,0.0316231349970986,0.258826914034016,0.0813556208564993
2775,0.00129596259445115,0.00926596238967766,0.0686106905266576,0.00536425015489257,0.081486343012096,0.833976791322225
2776,0.0075054037279953,0.0351664927162063,0.0679412047380647,0.0473501230670882,0.276178058264504,0.565858717486142
2777,0.00118250194571691,0.0128258490923937,0.0648887488574915,0.0103104342636589,0.0917000279677357,0.819092437873003
2778,0.130650879709673,0.133593773863942,0.150628173854828,0.0930488192300212,0.149816742148753,0.342261611192783
2779,0.0346123454313205,0.0399190533409025,0.307347117959889,0.141731001313869,0.150026659465338,0.326363822488681
2780,0.047346105820198,0.215037661785317,0.277197155310112,0.0514522179670534,0.116201799076492,0.292765060040829
2781,0.0110698871971359,0.0226950017803686,0.053341109139094,0.14128103883063,0.495988920329312,0.27562404272346
2782,0.00660692512115421,0.0274025276662562,0.22217945024372,0.01526878197777,0.122673012462995,0.605869302528104
2783,0.378085280393464,0.304694987302399,0.120688524758452,0.0848052963927376,0.075180474202068,0.0365454369508797
2784,0.0683008731364881,0.237335666165297,0.0583155145678636,0.0934871049951621,0.457601095257086,0.0849597458781039
2785,0.00157893074638466,0.00785081253586642,0.0255320840049679,0.0188003555008744,0.354318690223877,0.59191912698803
2786,0.0138200089911564,0.100621479613586,0.0540106750708847,0.0514501904844898,0.456485067214528,0.323612578625355
2787,0.00390869255311851,0.0283824513223531,0.0633528489688153,0.0179856875328714,0.19925828700252,0.687112032620322
2788,0.014351587329724,0.0561965369903271,0.141444379055302,0.0290144585300979,0.124071475196737,0.634921562897812
2789,0.0589751472376952,0.0700367776855769,0.293031823448147,0.0701032617596861,0.218169206155726,0.289683783713169
2790,0.097867738553982,0.144893377938357,0.0563794711830211,0.0918202083998029,0.42965972471068,0.179379479214157
2791,0.158893353010967,0.0729955029894868,0.036787608303623,0.532487096872069,0.155413195284773,0.043423243539082
2792,0.509226543425562,0.286824400705366,0.0292477807760982,0.0594613276272659,0.0943262499184067,0.0209136975473009
2793,0.0060162232693941,0.0544785392423648,0.0382151787874496,0.0165405847534565,0.497661343593207,0.387088130354128
2794,0.465736713735836,0.156474612334693,0.0602050586025401,0.142677567086519,0.1369999735525,0.0379060746879115
2795,0.364221637342912,0.115905503431465,0.0432341165593524,0.378260212214417,0.0829681915668622,0.0154103388849909
2796,0.0016327965318074,0.0144191302368551,0.0851003038466639,0.0168485099149339,0.121725577437196,0.760273682032544
2797,0.04367473647755,0.0696845013799461,0.079637863913227,0.100442042165577,0.167159184345695,0.539401671718005
2798,0.0106664679101291,0.180678277043674,0.22287756677319,0.00912379205436262,0.302478196547933,0.274175699670711
2799,0.156650505668569,0.151960343931855,0.367235618795268,0.0206472251628701,0.121984263773186,0.181522042668252
2800,0.0065910057620298,0.0199655005476176,0.0501093038712762,0.0258734950915955,0.196477216445999,0.700983478281482
2801,0.0074621364619238,0.0312807109969173,0.0171015399509036,0.0200798272900451,0.470518554795987,0.453557230504224
2802,0.0141725167154397,0.0655891940878661,0.0528683563924827,0.0481365207422277,0.439930165622793,0.379303246439191
2803,0.0721606647940597,0.552933657686758,0.108440805975094,0.0190053614594867,0.15789133985094,0.0895681702336611
2804,0.0134946356752322,0.0649762850686536,0.113902288476706,0.0312632942783657,0.405690245123049,0.370673251377994
2805,0.282683643639546,0.169943764365303,0.267094451744924,0.0915337757485149,0.109465460072392,0.0792789044293197
2806,0.0931588024727466,0.0630379508610946,0.0577094303750955,0.340134811528778,0.267114015458095,0.178844989304191
2807,0.0891325585506702,0.170498301902649,0.194997624152989,0.0931497186940333,0.192015156296674,0.260206640402984
2808,0.00858011767725109,0.0399981271080295,0.0520333926142188,0.0230462586006904,0.25634838211238,0.61999372188743
2809,0.0414172163721179,0.0899129745604797,0.390149595448942,0.0365488939920623,0.0697941408764766,0.372177178749921
2810,0.00874622911435382,0.0450295767445013,0.0628635371125206,0.0884235232874061,0.434185861282152,0.360751272459066
2811,0.00599254845710463,0.129495926433456,0.144267631290513,0.0199854187084864,0.4036818143207,0.296576660789739
2812,0.423121421547698,0.280386263238631,0.118791425877893,0.0706921806699787,0.0747530497626366,0.0322556589031625
2813,0.149574377371541,0.111276547401591,0.1363205162812,0.153498713763315,0.288457625272605,0.160872219909748
2814,0.0190541300637169,0.256664177933879,0.225936313263113,0.0298882871000026,0.183987618827321,0.284469472811968
2815,0.0194547533238409,0.0665178558470618,0.118070874386687,0.0531578773483144,0.161264540268309,0.581534098825787
2816,0.248574197116,0.15543336945934,0.289602944018431,0.0883795888593489,0.163942401185864,0.0540674993610153
2817,0.0750615824751655,0.407884340891952,0.110311692945863,0.0643379178423944,0.238821903395614,0.103582562449011
2818,0.266299696223929,0.349110739574684,0.176155668718184,0.0407630148130639,0.0947263531430566,0.0729445275270818
2819,0.392794544502894,0.374349187332838,0.0677431472497735,0.0406264270342179,0.102375990025636,0.0221107038546406
2820,0.383167242074656,0.223956979688689,0.283184405161459,0.0397153506461539,0.0461991229646833,0.023776899464359
2821,0.00286626299928049,0.0352944183554951,0.0142434101295705,0.00704659025144553,0.422056947766435,0.518492370497774
2822,0.163185173134685,0.210812195776479,0.229308988126817,0.0572423615075194,0.215215200425204,0.124236081029296
2823,0.0362655680661725,0.0948902974919784,0.10488042882193,0.0821341018230448,0.236058657808689,0.445770945988186
2824,0.0314114335283971,0.0963861236172402,0.198016546807903,0.0458193379025221,0.315016374248492,0.313350183895446
2825,0.00312464940513052,0.0204789708534678,0.155223445389211,0.0103158636393956,0.0245331726619204,0.786323898050875
2826,0.0279771048105108,0.180281480947546,0.045506546900872,0.0431884955745348,0.517223841023793,0.185822530742743
2827,0.0861386738687388,0.510256657086257,0.145497416465251,0.0184732573269064,0.132779586752347,0.106854408500499
2828,0.0130336932408753,0.123396664492471,0.115007275662661,0.0238901834405286,0.4471940791127,0.277478104050765
2829,0.0400128014810816,0.0347216834018769,0.0365645338257803,0.181393395116864,0.589279949727026,0.118027636447371
2830,0.00341619660143154,0.0276657596739849,0.12158996343209,0.0300663866748732,0.162662147135235,0.654599546482386
2831,0.332451794291649,0.411092380207446,0.0963532325140132,0.0597908060063495,0.0647881694212462,0.0355236175592958
2832,0.0317643284972054,0.2464812460319,0.226803885442887,0.0220358708941705,0.307772112243701,0.165142556890135
2833,0.167375914116937,0.116450796997513,0.122365704526285,0.199544865176077,0.221274210630626,0.172988508552563
2834,0.00928297350965805,0.0546591128366602,0.105034765876779,0.0193621936947577,0.225232344218134,0.586428609864012
2835,0.214042946751264,0.249285870461304,0.0526513578190012,0.11820430493562,0.277374282596648,0.0884412374361627
2836,0.015966764702095,0.0465168687104732,0.0526219529429134,0.0639008480433505,0.326447986271997,0.494545579329171
2837,0.0408027480971655,0.236189325749363,0.318494232192738,0.0480816058520291,0.172332013029941,0.184100075078763
2838,0.219068971054277,0.247430101019916,0.200265346512029,0.0870342187758362,0.0890374991212615,0.15716386351668
2839,0.0894354962869726,0.168294883149671,0.162730274475281,0.119404594604801,0.2552769524072,0.204857799076074
2840,0.126911012661608,0.072137845101167,0.125371557372661,0.284682674494786,0.14545483743052,0.245442072939259
2841,0.401935097687417,0.141800311576496,0.0737943740583693,0.114696099889233,0.180774711659095,0.0869994051293903
2842,0.00598426284658614,0.0313013211729103,0.0208202558856192,0.0270746316122079,0.551319639149671,0.363499889333005
2843,0.0775838414679427,0.115263778906484,0.0897956171697454,0.0138407113755673,0.470159607842731,0.23335644323753
2844,0.030220653959972,0.115853574993129,0.508667441600346,0.0131835414712577,0.0702976658696765,0.261777122105619
2845,0.221080435119257,0.429094181832569,0.11770684439844,0.151920215068537,0.0631652773929461,0.017033046188252
2846,0.00437186408394598,0.0207625731380736,0.024224309218041,0.0326060202233702,0.350994643049896,0.567040590286673
