"CUS_ID","F20-","F30","F30+","M20-","M30","M30+"
2501,0.0390614876506247,0.606018605968829,0.076476927961861,0.00717603146105872,0.146431733524569,0.124835213433058
2502,0.0286212166743995,0.15393559236417,0.246352867836676,0.0954959129682464,0.305038352812678,0.17055605734383
2503,0.0179034694723903,0.69534596996382,0.038432183364957,0.0186084979766778,0.189171289454063,0.0405385897680919
2504,0.576255616976804,0.0942270998253119,0.0467096008727529,0.189198251691565,0.0407345453298098,0.0528748853037566
2505,0.0384973988781959,0.172008173338312,0.0817353823241536,0.044268401468952,0.126724947695977,0.53676569629441
2506,0.00537564077202067,0.365266729430798,0.0742661343041831,0.0342725369471235,0.25126990239861,0.269549056147265
2507,0.00637677474697616,0.0199975834251883,0.116165535486875,0.0141971898303393,0.173254461713217,0.670008454797405
2508,0.002582235222796,0.0127046070725349,0.0043306205543897,0.0254571332000579,0.646625843927969,0.308299560022253
2509,0.0601477089461806,0.0296628654338366,0.128099425163762,0.0683386277153997,0.133205410770471,0.58054596197035
2510,0.0104309142628046,0.115427791497842,0.0556414884246567,0.0125629012101951,0.353317337753477,0.452619566851025
2511,0.758864238122835,0.0796024267117892,0.0775285255301997,0.0407298375068763,0.0272543834483682,0.0160205886799317
2512,0.0193646873487424,0.126768988896627,0.029690384749651,0.131629731459384,0.605077694847448,0.0874685126981472
2513,0.00627936183020924,0.0154894165705224,0.0229097966380243,0.0148898003461444,0.288315293486796,0.652116331128303
2514,0.0712846919783846,0.533798030282637,0.0447150797261939,0.019847341449632,0.272865669153761,0.0574891874093918
2515,0.00617883637430343,0.0505749240655013,0.075867119242126,0.0116468132790504,0.240720402403821,0.615011904635198
2516,0.0598647933768877,0.114982596830704,0.0818438796100059,0.259891079334693,0.296867116845869,0.18655053400184
2517,0.0102983401805153,0.398881707999379,0.101129130176278,0.00769263406218646,0.222450178735194,0.259548008846447
2518,0.547810918819261,0.175735796900205,0.109295509755314,0.0643647776765921,0.043592271822897,0.059200725025731
2519,0.029450901204576,0.931477480798877,0.00359425860965378,0.00567742057865463,0.0225952317110327,0.00720470709720616
2520,0.0269280911531343,0.0431074682878632,0.00987110757098137,0.139291973991617,0.624624818637089,0.156176540359316
2521,0.00141061271185574,0.0166700176674154,0.115758952445606,0.00662481701404304,0.0630500875624615,0.796485512598618
2522,0.403173370847001,0.190987846019464,0.119332170688848,0.0663264542807501,0.139737493763088,0.0804426644008487
2523,0.0501624391546896,0.434895863956019,0.0523418509765661,0.0109053395658175,0.325490037301384,0.126204469045524
2524,0.00498514082841813,0.0703897995889083,0.291192157195705,0.0198308348546407,0.0629627036295378,0.55063936390279
2525,0.0549130036248035,0.0643666972255894,0.0271424580697362,0.501134256607877,0.300921085300735,0.0515224991712593
2526,0.0938669466486358,0.331943693022928,0.0546840428750287,0.0620530604707288,0.312395477358064,0.145056779624615
2527,0.589509316813224,0.135839102433889,0.061577814875752,0.0301854911733937,0.0970459618799223,0.0858423128238191
2528,0.00180490221652606,0.0100093394303604,0.0303627816144773,0.0178015205461463,0.114104129852127,0.825917326340363
2529,0.0762689736484989,0.111813694414257,0.200613094756684,0.114154497262562,0.156351535003469,0.340798204914529
2530,0.00191273648344621,0.00552965655600486,0.0621898313985828,0.00655548634649651,0.0868577736469654,0.836954515568504
2531,0.0191598050876676,0.115976855930789,0.0849670035731126,0.116921713747044,0.43347289619761,0.229501725463777
2532,0.0253356184312493,0.172485839436946,0.0651088275098537,0.105229741759504,0.260455593811648,0.371384379050798
2533,0.00173325751614881,0.003146685789581,0.0361888086774158,0.00705177151287056,0.023815491585302,0.928063984918682
2534,0.128893615705073,0.0637566558063547,0.04910635232023,0.603041525805659,0.0867164583011441,0.068485392061539
2535,0.0409590230048901,0.109971263613623,0.219249623698808,0.0307303033502199,0.179253190434553,0.419836595897906
2536,0.104466329990171,0.284843066610048,0.0534078279130647,0.077958843064609,0.241337892164073,0.237986040258034
2537,0.0141038018045789,0.887080901931264,0.0495555799974307,0.00151921423209371,0.0282913569536166,0.0194491450810157
2538,0.315211022216134,0.0673463427576181,0.0551230338264301,0.103954566468623,0.321554569561828,0.136810465169367
2539,0.0957403620652885,0.298827557823944,0.319638854586346,0.0133983212378849,0.106241151946622,0.166153752339915
2540,0.41657250625785,0.111533429896147,0.0215573360435451,0.151259524581811,0.252457958731913,0.0466192444887339
2541,0.0891562528499412,0.0451543663408122,0.0064546413649245,0.588270330176519,0.249010386395611,0.0219540228721913
2542,0.0666712254130809,0.638125316202989,0.0199858594007225,0.0104744143259719,0.244579376511853,0.0201638081453831
2543,0.00884977794205495,0.0189676211650661,0.0477703812033919,0.00464593498646194,0.263632250811983,0.656134033891042
2544,0.074116975266005,0.0894031256755896,0.0740030922989254,0.286237716435688,0.178858850773856,0.297380239549936
2545,0.0305444864657093,0.206924567872851,0.0417742665540104,0.012044313133749,0.454772626403277,0.253939739570403
2546,0.0142054055317781,0.0306065064375012,0.0100194531644418,0.219023582394317,0.670218960257942,0.0559260922140201
2547,0.0240055737320272,0.0772383854982945,0.642485743936162,0.0167194256480787,0.0807470262062972,0.15880384497914
2548,0.0205570244367198,0.053850797203684,0.0510845492917458,0.0712096889628331,0.748223320352064,0.0550746197529534
2549,0.00461039722168384,0.0723555573441252,0.014147728410685,0.0300964796644575,0.336363690069746,0.542426147289302
2550,0.00869124572535309,0.0211369038162064,0.0183545347553274,0.117285903695362,0.629569186666074,0.204962225341677
2551,0.258306015499582,0.180373795186282,0.00921445783189057,0.0691606215277516,0.320547487481306,0.162397622473188
2552,0.176446852571773,0.434154818805558,0.161226052969183,0.0198196887876887,0.104071337657991,0.104281249207807
2553,0.671581102616126,0.137464416416983,0.0213669924391529,0.0351991374961153,0.118077210114158,0.0163111409174652
2554,0.0891275321884523,0.151662974572167,0.0970364569291989,0.0942689584850377,0.483777336138916,0.0841267416862282
2555,0.00505895175779908,0.0304326057850423,0.027319817851976,0.0314326410969593,0.776434565771399,0.129321417736824
2556,0.0947541276447433,0.344276579473303,0.261611461143939,0.0162121365793919,0.164574994348014,0.11857070081061
2557,0.293919882040998,0.133440931298023,0.496897000676866,0.0146942691737265,0.049801240333984,0.0112466764764023
2558,0.0152843007135296,0.0430292035311745,0.842740085631034,0.0207361757352839,0.0424270117679848,0.0357832226209934
2559,0.0458555025704277,0.635973247479965,0.0622797516692253,0.0133537705369279,0.0841589125948392,0.158378815148615
2560,0.00433415922863601,0.100552204140903,0.114316870526695,0.0219615108994394,0.203917071809919,0.554918183394407
2561,0.0195109776265748,0.0592450355594322,0.173855992498239,0.00236772231187859,0.113508725975929,0.631511546027947
2562,0.371405248897085,0.303585910804186,0.0279076250774522,0.0293458322048867,0.245431245741577,0.0223241372748132
2563,0.42420839789531,0.111268000950466,0.301552449064884,0.0433321745899761,0.0568110352497116,0.062827942249653
2564,0.127377326764637,0.0682264955900064,0.0664956020971619,0.4177950487548,0.183938707262738,0.136166819530656
2565,0.0320788209212483,0.130788178517806,0.0942695308293638,0.0223172189973888,0.196839392024282,0.523706858709911
2566,0.00802291304759339,0.0220426543584371,0.0633401075443937,0.0547480524353875,0.545899745519463,0.305946527094725
2567,0.0107640074323954,0.131627680241017,0.084526521394032,0.0222039824699259,0.137783172880639,0.613094635581991
2568,0.0108915228006682,0.0409741336390047,0.0345843675370036,0.0127167414902496,0.397704133374238,0.503129101158836
2569,0.0243815560007373,0.0701663144502326,0.134793669250218,0.00298243919496381,0.113852935010428,0.65382308609342
2570,0.019394805287,0.597628459254257,0.068608118831247,0.00401358608701231,0.114452928496528,0.195902102043956
2571,0.0954027299971649,0.0935475010745827,0.00652180092812152,0.430803660318722,0.295686162767773,0.0780381449136363
2572,0.0483975631606707,0.0430954123387732,0.473144903615005,0.0486660757043009,0.0797893614163034,0.306906683764947
2573,0.0483844928335292,0.279810566825805,0.044313909645012,0.0124487453827886,0.354699705630713,0.260342579682152
2574,0.00971870499502105,0.0370148371523461,0.00604041352937683,0.700397267324907,0.217135516808378,0.0296932601899711
2575,0.00850908525148471,0.0126568626306988,0.00602952814795372,0.133139706000333,0.755572966608527,0.0840918513610026
2576,0.26449693420448,0.448965910316635,0.0850249621559551,0.0708050329902255,0.0631078559501036,0.067599304382601
2577,0.0392884623450095,0.17359978114099,0.473322707924775,0.0161096856695148,0.113430764702538,0.184248598217173
2578,0.000547185501886159,0.00197779463763024,0.0113071766325802,0.00234648739633268,0.0567895088894599,0.927031846942111
2579,0.341257993615682,0.194953096395417,0.264884287597489,0.0160307447390869,0.0925720999867125,0.0903017776656128
2580,0.0303268148091109,0.366377261511335,0.144769277996752,0.0136369133054343,0.197091799962263,0.247797932415105
2581,0.0029620874881102,0.0315524029470364,0.105889990933733,0.0568897883934548,0.390709466914645,0.41199626332302
2582,0.147988820685488,0.535129957156741,0.062316092809657,0.0199455570489538,0.185491377755914,0.049128194543246
2583,0.0412732218686618,0.669615478632722,0.0876688017460634,0.00853238059288628,0.0856675383058851,0.107242578853782
2584,0.273459104633991,0.625272217517681,0.0215915745864433,0.0172625981088881,0.0493998705731334,0.013014634579863
2585,0.00443229087796148,0.0380690054433307,0.0158906624873907,0.0236543200553931,0.635060217459234,0.28289350367669
2586,0.0266712110391793,0.291354551829318,0.0529903433598705,0.0230225921639456,0.267585962655016,0.338375338952671
2587,0.205272004670009,0.0562442567399007,0.0291064690410732,0.329874317615915,0.270332766286782,0.10917018564632
2588,0.0359178316225647,0.0213338378382636,0.0102737330893035,0.312466627673552,0.482664982128523,0.137342987647793
2589,0.0690496624775645,0.0800143456308723,0.0211958107985346,0.0873798310288798,0.678685237657854,0.0636751124062951
2590,0.0165080559985153,0.128921690675847,0.133331641601731,0.0845452449380985,0.217775486368562,0.418917880417246
2591,0.0765381699650202,0.169671844225571,0.402361545208789,0.00957403300015939,0.0601817555361229,0.281672652064337
2592,0.00861330429844924,0.0191598596735653,0.00467802786331834,0.102969723638478,0.716665511790235,0.147913572735955
2593,0.325536435556973,0.122818465593928,0.0286209279123715,0.14460679985867,0.31409568482839,0.0643216862496672
2594,0.0241404952802119,0.0537716943974106,0.0671436246035413,0.0206540351615317,0.482310531117863,0.351979619439442
2595,0.0382260089713256,0.0497471296675823,0.329938155505476,0.308536429262518,0.10164555360978,0.171906722983318
2596,0.84973089275901,0.0317210045389021,0.00498978696809701,0.0971310506618476,0.0137555093016044,0.00267175577053849
2597,0.00388993586732472,0.0263871922430872,0.272343613311686,0.0180890958550145,0.0838002528299864,0.595489909892901
2598,0.0151339610480647,0.132275490666531,0.109954973232924,0.00841757848798968,0.155229818881035,0.578988177683456
2599,0.40122345570531,0.192393854373024,0.0524158227174155,0.161843945911264,0.127174476003813,0.064948445289173
2600,0.0020680454056068,0.0283857070458143,0.0829459255743173,0.0115154941058383,0.826471775088685,0.0486130527797385
2601,0.0234733829705276,0.106527784370569,0.10534150960493,0.0240626456816948,0.119195000271706,0.621399677100572
2602,0.0194462293242722,0.0966986268655338,0.0648145070664707,0.0217545493443921,0.228893396871192,0.568392690528139
2603,0.0159985840226312,0.599659371861988,0.0224140991534539,0.00873003063726839,0.301867698650238,0.0513302156744209
2604,0.0448963196985853,0.0653656885878092,0.461891633620467,0.144267130466704,0.0815936295112051,0.20198559811523
2605,0.000417007763400002,0.026974918442584,0.0369848396438637,0.035967907883118,0.238433549408364,0.66122177685867
2606,0.0199574340578346,0.0719827490346791,0.118218829068032,0.0164420809931693,0.172903659539284,0.600495247307
2607,0.00531871227094994,0.0270603246509814,0.0694205332720569,0.0188827424280104,0.109790484979535,0.769527202398466
2608,0.136725795077299,0.200393603011982,0.0397288390107722,0.286539098310969,0.230414508480006,0.106198156108972
2609,0.0151553640833643,0.0381920718912891,0.0283289501312145,0.0983138411258877,0.485187401950462,0.334822370817783
2610,0.100504431609964,0.174796269064475,0.0350727785602396,0.243939819839769,0.301598838124027,0.144087862801526
2611,0.0130910166783684,0.0572898844328107,0.183551376249229,0.0302733919737573,0.0884540237674098,0.627340306898425
2612,0.0996619102474851,0.299629496258066,0.177414924843247,0.0162837859816237,0.113609895907164,0.293399986762414
2613,0.470300737665502,0.345434981007195,0.03183514865162,0.0383194402685733,0.0954324091995071,0.018677283207603
2614,0.0892879175768552,0.114641787398707,0.0681838131855898,0.121559172919222,0.296470443198088,0.309856865721539
2615,0.547396663924888,0.230898016700597,0.11368769090495,0.0183014774552663,0.0492445718302031,0.0404715791840958
2616,0.00763813858393069,0.052750323047796,0.0598349649851321,0.0538134877148285,0.485246200689094,0.340716884979219
2617,0.183029268562668,0.423333655504932,0.227957192025294,0.0162261108490464,0.104336126804855,0.0451176462532049
2618,0.0670194182001164,0.0540704014375296,0.0665762303877681,0.0634978927900812,0.479511171667585,0.26932488551692
2619,0.0325280305342988,0.0238030254690961,0.0076049179084521,0.0893708437870753,0.778585412246907,0.0681077700541702
2620,0.00582350696810838,0.0841290155762754,0.332998078079081,0.0273872365790767,0.259980100053437,0.289682062744022
2621,0.0117074081222583,0.0457484237199978,0.0103549074276107,0.0755281895897881,0.796945078915182,0.0597159922251635
2622,0.00231702923451186,0.00418956433688456,0.00644568904461211,0.00544364131290814,0.122527449712385,0.859076626358698
2623,0.463037626863251,0.182310446570932,0.0314558699709092,0.0630840261199923,0.2141465175304,0.0459655129445153
2624,0.0048650834841571,0.0243728757693715,0.0549742037733261,0.0152486998505739,0.105821682410507,0.794717454712065
2625,0.120747445827672,0.111879714148324,0.629645782092107,0.0370809090811627,0.0422750895941108,0.0583710592566232
2626,0.00594242922692171,0.0115318611158779,0.0274000692612541,0.00995899902129435,0.1241516933538,0.821014948020852
2627,0.0445250892695327,0.133188833262834,0.414746404340082,0.00880757636179553,0.203873396480719,0.194858700285037
2628,0.0787630535887537,0.163211014841723,0.0341776172487303,0.408246908381006,0.276614837764921,0.038986568174867
2629,0.01617170061305,0.1674566674971,0.0406153664856879,0.0345447625359652,0.414306190588838,0.326905312279359
2630,0.155860648151104,0.0611536990246534,0.138143449902975,0.0315260375428288,0.206567733023405,0.406748432355034
2631,0.00509166514985466,0.225393057207234,0.186166839287688,0.00510659914020529,0.35093734268158,0.227304496533438
2632,0.00282783793138949,0.0102777437702468,0.0506415994613728,0.00863049477638202,0.150292693183718,0.777329630876891
2633,0.0700571892473847,0.522970842218481,0.0614200302717803,0.0593019198375945,0.204726282754029,0.0815237356707305
2634,0.0195106526047498,0.0876290910818438,0.188013864318836,0.0479712914328995,0.210416503942668,0.446458596619003
2635,0.01152051433367,0.0640773572164046,0.045081422758123,0.0165066421896243,0.692797080999075,0.170016982503103
2636,0.0387873044887293,0.0375687707691678,0.0872408836620463,0.0548071717992499,0.373958747175694,0.407637122105113
2637,0.00923401903240258,0.0725258463189352,0.0200498071872888,0.0295243032317062,0.725090565809451,0.143575458420216
2638,0.0550944122681838,0.0612463018950282,0.0503011129179783,0.186017316960472,0.171191714648829,0.476149141309508
2639,0.11652159849524,0.0419772698796945,0.0404770119244166,0.492541684883532,0.243350501715672,0.065131933101444
2640,0.0121040936118203,0.0309901877731219,0.0307950438399884,0.00806860951151238,0.106170088923129,0.811871976340428
2641,0.377172723118448,0.153221383631189,0.106778747983051,0.118330312524938,0.140219099289279,0.104277733453095
2642,0.00600358673652567,0.065102809287846,0.0502814917053172,0.00388994745364059,0.282247722398223,0.592474442418447
2643,0.482980114766991,0.33651728560706,0.0180832844453539,0.102295606555938,0.0462809037334578,0.0138428048911993
2644,0.00397149396409091,0.06690209271078,0.0231493392761405,0.0180246975005254,0.273033986687693,0.61491838986077
2645,0.041074306763076,0.0613933817868557,0.0241213660313277,0.0416638500100031,0.355078878543971,0.476668216864767
2646,0.00222192052274787,0.0139810192779959,0.0580408948123047,0.00696361758043696,0.0355039460890078,0.883288601717507
2647,0.0850361714086841,0.0909591098209295,0.0801566230572074,0.115614769338807,0.302098679498567,0.326134646875805
2648,0.0698373133422835,0.129473936482489,0.771738147899386,0.000981118728496168,0.00620696962794176,0.0217625139194031
2649,0.0240172682103696,0.0479207751759501,0.0398296801240635,0.0193418214206999,0.180469243465712,0.688421211603205
2650,0.0430085532117583,0.0205816871548955,0.169267324260685,0.0573630276267009,0.143889247825298,0.565890159920662
2651,0.0184090189415482,0.105306980846349,0.040950497260648,0.0568073697294998,0.511020452494871,0.267505680727084
2652,0.0170644522180663,0.108564841665556,0.0360791001166273,0.0279249127950809,0.612856935470472,0.197509757734197
2653,0.280737952443915,0.24433603923267,0.0684673374221146,0.0507056533044226,0.205260569052294,0.150492448544584
2654,0.0031446260978143,0.0432057023540333,0.0592720223964703,0.0246158122038458,0.112836975918576,0.756924861029261
2655,0.629924490020169,0.155791456245615,0.0603004558568881,0.0459091462250574,0.0827366506425225,0.0253378010097479
2656,0.00893982780516446,0.0562739846340105,0.0414425348926181,0.0242157285339987,0.52624341928558,0.342884504848629
2657,0.00652176836588212,0.019140209642906,0.176043366896902,0.00709280978895848,0.0905935264349162,0.700608318870436
2658,0.0447007016998159,0.108628867244777,0.100006830506631,0.552193674311331,0.128159681750022,0.0663102444874227
2659,0.142329356727523,0.0231249203413681,0.0567506666315662,0.699253146290025,0.0245792696744617,0.0539626403350561
2660,0.00836576233171845,0.0372213414479462,0.0381413955297238,0.022612581365128,0.249626435972222,0.644032483353262
2661,0.0018591485157728,0.0114958683510926,0.0592869007588826,0.00675669433477894,0.0519357487375181,0.868665639301955
2662,0.0028108830345523,0.0368775187796757,0.152814362448678,0.00570680453729327,0.0645329535112022,0.737257477688598
2663,0.00511417047248013,0.0210344566027753,0.0188374170828258,0.0172312966347047,0.378717080665406,0.559065578541808
2664,0.0119088348185862,0.107828671754804,0.0118904086452397,0.0258040446413507,0.716477269444155,0.126090770695865
2665,0.252222502476021,0.291312027439669,0.144594589298048,0.0289056260013207,0.185120205742922,0.0978450490420188
2666,0.000504250884566828,0.00103997637751617,0.0198231276924692,0.000380149224035062,0.00404820786531877,0.974204287956094
2667,0.0550219626266041,0.154109964979041,0.451176941741608,0.0245195500557277,0.208336000941628,0.106835579655391
2668,0.0107977247060506,0.0261586677978658,0.392315924315797,0.0107644611358815,0.0725937098299456,0.487369512214459
2669,0.0556293651172593,0.204675896158314,0.124955636487274,0.0267217653216012,0.210628142973719,0.377389193941833
2670,0.00548037348003655,0.0301396535779229,0.129416324550768,0.015322269376879,0.157988812475163,0.66165256653923
2671,0.0190600742613422,0.0733084642237011,0.0526596595514846,0.0757847360906132,0.306537332684205,0.472649733188654
2672,0.0066571138142234,0.061941303380107,0.102442527329805,0.0139042211090383,0.155464503244627,0.659590331122199
2673,0.327680076316579,0.214389801864575,0.0802185086698042,0.187565093467016,0.147425325765043,0.0427211939169825
2674,0.0166143424643975,0.0711183881461734,0.0914178735893494,0.125257602406095,0.381261298744618,0.314330494649367
2675,0.791004901062241,0.0598431190501518,0.0059237641757305,0.10483338069373,0.0304039883103261,0.00799084670782014
2676,0.0254953004304009,0.0231545794363317,0.0211988905643784,0.0938342497051333,0.53493829926439,0.301378680599366
2677,0.0296265551765709,0.0639271161024782,0.126215678061617,0.0311198484715286,0.671706946954141,0.0774038552336647
2678,0.0416872378386803,0.192166291143337,0.346154443097918,0.033607520563781,0.224787462020008,0.161597045336275
2679,0.00167310670083277,0.0174153702699456,0.0193721636512532,0.0154253840891658,0.406417612764566,0.539696362524237
2680,0.0368161750131394,0.0838210825356693,0.322784657359662,0.264535895221453,0.153355883987409,0.138686305882668
2681,0.00723463936356632,0.147334767515719,0.123077473077138,0.010445698975585,0.424252795902317,0.287654625165674
2682,0.00871098459384533,0.0382988447672509,0.0804376303668785,0.159878036823935,0.276566949958824,0.436107553489267
2683,0.560668860780345,0.185499214767873,0.0125519875764358,0.154379314787602,0.0789863911885268,0.00791423089921731
2684,0.00574730602783908,0.0336572282084754,0.0134255895928347,0.0811116930326588,0.554626052812843,0.311432130325349
2685,0.100332906993893,0.0414138134496297,0.355579977553651,0.0099386725997388,0.0509506509913576,0.44178397841173
2686,0.00830175925282355,0.114495821945041,0.0454866616447756,0.0312190141960921,0.180602975532282,0.619893767428987
2687,0.432432674389861,0.218134938757065,0.0933998628779584,0.111485220226517,0.105925042801935,0.0386222609466643
2688,0.0142381824375684,0.11801433702935,0.0371721000156437,0.296816232089176,0.419461595788715,0.114297552639548
2689,0.0960859973809478,0.652571977975337,0.0286800634575883,0.0348788546403097,0.158864931470965,0.0289181750748525
2690,0.0084142538627887,0.0152904408100847,0.0157003706939109,0.236699407220056,0.458702152844516,0.265193374568643
2691,0.0392127831608475,0.127738393581834,0.0646426773612415,0.0476915670818669,0.516148022849722,0.204566555964488
2692,0.132842919307744,0.174044703941936,0.189837909643607,0.0367333085766475,0.300327600894447,0.166213557635618
2693,0.0513775971465782,0.0683374749569352,0.152184145188325,0.0157823715544798,0.115479957223172,0.59683845393051
2694,0.00537388980666962,0.0224759926764565,0.0558078909107988,0.0311475567608707,0.19445179815763,0.690742871687574
2695,0.577923398690579,0.170666903485,0.0662757371210051,0.117107425989755,0.0516587662603131,0.0163677684533476
2696,0.011046678177352,0.0465430657442971,0.305743205274854,0.0120373516153722,0.0800329197164686,0.544596779471656
2697,0.0417597442786527,0.279755643268085,0.21966801009399,0.0109276000520368,0.226471484027471,0.221417518279764
2698,0.00503473053722318,0.021186280825183,0.461576236198835,0.0035292271822517,0.176262544254302,0.332410981002205
2699,0.00592606364474593,0.0857697222030742,0.614548411376539,0.00119327322905771,0.0207110038668411,0.271851525679742
2700,0.0023591716647952,0.0393812011678933,0.016329523929715,0.00321198139886958,0.370187992466167,0.56853012937256
2701,0.00370941248150218,0.0299326231340652,0.120368745936555,0.0629346787814843,0.277482397813031,0.505572141853362
2702,0.4803941142169,0.141599747469448,0.227437438162854,0.0278371887702847,0.0546122387631034,0.0681192726174102
2703,0.188205840158243,0.0968607526885552,0.232023297880272,0.0730500256747477,0.167708818385204,0.242151265212978
2704,0.0366548125773929,0.162609002394273,0.641328634700013,0.0146406979086372,0.0522517893074197,0.0925150631122636
2705,0.00465852966764892,0.0945623185146699,0.427255019736086,0.00500671085815136,0.0845327023120138,0.38398471891143
2706,0.00517554125133158,0.035076220147857,0.317585787090636,0.0248752808956653,0.149957497278448,0.467329673336062
2707,0.0104785441884513,0.0388875609868167,0.0198594781091721,0.0417477073522762,0.672442306493488,0.216584402869796
2708,0.273495566215756,0.385906813802728,0.132065089541131,0.0644907824484479,0.0973428754826064,0.0466988725093309
2709,0.0416287541466416,0.264883371421632,0.433383773747662,0.00525351778179197,0.0913535669510326,0.16349701595124
2710,0.0712774985699516,0.0203575201361666,0.268201583176888,0.0337377809425356,0.0418992790965216,0.564526338077937
2711,0.114039209698152,0.0391286979647893,0.107237353893687,0.0352208045666065,0.263153234391916,0.441220699484849
2712,0.13509801434864,0.0333689441163955,0.0304508260314959,0.55424393411391,0.187114599876652,0.0597236815129067
2713,0.085967250512075,0.260299572811057,0.308662111301981,0.0405203831443017,0.0842597954019844,0.2202908868286
2714,0.00280795498894329,0.04990199030634,0.210582616123493,0.00840127417426743,0.113355182456298,0.614950981950658
2715,0.00600646271803851,0.0336585136258783,0.63768353533368,0.00649718852297171,0.180863005851585,0.135291293947847
2716,0.0245183777697408,0.0555056299973586,0.0311893693334781,0.0542153975708403,0.514346661047962,0.32022456428062
2717,0.00315110810326644,0.0202873554800977,0.0289185474650787,0.0114409275737627,0.216381115597165,0.719820945780629
2718,0.014628374166121,0.0332600210836206,0.286244855315305,0.0511227359891891,0.149315853620906,0.465428159824859
2719,0.0243595427826181,0.0959153321456505,0.116103805835085,0.0190477197596955,0.415134068906866,0.329439530570085
2720,0.0720708454966648,0.0708472582518154,0.111537019130472,0.0418469125288486,0.431072211344456,0.272625753247744
2721,0.0134713829507376,0.0292663791998129,0.0760823866909704,0.0468484587791504,0.372574355237893,0.461757037141436
2722,0.250645650717456,0.529010431422614,0.152450895238121,0.00261309468947472,0.0495488173095546,0.0157311106227805
2723,0.0311883034148915,0.201825583800544,0.0853302982021346,0.022589587286996,0.215146755889901,0.443919471405533
2724,0.73868134082395,0.0999428726203048,0.0250441622237072,0.0969444149247603,0.0289480331019793,0.0104391763052988
2725,0.364640935451007,0.315195383848636,0.0273687619435717,0.216159304020166,0.0390073742594472,0.0376282404771727
2726,0.0205547240785263,0.0598854861094096,0.0677275724098136,0.0959437103306327,0.719606341646888,0.0362821654247296
2727,0.00169626636030091,0.0282317202536347,0.0281576049078224,0.0363826664834828,0.202154779311694,0.703376962683065
2728,0.0216635119000803,0.0287340777499632,0.149265936601703,0.0186434122734693,0.111915278850204,0.66977778262458
2729,0.148286818097137,0.19999042171573,0.0380549467691209,0.134130416857616,0.34843370923504,0.131103687325355
2730,0.00412760519016286,0.0192805241453478,0.0215527883165089,0.0169147697687237,0.654764708838414,0.283359603740842
2731,0.150433396280953,0.198234780393974,0.0782516308794716,0.133041339740866,0.339339445686564,0.100699407018171
2732,0.0112180784360322,0.0630342467136542,0.261630288661676,0.00546568568549729,0.0721142571847908,0.58653744331835
2733,0.0209728137672826,0.176154982824452,0.170396330253969,0.121076016817176,0.449133689970257,0.0622661663668632
2734,0.017572022266082,0.846512275046267,0.0163907718146565,0.00607239235798269,0.071782256833443,0.0416702816815689
2735,0.0325140784168843,0.550627801999237,0.107759341743275,0.0212611563382462,0.12044745765615,0.167390163846208
2736,0.0211679894030662,0.0477846456920374,0.0213328195588553,0.664944449726483,0.198887110069036,0.0458829855505217
2737,0.199160751343471,0.142288700067419,0.239769295763952,0.00649457546736453,0.251072704686401,0.161213972671393
2738,0.0228940354512294,0.113765970262825,0.107424090155278,0.0540409201185249,0.112466397459142,0.589408586553001
2739,0.275914742751839,0.200961967201601,0.241868885559737,0.0335436322968202,0.180993287487259,0.0667174847027435
2740,0.241370259061858,0.347666729953903,0.0644759552188682,0.0737840178371716,0.0949559126232856,0.177747125304913
2741,0.0650675613082984,0.296075839459765,0.122665594096477,0.0222208748086639,0.360735000976632,0.133235129350164
2742,0.0329943976818433,0.0786369743471082,0.0245834972617061,0.224961011560873,0.488600929357705,0.150223189790764
2743,0.211916389182887,0.2909243518724,0.111427647898954,0.0814856464059951,0.189593191453195,0.114652773186569
2744,0.00538254494205334,0.0923814782597056,0.0142991777637645,0.0962131546767866,0.723028559316283,0.0686950850414071
2745,0.000427621808375988,0.0146055657003354,0.12623613611339,0.0506576504300784,0.740770197826065,0.0673028281217555
2746,0.0220026959737357,0.0943059280386142,0.152520517763965,0.0335828982196648,0.228568359207446,0.469019600796574
2747,0.0129877586196879,0.0206544246926389,0.00567310157038583,0.0731252065365859,0.732230667607535,0.155328840973166
2748,0.002797347887596,0.0298698446071579,0.0399108469717508,0.0223760806359724,0.749377449110812,0.155668430786711
2749,0.141190611492314,0.115716711236161,0.0337361078492006,0.500866935749687,0.156010354880297,0.0524792787923408
2750,0.00989678410361126,0.0546135867073099,0.38324901834584,0.0339933857039874,0.136796562400229,0.381450662739022
2751,0.221412329928777,0.0890976353627911,0.0217442011819483,0.0771783617316541,0.566058006570198,0.0245094652246309
2752,0.0611808268188384,0.256931686759748,0.0918741109515975,0.0400305817600971,0.195070069995647,0.354912723714072
2753,0.0282716493352492,0.0801372487789771,0.0189159208908063,0.298094403137942,0.503371547856084,0.0712092300009417
2754,0.00949495535821232,0.233018406579226,0.0258981887340489,0.00931745973835186,0.620725337106319,0.101545652483841
2755,0.000609358800345443,0.00308531379175429,0.0273886958646422,0.00206171411075286,0.217911186895902,0.748943730536603
2756,0.00118442304904488,0.00464374561144443,0.0489763127166234,0.00407911456463297,0.0189477703181139,0.92216863374014
2757,0.0060963015629551,0.171483234261522,0.0246417418875015,0.0156338207243371,0.446388923139886,0.335755978423798
2758,0.0656050296234588,0.371160624991333,0.222425703366733,0.0118456062183297,0.217231493818186,0.11173154198196
2759,0.0118100593406671,0.203546024333902,0.0470748525729302,0.00760248434455783,0.254703442273574,0.475263137134369
2760,0.194127151250783,0.0567409521712545,0.0200584135373114,0.701326510667025,0.0239264018500751,0.00382057052355113
2761,0.118710869844969,0.13702581643059,0.0747512381471416,0.391944606974194,0.183104381180678,0.0944630874224273
2762,0.00630423721212223,0.101533568292567,0.0783916124507147,0.0131735884559247,0.353951183891425,0.446645809697247
2763,0.0930639940546585,0.142167780286811,0.371201240030789,0.0394292445188545,0.190473595595038,0.163664145513849
2764,0.010725512655914,0.0164923830049215,0.14673548153765,0.00517732679311632,0.0718252343055421,0.749044061702857
2765,0.0240513749505417,0.143239583781585,0.254447106223958,0.00780795732536616,0.200218736183514,0.370235241535035
2766,0.0236123550720846,0.122994590917605,0.111464572532737,0.0204755723613035,0.404320501915375,0.317132407200895
2767,0.00170808388394368,0.00385486348851118,0.0483494220705818,0.531106119471773,0.0885692937830244,0.326412217302166
2768,0.0368820509310569,0.184227637576807,0.487898151210613,0.00794905208901939,0.0556951732268805,0.227347934965624
2769,0.0372892020026872,0.412603249530601,0.0303611593401217,0.059759157264394,0.359496961693359,0.100490270168837
2770,0.00319860870798117,0.0601702341766602,0.261836331596755,0.00959206328107765,0.120953275308078,0.544249486929449
2771,0.0162105616142188,0.070048852726474,0.606282030999937,0.00641245468942562,0.0759812493073198,0.225064850662624
2772,0.024994147100385,0.0251790883624943,0.0590509421342636,0.0732978029686053,0.618328552790998,0.199149466643253
2773,0.039332407679513,0.371787435176004,0.168693690580311,0.00462475327675203,0.2879552580708,0.12760645521662
2774,0.101795741193489,0.340934817195569,0.0602911053989284,0.0453069508631416,0.381017149195649,0.0706542361532231
2775,0.000582524798259292,0.00410581982989067,0.110923803761352,0.00185709650111709,0.0495003624353127,0.833030392674068
2776,0.00669036081125085,0.0167795882929353,0.0548819830279142,0.0378315687565876,0.208389462312605,0.675427036798707
2777,0.000500543547074223,0.00871875231961521,0.10756989546546,0.00530889531105553,0.0533935458105195,0.824508367546275
2778,0.0416777593253131,0.115911074410347,0.112730969324131,0.048584863082193,0.159349349717096,0.521745984140919
2779,0.0201375993147234,0.0123063845469581,0.545854272285746,0.0412307577774699,0.127240940092879,0.253230045982224
2780,0.0179025043755801,0.225066864428468,0.426851553865513,0.0148723475198014,0.0708243647405969,0.24448236507004
2781,0.0095547913338665,0.0189524915658776,0.0700340570948622,0.0488439238352401,0.671699241712169,0.180915494457985
2782,0.001976138984673,0.0172176681884862,0.31869709159185,0.00377920066033762,0.0477592695795604,0.610570630995093
2783,0.299647923618506,0.42772862025779,0.128079869301322,0.0446940084801807,0.0583502956184207,0.0414992827237806
2784,0.0370966615755009,0.26391965371075,0.0355526091068204,0.128714077948267,0.486270570625835,0.048446427032826
2785,0.00144287493929568,0.00806230001110071,0.0211582303982861,0.0154834687227613,0.353062640411524,0.600790485517032
2786,0.00736007218904558,0.127163288790309,0.0550903590544629,0.03602383212459,0.518954240763406,0.255408207078186
2787,0.00198636218250424,0.0242323620997749,0.0754180194947026,0.00957525683872677,0.183498692523155,0.705289306861137
2788,0.00893655840512902,0.0368891308979802,0.0729778211869358,0.0250401079176519,0.141171579272966,0.714984802319337
2789,0.0300088437891174,0.0574374951806925,0.359885639601407,0.025802760998087,0.204534149183399,0.322331111247297
2790,0.104869612039759,0.101769378445392,0.0289087156231188,0.0442076828826267,0.481523498881851,0.238721112127253
2791,0.127167889504673,0.0297082138824533,0.00759839172399186,0.772640556407723,0.0485035707447514,0.0143813777364081
2792,0.544372594762356,0.306410413934295,0.0153127234361125,0.0227561004714734,0.0961848996317087,0.0149632677640549
2793,0.00358226993025374,0.0682983469963578,0.028945520611018,0.00721132652163022,0.503245956701309,0.388716579239431
2794,0.317605276365056,0.314576469140044,0.0256549540209649,0.205017602894269,0.112300917292323,0.024844780287343
2795,0.2361083490258,0.0676463309034958,0.0130118720059339,0.61732102401398,0.0579924392554149,0.00791998479537555
2796,0.00151830815763724,0.0344581081056003,0.114201753314223,0.0202598622420035,0.0994252871675259,0.73013668101301
2797,0.0496277773928194,0.0457648586153992,0.0480195619110767,0.114659690274396,0.181643732294582,0.560284379511727
2798,0.00215553347002861,0.104762015849455,0.323736958341478,0.00360980796065069,0.280474250274186,0.285261434104202
2799,0.106976402454305,0.0889896677085236,0.530948230014765,0.0053004469840393,0.116361581491933,0.151423671346434
2800,0.0041157676686641,0.0115382546181794,0.0207077458312776,0.0154898729144129,0.205684980418065,0.742463378549401
2801,0.00866813153134524,0.0500016993957295,0.0105166428948812,0.0143331279288755,0.595414561209332,0.321065837039836
2802,0.0139336029274972,0.0760601160513469,0.0325013331270938,0.037093439835164,0.445688010859563,0.394723497199336
2803,0.10214601332774,0.502401390914591,0.112647005102573,0.0260481602129415,0.177150255345137,0.0796071750970178
2804,0.00958409085935605,0.0571081879133722,0.0863148342685519,0.0099873702482572,0.441091346082336,0.395914170628126
2805,0.248956118732193,0.110906687938007,0.423527123196491,0.0434445706270157,0.0958878130917198,0.077277686414573
2806,0.0494375606138521,0.0456101670980948,0.0376855849055768,0.462493677421762,0.260041712779869,0.144731297180845
2807,0.113985554859302,0.131306568540879,0.188566548226257,0.0478666338222859,0.200291891143678,0.317982803407599
2808,0.00818948435324877,0.0328931037560672,0.0384288988292972,0.0159914943960649,0.239032839251375,0.665464179413947
2809,0.0216849096975982,0.0564057804589501,0.388287112409011,0.0706920309936449,0.0765691691564122,0.386360997284384
2810,0.00438082552891926,0.0298611305915818,0.0607373380836073,0.0755721160375554,0.548021024203137,0.281427565555199
2811,0.00533593026841744,0.153304363630224,0.193329244404808,0.00881297311109163,0.366689945210338,0.272527543375121
2812,0.376808802478023,0.352725222630607,0.125469620008632,0.0412100072736035,0.0680876457718034,0.0356987018373308
2813,0.129395984707435,0.0984424653967697,0.10060116803476,0.132833723112376,0.376350040654075,0.162376618094584
2814,0.00932811105753051,0.422338009746939,0.100246932043409,0.0230614818800248,0.183088320370992,0.261937144901106
2815,0.035058315850437,0.148054009909261,0.0908442482671114,0.037168811877607,0.213397508668967,0.475477105426617
2816,0.187746415523448,0.183813562417117,0.317676047602778,0.122786274245546,0.148364121966118,0.0396135782449931
2817,0.0782681260841051,0.362715454787111,0.0943672114944781,0.0709821683704627,0.232620451972174,0.161046587291669
2818,0.279381834192763,0.285447843096052,0.183562391753312,0.0321429768596458,0.142668298198743,0.0767966558994829
2819,0.552791067643461,0.271903447274069,0.0419622853061655,0.0402024162066263,0.0787923251682411,0.014348458401438
2820,0.36472645205866,0.225663288853321,0.328536185013477,0.0126120183918533,0.0393617927116986,0.02910026297099
2821,0.00118138019787077,0.0180960193932894,0.00431472877338496,0.00279288417522826,0.478171889701712,0.495443097758514
2822,0.119071030373147,0.152828126805028,0.32142943110354,0.0364852801332612,0.240056350129111,0.130129781455914
2823,0.0323093021167114,0.0705573569469551,0.0871659725440662,0.113441158462896,0.351995720020443,0.344530489908928
2824,0.0295650456455228,0.0722910450073579,0.149142169522172,0.0353828766037285,0.353954751763694,0.359664111457525
2825,0.00136168689975563,0.016860197245598,0.157736782739832,0.00264630151970157,0.0113908739276896,0.810004157667423
2826,0.023301382635518,0.190626438825172,0.0524189180062555,0.0330494004495421,0.508243869514929,0.192359990568584
2827,0.102780327979126,0.353894677880755,0.129166064606604,0.0262523074417931,0.232617416361426,0.155289205730295
2828,0.0217688625221642,0.11019728411494,0.116238514696938,0.0166793154471785,0.558171721672006,0.176944301546773
2829,0.0197260984702608,0.0317896712701793,0.0364723061148002,0.0851031449670924,0.719875137426777,0.107033641750891
2830,0.00188627660091339,0.00896745228509069,0.0671089561650037,0.0468204098208279,0.103553757745709,0.771663147382456
2831,0.375909581853613,0.436982645396556,0.0936890030094181,0.0236282878186046,0.0413926427231193,0.0283978391986893
2832,0.0179022606919989,0.261328454613885,0.246416484659151,0.0108649613778822,0.284305667955141,0.179182170701942
2833,0.173850653772921,0.121061711332577,0.0988856399851236,0.186804156029987,0.236745612520732,0.182652226358659
2834,0.00787045064402938,0.0731165347352505,0.0645158274165828,0.0079272537685303,0.246577399091608,0.599992534343999
2835,0.231160245438376,0.239979478957893,0.0139544142296081,0.181441659740767,0.274440621972034,0.0590235796613226
2836,0.00817212835524435,0.0210813858177104,0.0374639636258685,0.0536324876390564,0.226492721373631,0.653157313188489
2837,0.0189337065558356,0.170948329196971,0.350518361718071,0.0311928630782485,0.233614734934448,0.194792004516425
2838,0.188424587322525,0.270262196664795,0.251181989233784,0.0515950903814984,0.091746051435514,0.146790084961883
2839,0.106233055222912,0.209352456837622,0.106515742941364,0.0757895356768349,0.325690580975036,0.176418628346231
2840,0.172836752786321,0.0503153068545259,0.0726947365063391,0.321881749527016,0.18770069772855,0.194570756597248
2841,0.473681755348906,0.100601974184993,0.0603230954113849,0.0972297551248825,0.176220181654093,0.0919432382757401
2842,0.00244071876606646,0.0271418253338986,0.0158304057829985,0.00969515344894325,0.575804780717517,0.369087115950576
2843,0.0772158021288262,0.232796921169018,0.0403593331425886,0.00313905078433376,0.597338543806672,0.0491503489685606
