"CUS_ID","F20-","F30","F30+","M20-","M30","M30+"
2501,0.0835030353504028,0.435627905995117,0.116335144760258,0.042882483094742,0.151215743710992,0.170435687088488
2502,0.0455907669299312,0.145958352390324,0.150206506020227,0.0866634287515464,0.377056903613429,0.194524042294542
2503,0.0620499963978031,0.361680873489196,0.083278928502543,0.0708816884182798,0.283877455796616,0.138231057395562
2504,0.346123138128393,0.15196570564203,0.133935233344637,0.140281116105239,0.121211940938159,0.106482865841542
2505,0.0361610748000128,0.128828647701843,0.179201301627361,0.0605389508447252,0.160179264167977,0.435090760858081
2506,0.023819087708161,0.336701006621974,0.113432966428782,0.0327967398620658,0.226226650151929,0.267023549227088
2507,0.0170352089180991,0.0403274992644167,0.109077000225298,0.029771550324585,0.166360181358101,0.6374285599095
2508,0.012741119676314,0.0449490762559962,0.0538613206433019,0.0362543331818672,0.410159499189566,0.442034651052955
2509,0.0229663003048746,0.054637195715501,0.15455935200003,0.0468079331757568,0.162077028075607,0.558952190728231
2510,0.0161318084942497,0.0647943396036997,0.0491434536689679,0.0366767186934164,0.339455124642303,0.493798554897363
2511,0.69674353001077,0.0821644535311901,0.0529285722970335,0.10472540412816,0.0468984714254245,0.0165395686074214
2512,0.0599642088483298,0.173202009289298,0.0849587154911065,0.117571114903492,0.438275850241066,0.126028101226708
2513,0.00921628945290447,0.0280969959214469,0.0754302807877002,0.0417760634832463,0.312742371686403,0.532737998668299
2514,0.0927460567900512,0.651781219732597,0.0464381971288677,0.027993807385489,0.131561062037997,0.0494796569249976
2515,0.0186565422981664,0.0444319411858101,0.0858598133486499,0.0398852841355634,0.173370688084578,0.637795730947232
2516,0.0691383176166725,0.108940251135046,0.0741320428727706,0.134245881297935,0.37339516492007,0.240148342157507
2517,0.0370834359227093,0.388097668797065,0.100924598841478,0.0197445877192918,0.166248020521683,0.287901688197773
2518,0.421744680888512,0.24801755049488,0.114075822475872,0.0630212821660538,0.0833499648337994,0.0697906991408828
2519,0.0395241730514607,0.849951607383068,0.020243568134686,0.00849745366121619,0.0486166016706827,0.0331665960988866
2520,0.0258781319727753,0.0414310288519998,0.0259694929519943,0.0962477692546239,0.629140393290538,0.181333183678068
2521,0.0611624849411538,0.10327699302789,0.346421700269844,0.0845960273196144,0.134658298213961,0.269884496227536
2522,0.332966984802033,0.201280319256515,0.166733744181138,0.0824989296217898,0.132034374448272,0.0844856476902526
2523,0.0540285885134421,0.46621235503829,0.066592034900965,0.025150087199598,0.221998645248735,0.16601828909897
2524,0.0731969793181907,0.168274183560978,0.237680317389303,0.0771309027923374,0.169370081627864,0.274347535311327
2525,0.108821457127993,0.0763558693455883,0.0991133940920941,0.311428281951649,0.334012425404443,0.0702685720782326
2526,0.117844656616653,0.211375526221557,0.0813555534678029,0.115041708528212,0.321226129106596,0.15315642605918
2527,0.53944536692482,0.158984772705527,0.0915805680001609,0.0456849910291834,0.0936389815196497,0.0706653198206585
2528,0.0107430872019518,0.0258499984856606,0.0675801624567382,0.0546802544320355,0.217978101217684,0.62316839620593
2529,0.0760882129583328,0.107599403292344,0.293555007531658,0.0789972701924959,0.122386662254223,0.321373443770947
2530,0.00880117485893698,0.0395951088118628,0.199251421876911,0.0397481583644413,0.123224914428772,0.589379221659076
2531,0.0386798997742266,0.155836797775815,0.132715928763527,0.0891740417621972,0.285396764668809,0.298196567255425
2532,0.0444996073962117,0.180864346843199,0.129725446457463,0.0581941355129273,0.22931982515024,0.357396638639959
2533,0.00629877483464743,0.0191473662478247,0.0684697053613329,0.0131937913429814,0.0403956594545065,0.852494702758707
2534,0.258075124540921,0.0796251198060748,0.0756083259059858,0.3885683453923,0.105714588957551,0.0924084953971677
2535,0.0449532171996003,0.114902100844726,0.159818737255118,0.0599538979363458,0.197603112505414,0.422768934258796
2536,0.139635711096657,0.264397748385978,0.123260532186548,0.0740816268988135,0.1734664427119,0.225157938720103
2537,0.052947859959913,0.720926727956815,0.0813783956638319,0.0108504889743615,0.0767030537829317,0.0571934736621472
2538,0.253974108729929,0.122463644450088,0.0735633825354537,0.0979455254156246,0.268811090358743,0.183242248510162
2539,0.202727267619049,0.264614527625654,0.19586567054752,0.0509389383928093,0.15122802035962,0.134625575455348
2540,0.317036937118868,0.142045703729636,0.062097907791955,0.167770812800637,0.261062825013916,0.0499858135449882
2541,0.15299984719725,0.0726074333232286,0.0429216439781563,0.325681766646248,0.331153364433108,0.0746359444220086
2542,0.104486646692361,0.447885715274987,0.0828406621263009,0.0466527771022325,0.242825159482289,0.07530903932183
2543,0.015306010268781,0.0318161206622236,0.0736921524807378,0.0153188041021944,0.185719291873842,0.678147620612222
2544,0.0830299364800547,0.146565202990207,0.126664313137211,0.262851831096957,0.152062516010986,0.228826200284584
2545,0.0345609259497073,0.320371353784855,0.0708182352555285,0.0184633405683755,0.358462330345118,0.197323814096416
2546,0.0398279193607964,0.0403995836282361,0.0192691137908473,0.240718006441448,0.572395869496894,0.0873895072817784
2547,0.100013853820825,0.181970789765189,0.290375865965015,0.0688881364702198,0.158737269030079,0.200014084948672
2548,0.0591216760819909,0.0903031999407316,0.12677011213699,0.267864607578739,0.346314763501521,0.109625640760028
2549,0.00831846480284514,0.0353214079849493,0.0420732557988188,0.0532279935687742,0.302360619803851,0.558698258040761
2550,0.0185175207834476,0.0227182927455874,0.021153967280847,0.158778476824899,0.604071331971841,0.174760410393378
2551,0.130545382515951,0.210202160601084,0.0880301196749166,0.194494764017229,0.217129207735143,0.159598365455676
2552,0.131389519297015,0.350798371309072,0.177150190311402,0.06197823065689,0.125222769059435,0.153460919366186
2553,0.425508598953618,0.247158047703612,0.0487997679687714,0.126918095975111,0.122916376360891,0.0286991130379973
2554,0.104921864541069,0.244059785578223,0.10550576713914,0.129571784989824,0.315327872782614,0.100612924969129
2555,0.021532168190948,0.113002353132164,0.10070463545246,0.0596251716520687,0.486830054274158,0.218305617298201
2556,0.0849556308184097,0.315174355493532,0.284385148123345,0.064145350331151,0.118769085794253,0.132570429439309
2557,0.32557402419916,0.234180319150311,0.280806121677817,0.064256678406331,0.0651650236276793,0.0300178329387027
2558,0.0390364671959818,0.107685024876695,0.618597592150632,0.045708093431186,0.0909008603282774,0.0980719620172285
2559,0.0685353183841728,0.454199709495742,0.164070940054228,0.0316045975950821,0.0996391344537745,0.181950300017001
2560,0.0134117487709981,0.111636934829454,0.0970407886047911,0.0339817283579692,0.165192912792927,0.578735886643861
2561,0.0275179693281898,0.0775766717518442,0.180986298622779,0.0313365448130101,0.134827189826948,0.547755325657229
2562,0.285023175352577,0.397428275818605,0.0446178540044398,0.0521457299218911,0.183914815422347,0.0368701494801402
2563,0.255219001897779,0.188163159521544,0.218177061850093,0.130776851118708,0.12351843105345,0.0841454945584258
2564,0.166149525058741,0.0950674117752745,0.0820129513584411,0.25910301146122,0.257534673656398,0.140132426689925
2565,0.0200894266081967,0.0627728988347665,0.100146176306561,0.0458776650446552,0.197486689997813,0.573627143208007
2566,0.0197302491187841,0.0447929726269942,0.102935082733699,0.0865585050906204,0.213698217869693,0.53228497256021
2567,0.0409387130200452,0.131966334632909,0.123800253867058,0.0711121903181469,0.147131338903489,0.485051169258353
2568,0.00984315588534591,0.0582463232010427,0.0884392809431369,0.0349534014210013,0.235532531272739,0.572985307276734
2569,0.0347675451211879,0.10555397331027,0.22065253676968,0.0327734344437077,0.182187480628639,0.424065029726516
2570,0.0440117498932501,0.537356724532199,0.0793846345362609,0.0248079627064502,0.155754642119697,0.158684286212143
2571,0.0964700396890164,0.0759059472383666,0.0439540793034004,0.291596733945236,0.326618444673648,0.165454755150333
2572,0.0953208903738195,0.109208579194978,0.310076298278942,0.140049411435735,0.119471346080993,0.225873474635533
2573,0.0873866470231327,0.308253139283269,0.106203350081843,0.0443820079229013,0.200192030973926,0.253582824714928
2574,0.0368725307203136,0.0567634166559618,0.0482473558255531,0.271093197239174,0.485426654111826,0.101596845447172
2575,0.0238924333285916,0.0295853108041999,0.0196838647006711,0.13681440537888,0.668276943873663,0.121747041913995
2576,0.286097961139128,0.335895795908042,0.163211634197181,0.0724750412495194,0.067965649030896,0.074353918475234
2577,0.0434056866515447,0.259213902312686,0.323850799074021,0.0316145743400098,0.136409103245975,0.205505934375763
2578,0.00516673883887014,0.0151306880993711,0.0553350082653021,0.0167561400735191,0.0699518879656555,0.837659536757282
2579,0.279245595194587,0.205444214715065,0.255199697509663,0.0565373620348492,0.110533708063291,0.0930394224825453
2580,0.0723524305730962,0.300627985452325,0.153765811847845,0.0348357070098733,0.19015419859604,0.24826386652082
2581,0.0158487945227488,0.0474092392720551,0.0790007654903579,0.100899972203515,0.430959529798331,0.325881698712992
2582,0.154882223320124,0.535138686599727,0.0630403136867069,0.038358161418283,0.146668524928143,0.0619120900470165
2583,0.0731613720927226,0.569809551070893,0.180824830511811,0.0209334134965522,0.0869486497981904,0.068322183029831
2584,0.218272819247346,0.659862824429831,0.0343879634915745,0.0124088337884549,0.0527781628162578,0.0222893962265358
2585,0.0240214769268798,0.0677907762493983,0.0754462378256474,0.0842781771319387,0.423229921219161,0.325233410646975
2586,0.0488042806271947,0.257777169202819,0.125399297105147,0.0420824192799566,0.165535689082879,0.360401144702003
2587,0.195841725179419,0.0757358582873624,0.0684019878994419,0.236764951771795,0.31358774118216,0.109667735679822
2588,0.0377923381921282,0.0338512592024003,0.0333115082339885,0.141163769548999,0.652986089860013,0.100895034962471
2589,0.052714272437674,0.0921723372079256,0.0591375061005264,0.143054105886884,0.537195367340364,0.115726411026626
2590,0.0134553970485098,0.0545962231055033,0.122233804308029,0.0745344730814735,0.187339070113309,0.547841032343175
2591,0.0897585533430854,0.118627843802678,0.292858510213967,0.0730726619746247,0.0912530400652456,0.334429390600399
2592,0.0212986258857406,0.0419433064181982,0.0344870997756959,0.119192444571282,0.646280284842302,0.13679823850678
2593,0.172787956467777,0.230572802787466,0.0900033903798279,0.170950727692346,0.206419533386401,0.129265589286182
2594,0.0412223134670007,0.0682884385753866,0.0665224317377252,0.0370965584414922,0.331954405589331,0.454915852189064
2595,0.118172635764967,0.116683013273465,0.192348956131153,0.186656867022733,0.168529218906545,0.217609308901137
2596,0.710278160548248,0.085712112998444,0.0192908263560063,0.128885070686121,0.0434916791584676,0.0123421502527125
2597,0.0133727713531942,0.0477094898833135,0.173949005307086,0.0399432868691205,0.181125793837128,0.543899652750157
2598,0.0202572978876606,0.100072605490127,0.110161738401655,0.0220039073006424,0.142072655528897,0.605431795391017
2599,0.239240155637992,0.267622230084704,0.0955180790830986,0.113871489617918,0.184862719258201,0.0988853263180866
2600,0.0293982868994217,0.0826554590179612,0.110937136738885,0.0955057847337573,0.559771038206261,0.121732294403714
2601,0.0501517731870748,0.0973783396992641,0.222811117683457,0.0595181160590862,0.137780117814031,0.432360535557086
2602,0.0213094759674832,0.0987559671068889,0.130336691719148,0.0506520791273549,0.193866585569029,0.505079200510096
2603,0.0421581603276736,0.625920494784006,0.0354701239286005,0.0295097890890915,0.187411685447366,0.0795297464232625
2604,0.046316984654062,0.153803150877091,0.320117097547531,0.142699046880699,0.131745025567099,0.205318694473517
2605,0.0293187399757142,0.151622952623376,0.290586160855823,0.056548129046735,0.175576180793493,0.29634783670486
2606,0.0453448299674711,0.0983144865076931,0.14689356187559,0.05169873002009,0.21396566322006,0.443782728409095
2607,0.0105610820939816,0.0224675983427609,0.0638443469630659,0.0294880411398272,0.136370997620234,0.73726793384013
2608,0.174832370625369,0.178070411666872,0.0753048984685092,0.153837492102383,0.226922100086492,0.191032727050375
2609,0.0206013663457879,0.0436385102650918,0.0528842701977313,0.0990952195736269,0.478079785398548,0.305700848219214
2610,0.0883442183737562,0.18904798781078,0.0649963567245932,0.170818358211443,0.30545014778639,0.181342931093037
2611,0.0245703405907963,0.119223668886107,0.281334501063527,0.0647920232722016,0.0825616990193673,0.427517767168001
2612,0.0540947541926274,0.226826173677981,0.141883192903491,0.0546216336231689,0.174807081906452,0.34776716369628
2613,0.485996543173262,0.328565859324445,0.0439502946051463,0.0564124417087301,0.067385187052996,0.0176896741354203
2614,0.133023022684483,0.0990251095781742,0.0711300631615202,0.151236534910024,0.249383336029778,0.29620193363602
2615,0.445990230842055,0.225456527868095,0.151005346690609,0.0555640804549835,0.0780391794524163,0.0439446346918409
2616,0.0187369276527974,0.0583709258348931,0.077498955051333,0.0530492466890407,0.396150402087273,0.396193542684663
2617,0.206659802959542,0.350450435416378,0.198810845722233,0.045280341301055,0.119313367539513,0.0794852070612786
2618,0.0703361204492379,0.0944425324823085,0.0911530410452843,0.0746152475168975,0.429701879342969,0.239751179163303
2619,0.02146833685833,0.027666876247903,0.0189927867668994,0.0783361342798761,0.705377934350555,0.148157931496437
2620,0.0173449476996381,0.109303895516255,0.211549947926291,0.0405607237316631,0.318916287541893,0.30232419758426
2621,0.0378715881161005,0.0955039230695802,0.0560003588784072,0.130800386659825,0.546921014741795,0.132902728534292
2622,0.00771462475711457,0.0191989109519144,0.0426546193336729,0.0219998122107741,0.133360665944853,0.775071366801671
2623,0.252253418716666,0.260632458055579,0.0444246631949904,0.0766629993864694,0.296377705418677,0.0696487552276181
2624,0.0465757860064957,0.0696365302748903,0.115463519592608,0.0846063489957155,0.196496719754651,0.48722109537564
2625,0.0950298444054253,0.239892208632831,0.450563183954053,0.037664312847905,0.0825790548590273,0.0942713953007589
2626,0.014463567765607,0.0374143064827654,0.0759446873877805,0.0346632427244827,0.158143125286671,0.679371070352693
2627,0.0771796762866255,0.179921643178822,0.323916551633792,0.0504898505731914,0.149819233680729,0.21867304464684
2628,0.122559648975486,0.17670478883862,0.082603375490091,0.24133408834847,0.279383631352472,0.0974144669948609
2629,0.0381829678821631,0.182367106324321,0.0863450716679721,0.0483646740887751,0.343100995737389,0.301639184299379
2630,0.133506119603756,0.115237641683197,0.133457270904767,0.0929510457104398,0.221525225437932,0.303322696659908
2631,0.0228198356855823,0.219637432863958,0.243562753087965,0.0406304003573892,0.213621096624785,0.259728481380321
2632,0.00988111673384317,0.0320819262882301,0.065348720596213,0.0288753244818762,0.141995020900332,0.721817890999506
2633,0.135626991634037,0.408032269695536,0.0684668040720752,0.0878718707444481,0.207958573320004,0.0920434905338992
2634,0.0468058685926486,0.0861422773235441,0.276873647995126,0.088546690411778,0.148470361298396,0.353161154378507
2635,0.0297282089984673,0.0912914560124076,0.0706383445549103,0.0483050418134435,0.547215857546227,0.212821091074545
2636,0.0316435279067819,0.0791560168136914,0.168959240330074,0.0823344941317646,0.30840927510072,0.329497445716968
2637,0.0289697848512813,0.0759264997822482,0.0369027946382944,0.0356110746527454,0.642179087995987,0.180410758079444
2638,0.0748464265111374,0.0482602179926188,0.101988252217258,0.294553147440596,0.221994147889273,0.258357807949117
2639,0.0938813911292177,0.0845509007924968,0.0536466125587961,0.290962239025803,0.371920354551283,0.105038501942403
2640,0.0226866668255704,0.0370911694597299,0.0677863020694822,0.0369932239450236,0.116854811699393,0.718587826000801
2641,0.187895211211348,0.171114761389167,0.161578041502946,0.111722151447272,0.215445013643179,0.152244820806089
2642,0.026523474878097,0.104274529855485,0.117576347864305,0.0419075654440562,0.203232762724726,0.506485319233331
2643,0.362658794618449,0.397247714028685,0.0228984444896187,0.0972502204114242,0.0890827120753507,0.0308621143764723
2644,0.011184410241755,0.158003584651813,0.0571873811004747,0.0242676325567438,0.210071158120909,0.539285833328305
2645,0.0223688926889523,0.0646885304257208,0.0434248866539766,0.0555627435023674,0.345677460254025,0.468277486474958
2646,0.00987606239439522,0.0307986811602569,0.149127936445062,0.0351224204497178,0.0702127433523712,0.704862156198197
2647,0.0654039206020924,0.0936015395556933,0.136169691916618,0.126894604015686,0.24497258124353,0.33295766266638
2648,0.199267649140636,0.24643791815403,0.346831772034178,0.0514855279542609,0.0661093030297338,0.0898678296871618
2649,0.0449847686709776,0.060729990033156,0.105324626232682,0.0704369017820637,0.274430052382907,0.444093660898214
2650,0.0646029547115402,0.0672916963512886,0.192466726982552,0.0677046568245099,0.142430678415991,0.465503286714118
2651,0.0230250972199343,0.0644918056330463,0.0445967644539216,0.0612525026134519,0.530579336525202,0.276054493554444
2652,0.025539647784239,0.183054383519923,0.0685014961933653,0.0557401760815438,0.386659303321624,0.280504993099305
2653,0.333446112584524,0.229824278440424,0.104195606248726,0.0582381849392834,0.16089452504537,0.113401292741672
2654,0.00997564984987965,0.0427004190891185,0.07388457590318,0.0467830688407211,0.146880705231872,0.679775581085229
2655,0.455762327528662,0.213125857903508,0.0455087160761947,0.110682000961014,0.136774303770727,0.0381467937598955
2656,0.0182056452393273,0.0802597346833187,0.0662135043644832,0.0412044177347268,0.415542522243336,0.378574175734808
2657,0.0213983480824974,0.0492799916142625,0.188137359573162,0.0481712698908506,0.127359281609976,0.565653749229251
2658,0.181153245351241,0.162503017382226,0.14193254736848,0.233733148119629,0.160570670113255,0.12010737166517
2659,0.207637476466146,0.11572101560688,0.124062955403674,0.369640798968911,0.0988906382775051,0.0840471152768848
2660,0.013778884222023,0.0322688474627104,0.0473701596678973,0.0440757656955867,0.240549579931011,0.621956763020771
2661,0.010340469888549,0.0405421336638688,0.143996597582243,0.0446597870292692,0.122454035151506,0.638006976684564
2662,0.0100114669894709,0.06386507048282,0.115667767465568,0.02044466977691,0.144736222720103,0.645274802565128
2663,0.00887918351616625,0.0348640114303518,0.057889566278707,0.0440395270866032,0.336713730528472,0.5176139811597
2664,0.0444930113554618,0.105123122582235,0.043016164175556,0.109345992350642,0.521521162474266,0.176500547061839
2665,0.234249845521754,0.273401270727725,0.128218548009769,0.0786669368343886,0.174506611343344,0.110956787563019
2666,0.015558311999852,0.0339749661075591,0.16982122172836,0.0362047103353219,0.0504717362584906,0.693969053570416
2667,0.0545768002626574,0.156325547087003,0.413161706273264,0.0757897758124714,0.175686267806515,0.12445990275809
2668,0.0212083950087018,0.083019981442042,0.381331836356459,0.0374933249423991,0.109396333134519,0.36755012911588
2669,0.0504774182355843,0.240664402091523,0.133472057517043,0.0288179659652274,0.172152560228403,0.37441559596222
2670,0.0136703829587963,0.0559026801634923,0.165116915402927,0.0361316863679368,0.181810340951688,0.54736799415516
2671,0.0434759850303586,0.0725525628978134,0.0452634348233576,0.103868739290559,0.289467312502941,0.44537196545497
2672,0.0136115641060448,0.0783382323812022,0.154823294322267,0.0299819376685994,0.159632097057335,0.563612874464551
2673,0.290744499614077,0.320594714925135,0.0538035075194948,0.108596126381395,0.172718147240797,0.0535430043191008
2674,0.0312839629542503,0.0508875928052357,0.0781666233055386,0.253863305672875,0.352547027606106,0.233251487655994
2675,0.559626614563146,0.189136347391196,0.0177287353550003,0.158927520021014,0.0531728977973389,0.021407884872304
2676,0.0285508086429363,0.0493736197233967,0.0801802370837426,0.154849259989218,0.413859679841018,0.273186394719689
2677,0.104066753654018,0.178367208490954,0.28293330869702,0.0986217671415672,0.19454075790735,0.14147020410909
2678,0.0464541244004518,0.136628365154073,0.192851828996397,0.0683189762733646,0.316889115278173,0.23885758989754
2679,0.0056347057478741,0.0143920853524065,0.0402638126920491,0.0325124968164662,0.328502488670131,0.578694410721073
2680,0.076868020470588,0.113953283894474,0.334589283036987,0.173370297103351,0.124695159667654,0.176523955826946
2681,0.0497595461149165,0.19180165266323,0.108005523991648,0.0710432063020709,0.272462968419593,0.306927102508543
2682,0.0180345251602336,0.0393851521250227,0.133396330585044,0.127992880232451,0.182380536535532,0.498810575361717
2683,0.488568015817408,0.224120390256906,0.0543990312456469,0.102646774586429,0.102811652763138,0.0274541353304716
2684,0.0177843736983877,0.0436945140409147,0.0570495685069036,0.0721866751157217,0.412809693629692,0.39647517500838
2685,0.137234465684558,0.107597072834371,0.189214175795848,0.0469481550957534,0.0934643378439767,0.425541792745493
2686,0.0173328187020998,0.133310233411691,0.167670772166133,0.036802940382172,0.181261960500918,0.463621274836986
2687,0.308040198295494,0.20348644023382,0.0938775671110403,0.170284539330636,0.17851382745415,0.0457974275748594
2688,0.045208789315146,0.174120303020443,0.0850534221344459,0.18522191771348,0.331642961093477,0.178752606723009
2689,0.140972337466508,0.61841933131935,0.0393308645874098,0.0448457699350282,0.121109366597374,0.0353223300943294
2690,0.0145165121188744,0.0311862943761372,0.0478214775412027,0.203809439455455,0.480242267543613,0.222424008964717
2691,0.0479033081460543,0.218711941031314,0.0852099630956626,0.0479051843183407,0.296507810065898,0.303761793342731
2692,0.0579010387748856,0.0999367915703675,0.230130720684544,0.0912330586393122,0.172961948863242,0.347836441467648
2693,0.0364697474266344,0.0737491351694789,0.191473817500307,0.066457669281172,0.127686112369681,0.504163518252727
2694,0.0134321060182906,0.0321297396140049,0.0685746651069139,0.0545114782182875,0.22727741468647,0.604074596356033
2695,0.645557494464167,0.162270430377037,0.0385400147843103,0.0757884878832813,0.0565472134203107,0.0212963590708938
2696,0.0266392460488278,0.132089960702348,0.303664061675235,0.0456927181952098,0.109027595576632,0.382886417801748
2697,0.0503862221645889,0.195276377147873,0.270790758176882,0.0507287201559969,0.134067808375673,0.298750113978986
2698,0.0203807807621103,0.0642016856351341,0.195236702088521,0.0572121518017239,0.247365559719044,0.415603119993466
2699,0.0229508918739254,0.164904971479372,0.351232404179557,0.0334885388364063,0.0869137055669053,0.340509488063834
2700,0.00457769684102778,0.0399848250367816,0.0293872914787952,0.0136446756181992,0.303868768232602,0.608536742792594
2701,0.027376022979751,0.0411325897220609,0.102817376940866,0.105698428761632,0.222650384190562,0.500325197405128
2702,0.488837749788904,0.161016251928756,0.144413220551953,0.0727941558666231,0.0745679519050032,0.0583706699587613
2703,0.0759889416335613,0.0820062931459741,0.14185407489788,0.111002438171085,0.32909128291339,0.26005696923811
2704,0.0395371622889428,0.206380542214753,0.495510859848257,0.0594921094940848,0.0925156443931337,0.106563681760828
2705,0.0192224649651157,0.183357758682914,0.400009791735407,0.028984297128588,0.116339421767262,0.252086265720713
2706,0.0251084174557342,0.083825150624845,0.176578546987815,0.176128937651934,0.149495128575935,0.388863818703738
2707,0.0153342192283655,0.0241404075884385,0.0295811814901468,0.0612304355551655,0.688617366486126,0.181096389651757
2708,0.346839094268104,0.337526181950314,0.0636877962734955,0.0782651398376373,0.133673278072865,0.0400085095975835
2709,0.0588813774329428,0.158639914517725,0.302735991903515,0.0823037002411218,0.10044309484951,0.296995921055185
2710,0.0727825483510232,0.112803899639587,0.251602663917839,0.0791370965791969,0.158825631118302,0.324848160394051
2711,0.043279511725293,0.102659490247166,0.146459513513397,0.0576572251503033,0.288398514680871,0.36154574468297
2712,0.146493431840711,0.113906621093388,0.0868696452717618,0.166880821826789,0.346180318593608,0.139669161373743
2713,0.125149973077115,0.200878556526241,0.26693341966232,0.0703207667747551,0.115713225779003,0.221004058180565
2714,0.00776137986126626,0.0825839673512939,0.152366834437865,0.0291803167048553,0.176357668281165,0.551749833363555
2715,0.0371621042527928,0.118117943012153,0.384607836947242,0.0640847213356379,0.217253650442843,0.178773744009331
2716,0.0294554060871144,0.0548120276558218,0.088827019003484,0.0808218864272186,0.404852909359855,0.341230751466506
2717,0.0136668666131598,0.03620574915748,0.0346857471005436,0.0364714464334411,0.229982171499394,0.648988019195981
2718,0.0238962610408915,0.0582104208996736,0.234363082788593,0.0817756639515368,0.198046833538403,0.403707737780902
2719,0.0476510470809959,0.137674628541826,0.188880896491415,0.0725255274052352,0.30113668884936,0.252131211631167
2720,0.163303687813324,0.111129581267911,0.230395174722436,0.100461987575961,0.2055924930178,0.189117075602568
2721,0.0258451837235468,0.07330228521154,0.108738713531291,0.0627953056983862,0.266396418712747,0.462922093122488
2722,0.272940580595812,0.498133111794404,0.119782828789834,0.0163221133185281,0.0617294488159257,0.0310919166854968
2723,0.0546891825074293,0.153833631827438,0.196803649979492,0.0789373498147671,0.152647925807574,0.3630882600633
2724,0.660181878708037,0.0921638467984491,0.0562148810973051,0.0979150573129748,0.0685546905908532,0.0249696454923809
2725,0.240583669775386,0.379830121776712,0.0505168301666141,0.135550894083362,0.130462023723897,0.0630564604740292
2726,0.0687380583895017,0.105137915462786,0.0728255606075416,0.174815795449495,0.505027406974009,0.0734552631166656
2727,0.0103041986865295,0.0420993987188646,0.0975423252264929,0.0479583571030455,0.305488809219819,0.496606911045248
2728,0.0250174519817131,0.060077662458735,0.156529532266857,0.0616354457212039,0.117406411430068,0.579333496141423
2729,0.207041941789304,0.250798339631391,0.0787113509805478,0.0954098546625384,0.247912034836964,0.120126478099255
2730,0.027661956785257,0.0450161002533398,0.11398187003882,0.0831740067830666,0.356079193202523,0.374086872936993
2731,0.133767975913304,0.148107963425796,0.077762014937624,0.205762502356682,0.318907008733983,0.115692534632611
2732,0.0379227652676693,0.0960605387195779,0.284923356849114,0.047819518586625,0.114350539868996,0.418923280708018
2733,0.0583611056896712,0.13170671388602,0.146763498250951,0.218027848377279,0.356518507719321,0.0886223260767585
2734,0.0273826418593948,0.731846498902141,0.0413032240677653,0.0106211274026789,0.104499976688267,0.0843465310797528
2735,0.0531417785469697,0.420927007853137,0.139539476114195,0.0311995756978321,0.122543091582754,0.232649070205112
2736,0.0412948222010707,0.0905415610558237,0.060282456573099,0.290189325759208,0.409048379045593,0.108643455365206
2737,0.131800165705818,0.164767905823257,0.250850667912027,0.121329868464621,0.15716490909471,0.174086482999567
2738,0.0376519721816184,0.104798886810641,0.139270261193565,0.053813556197831,0.169619727255479,0.494845596360865
2739,0.18069857084144,0.334877755918165,0.163623693406494,0.0389261057702178,0.193546946555345,0.0883269275083378
2740,0.21136146715776,0.38008603743399,0.0704758091673222,0.0952905501548396,0.117555569257444,0.125230566828644
2741,0.0654474498704678,0.315576271978244,0.114902930368847,0.0544820615973535,0.2658473823387,0.183743903846387
2742,0.0653957987830029,0.0740178143057407,0.0549515412990278,0.174076445037178,0.47055431038175,0.1610040901933
2743,0.187543000355902,0.197650151480603,0.107123223575707,0.128907062081648,0.223998409655911,0.154778152850229
2744,0.0321635424717922,0.0721611445302366,0.0720348351295702,0.137609502313035,0.550478938935415,0.135552036619951
2745,0.026257117503607,0.169576283577506,0.305519914220674,0.0818856695498289,0.19410183153617,0.222659183612214
2746,0.0215787092600205,0.0674425200901772,0.10636260480305,0.041171700162079,0.240853320876139,0.522591144808534
2747,0.0231979651464982,0.0285750304922026,0.0177840714913672,0.0760761858048528,0.617487403818787,0.236879343246292
2748,0.012619278330873,0.0562314264867967,0.0715977012090386,0.0529263315223883,0.537625980563544,0.268999281887359
2749,0.264136319377132,0.0992872851207419,0.0547794787323764,0.26938044713353,0.217948656138982,0.0944678134972377
2750,0.016231129258923,0.0845756455267656,0.364471666528467,0.0415297694648366,0.120643474768271,0.372548314452737
2751,0.203740255371258,0.213767770593324,0.102362940839601,0.122097294331389,0.268410939484953,0.0896207993794752
2752,0.0370572662650873,0.149341581885362,0.213217402912302,0.112867700965168,0.171580103233676,0.315935944738405
2753,0.065688049599258,0.0717466177295293,0.030075536572069,0.281939257600723,0.478496990735083,0.0720535477633378
2754,0.0246646772233978,0.253622374523544,0.128976353132017,0.03101100665982,0.313556047725227,0.248169540735994
2755,0.00490320030630621,0.0124158084847645,0.0450154827834694,0.0171221745623402,0.18985787938239,0.73068545448073
2756,0.0158437084321696,0.0338468051620571,0.0961673192088862,0.0255729965379536,0.0512441291829095,0.777325041476024
2757,0.017115403272213,0.165275195264773,0.04242939274884,0.0491051637724844,0.430675575627321,0.295399269314369
2758,0.0822824556753915,0.254143775107544,0.181627422924017,0.0389042255579684,0.262464243713169,0.180577877021911
2759,0.0270904709535948,0.223612428088436,0.0932251882680321,0.0213975148903305,0.234097925826376,0.40057647197323
2760,0.489140502175663,0.112679419369809,0.0371533546719152,0.280235313044142,0.0654845525557444,0.0153068581827262
2761,0.144868979557212,0.127338712512518,0.0915120422288882,0.224483924790973,0.281524807793283,0.130271533117126
2762,0.0144342137319706,0.138574265336498,0.144071640299706,0.0436089140644991,0.372761836937118,0.286549129630208
2763,0.0507685843661301,0.203327683613326,0.25195181189784,0.0617047573719279,0.186601549994809,0.245645612755967
2764,0.0177438975786735,0.0315856235863218,0.136995949620386,0.030834433226442,0.102286667178624,0.680553428809553
2765,0.0419322858516139,0.158552548766393,0.21111213040492,0.0471004858351523,0.175993047982538,0.365309501159382
2766,0.0351726432607294,0.147652747579713,0.098422474955719,0.0662231042512935,0.344866341726816,0.307662688225729
2767,0.0431025316452494,0.134902624509453,0.170142772333097,0.194445671663975,0.232131016453216,0.225275383395009
2768,0.0464971115049503,0.272146054107008,0.339805701874176,0.0394662363357627,0.10882576462581,0.193259131552294
2769,0.0529056401803973,0.330446271699178,0.124783469804902,0.0914508508801947,0.24545789304662,0.154955874388708
2770,0.00584569422328343,0.0483005152722482,0.153448530202091,0.0388996722631117,0.165758678269125,0.58774690977014
2771,0.0304644834831316,0.15886200549283,0.474372632993467,0.0646038486262896,0.108613064560486,0.163083964843796
2772,0.0659429868026457,0.106512248824266,0.130989230267817,0.195106867318615,0.321297256218552,0.180151410568104
2773,0.0670067143104593,0.298189191621419,0.138931907878397,0.0441707385188741,0.302715232211161,0.14898621545969
2774,0.107114347874244,0.468120232981582,0.0736076013750522,0.0449707457118896,0.178972123608691,0.127214948448541
2775,0.00705284917847745,0.0271940781469345,0.106732652874494,0.0174109750500333,0.125053581008946,0.716555863741114
2776,0.0139348439832393,0.0385814830628976,0.0649722180194122,0.061771273112066,0.257684825933677,0.563055355888708
2777,0.00471037323495456,0.0185831870742546,0.0774358713933257,0.0220099383777757,0.0781414923226958,0.799119137596994
2778,0.12445050747075,0.135852764857981,0.149649590272191,0.109066482033967,0.178681784890035,0.302298870475076
2779,0.0550253725399711,0.106278018934181,0.343414613190938,0.117340849015379,0.141287391559641,0.23665375475989
2780,0.049889760848955,0.226103725397165,0.288604237487312,0.0591826194017861,0.13529009429306,0.240929562571722
2781,0.0164417865232255,0.0358050067906007,0.0591751236690264,0.150741445408583,0.484353163527452,0.253483474081112
2782,0.0164854829729391,0.0597075042091212,0.226782405981542,0.0343369636107173,0.148322753219735,0.514364890005945
2783,0.328600247971282,0.358991513948913,0.107031028712787,0.0751357189006546,0.0931017794930726,0.0371397109732905
2784,0.0810133001343228,0.271577927517089,0.0614855753232378,0.104860771504967,0.388564059834211,0.0924983656861727
2785,0.00565703939385721,0.0218462200846305,0.0496600374135822,0.0369872743164886,0.256241465383809,0.629607963407632
2786,0.0189393213596925,0.0774486889328253,0.0633334416734819,0.0697127406145932,0.359873671300188,0.410692136119219
2787,0.00931319279722096,0.037574779446598,0.0660735354235497,0.028613496793069,0.196303035567196,0.662121959972366
2788,0.0179778731335117,0.0659827985258821,0.157215608196593,0.0440824857786333,0.128175341775506,0.586565892589873
2789,0.0680035248938107,0.0763724947840477,0.28414842435047,0.0936036642188124,0.209474051267154,0.268397840485705
2790,0.0659958302811222,0.144552182359513,0.0718308341494519,0.108467319428629,0.402089323187209,0.207064510594074
2791,0.184260200270519,0.0947944351789089,0.063090677001626,0.354137715990235,0.229405762209818,0.0743112093488933
2792,0.562453136059184,0.278251778582277,0.0231609354692987,0.0451031371207982,0.0707075200492789,0.0203234927191629
2793,0.0135224411534838,0.0699389520631619,0.0556376287523618,0.0356438268773616,0.428599005219888,0.396658145933743
2794,0.490757434899806,0.170420101615706,0.06546824149977,0.107552728151218,0.124184630666348,0.0416168631671517
2795,0.381395915712406,0.124620165388109,0.0663912374935751,0.282562398175662,0.113211640128706,0.0318186431015402
2796,0.00764765817668762,0.03019454517256,0.115188689060381,0.0283752613530327,0.11393050176056,0.704663344476779
2797,0.0388123138789295,0.0634050895684137,0.0916178832692836,0.113801579078747,0.16674995570742,0.525613178497206
2798,0.0152491402099134,0.176481427099728,0.166714808745448,0.0204681395448724,0.230941957029133,0.390144527370906
2799,0.132591045768962,0.175173723642494,0.304178845316981,0.0400690625017245,0.147585816387646,0.200401506382193
2800,0.0112382504940658,0.0332464050422765,0.0613364248082402,0.0464589932711559,0.212240066422596,0.635479859961666
2801,0.0135770048806444,0.0321470426295287,0.0285952530854395,0.0338046854101292,0.44650622484362,0.445369789150639
2802,0.0268952874770651,0.0752865596012508,0.0659827946789898,0.0900987986382203,0.336161867216408,0.405574692388066
2803,0.0655410902252873,0.584657130412663,0.093191295047316,0.0188295371865178,0.139682480418821,0.0980984667093947
2804,0.0178649893062999,0.0844258861337167,0.125586277643709,0.0631311544446131,0.351819301829467,0.357172390642194
2805,0.235244940603332,0.186282751073162,0.256741205151549,0.0968576587692327,0.138012663360648,0.0868607810420758
2806,0.115192299846183,0.0786623535466641,0.0661745741929689,0.30046921239536,0.263820363461157,0.175681196557667
2807,0.0726963226789146,0.164613584098632,0.185843913558188,0.0907889923667917,0.197815086043636,0.288242101253838
2808,0.0123141032477944,0.0405707227160698,0.0566497528456388,0.0316581949228581,0.234700165726568,0.624107060541071
2809,0.0442418951795852,0.0952177171598329,0.322604027177488,0.0591213447493398,0.0984362772226885,0.380378738511065
2810,0.0112907240994101,0.0395542908174829,0.0631484667757018,0.0947562052331341,0.441281180424532,0.34996913264974
2811,0.0159437887388323,0.158825459159348,0.195314461386062,0.0485238937585614,0.245829449882992,0.335562947074204
2812,0.444636823132109,0.247779778344663,0.129655943273615,0.0729124281329791,0.0690983728334375,0.0359166542831957
2813,0.0983408066356734,0.109501162425999,0.139150903579585,0.12486469906533,0.291364418475579,0.236778009817834
2814,0.0252169357540398,0.217814839801401,0.245100037143249,0.0452252828913901,0.178257859857122,0.288385044552798
2815,0.0394082640481904,0.0806311306426784,0.147430521268181,0.0799408896589032,0.153780877979058,0.498808316402989
2816,0.236795246784917,0.172653915530836,0.268636937675529,0.0901865612167328,0.159840293219099,0.0718870455728852
2817,0.0695088705917329,0.425425541585945,0.106663908963463,0.06490954805375,0.206507922209006,0.126984208596103
2818,0.288643452590596,0.356275938330365,0.15092273743221,0.0424832782880057,0.0842989711496039,0.0773756222092187
2819,0.422891931822072,0.383397086184804,0.0569794636261084,0.0350074306609204,0.0750109765074074,0.0267131111986883
2820,0.308714777217535,0.215871106984047,0.312231584571682,0.0572109812243101,0.0641640501675295,0.0418074998348964
2821,0.0072618491863353,0.0425301401038648,0.0344638145177173,0.0150488708823024,0.376930405314668,0.523764919995112
2822,0.198717671720752,0.2614671395028,0.167163142665171,0.0588645129027695,0.194375792714871,0.119411740493637
2823,0.057642163426909,0.0881250802017567,0.108046329791767,0.0989086497383235,0.196426069472393,0.450851707368851
2824,0.0412139069008604,0.126215061184614,0.203568356916793,0.0611058943077306,0.2481046063391,0.319792174350902
2825,0.00804184277691199,0.0630616024584698,0.212092395545462,0.0312761883002408,0.0624665597220409,0.623061411196875
2826,0.0330207775761955,0.197522016968475,0.0573938284476882,0.0500643395487628,0.419875828610875,0.242123208848004
2827,0.0999014003954474,0.491780105741766,0.115235628210086,0.0258665829857287,0.130309776185868,0.136906506481104
2828,0.0237570866643427,0.154246690407823,0.123005229328654,0.0547482744422848,0.343303885721571,0.300938833435324
2829,0.0370378570661138,0.0406154613160093,0.0394745861766085,0.163733601563999,0.583629289469586,0.135509204407683
2830,0.00732575115338435,0.0406801624010667,0.129696771599181,0.0365124143183976,0.159940095682255,0.625844804845716
2831,0.340648905914166,0.428321236408364,0.087149901875497,0.0446882727462804,0.0584139458749909,0.0407777371807013
2832,0.0365710980913986,0.265834210458489,0.220324332792319,0.0317813897942893,0.228602079726579,0.216886889136926
2833,0.125717893251428,0.114629682242665,0.113614061310756,0.17479940429483,0.283908244582656,0.187330714317665
2834,0.0233768608836839,0.0681064569662054,0.10720607142946,0.0439991735683315,0.220068978212375,0.537242458939944
2835,0.230886461408683,0.247515040361307,0.0526231917706354,0.168673493714565,0.205123775139319,0.09517803760549
2836,0.0165954259708152,0.0403251498885225,0.0598975815479105,0.0570031605496715,0.285887452889219,0.540291229153861
2837,0.0560880663451802,0.248943631572338,0.323720674610637,0.0606717899117928,0.149093717195414,0.161482120364639
2838,0.183178647072617,0.219185161763431,0.18920744114724,0.0969078165445379,0.124785263076626,0.186735670395548
2839,0.111819226378379,0.169326426639133,0.169601378717415,0.117129406179311,0.232123673464094,0.199999888621667
2840,0.128841767958395,0.0863569937531415,0.140342761851206,0.184137236609795,0.214821826602321,0.245499413225142
2841,0.443141356665888,0.115625310512032,0.0598252073914535,0.147683530918824,0.157961995522452,0.0757625989893496
2842,0.00926788108645312,0.0324553722181015,0.0302147055679866,0.0519421492194403,0.498150783308851,0.377969108599167
2843,0.11629693650283,0.128747096707003,0.157240617981748,0.11329184027665,0.195620019249767,0.288803489282002
2844,0.0351773826045926,0.101799780264669,0.53519232354062,0.027840702707842,0.0831847123329087,0.216805098549368
2845,0.208090640298423,0.354093715241728,0.163353299889815,0.143263175686259,0.0952895551994748,0.0359096136843
2846,0.0121019601504716,0.0307649248849565,0.0429592603875794,0.0453994480564626,0.359271080969025,0.509503325551505
2847,0.0131773734323733,0.0428995431939925,0.0443582704258623,0.0482228633015718,0.471481531790876,0.379860417855324
