"CUS_ID","F20-","F30","F40+","M20-","M30","M40+"
2501,0.079048811,0.487472975,0.10228293,0.025673268,0.169821888,0.135700127
2502,0.025287551,0.162564353,0.189754831,0.07070084,0.372912599,0.178779825
2504,0.404289154,0.145207963,0.107097109,0.192557911,0.071839171,0.079008691
2505,0.030472875,0.168955575,0.149917312,0.046826102,0.159260302,0.444567834
2506,0.017496903,0.368445488,0.075045492,0.023253605,0.287853538,0.227904974
2511,0.683513684689045,0.0858436496497192,0.0735254813514039,0.101454002321016,0.0354207595394169,0.0202424224493983
2512,0.0364105408089744,0.16816429298904,0.0550127038533366,0.145917531702904,0.485660550911681,0.108834379734064
2514,0.112645948212379,0.550665758765281,0.0559897875540282,0.0309688491015845,0.202086591363974,0.0476430650027531
2518,0.490669366927286,0.190485133217715,0.0925295760148089,0.0610204090674591,0.0992786575006042,0.0660168572721274
2519,0.0516473006278676,0.856317529951466,0.013818173412577,0.00768621482604868,0.0517742814133903,0.0187564997686506
2520,0.0262199589531242,0.0545862749824445,0.0172171746085588,0.115436414431091,0.612725497643454,0.173814679381328
2521,0.0165472681821603,0.0720398460778278,0.322398459723657,0.0334664506787929,0.112293069358531,0.443254905979031
2522,0.326287510532691,0.23145729620034,0.183840363671786,0.076061944335063,0.123233327531725,0.0591195577283947
2523,0.054565000282717,0.369158372578703,0.0779003989317801,0.0114347231845744,0.33552192918523,0.151419575836995
2524,0.0449241173938454,0.132436117673126,0.305312453382259,0.064786334591499,0.120644688023574,0.331896288935696
2525,0.102024878371228,0.0778197195904336,0.0622431363105115,0.415427894098519,0.268234343391245,0.0742500282380627
2527,0.548598946334846,0.182079506414307,0.0688738997852494,0.0589947056321553,0.0886394412578682,0.0528135005755745
2528,0.00427818813830141,0.0172105188629512,0.0562397177741375,0.042193036560722,0.208507205943088,0.6715713327208
2529,0.066376780062981,0.1097907495792,0.267789534754259,0.0625185933989671,0.134167548511965,0.359356793692628
2531,0.0290187071740143,0.140866237550481,0.123844999697857,0.0856147922469783,0.361846065438243,0.258809197892426
2532,0.0340277772196691,0.194302508656221,0.135272844413614,0.0602386533065379,0.295494989055401,0.280663227348557
2534,0.191527370477644,0.0510140408901566,0.0462387469821741,0.554057313211822,0.0943434372603102,0.062819091177893
2537,0.030096556568688,0.784724171975285,0.0754232258288065,0.00604875345109444,0.0637149301048084,0.0399923620713179
2538,0.227839182696958,0.115509026712322,0.0676947633318742,0.116857125576659,0.314452397850778,0.157647503831409
2539,0.155425183947425,0.267949924414175,0.236837721842687,0.0374226137366378,0.155021778892839,0.147342777166237
2540,0.404451587336663,0.154851713317447,0.0303531798046889,0.168595068627224,0.203287403573207,0.038461047340771
2541,0.103323566291766,0.0482792211161286,0.0127110965411454,0.507666625842938,0.282576668953489,0.0454428212545334
2545,0.0313852319255858,0.308986274119711,0.0438827259857085,0.0129175024973152,0.403200558757783,0.199627706713896
2546,0.0350854753916892,0.0338675480318377,0.0100996761338606,0.297557832514797,0.550122691640854,0.073266776286962
2548,0.0705479855004617,0.089436383170774,0.0977721880758457,0.25009285186343,0.407966985261008,0.0841836061284805
2549,0.00770545809587797,0.0423100379262761,0.0366499099905399,0.0417357750003337,0.337323489965193,0.534275329021779
2550,0.0114424235690519,0.0250044173754162,0.0170025158802164,0.169338773892975,0.61602715654328,0.16118471273906
2551,0.137259104495091,0.238062745489837,0.0339578505805032,0.174336913540572,0.257845004089927,0.158538381804069
2552,0.114406577288454,0.368944491456897,0.186009639921939,0.0409177129925087,0.132207595216553,0.157513983123648
2553,0.545712216359156,0.18552559566682,0.0358467898838445,0.0898495145090037,0.124332773393343,0.0187331101878329
2554,0.103953331238752,0.17764016832611,0.10910241067911,0.123137848499173,0.402665025043168,0.0835012162136874
2556,0.0952125736456039,0.280277920627775,0.271407651427957,0.0439022422644684,0.16997372875933,0.139225883274866
2558,0.0291543494485055,0.074468231819816,0.70616554476075,0.0308339033500447,0.071025298787749,0.0883526718331347
2560,0.00633532756854133,0.0901025864363503,0.0936489443936248,0.0205420065507742,0.198519049320782,0.590852085729927
2561,0.0134357716080086,0.0605015475692004,0.160365844602577,0.00721677043642752,0.11535237035029,0.643127695433497
2563,0.331107541329923,0.170438991200927,0.233068715190961,0.0688908976484055,0.10058421731154,0.095909637318244
2565,0.0202732615563373,0.0826566749925367,0.0822589684415595,0.0334922732418407,0.216077085166118,0.565241736601608
2568,0.00656286511273334,0.0447728946881202,0.0648046101798472,0.024171218523605,0.273544978131133,0.586143433364561
2569,0.0215865600326391,0.0702589905294388,0.184985125035029,0.0124130689062902,0.186458424898075,0.524297830598527
2570,0.0188052276805719,0.648028978675792,0.0828358930467648,0.00905768518466423,0.117406188611584,0.123866026800624
2571,0.154354899,0.080693613,0.019480329,0.315443749,0.30912113,0.12090628
2572,0.074208613,0.080387048,0.36554789,0.115914394,0.114229725,0.24971233
2573,0.073989916,0.31810036,0.08646477,0.025904868,0.282420176,0.213119909
2575,0.018735629,0.026987391,0.013806154,0.158315539,0.673951623,0.108203663
2578,0.001511334,0.006977131,0.031342835,0.006787146,0.078756182,0.874625371
2579,0.30162549,0.204086093,0.311800101,0.030627892,0.078859609,0.073000815
2582,0.135755839,0.502378935,0.067824673,0.029508067,0.208594378,0.055938108
2583,0.056983945,0.580127847,0.16283113,0.014772009,0.099262931,0.086022138
2584,0.309252494,0.571739407,0.029048034,0.013210246,0.060051077,0.016698741
2586,0.0362552283681176,0.330770794082705,0.113176068238142,0.0353667149224018,0.212602464332751,0.271828730055883
2587,0.220735112868875,0.068570937253006,0.0435276759301012,0.350268583612365,0.226534520863007,0.0903631694726453
2589,0.0513377758516744,0.0871730382063563,0.0381056052181823,0.16468695953471,0.570882543903093,0.0878140772859845
2592,0.0155561193191372,0.0453995220812047,0.0199088969186176,0.182972941445874,0.591222607222108,0.144939913013058
2593,0.183716601615673,0.221352820814827,0.0563363634673291,0.175884337216249,0.26479277355465,0.0979171033312725
2594,0.0268455775967245,0.0633339839582271,0.0458428085209559,0.0263791609631367,0.453249837092223,0.384348631868733
2595,0.102178682987563,0.0938982074010833,0.214894926343485,0.191859002684553,0.172010712529402,0.225158468053912
2597,0.00640567762673649,0.0360280267285754,0.176003561352932,0.0194081078955025,0.161818251915043,0.600336374481211
2600,0.00960609314357449,0.0514835945603767,0.0994680900422559,0.0369801325247529,0.72445585032018,0.0780062394088604
2601,0.0252734454532282,0.0833916782761443,0.195835399397417,0.0255762996390118,0.126456548525321,0.543466628708878
2602,0.0230759783882586,0.076591793346969,0.0996416485865657,0.0387978046896476,0.202655065366188,0.559237709622371
2603,0.0404659760155836,0.568837031919948,0.0363512558835898,0.0183405247706722,0.277237153795854,0.0587680576143528
2604,0.0469961023164659,0.128826636036435,0.321417969380445,0.0935964823929818,0.104152989748109,0.305009820125563
2611,0.0180260510578883,0.068083686675566,0.209911171610313,0.0326572335112556,0.096216103070394,0.575105754074583
2612,0.0607905853037145,0.264893031414711,0.129439235768257,0.0331318242213784,0.1661238072071,0.345621516084839
2614,0.137059579423529,0.118572027515395,0.0676856453513136,0.142229018225618,0.287540134332855,0.246913595151289
2616,0.00942225334273994,0.053385943576872,0.0826349932160882,0.0473397907637675,0.466214492070619,0.341002527029913
2617,0.206714089507067,0.30197338212575,0.257704834713901,0.0315224900528122,0.118692516342312,0.083392687258158
2618,0.0603580072381858,0.0687989420892897,0.0941394101078076,0.0666094272530393,0.445644731003338,0.264449482308339
2620,0.00936571036512406,0.110052917934221,0.240197012874573,0.0201445173374218,0.301851169442272,0.318388672046388
2621,0.029105673275784,0.078195697910611,0.0303725029298036,0.119458842373168,0.637104175620151,0.105763107890481
2623,0.29389225943876,0.196267837807159,0.0488430742393671,0.0751384355475552,0.325825305211963,0.0600330877551959
2624,0.0163698343625804,0.0363889489116484,0.10759480499191,0.0422838729139926,0.165061290396587,0.632301248423281
2627,0.0483421808235573,0.141409315510881,0.378425970709247,0.0212874713370026,0.164759333193781,0.24577572842553
2628,0.105074866126028,0.113007224245244,0.0551227052883271,0.374269090261468,0.292526339269247,0.0599997748096854
2631,0.0171321175073109,0.203574336390409,0.242719813845935,0.0186738018003467,0.269230603686325,0.248669326769673
2633,0.128848053858147,0.397540529871351,0.0638060439322744,0.074833297905813,0.248748244719916,0.086223829712499
2634,0.0332779702346062,0.0749525206209701,0.256783426425826,0.0693527115047797,0.177726647773796,0.387906723440021
2635,0.0191682550987869,0.0785303809652749,0.0551942975962,0.0285510085775451,0.657825081662155,0.160730976100038
2637,0.0142148331470537,0.0763691727108735,0.0193832005730507,0.0215971838819916,0.710360820266359,0.158074789420671
2638,0.061415552837395,0.0403406004139221,0.0602169950188057,0.333691527236536,0.176749096495578,0.327586227997764
2640,0.0161621577302666,0.0350307745890353,0.0560992066569631,0.0215513112413503,0.131498163720935,0.73965838606145
2641,0.151483913639233,0.208360646193089,0.161203947374476,0.120826976319991,0.184837998026889,0.173286518446321
2642,0.0107359806144529,0.0867209451486614,0.115531983579994,0.0204600433948709,0.242771029802737,0.523780017459284
2643,0.391180889663053,0.3341232364976,0.0260309239186087,0.124653484825066,0.0970758850152793,0.0269355800803936
2644,0.005411456594601,0.117715192388587,0.0344980812131484,0.012260167808449,0.260233970125492,0.569881131869723
2647,0.077794561,0.109771926,0.109179494,0.130054776,0.263158114,0.310041129
2649,0.034895472,0.052355476,0.105348657,0.04405713,0.244325118,0.519018148
2650,0.049292126,0.042401445,0.202762038,0.042515262,0.108334855,0.554694274
2651,0.021397564,0.086231648,0.037320915,0.048778315,0.559664687,0.24660687
2653,0.590692568,0.651292732,0.414398181,0.060940498,0.175933972,0.10674205
2654,0.003887106,0.050888019,0.07319333,0.040681319,0.15007971,0.681270517
2655,0.462954091,0.229386397,0.063469446,0.079346387,0.127049171,0.037794509
2661,0.002715701,0.019753199,0.085161034,0.015430976,0.083596177,0.793342913
2663,0.00509031,0.03038068,0.040009056,0.027284919,0.419125293,0.478109742
2665,0.240468046,0.307654369,0.103997872,0.054102523,0.179254016,0.114523174
2667,0.068218239,0.175262944,0.388949249,0.058703432,0.189158416,0.119707719
2669,0.048804561,0.169763012,0.12062434,0.029653165,0.226467234,0.404687689
2672,0.005571103,0.051275171,0.124643113,0.013260718,0.204065512,0.601184384
2673,0.303568632,0.310452679,0.056807842,0.116732995,0.168791052,0.0436468
2674,0.023881417,0.05021452,0.074479489,0.194240444,0.424894209,0.232289922
2675,0.623706675,0.145726483,0.015384934,0.143149139,0.061048017,0.010984752
2677,0.050686445,0.227020407,0.276621241,0.033982202,0.250035951,0.161653753
2680,0.0787653159461221,0.102159866900082,0.341329116479163,0.209070647170519,0.13118808242512,0.137486971078994
2684,0.010601723,0.037723394,0.039351602,0.082165731,0.459025459,0.371132091
2688,0.03047822,0.142736172,0.064822916,0.254839216,0.380217388,0.126906087
2689,0.140544159,0.633101875,0.036853929,0.035293271,0.12568771,0.028519056
2692,0.095391249,0.118151103,0.197110231,0.055234357,0.217112353,0.317000708
2694,0.007717926,0.026948889,0.064395854,0.046826098,0.22330263,0.630808603
2695,0.574220344,0.171614738,0.048069408,0.117768882,0.067314027,0.0210126
2696,0.015364845,0.073816779,0.31056479,0.019849177,0.115455391,0.464949017
2698,0.0122929749622363,0.0412657100658852,0.226062871718733,0.0355333433930799,0.229653462292438,0.455191637567628
2700,0.002059743,0.038261649,0.025096498,0.005353357,0.34291819,0.586310563
2701,0.015411802,0.041953454,0.098922247,0.08419762,0.329241312,0.430273564
2702,0.430315697,0.16481154,0.191501314,0.071687683,0.077703903,0.063979863
2703,0.095507217,0.079821249,0.174546129,0.0948425,0.241876965,0.313405939
2705,0.01506605,0.141056814,0.442725487,0.01593976,0.132784961,0.252426927
2707,0.011582395,0.033069713,0.024276185,0.058669639,0.629029374,0.243372694
2708,0.377474332,0.364066314,0.074584463,0.045298632,0.108670247,0.029906012
2709,0.065134069,0.172976604,0.324349649,0.025450085,0.111293079,0.300796514
2710,0.0682401792745165,0.0546631996863761,0.186160431415666,0.0453499197690571,0.0998232438667765,0.545763025987608
2711,0.038044183,0.078370252,0.143467545,0.051956457,0.292360929,0.395800633
2712,0.10870373,0.075312708,0.076988108,0.304803603,0.290366995,0.143824856
2714,0.003391841,0.059796228,0.125287483,0.011087386,0.155226641,0.645210421
2715,0.024955507,0.08931812,0.457361354,0.024765763,0.221018006,0.18258125
2718,0.018452142,0.048181895,0.244694686,0.061650415,0.168702485,0.458318376
2719,0.024608781,0.120624714,0.203446775,0.04199779,0.358065059,0.251256881
2720,0.0944534,0.093072456,0.526033195,0.080410577,0.564072937,0.541957435
2722,0.280065458,0.497295763,0.132085193,0.010791963,0.057043555,0.022718069
2723,0.05422223,0.142832164,0.115211061,0.05004683,0.20229867,0.435389046
2724,0.723563804,0.074318118,0.046672679,0.099016509,0.039745833,0.016683058
2726,0.045906461,0.073028492,0.051122538,0.124691847,0.64918998,0.056060683
2727,0.005696869,0.034093255,0.060141414,0.031966018,0.323942571,0.544159872
2728,0.016793598,0.034996989,0.126663419,0.037514394,0.116319051,0.667712549
2730,0.0088136125196543,0.0246595003260742,0.0657877397759772,0.0463823223634939,0.412570710877651,0.44178611413715
2731,0.206002896165356,0.154721856724331,0.0627263185431826,0.145966031773579,0.335257305652734,0.0953255911408173
2733,0.0418461195549986,0.129487216821262,0.102231818858957,0.147708545235588,0.469556885913779,0.109169413615415
2734,0.036342956294133,0.705516681206745,0.042317826667149,0.0122580449127008,0.12652984028809,0.0770346506311822
2738,0.0221503139422173,0.0920543756030583,0.117979921701139,0.0580511375141463,0.197961985581121,0.511802265658318
2739,0.137813658944823,0.240584065053365,0.251062649638573,0.0422814124849457,0.237101907553871,0.0911563063244222
2741,0.0593383073370502,0.303096865454733,0.116284733488735,0.0256966929304346,0.35019638084058,0.145387019948467
2744,0.0225422961488312,0.0805130278955014,0.0334538974601483,0.115973371926127,0.648221659195098,0.0992957473742937
2745,0.00275046826575874,0.0376011443866125,0.375398757863405,0.0537062828804976,0.372954073387102,0.157589273216624
2747,0.0192566368818779,0.0307393495079974,0.0104796593665194,0.0894103027191685,0.665849342627627,0.184264708896809
2748,0.00586839890135682,0.047357002030911,0.0580173364934355,0.032353826872376,0.657783901600223,0.198619534101697
2750,0.00862185999960969,0.0590409306886616,0.365327230203283,0.0279630604425745,0.1227692580491,0.416277660616771
2753,0.054316925389338,0.0699056389201649,0.0160740497133992,0.363810574826411,0.446877221728433,0.0490155894222538
2755,0.00211216478832097,0.00782601586293227,0.0508480412743868,0.0108193081525307,0.232878896266115,0.695515573655714
2757,0.00831048493756775,0.13711661329557,0.0230506940086608,0.0306184622504805,0.530508902857374,0.270394842650347
2760,0.370921218783769,0.0589484924525525,0.0275556317978066,0.492191374204948,0.0412052167988078,0.00917806596211548
2763,0.0519439466417339,0.169229605431909,0.2979767735714,0.0439007285760486,0.229927232575002,0.207021713203907
2766,0.0287962481542568,0.129972926003826,0.0944939987626116,0.044085250098192,0.420490691885877,0.282160885095236
2768,0.040962367774447,0.266122375065605,0.416137239433233,0.0146916993484473,0.0973253085112818,0.164761009866987
2773,0.0524699087266555,0.275664625132064,0.115539484746216,0.0257489160784736,0.367993798669189,0.162583266647401
2776,0.00716923615158253,0.0294588970758072,0.0521285551526252,0.0390699331921233,0.264345363004408,0.607828015423454
2777,0.000972595434830169,0.012018777501878,0.0714205264278591,0.00861252837854426,0.0595294972526224,0.847446075004266
2778,0.0661733868560797,0.137306950208715,0.139641509073697,0.0925196070771157,0.173600737792407,0.390757808991985
2779,0.0401974599163051,0.0576599253091306,0.366735642861001,0.116194997240641,0.142477439080552,0.276734535592369
2782,0.00436011087077531,0.0272213478095473,0.188080084144713,0.0149275115251765,0.0886852312387227,0.676725714411065
2783,0.354964457091617,0.38160555501737,0.106801007117461,0.0454135043695151,0.0746654870877168,0.0365499893163192
2784,0.0560760503572526,0.261562966635169,0.0518559219890178,0.113477510582988,0.434372510164051,0.0826550402715217
2789,0.0563325467129755,0.0652131738617367,0.345084236569738,0.0640158047904163,0.202966696276295,0.266387541788838
2790,0.0637184723811401,0.156716448865948,0.0444113443005003,0.0735875396235678,0.445865347967191,0.215700846861652
2792,0.630274277511897,0.201031737162491,0.0237295281366637,0.0457129365858639,0.0777295615197192,0.0215219590833656
2796,0.002315609925527,0.0251761344286152,0.105221112078411,0.0158102693308131,0.0992130247711931,0.75226384946544
2800,0.0052483881887856,0.0258407701138317,0.0419563017155304,0.0370814338867449,0.237724385823826,0.652148720271282
2801,0.0113133529210306,0.0448264401200362,0.025756780176118,0.0288652643828609,0.515142632778679,0.374095529621276
2802,0.020259965080503,0.0803429620220522,0.0512778786427013,0.0743238605912565,0.40009877532611,0.373696558337377
2804,0.0123979517816424,0.0712583379771301,0.112919793868587,0.0375111277184408,0.454905157340982,0.311007631313218
2805,0.249588343027748,0.175411647343418,0.308605894713196,0.0736510857382815,0.121926125984475,0.0708169031928809
2806,0.115677617048199,0.0823881674618091,0.060323662153788,0.241033826635077,0.278883512750184,0.221693213950942
2808,0.0096885770729194,0.0433192212134656,0.0556430379333749,0.0279265333043868,0.32692596298003,0.536496667495824
2813,0.0646641946452711,0.116764969633474,0.155169061631502,0.128904247975071,0.304934701677624,0.229562824437058
2817,0.0810913204168134,0.296116919185654,0.113921633320877,0.0556676194928543,0.314915504319186,0.138287003264615
2818,0.269005010449733,0.261450800719445,0.190118506553226,0.0536881963846649,0.141007704071453,0.0847297818214789
2822,0.176873179276685,0.163515988554887,0.197868083636512,0.0493557269818622,0.286228092403062,0.126158929146991
2823,0.0435502794998678,0.1057265097936,0.104874300558085,0.0835153669455479,0.2655070535824,0.396826489620501
2826,0.021965069934973,0.173737721869328,0.041440042892244,0.0279036062065755,0.510245698351137,0.224707860745742
2827,0.0940496947846406,0.404557635085116,0.146188840733709,0.0316237461716377,0.169812024753011,0.153768058471886
2828,0.0184107280942275,0.142422212763149,0.150069198760468,0.0356153587327031,0.443440795078761,0.21004170657069
2830,0.00327647351173442,0.0248779234702005,0.107856677344727,0.0213495416757725,0.154139325540665,0.688500058456901
2831,0.353740379037769,0.429130528413046,0.0728883241984156,0.0429004789741904,0.0659842048158218,0.0353560845607571
2832,0.0265408424108977,0.246662452443911,0.236238015419902,0.0199781801788425,0.266724347983483,0.203856161562964
2833,0.439309931,0.429278699,0.084030815,0.216488746,0.231481239,0.19941057
2834,0.015140176,0.078398623,0.074888444,0.024914718,0.286715558,0.51994248
2835,0.551258424,0.505369744,0.031694995,0.171279572,0.271536586,0.068860679
2836,0.011565246,0.028392161,0.035244476,0.042365469,0.231100627,0.65133202
2837,0.042081068,0.18550896,0.370931619,0.038888686,0.183544239,0.179045428
2838,0.11014445259854,0.238017473008031,0.252822784487184,0.0698332301956529,0.113697266930775,0.215484792779816
2839,0.464977423,0.463085604,0.440198792,0.084450166,0.261154719,0.186133295
2840,0.352563444,0.293562939,0.344966174,0.214481168,0.182963801,0.211462474
2841,0.464249474,0.10672477,0.046568675,0.150143191,0.172567085,0.059746804
2842,0.004820046,0.024637289,0.018727909,0.025268273,0.562191731,0.364354752
2843,0.142900824648173,0.114132550968025,0.120025792238679,0.0291972360237622,0.408580917618941,0.18516267850242
2844,0.020662904,0.090637053,0.619653284,0.016670989,0.068966478,0.183409292
2846,0.008795341,0.046134148,0.044117143,0.055697329,0.420154291,0.425101747
2848,0.520367468,0.267048685,0.087113167,0.072670881,0.038378141,0.014421658
2849,0.043378486,0.174070252,0.11227549,0.059427148,0.35721765,0.253630974
2852,0.151224802,0.216908248,0.411829784,0.051941906,0.076053441,0.092041819
2853,0.078616886,0.064886513,0.026301899,0.594649822,0.144313285,0.091231596
2855,0.665428315,0.20248786,0.014101272,0.066430981,0.037797108,0.013754464
2857,0.003063441,0.024293169,0.177725264,0.033416394,0.210368437,0.551133295
2858,0.084978735,0.553696591,0.086544882,0.017063318,0.197549176,0.060167298
2859,0.05157497,0.054360566,0.019404824,0.162423705,0.461637487,0.250598448
2860,0.116199643,0.216235307,0.196502477,0.065097591,0.096310743,0.309654239
2862,0.096178233,0.135781342,0.096122645,0.134769249,0.381718468,0.155430063
2864,0.015067785,0.044040361,0.033042384,0.137314522,0.542916455,0.227618494
2865,0.005647815,0.019812581,0.018172637,0.055572017,0.600658995,0.300135955
2866,0.010924066,0.101646794,0.044809634,0.046202257,0.558352794,0.238064455
2867,0.455875196,0.302649514,0.071117481,0.04326337,0.069362496,0.057731943
2868,0.006900243,0.026116986,0.15970625,0.018434943,0.125321137,0.663520441
2869,0.003759215,0.08512117,0.107874988,0.009211643,0.459236908,0.334796077
2871,0.039810804,0.05310769,0.054300137,0.190426807,0.369707592,0.29264697
2873,0.0406529241216847,0.255372000403222,0.161863130394392,0.0772892872606102,0.348819749129246,0.116002908690845
2875,0.060447973,0.121547542,0.17066134,0.042734509,0.210620109,0.393988527
2877,0.096131671,0.341361137,0.188695336,0.053632429,0.209493055,0.110686371
2878,0.190407334,0.123334014,0.071826593,0.191343986,0.377190242,0.045897832
2881,0.182953701,0.412167572,0.065293648,0.069320242,0.195378132,0.074886705
2883,0.425144126,0.165794713,0.073982169,0.415595082,0.269077987,0.150405922
2885,0.0341087336233503,0.113512659964922,0.300222783886524,0.0226074620531349,0.137190604522951,0.392357755949117
2891,0.0212900201361152,0.168924599124464,0.156876088238361,0.0239686999186861,0.243534790925909,0.385405801656466
2892,0.014244126,0.099137942,0.221881839,0.01212962,0.14822626,0.504380214
2893,0.011217974,0.066590859,0.363554483,0.023609621,0.18860625,0.346420813
2894,0.088612856,0.184419011,0.432667115,0.047079798,0.108615842,0.138605378
2898,0.0198859385635124,0.0433588556479297,0.186980837583686,0.0743214244115437,0.138221364560338,0.537231579232989
2899,0.016722175,0.035309004,0.010345348,0.02120752,0.537575469,0.378840484
2900,0.194307479,0.121132187,0.078669367,0.169922549,0.320568587,0.115399831
2902,0.036540095,0.042641438,0.037675814,0.254281244,0.409093335,0.219768073
2904,0.002381495,0.01084972,0.105976439,0.028653106,0.115086116,0.737053123
2905,0.050494526,0.454019058,0.211890777,0.01912398,0.08912007,0.175351589
2907,0.019027803,0.038898502,0.123522451,0.325123189,0.209460256,0.283967799
2909,0.090723757,0.204336812,0.361840578,0.03530784,0.15372053,0.154070482
2912,0.001717484,0.044598419,0.078299748,0.005166127,0.142029884,0.728188339
2914,0.017334073,0.048478389,0.157950367,0.061233473,0.108974146,0.606029551
2915,0.051629471,0.060831529,0.328855978,0.031716589,0.093600058,0.433366375
2917,0.221886213,0.398263776,0.047712146,0.118198338,0.154058024,0.059881503
2918,0.018673006,0.126410807,0.023329739,0.235947573,0.53509747,0.060541405
2922,0.011046212,0.108811909,0.208204226,0.015982457,0.164780888,0.491174307
2923,0.01583685,0.124560152,0.136334927,0.047623828,0.308320442,0.367323801
2924,0.043002278,0.099211879,0.037416213,0.02387363,0.337517725,0.458978275
2925,0.012305573,0.04869011,0.050642458,0.033842864,0.214872544,0.639646452
2926,0.034938005,0.094429196,0.125361358,0.151961224,0.488252945,0.105057272
2927,0.074411547,0.501215503,0.29790374,0.063904526,0.272417232,0.190147453
2928,0.0297455934679168,0.0758365751250985,0.237185112252352,0.0258563169791367,0.222694026870793,0.408682375304703
2929,0.043672179,0.133972848,0.085869877,0.104007917,0.300955559,0.331521619
2931,0.203170566,0.263440973,0.135345793,0.191038265,0.316586653,0.190417749
2932,0.026685721,0.069615245,0.060259442,0.109688122,0.485055059,0.248696412
2934,0.0206663286587346,0.123654629079506,0.0951896947718018,0.0284614179635111,0.369693922014877,0.362334007511569
2936,0.110163462509107,0.133703251314074,0.157076907396319,0.160986136022747,0.231607572639749,0.206462670118003
2937,0.0974890082719222,0.659053584913362,0.05158731990549,0.0228275988202569,0.137494810462389,0.0315476776265806
2939,0.00134319630736252,0.0216455298454084,0.0569087743202687,0.0110563412637229,0.205435123647661,0.703611034615576
2942,0.0251254890871069,0.183010437628506,0.109220293709504,0.0279862833916138,0.205737041703872,0.448920454479397
2944,0.139768722089096,0.292669143917463,0.180402675502598,0.0305828478060492,0.18563037344692,0.170946237237873
2946,0.574912055626546,0.323179060772148,0.0199775654492275,0.0452836563948945,0.0292382029271349,0.00740945883004919
2947,0.0240005328730873,0.154140292268008,0.0757886303443542,0.0161338945768341,0.395609477099389,0.334327172838327
2948,0.00848161062988733,0.040526012921817,0.0270212127327513,0.0879732564206552,0.357172887022266,0.478825020272623
2949,0.0561825550420044,0.0873111986574795,0.418206653938205,0.038943482488914,0.159116252685292,0.240239857188105
2952,0.520227674979378,0.306920834901689,0.0679291171711595,0.0340716503834601,0.0586997091692013,0.0121510133951129
2953,0.00134663539683315,0.0114795344326152,0.0274066726892422,0.0126469497378772,0.161245655279971,0.785874552463461
2955,0.331967970955139,0.317475927477724,0.0766776981392676,0.089635298700699,0.109107291556964,0.0751358131702071
2956,0.00583992609110962,0.0498690224666096,0.748830481438113,0.00728221060920494,0.0463120473684688,0.141866312026494
2957,0.0221445215139582,0.0433772289089832,0.272326875984536,0.0318533733474424,0.177216748010051,0.453081252235028
2959,0.115987483853918,0.138279672768925,0.0407757565130921,0.276200579316829,0.302089083221043,0.126667424326193
2961,0.0176825084106407,0.119463436663975,0.306081877890617,0.0295131811046457,0.200021921896874,0.327237074033248
2962,0.0550053127653186,0.151320094191413,0.175251685497142,0.100211957008716,0.313406100044032,0.204804850493378
2963,0.047132607891641,0.0502321572250687,0.116044326574692,0.0914444182465387,0.185265796908317,0.509880693153743
2964,0.0589195199574488,0.107122776017645,0.0594490089346943,0.115305264520746,0.46470477903953,0.194498651529936
2966,0.0355172248576752,0.105896948445214,0.182299043657911,0.0697752144750069,0.159633756889573,0.44687781167462
2967,0.154003380664601,0.275082167331849,0.0933595527768189,0.175165662371537,0.245781004533372,0.0566082323218231
2968,0.315054411927622,0.166349848739095,0.226895809303314,0.158477445479934,0.070327311068893,0.062895173481143
2969,0.00859905319165138,0.0750456353209649,0.172606178651489,0.0327626562518433,0.212229867607882,0.49875660897617
2970,0.00416406360493523,0.0337856227594799,0.0671039994689473,0.00795381286450763,0.199374975753163,0.687617525548967
2971,0.00209777098077545,0.0258092459683669,0.0476817139269551,0.0173697974138827,0.192658647354512,0.714382824355507
2974,0.00268271876206303,0.0262571402825907,0.18468818835556,0.0166242914071002,0.124414530204795,0.645333130987892
2975,0.0252234913774043,0.0993957697379922,0.144300980574578,0.0212085001731724,0.420098743947839,0.289772514189014
2977,0.0219746608344819,0.166438357902139,0.0979844933197868,0.131396214812982,0.416810758898168,0.165395514232443
2978,0.0228424227655413,0.0689124881976157,0.0733422946173827,0.0495789808385494,0.42518946544439,0.360134348136521
2979,0.513663970083711,0.0847999005051986,0.0450713920184677,0.2493158642073,0.0940861826741825,0.0130626905111394
2980,0.0688199570640864,0.04097307361083,0.0113634760686139,0.357421549300944,0.450664094766682,0.0707578491888437
2981,0.111097425,0.118595089,0.053351159,0.402367532,0.137637717,0.176951078
2983,0.182637096,0.229835657,0.309879567,0.067491786,0.113055579,0.097100316
2984,0.052889332,0.02710486,0.022012325,0.433808114,0.396307516,0.067877853
2985,0.007940563,0.142538147,0.074455016,0.007060411,0.264763903,0.50324196
2986,0.009687648,0.04809102,0.068214262,0.03936888,0.127261671,0.707376519
2987,0.428000284,0.652085575,0.108423836,0.04926309,0.294586941,0.067640275
2988,0.345119119,0.183296185,0.101013934,0.118182739,0.207860205,0.044527818
2989,0.225492238,0.186899723,0.146418596,0.288043056,0.194804016,0.258342373
2990,0.02763861,0.148432363,0.327844278,0.036342047,0.102433308,0.357309396
2992,0.009141701,0.016504068,0.005519316,0.237584279,0.692515041,0.038735594
2993,0.055776186,0.102533303,0.100185918,0.420641565,0.262358014,0.258505013
2994,0.095404485,0.650322645,0.03370616,0.044907249,0.114186115,0.061473347
2995,0.706864449,0.227600246,0.024578247,0.015995857,0.020702809,0.004258392
2996,0.006122194,0.022081176,0.035779782,0.182253393,0.218321154,0.535442302
2997,0.017623967,0.053390276,0.021179865,0.186925853,0.470654545,0.250225494
3000,0.048895602,0.067704951,0.032159166,0.061910755,0.613605893,0.175723633
3002,0.120959615,0.019878807,0.020285874,0.595006356,0.129958194,0.113911154
3003,0.019190198,0.068249332,0.040341307,0.04919323,0.615324624,0.207701308
3004,0.422972869,0.157035759,0.120729078,0.1314765,0.060806857,0.106978937
3005,0.007395037,0.041268548,0.046046996,0.01847525,0.31429119,0.572522979
3006,0.0484129333326583,0.140605088054194,0.164747581421815,0.203339280240867,0.34261275772571,0.100282359224756
3009,0.399616166,0.286690229,0.110063664,0.076658599,0.073530812,0.05344053
3011,0.117684495,0.186677305,0.061462192,0.185669209,0.375800782,0.072706017
3013,0.001448063,0.02211795,0.05140849,0.006327147,0.389261592,0.52943676
3014,0.037630962,0.112392223,0.255282437,0.089450115,0.330125033,0.17511923
3015,0.004545301,0.114111606,0.213374456,0.013343894,0.245640148,0.408984595
3017,0.008292425,0.022297309,0.15632935,0.021393434,0.102093528,0.689593955
3018,0.502337601,0.172112617,0.084116001,0.090746712,0.088470209,0.062216859
3019,0.028590186,0.140825134,0.222659442,0.028642875,0.23911517,0.340167192
3020,0.013772452,0.024973705,0.024505838,0.067606669,0.466311333,0.402830003
3021,0.670134348,0.180967702,0.016971329,0.067455556,0.047047258,0.017423808
3022,0.06395488,0.306397394,0.163922188,0.035793457,0.311577823,0.118354257
3025,0.005508112,0.043854963,0.099979443,0.015074183,0.168131035,0.667452265
3027,0.013173449,0.037617245,0.031838454,0.103857594,0.507424889,0.306088369
3029,0.654970151,0.181794459,0.039608237,0.051332764,0.040065602,0.032228786
3030,0.497415559,0.236086346,0.062021174,0.098968931,0.049530385,0.055977605
3031,0.003096159,0.019685908,0.039739736,0.007065149,0.140913542,0.789499505
3032,0.010752695,0.023391448,0.030366012,0.059381956,0.393067343,0.483040547
3036,0.025515039,0.231516289,0.201500334,0.02827154,0.134580189,0.378616609
3037,0.116645483,0.06710633,0.035576193,0.359334775,0.312554679,0.108782539
3039,0.023853904,0.065181911,0.060063008,0.042799737,0.414253216,0.393848223
3040,0.007528662,0.024530846,0.011625324,0.164820922,0.674069474,0.117424772
3041,0.011308903,0.038644064,0.090136674,0.107836597,0.423988868,0.328084893
3043,0.034851609,0.455051834,0.03967182,0.013920936,0.406588348,0.049915452
3044,0.100404872,0.11979289,0.060446217,0.114962704,0.331266204,0.273127112
3045,0.548115682,0.378592529,0.01698886,0.027225157,0.026253497,0.002824275
3046,0.005524827,0.04823539,0.14162723,0.022316722,0.22178406,0.560511772
3047,0.301564411,0.192510612,0.059685422,0.306653092,0.105657861,0.033928601
3049,0.001385403,0.013669969,0.038228289,0.006987142,0.050110302,0.889618895
3050,0.00455339,0.019817696,0.009736643,0.04988588,0.522229665,0.393776725
3051,0.026451591,0.312102705,0.040602598,0.008602421,0.437898286,0.174342399
3052,0.022440625,0.501095474,0.16284962,0.019401915,0.189262298,0.104950068
3055,0.045559739,0.115439448,0.426608514,0.022637967,0.12439538,0.265358952
3056,0.083703391,0.44348234,0.124402748,0.069759083,0.175409016,0.103243421
3059,0.14961113,0.151172666,0.091118769,0.377965477,0.455223682,0.174908276
3060,0.346766693,0.314539638,0.069062232,0.032653056,0.169896789,0.067081591
3063,0.069663758,0.081896775,0.139129439,0.145312605,0.339117671,0.224879753
3065,0.158766451,0.388394173,0.198628176,0.032371282,0.170694279,0.051145638
3067,0.57135719,0.142602913,0.023535511,0.152556203,0.08329929,0.026648893
3068,0.060581166,0.125257459,0.165909708,0.212550396,0.140774614,0.294926657
3069,0.044196844,0.134870527,0.033251581,0.055400094,0.582316794,0.14996416
3071,0.337344067,0.212432747,0.120655644,0.084364582,0.186659727,0.058543233
3074,0.253378062,0.36022751,0.061974279,0.036302539,0.171052474,0.117065136
3076,0.445834372,0.425195582,0.367992182,0.035852732,0.253989023,0.07113611
3077,0.099522823,0.123887655,0.032381856,0.217043621,0.433516956,0.093647089
3078,0.1871226,0.23720282,0.095602785,0.302600732,0.460977684,0.316493378
3079,0.612266396,0.166694434,0.062992225,0.105619596,0.042877132,0.009550217
3080,0.152407397,0.431798377,0.171765049,0.055744958,0.119028631,0.069255589
3081,0.087453006,0.163077057,0.397923838,0.073375829,0.114859762,0.163310508
3082,0.147890759,0.161258867,0.085890931,0.085037211,0.30973954,0.210182691
3083,0.042611908,0.083723674,0.039236564,0.212529172,0.452948302,0.168950379
3084,0.00545537670220952,0.0384482597394109,0.128807925130616,0.0159251843227511,0.0608914457814132,0.750471808323599
3086,0.086957402,0.136110715,0.130535177,0.04268038,0.271864154,0.331852172
3088,0.065774079,0.211126013,0.309646864,0.047255073,0.175810471,0.190387499
3089,0.042331478,0.148684945,0.32392611,0.054421824,0.150901686,0.279733958
3090,0.015377363,0.058550491,0.026719917,0.023375728,0.659081345,0.216895155
3092,0.004557946,0.049383359,0.079152003,0.015607017,0.28864657,0.562653105
3096,0.019403411,0.272863574,0.322189188,0.087773627,0.112464437,0.185305763
3097,0.023128718,0.0382127,0.033103553,0.122534414,0.575645758,0.207374858
3100,0.00505175,0.019624654,0.020259983,0.030146654,0.707320385,0.217596575
3101,0.0102357198250567,0.120627323384284,0.1447525209479,0.0329741129106187,0.23575314367577,0.455657179256371
3103,0.027553832,0.069063512,0.085690851,0.019271096,0.277601589,0.520819119
3104,0.038030327,0.082309871,0.243916641,0.091624877,0.374061991,0.170056294
3105,0.009248099,0.038684759,0.215032659,0.029427457,0.114610483,0.592996544
3107,0.127616101,0.174094333,0.209264499,0.156578285,0.125545496,0.206901285
3114,0.018079841,0.045519349,0.089648878,0.042304123,0.233752725,0.570695084
3116,0.219251,0.088771555,0.036469275,0.329138603,0.24727564,0.079093927
3119,0.03024491,0.286791144,0.083716284,0.04878989,0.444915807,0.105541964
3120,0.231115839,0.396296097,0.444973839,0.031963623,0.278679371,0.21697123
3121,0.031787638,0.076067866,0.071774583,0.045075721,0.343019444,0.432274749
3122,0.041775657,0.266321598,0.072128716,0.035279622,0.427841354,0.156653053
3123,0.025860909,0.068895459,0.040038901,0.021868733,0.402872353,0.440463644
3129,0.005901828,0.027974669,0.015268459,0.093466283,0.623902355,0.233486406
3134,0.004738587,0.035053371,0.026514514,0.075793086,0.381760971,0.476139471
3137,0.004617242,0.032482627,0.069065222,0.021423275,0.390929552,0.481482083
3139,0.029668992,0.114314062,0.225346448,0.076529389,0.166598798,0.387542311
3140,0.004839962,0.02366547,0.035953164,0.054288254,0.378522496,0.502730654
3141,0.009302692,0.019266886,0.036912394,0.095790553,0.336641176,0.502086299
3142,0.082408817,0.223469105,0.08540099,0.087482868,0.216313306,0.304924914
3147,0.004466797,0.041360549,0.146826907,0.029546727,0.251533698,0.526265322
3148,0.106074333,0.350994819,0.130674504,0.03509435,0.204970738,0.172191255
3149,0.038945827,0.036523738,0.008338226,0.386731419,0.433068921,0.09639187
3150,0.023309502,0.070445196,0.046495854,0.027478856,0.616878794,0.215391798
3154,0.082416995,0.135879617,0.161886022,0.101845839,0.36370876,0.154262767
3156,0.036213171,0.177202811,0.394984473,0.073794034,0.143265366,0.174540146
3157,0.097052906,0.252802761,0.395520978,0.048863254,0.157631009,0.048129092
3161,0.007484586,0.014266042,0.028174169,0.016573081,0.082980474,0.850521648
3162,0.007576526,0.033228517,0.185449889,0.030672081,0.082505967,0.66056702
3163,0.011353336,0.027089436,0.00889228,0.129990751,0.522696279,0.299977918
3164,0.023272643,0.054280455,0.050865796,0.030059465,0.425859912,0.415661728
3165,0.067344892,0.104501987,0.046820039,0.18529765,0.417142402,0.17889303
3166,0.025338149,0.102925252,0.365550512,0.017992559,0.190451985,0.297741543
3167,0.038302949,0.123366365,0.114723455,0.074301891,0.393836114,0.255469226
3168,0.024354034,0.106731602,0.158785945,0.055129037,0.362979884,0.292019497
3169,0.096095612,0.389459628,0.07779922,0.028394866,0.353763865,0.054486808
3170,0.207254678,0.053552815,0.014139176,0.623633265,0.084019689,0.017400377
3176,0.0845496672443843,0.07905008690918,0.112014652117033,0.0929577183462205,0.30397022426628,0.327457651116902
3177,0.084586409,0.435865675,0.427818562,0.0607061,0.202124336,0.288898918
3178,0.084944624,0.077820644,0.063797172,0.141565019,0.378689174,0.253183367
3180,0.045903617,0.065192822,0.115554164,0.19078635,0.376716113,0.205846935
3181,0.28506456,0.499431631,0.319598157,0.046535088,0.29686457,0.152505994
3183,0.036357054,0.034370201,0.069828529,0.220067689,0.397116576,0.242259951
3186,0.036407513,0.089218365,0.035319413,0.102860382,0.571232697,0.164961629
3187,0.060945392,0.141568129,0.17225618,0.063230289,0.2845942,0.27740581
3188,0.084506959,0.198289152,0.135478112,0.087584801,0.300453006,0.193687969
3189,0.008014497,0.049814327,0.03923226,0.048199748,0.289974149,0.564765019
3190,0.050163414,0.299480485,0.221210111,0.429030438,0.274677709,0.125437843
3191,0.009058364,0.03174613,0.29721101,0.074901482,0.141809662,0.445273352
3193,0.025532142,0.144323865,0.443316233,0.05060825,0.091023905,0.245195605
3194,0.034361658,0.207950318,0.089671579,0.026807211,0.291713793,0.349495442
3197,0.0977197918406385,0.0786180394133562,0.161547431553908,0.180146628137816,0.202440437185491,0.27952767186879
3198,0.0471035545383677,0.0733570896242487,0.309811355895933,0.0169011279341253,0.117881680861787,0.434945191145539
3200,0.0444375413965187,0.123746286132924,0.0698112126544427,0.0570314805825064,0.431940201056352,0.273033278177256
3201,0.0988033447305577,0.377575881868857,0.19506633393539,0.0510577982320141,0.192070068136162,0.0854265730970192
3203,0.394098070365313,0.0863635944647688,0.0719377516509724,0.168015373717925,0.0991777263580483,0.180407483442973
3204,0.13952756837265,0.163680703440207,0.222453749554352,0.0741052935193814,0.203636924409426,0.196595760703985
3205,0.021346681678718,0.424416051115153,0.039366707532325,0.0141926347897697,0.380646624000956,0.120031300883078
3206,0.00889045234617273,0.0477995826028227,0.06674493435311,0.0509996149002722,0.299681127203768,0.525884288593855
3209,0.0326180428897554,0.111177405150116,0.128860758962657,0.0462498809498005,0.0997620053870549,0.581331906660616
3210,0.00719237726117241,0.0528450562425111,0.0720931596952603,0.0616180737787089,0.219811447967649,0.586439885054699
3211,0.0207852846180917,0.0472462797448285,0.0237864728201882,0.275002399504333,0.370786712215345,0.262392851097213
3212,0.706989420797688,0.213314255747279,0.0270901457618482,0.0226878460156791,0.021893564693613,0.00802476698389247
3213,0.0435974870705988,0.153916573672284,0.156889476312045,0.0797081479305291,0.349414526584998,0.216473788429544
3215,0.0514357401896128,0.2612694293363,0.318980291350543,0.019666387080856,0.173791005130604,0.174857146912085
3218,0.00261587390409695,0.0642640338300784,0.132251445474624,0.00794683672883242,0.121112424225283,0.671809385837085
