"CUS_ID","F20-","F30","F40+","M20-","M30","M40+"
2501,0.0790488113147285,0.487472975495853,0.102282930472685,0.0256732675567027,0.169821887986981,0.135700127173049
2502,0.0252875514111708,0.162564353434346,0.189754831368036,0.0707008401536811,0.372912599036235,0.17877982459653
2504,0.404289154389883,0.145207962754415,0.107097108729493,0.192557911456372,0.0718391712315046,0.0790086914383334
2505,0.0304728747518119,0.168955575018064,0.149917312037407,0.0468261023055186,0.159260301799196,0.444567834088002
2506,0.0174969030064233,0.368445488193266,0.075045492240804,0.0232536050716767,0.287853537669004,0.227904973818826
2511,0.683513684689045,0.0858436496497192,0.0735254813514039,0.101454002321016,0.0354207595394169,0.0202424224493983
2512,0.0364105408089744,0.16816429298904,0.0550127038533366,0.145917531702904,0.485660550911681,0.108834379734064
2514,0.112645948212379,0.550665758765281,0.0559897875540282,0.0309688491015845,0.202086591363974,0.0476430650027531
2518,0.490669366927286,0.190485133217715,0.0925295760148089,0.0610204090674591,0.0992786575006042,0.0660168572721274
2519,0.0516473006278676,0.856317529951466,0.013818173412577,0.00768621482604868,0.0517742814133903,0.0187564997686506
2520,0.0262199589531242,0.0545862749824445,0.0172171746085588,0.115436414431091,0.612725497643454,0.173814679381328
2521,0.0165472681821603,0.0720398460778278,0.322398459723657,0.0334664506787929,0.112293069358531,0.443254905979031
2522,0.326287510532691,0.23145729620034,0.183840363671786,0.076061944335063,0.123233327531725,0.0591195577283947
2523,0.054565000282717,0.369158372578703,0.0779003989317801,0.0114347231845744,0.33552192918523,0.151419575836995
2524,0.0449241173938454,0.132436117673126,0.305312453382259,0.064786334591499,0.120644688023574,0.331896288935696
2525,0.102024878371228,0.0778197195904336,0.0622431363105115,0.415427894098519,0.268234343391245,0.0742500282380627
2527,0.548598946334846,0.182079506414307,0.0688738997852494,0.0589947056321553,0.0886394412578682,0.0528135005755745
2528,0.00427818813830141,0.0172105188629512,0.0562397177741375,0.042193036560722,0.208507205943088,0.6715713327208
2529,0.066376780062981,0.1097907495792,0.267789534754259,0.0625185933989671,0.134167548511965,0.359356793692628
2531,0.0290187071740143,0.140866237550481,0.123844999697857,0.0856147922469783,0.361846065438243,0.258809197892426
2532,0.0340277772196691,0.194302508656221,0.135272844413614,0.0602386533065379,0.295494989055401,0.280663227348557
2534,0.191527370477644,0.0510140408901566,0.0462387469821741,0.554057313211822,0.0943434372603102,0.062819091177893
2537,0.030096556568688,0.784724171975285,0.0754232258288065,0.00604875345109444,0.0637149301048084,0.0399923620713179
2538,0.227839182696958,0.115509026712322,0.0676947633318742,0.116857125576659,0.314452397850778,0.157647503831409
2539,0.155425183947425,0.267949924414175,0.236837721842687,0.0374226137366378,0.155021778892839,0.147342777166237
2540,0.404451587336663,0.154851713317447,0.0303531798046889,0.168595068627224,0.203287403573207,0.038461047340771
2541,0.103323566291766,0.0482792211161286,0.0127110965411454,0.507666625842938,0.282576668953489,0.0454428212545334
2545,0.0313852319255858,0.308986274119711,0.0438827259857085,0.0129175024973152,0.403200558757783,0.199627706713896
2546,0.0350854753916892,0.0338675480318377,0.0100996761338606,0.297557832514797,0.550122691640854,0.073266776286962
2548,0.0705479855004617,0.089436383170774,0.0977721880758457,0.25009285186343,0.407966985261008,0.0841836061284805
2549,0.00770545809587797,0.0423100379262761,0.0366499099905399,0.0417357750003337,0.337323489965193,0.534275329021779
2550,0.0114424235690519,0.0250044173754162,0.0170025158802164,0.169338773892975,0.61602715654328,0.16118471273906
2551,0.137259104495091,0.238062745489837,0.0339578505805032,0.174336913540572,0.257845004089927,0.158538381804069
2552,0.114406577288454,0.368944491456897,0.186009639921939,0.0409177129925087,0.132207595216553,0.157513983123648
2553,0.545712216359156,0.18552559566682,0.0358467898838445,0.0898495145090037,0.124332773393343,0.0187331101878329
2554,0.103953331238752,0.17764016832611,0.10910241067911,0.123137848499173,0.402665025043168,0.0835012162136874
2556,0.0952125736456039,0.280277920627775,0.271407651427957,0.0439022422644684,0.16997372875933,0.139225883274866
2558,0.0291543494485055,0.074468231819816,0.70616554476075,0.0308339033500447,0.071025298787749,0.0883526718331347
2560,0.00633532756854133,0.0901025864363503,0.0936489443936248,0.0205420065507742,0.198519049320782,0.590852085729927
2561,0.0134357716080086,0.0605015475692004,0.160365844602577,0.00721677043642752,0.11535237035029,0.643127695433497
2563,0.331107541329923,0.170438991200927,0.233068715190961,0.0688908976484055,0.10058421731154,0.095909637318244
2565,0.0202732615563373,0.0826566749925367,0.0822589684415595,0.0334922732418407,0.216077085166118,0.565241736601608
2568,0.00656286511273334,0.0447728946881202,0.0648046101798472,0.024171218523605,0.273544978131133,0.586143433364561
2569,0.0215865600326391,0.0702589905294388,0.184985125035029,0.0124130689062902,0.186458424898075,0.524297830598527
2570,0.0188052276805719,0.648028978675792,0.0828358930467648,0.00905768518466423,0.117406188611584,0.123866026800624
2571,0.154354899263165,0.0806936129747749,0.0194803289545123,0.315443749432236,0.30912112975996,0.120906279615352
2572,0.0742086125879094,0.0803870484328987,0.365547889919914,0.115914393659753,0.114229725237234,0.249712330162291
2573,0.0739899164091361,0.3181003602089,0.0864647703660159,0.0259048682283884,0.282420175607167,0.213119909180392
2575,0.0187356293403018,0.0269873913877694,0.0138061539622834,0.158315539423241,0.673951622612208,0.108203663274197
2578,0.00151133421453182,0.00697713134703075,0.031342835286862,0.00678714562728036,0.0787561822633278,0.874625371260967
2579,0.301625489718194,0.204086092840057,0.31180010119236,0.0306278922317892,0.0788596086527581,0.0730008153648414
2582,0.135755838840228,0.502378935208703,0.0678246729064716,0.0295080665617877,0.208594378218516,0.0559381082642939
2583,0.0569839445960584,0.58012784691645,0.162831129595444,0.0147720089642764,0.0992629314917781,0.0860221384359928
2584,0.309252494230529,0.57173940694252,0.0290480341355658,0.0132102464305843,0.0600510773557515,0.0166987409050493
2586,0.0362552283681176,0.330770794082705,0.113176068238142,0.0353667149224018,0.212602464332751,0.271828730055883
2587,0.220735112868875,0.068570937253006,0.0435276759301012,0.350268583612365,0.226534520863007,0.0903631694726453
2589,0.0513377758516744,0.0871730382063563,0.0381056052181823,0.16468695953471,0.570882543903093,0.0878140772859845
2592,0.0155561193191372,0.0453995220812047,0.0199088969186176,0.182972941445874,0.591222607222108,0.144939913013058
2593,0.183716601615673,0.221352820814827,0.0563363634673291,0.175884337216249,0.26479277355465,0.0979171033312725
2594,0.0268455775967245,0.0633339839582271,0.0458428085209559,0.0263791609631367,0.453249837092223,0.384348631868733
2595,0.102178682987563,0.0938982074010833,0.214894926343485,0.191859002684553,0.172010712529402,0.225158468053912
2597,0.00640567762673649,0.0360280267285754,0.176003561352932,0.0194081078955025,0.161818251915043,0.600336374481211
2600,0.00960609314357449,0.0514835945603767,0.0994680900422559,0.0369801325247529,0.72445585032018,0.0780062394088604
2601,0.0252734454532282,0.0833916782761443,0.195835399397417,0.0255762996390118,0.126456548525321,0.543466628708878
2602,0.0230759783882586,0.076591793346969,0.0996416485865657,0.0387978046896476,0.202655065366188,0.559237709622371
2603,0.0404659760155836,0.568837031919948,0.0363512558835898,0.0183405247706722,0.277237153795854,0.0587680576143528
2604,0.0469961023164659,0.128826636036435,0.321417969380445,0.0935964823929818,0.104152989748109,0.305009820125563
2611,0.0180260510578883,0.068083686675566,0.209911171610313,0.0326572335112556,0.096216103070394,0.575105754074583
2612,0.0607905853037145,0.264893031414711,0.129439235768257,0.0331318242213784,0.1661238072071,0.345621516084839
2614,0.137059579423529,0.118572027515395,0.0676856453513136,0.142229018225618,0.287540134332855,0.246913595151289
2616,0.00942225334273994,0.053385943576872,0.0826349932160882,0.0473397907637675,0.466214492070619,0.341002527029913
2617,0.206714089507067,0.30197338212575,0.257704834713901,0.0315224900528122,0.118692516342312,0.083392687258158
2618,0.0603580072381858,0.0687989420892897,0.0941394101078076,0.0666094272530393,0.445644731003338,0.264449482308339
2620,0.00936571036512406,0.110052917934221,0.240197012874573,0.0201445173374218,0.301851169442272,0.318388672046388
2621,0.029105673275784,0.078195697910611,0.0303725029298036,0.119458842373168,0.637104175620151,0.105763107890481
2623,0.29389225943876,0.196267837807159,0.0488430742393671,0.0751384355475552,0.325825305211963,0.0600330877551959
2624,0.0163698343625804,0.0363889489116484,0.10759480499191,0.0422838729139926,0.165061290396587,0.632301248423281
2627,0.0483421808235573,0.141409315510881,0.378425970709247,0.0212874713370026,0.164759333193781,0.24577572842553
2628,0.105074866126028,0.113007224245244,0.0551227052883271,0.374269090261468,0.292526339269247,0.0599997748096854
2631,0.0171321175073109,0.203574336390409,0.242719813845935,0.0186738018003467,0.269230603686325,0.248669326769673
2633,0.128848053858147,0.397540529871351,0.0638060439322744,0.074833297905813,0.248748244719916,0.086223829712499
2634,0.0332779702346062,0.0749525206209701,0.256783426425826,0.0693527115047797,0.177726647773796,0.387906723440021
2635,0.0191682550987869,0.0785303809652749,0.0551942975962,0.0285510085775451,0.657825081662155,0.160730976100038
2637,0.0142148331470537,0.0763691727108735,0.0193832005730507,0.0215971838819916,0.710360820266359,0.158074789420671
2638,0.061415552837395,0.0403406004139221,0.0602169950188057,0.333691527236536,0.176749096495578,0.327586227997764
2640,0.0161621577302666,0.0350307745890353,0.0560992066569631,0.0215513112413503,0.131498163720935,0.73965838606145
2641,0.151483913639233,0.208360646193089,0.161203947374476,0.120826976319991,0.184837998026889,0.173286518446321
2642,0.0107359806144529,0.0867209451486614,0.115531983579994,0.0204600433948709,0.242771029802737,0.523780017459284
2643,0.391180889663053,0.3341232364976,0.0260309239186087,0.124653484825066,0.0970758850152793,0.0269355800803936
2644,0.005411456594601,0.117715192388587,0.0344980812131484,0.012260167808449,0.260233970125492,0.569881131869723
2647,0.0777945610760485,0.109771926179745,0.109179494180727,0.130054776291089,0.26315811352119,0.3100411287512
2649,0.0348954717040858,0.0523554759760428,0.105348656630598,0.0440571296182864,0.244325118132752,0.519018147938235
2650,0.0492921263648757,0.0424014446434823,0.202762037532124,0.0425152624720759,0.108334854636502,0.554694274350941
2651,0.0213975640850429,0.0862316480623405,0.0373209146110806,0.0487783154244586,0.559664687490479,0.246606870326598
2653,0.290692567794888,0.25129273188082,0.114398180740327,0.0609404978611577,0.175933971761584,0.106742049961223
2654,0.00388710572900368,0.0508880190644566,0.0731933301388367,0.0406813185309299,0.15007970978778,0.681270516748993
2655,0.462954091091413,0.229386396508868,0.0634694462135433,0.0793463866416968,0.127049171028015,0.0377945085164635
2661,0.00271570095591598,0.0197531986217831,0.0851610342550808,0.0154309758433058,0.0835961771579846,0.79334291316593
2663,0.00509030988329231,0.0303806800213229,0.0400090556336787,0.0272849190603627,0.419125293043545,0.478109742357798
2665,0.240468045708888,0.307654369229954,0.103997872229205,0.0541025225793241,0.179254016252541,0.114523174000088
2667,0.0682182391594399,0.175262944427015,0.388949248961795,0.0587034323034002,0.189158415695814,0.119707719452536
2669,0.0488045608912532,0.169763011941886,0.120624340030373,0.0296531645093782,0.226467233631656,0.404687688995454
2672,0.00557110277928822,0.0512751706924603,0.124643112552162,0.0132607183977723,0.204065511680583,0.601184383897734
2673,0.303568632449986,0.310452678723117,0.0568078416842018,0.116732995053698,0.168791052341592,0.0436467997474051
2674,0.0238814172229715,0.0502145200402697,0.0744794886592134,0.194240443627468,0.424894208519015,0.232289921931062
2675,0.623706675140011,0.145726483084141,0.0153849342020622,0.143149138828268,0.061048017114644,0.010984751630874
2677,0.050686445481068,0.22702040691641,0.27662124103942,0.0339822024487477,0.250035950751785,0.161653753362569
2680,0.0787653159461221,0.102159866900082,0.341329116479163,0.209070647170519,0.13118808242512,0.137486971078994
2684,0.0106017232510954,0.0377233939006078,0.039351602217972,0.0821657305973544,0.459025458855914,0.371132091177056
2688,0.030478220216232,0.142736172008868,0.0648229164335037,0.254839216026231,0.380217388496603,0.126906086818562
2689,0.140544158916506,0.633101875084836,0.0368539290802814,0.0352932708689872,0.12568771039401,0.0285190556553801
2692,0.0953912491707418,0.118151102555709,0.197110230735444,0.0552343565106174,0.217112353390186,0.317000707637302
2694,0.0077179259111504,0.0269488889564308,0.0643958543704445,0.0468260977456526,0.223302629679556,0.630808603336766
2695,0.574220344467619,0.171614738019703,0.0480694082511273,0.117768882394034,0.0673140266149141,0.0210126002526023
2696,0.0153648454382312,0.0738167792865178,0.310564789902174,0.0198491772308104,0.115455391456571,0.464949016685695
2698,0.0122929749622363,0.0412657100658852,0.226062871718733,0.0355333433930799,0.229653462292438,0.455191637567628
2700,0.00205974296423915,0.0382616491571786,0.0250964983712753,0.00535335688442191,0.342918189795312,0.586310562827573
2701,0.0154118024734646,0.0419534539739542,0.0989222474117277,0.0841976202823246,0.329241312185234,0.430273563673295
2702,0.430315697381886,0.164811539526485,0.191501314334722,0.07168768327825,0.0777039027532194,0.0639798627254372
2703,0.0955072171972074,0.0798212490251557,0.174546129445288,0.0948424997086925,0.241876965330395,0.313405939293261
2705,0.0150660497516103,0.141056814269029,0.442725487087147,0.0159397603735479,0.132784961240138,0.252426927278528
2707,0.0115823951025231,0.0330697125178078,0.0242761849083014,0.058669639283677,0.629029374458052,0.243372693729639
2708,0.377474331922782,0.3640663144705,0.074584463098934,0.0452986315955737,0.108670247044472,0.0299060118677383
2709,0.0651340693780061,0.172976604453537,0.324349648576306,0.0254500847824804,0.111293079261478,0.300796513548193
2710,0.0682401792745165,0.0546631996863761,0.186160431415666,0.0453499197690571,0.0998232438667765,0.545763025987608
2711,0.0380441830386301,0.0783702521714742,0.143467545342911,0.0519564573246035,0.292360928967624,0.395800633154758
2712,0.108703730377562,0.0753127077372572,0.0769881083485985,0.304803602810749,0.290366994516785,0.143824856209048
2714,0.00339184115107685,0.0597962278714306,0.125287482581854,0.0110873856670729,0.155226641416544,0.645210421312021
2715,0.0249555073714879,0.0893181201594288,0.457361353650897,0.0247657629830723,0.221018006000187,0.182581249834927
2718,0.0184521422678707,0.048181894618628,0.244694686390869,0.0616504153195147,0.168702485202245,0.458318376200872
2719,0.0246087812957803,0.120624713965252,0.203446775374805,0.0419977896427314,0.358065058848122,0.251256880873309
2720,0.0944534000035919,0.0930724560740379,0.22603319545699,0.0804105767666477,0.264072936752735,0.241957434945997
2722,0.28006545795691,0.497295762832301,0.132085192703715,0.0107919629268511,0.0570435548048798,0.0227180687753424
2723,0.0542222299434215,0.142832163804346,0.115211061102033,0.0500468296449928,0.202298669994806,0.4353890455104
2724,0.72356380396277,0.0743181176910375,0.04667267862641,0.0990165089457723,0.039745832722192,0.0166830580518179
2726,0.0459064605410489,0.0730284918906095,0.0511225377834831,0.12469184699109,0.64918997987297,0.0560606829207978
2727,0.00569686942044952,0.0340932551762204,0.060141414183498,0.0319660184742909,0.323942570835378,0.544159871910163
2728,0.0167935982080868,0.0349969888780784,0.126663418683409,0.0375143935942907,0.116319051360842,0.667712549275293
2730,0.0088136125196543,0.0246595003260742,0.0657877397759772,0.0463823223634939,0.412570710877651,0.44178611413715
2731,0.206002896165356,0.154721856724331,0.0627263185431826,0.145966031773579,0.335257305652734,0.0953255911408173
2733,0.0418461195549986,0.129487216821262,0.102231818858957,0.147708545235588,0.469556885913779,0.109169413615415
2734,0.036342956294133,0.705516681206745,0.042317826667149,0.0122580449127008,0.12652984028809,0.0770346506311822
2738,0.0221503139422173,0.0920543756030583,0.117979921701139,0.0580511375141463,0.197961985581121,0.511802265658318
2739,0.137813658944823,0.240584065053365,0.251062649638573,0.0422814124849457,0.237101907553871,0.0911563063244222
2741,0.0593383073370502,0.303096865454733,0.116284733488735,0.0256966929304346,0.35019638084058,0.145387019948467
2744,0.0225422961488312,0.0805130278955014,0.0334538974601483,0.115973371926127,0.648221659195098,0.0992957473742937
2745,0.00275046826575874,0.0376011443866125,0.375398757863405,0.0537062828804976,0.372954073387102,0.157589273216624
2747,0.0192566368818779,0.0307393495079974,0.0104796593665194,0.0894103027191685,0.665849342627627,0.184264708896809
2748,0.00586839890135682,0.047357002030911,0.0580173364934355,0.032353826872376,0.657783901600223,0.198619534101697
2750,0.00862185999960969,0.0590409306886616,0.365327230203283,0.0279630604425745,0.1227692580491,0.416277660616771
2753,0.054316925389338,0.0699056389201649,0.0160740497133992,0.363810574826411,0.446877221728433,0.0490155894222538
2755,0.00211216478832097,0.00782601586293227,0.0508480412743868,0.0108193081525307,0.232878896266115,0.695515573655714
2757,0.00831048493756775,0.13711661329557,0.0230506940086608,0.0306184622504805,0.530508902857374,0.270394842650347
2760,0.370921218783769,0.0589484924525525,0.0275556317978066,0.492191374204948,0.0412052167988078,0.00917806596211548
2763,0.0519439466417339,0.169229605431909,0.2979767735714,0.0439007285760486,0.229927232575002,0.207021713203907
2766,0.0287962481542568,0.129972926003826,0.0944939987626116,0.044085250098192,0.420490691885877,0.282160885095236
2768,0.040962367774447,0.266122375065605,0.416137239433233,0.0146916993484473,0.0973253085112818,0.164761009866987
2773,0.0524699087266555,0.275664625132064,0.115539484746216,0.0257489160784736,0.367993798669189,0.162583266647401
2776,0.00716923615158253,0.0294588970758072,0.0521285551526252,0.0390699331921233,0.264345363004408,0.607828015423454
2777,0.000972595434830169,0.012018777501878,0.0714205264278591,0.00861252837854426,0.0595294972526224,0.847446075004266
2778,0.0661733868560797,0.137306950208715,0.139641509073697,0.0925196070771157,0.173600737792407,0.390757808991985
2779,0.0401974599163051,0.0576599253091306,0.366735642861001,0.116194997240641,0.142477439080552,0.276734535592369
2782,0.00436011087077531,0.0272213478095473,0.188080084144713,0.0149275115251765,0.0886852312387227,0.676725714411065
2783,0.354964457091617,0.38160555501737,0.106801007117461,0.0454135043695151,0.0746654870877168,0.0365499893163192
2784,0.0560760503572526,0.261562966635169,0.0518559219890178,0.113477510582988,0.434372510164051,0.0826550402715217
2789,0.0563325467129755,0.0652131738617367,0.345084236569738,0.0640158047904163,0.202966696276295,0.266387541788838
2790,0.0637184723811401,0.156716448865948,0.0444113443005003,0.0735875396235678,0.445865347967191,0.215700846861652
2792,0.630274277511897,0.201031737162491,0.0237295281366637,0.0457129365858639,0.0777295615197192,0.0215219590833656
2796,0.002315609925527,0.0251761344286152,0.105221112078411,0.0158102693308131,0.0992130247711931,0.75226384946544
2800,0.0052483881887856,0.0258407701138317,0.0419563017155304,0.0370814338867449,0.237724385823826,0.652148720271282
2801,0.0113133529210306,0.0448264401200362,0.025756780176118,0.0288652643828609,0.515142632778679,0.374095529621276
2802,0.020259965080503,0.0803429620220522,0.0512778786427013,0.0743238605912565,0.40009877532611,0.373696558337377
2804,0.0123979517816424,0.0712583379771301,0.112919793868587,0.0375111277184408,0.454905157340982,0.311007631313218
2805,0.249588343027748,0.175411647343418,0.308605894713196,0.0736510857382815,0.121926125984475,0.0708169031928809
2806,0.115677617048199,0.0823881674618091,0.060323662153788,0.241033826635077,0.278883512750184,0.221693213950942
2808,0.0096885770729194,0.0433192212134656,0.0556430379333749,0.0279265333043868,0.32692596298003,0.536496667495824
2813,0.0646641946452711,0.116764969633474,0.155169061631502,0.128904247975071,0.304934701677624,0.229562824437058
2817,0.0810913204168134,0.296116919185654,0.113921633320877,0.0556676194928543,0.314915504319186,0.138287003264615
2818,0.269005010449733,0.261450800719445,0.190118506553226,0.0536881963846649,0.141007704071453,0.0847297818214789
2822,0.176873179276685,0.163515988554887,0.197868083636512,0.0493557269818622,0.286228092403062,0.126158929146991
2823,0.0435502794998678,0.1057265097936,0.104874300558085,0.0835153669455479,0.2655070535824,0.396826489620501
2826,0.021965069934973,0.173737721869328,0.041440042892244,0.0279036062065755,0.510245698351137,0.224707860745742
2827,0.0940496947846406,0.404557635085116,0.146188840733709,0.0316237461716377,0.169812024753011,0.153768058471886
2828,0.0184107280942275,0.142422212763149,0.150069198760468,0.0356153587327031,0.443440795078761,0.21004170657069
2830,0.00327647351173442,0.0248779234702005,0.107856677344727,0.0213495416757725,0.154139325540665,0.688500058456901
2831,0.353740379037769,0.429130528413046,0.0728883241984156,0.0429004789741904,0.0659842048158218,0.0353560845607571
2832,0.0265408424108977,0.246662452443911,0.236238015419902,0.0199781801788425,0.266724347983483,0.203856161562964
2833,0.139309931481073,0.129278699299484,0.0840308147396029,0.216488746302159,0.231481238574712,0.199410569602969
2834,0.0151401764320056,0.0783986230589966,0.0748884443509296,0.0249147179914788,0.286715558075365,0.519942480091224
2835,0.251258423851225,0.205369743574933,0.0316949952699226,0.171279572209375,0.271536585612853,0.0688606794816919
2836,0.0115652460458338,0.0283921609289602,0.0352444761767595,0.0423654692465972,0.231100627371721,0.651332020230128
2837,0.0420810677703208,0.185508960318926,0.370931618581232,0.0388886857513769,0.183544239348274,0.17904542822987
2838,0.11014445259854,0.238017473008031,0.252822784487184,0.0698332301956529,0.113697266930775,0.215484792779816
2839,0.164977423481936,0.163085603704768,0.140198792477137,0.0844501662619744,0.261154718771429,0.186133295302755
2840,0.152563444178186,0.0935629386299548,0.144966173801964,0.214481168075217,0.182963801254658,0.21146247406002
2841,0.464249474432983,0.10672476994673,0.046568675152185,0.150143190691728,0.172567085319628,0.0597468044567468
2842,0.00482004591418616,0.0246372886261228,0.018727909119118,0.0252682734680161,0.562191731233894,0.364354751638663
2843,0.142900824648173,0.114132550968025,0.120025792238679,0.0291972360237622,0.408580917618941,0.18516267850242
2844,0.0206629036802962,0.0906370531588849,0.619653283640265,0.0166709893068767,0.068966477919532,0.183409292294146
2846,0.00879534146611649,0.0461341483436186,0.0441171434169638,0.0556973292960023,0.420154290875664,0.425101746601634
2848,0.52036746755749,0.267048684995784,0.0871131671617145,0.072670881389685,0.0383781408777253,0.0144216580176011
2849,0.0433784861869557,0.174070251675138,0.112275489794816,0.0594271484113188,0.357217649923455,0.253630974008317
2852,0.151224802194993,0.216908248158133,0.411829784231762,0.0519419058031372,0.0760534408459882,0.0920418187659869
2853,0.0786168855499078,0.0648865130516889,0.0263018988344733,0.594649821883831,0.144313284872821,0.0912315958072775
2855,0.665428314999238,0.202487860123117,0.0141012720024461,0.0664309808470602,0.037797108067228,0.0137544639609111
2857,0.00306344102770281,0.0242931688180679,0.177725264299796,0.0334163943853106,0.210368436768917,0.551133294700205
2858,0.08497873546826,0.553696590918544,0.0865448822631245,0.0170633182831216,0.197549175520945,0.0601672975460054
2859,0.051574970267898,0.0543605660240199,0.0194048236208034,0.162423704625035,0.461637486974169,0.250598448488074
2860,0.116199642876242,0.216235306967955,0.196502476860954,0.0650975913903347,0.0963107429643699,0.309654238940144
2862,0.0961782329464255,0.135781342099603,0.0961226449465618,0.134769248740427,0.381718468094613,0.15543006317237
2864,0.015067784592296,0.0440403613536074,0.0330423840189554,0.137314521578382,0.542916454712448,0.227618493744311
2865,0.00564781501620315,0.0198125807228913,0.0181726370835606,0.0555720171887921,0.600658994836353,0.300135955152199
2866,0.0109240663134082,0.101646793633046,0.0448096336206705,0.0462022573960795,0.558352793563752,0.238064455473043
2867,0.455875195977362,0.302649514496756,0.0711174808469425,0.0432633701165866,0.0693624959757414,0.0577319425866115
2868,0.0069002432010634,0.0261169860131331,0.159706250439645,0.0184349430596161,0.125321136783181,0.663520440503361
2869,0.00375921456018715,0.0851211702270196,0.107874988056876,0.00921164262041369,0.459236907650218,0.334796076885285
2871,0.0398108037581809,0.0531076895867897,0.0543001368609536,0.190426807260302,0.369707592391545,0.292646970142229
2873,0.0406529241216847,0.255372000403222,0.161863130394392,0.0772892872606102,0.348819749129246,0.116002908690845
2875,0.0604479726384328,0.121547542367103,0.170661339909308,0.0427345088843583,0.210620109447206,0.393988526753591
2877,0.0961316712638252,0.341361137259333,0.188695336434155,0.0536324291774042,0.209493054881176,0.110686370984107
2878,0.190407333803258,0.123334013694809,0.0718265926246855,0.191343985936123,0.37719024237125,0.0458978315698744
2881,0.18295370096766,0.412167571684022,0.0652936476593171,0.0693202422182535,0.195378132203455,0.074886705267293
2883,0.225144126304343,0.165794713355418,0.0739821694600829,0.115595081929602,0.269077987339184,0.15040592161137
2885,0.0341087336233503,0.113512659964922,0.300222783886524,0.0226074620531349,0.137190604522951,0.392357755949117
2891,0.0212900201361152,0.168924599124464,0.156876088238361,0.0239686999186861,0.243534790925909,0.385405801656466
2892,0.0142441263408572,0.0991379415036897,0.221881838628338,0.0121296196670386,0.148226260275635,0.504380213584442
2893,0.0112179740161416,0.0665908585402248,0.363554483240538,0.02360962139501,0.188606249593807,0.346420813214278
2894,0.0886128560630788,0.184419010929703,0.432667115338803,0.0470797977699596,0.108615841683284,0.138605378215172
2898,0.0198859385635124,0.0433588556479297,0.186980837583686,0.0743214244115437,0.138221364560338,0.537231579232989
2899,0.0167221748112742,0.0353090043773431,0.0103453478649048,0.0212075196598267,0.537575469116808,0.378840484169844
2900,0.194307478851859,0.121132186999334,0.0786693672893241,0.169922548931429,0.320568586630086,0.115399831297968
2902,0.0365400953242835,0.0426414383301209,0.0376758138710621,0.254281244353148,0.409093335308849,0.219768072812536
2904,0.00238149527069955,0.010849719963102,0.105976438853806,0.0286531064511448,0.115086116317208,0.737053123144039
2905,0.0504945262337941,0.454019057693245,0.211890776774076,0.0191239796986876,0.0891200703021138,0.175351589298084
2907,0.0190278029651962,0.0388985019169606,0.123522450817194,0.325123188872707,0.209460255948552,0.28396779947939
2909,0.0907237574356732,0.204336812149027,0.361840577808621,0.0353078401326112,0.153720530157704,0.154070482316364
2912,0.00171748375028856,0.0445984189250972,0.0782997475153151,0.00516612732655847,0.142029883729983,0.728188338752757
2914,0.0173340731829902,0.0484783890015709,0.157950367049979,0.0612334729988946,0.108974146419298,0.606029551347268
2915,0.0516294714930101,0.0608315289351268,0.328855977855673,0.0317165888624267,0.0936000579785777,0.433366374875186
2917,0.22188621262201,0.398263775779973,0.0477121462506593,0.118198337889188,0.154058024387731,0.0598815030704389
2918,0.0186730062715088,0.126410806830016,0.0233297387281949,0.235947572939371,0.535097469875787,0.060541405355123
2922,0.0110462122016696,0.108811909065983,0.208204226261157,0.0159824573065037,0.16478088793373,0.491174307230957
2923,0.015836850313729,0.124560151772151,0.136334926723126,0.0476238284039339,0.30832044215227,0.36732380063479
2924,0.0430022782230253,0.0992118792562085,0.0374162131151721,0.0238736297989464,0.33751772455944,0.458978275047207
2925,0.0123055725824578,0.0486901098695301,0.0506424576857364,0.0338428639243651,0.214872543669199,0.639646452268712
2926,0.0349380054855653,0.0944291958453459,0.125361358174891,0.151961223636041,0.488252944767156,0.105057272091002
2927,0.0744115466815267,0.20121550311206,0.197903740247443,0.0639045257127634,0.272417231672162,0.190147452574045
2928,0.0297455934679168,0.0758365751250985,0.237185112252352,0.0258563169791367,0.222694026870793,0.408682375304703
2929,0.0436721789601706,0.133972848114424,0.0858698772045902,0.104007917427071,0.300955558941292,0.331521619352453
2931,0.203170566401147,0.263440972544375,0.135345793487334,0.0910382651842945,0.216586653496534,0.0904177488863146
2932,0.0266857206535007,0.0696152448141832,0.0602594417757437,0.109688121645191,0.485055058951652,0.248696412159729
2934,0.0206663286587346,0.123654629079506,0.0951896947718018,0.0284614179635111,0.369693922014877,0.362334007511569
2936,0.110163462509107,0.133703251314074,0.157076907396319,0.160986136022747,0.231607572639749,0.206462670118003
2937,0.0974890082719222,0.659053584913362,0.05158731990549,0.0228275988202569,0.137494810462389,0.0315476776265806
2939,0.00134319630736252,0.0216455298454084,0.0569087743202687,0.0110563412637229,0.205435123647661,0.703611034615576
2942,0.0251254890871069,0.183010437628506,0.109220293709504,0.0279862833916138,0.205737041703872,0.448920454479397
2944,0.139768722089096,0.292669143917463,0.180402675502598,0.0305828478060492,0.18563037344692,0.170946237237873
2946,0.574912055626546,0.323179060772148,0.0199775654492275,0.0452836563948945,0.0292382029271349,0.00740945883004919
2947,0.0240005328730873,0.154140292268008,0.0757886303443542,0.0161338945768341,0.395609477099389,0.334327172838327
2948,0.00848161062988733,0.040526012921817,0.0270212127327513,0.0879732564206552,0.357172887022266,0.478825020272623
2949,0.0561825550420044,0.0873111986574795,0.418206653938205,0.038943482488914,0.159116252685292,0.240239857188105
2952,0.520227674979378,0.306920834901689,0.0679291171711595,0.0340716503834601,0.0586997091692013,0.0121510133951129
2953,0.00134663539683315,0.0114795344326152,0.0274066726892422,0.0126469497378772,0.161245655279971,0.785874552463461
2955,0.331967970955139,0.317475927477724,0.0766776981392676,0.089635298700699,0.109107291556964,0.0751358131702071
2956,0.00583992609110962,0.0498690224666096,0.748830481438113,0.00728221060920494,0.0463120473684688,0.141866312026494
2957,0.0221445215139582,0.0433772289089832,0.272326875984536,0.0318533733474424,0.177216748010051,0.453081252235028
2959,0.115987483853918,0.138279672768925,0.0407757565130921,0.276200579316829,0.302089083221043,0.126667424326193
2961,0.0176825084106407,0.119463436663975,0.306081877890617,0.0295131811046457,0.200021921896874,0.327237074033248
2962,0.0550053127653186,0.151320094191413,0.175251685497142,0.100211957008716,0.313406100044032,0.204804850493378
2963,0.047132607891641,0.0502321572250687,0.116044326574692,0.0914444182465387,0.185265796908317,0.509880693153743
2964,0.0589195199574488,0.107122776017645,0.0594490089346943,0.115305264520746,0.46470477903953,0.194498651529936
2966,0.0355172248576752,0.105896948445214,0.182299043657911,0.0697752144750069,0.159633756889573,0.44687781167462
2967,0.154003380664601,0.275082167331849,0.0933595527768189,0.175165662371537,0.245781004533372,0.0566082323218231
2968,0.315054411927622,0.166349848739095,0.226895809303314,0.158477445479934,0.070327311068893,0.062895173481143
2969,0.00859905319165138,0.0750456353209649,0.172606178651489,0.0327626562518433,0.212229867607882,0.49875660897617
2970,0.00416406360493523,0.0337856227594799,0.0671039994689473,0.00795381286450763,0.199374975753163,0.687617525548967
2971,0.00209777098077545,0.0258092459683669,0.0476817139269551,0.0173697974138827,0.192658647354512,0.714382824355507
2974,0.00268271876206303,0.0262571402825907,0.18468818835556,0.0166242914071002,0.124414530204795,0.645333130987892
2975,0.0252234913774043,0.0993957697379922,0.144300980574578,0.0212085001731724,0.420098743947839,0.289772514189014
2977,0.0219746608344819,0.166438357902139,0.0979844933197868,0.131396214812982,0.416810758898168,0.165395514232443
2978,0.0228424227655413,0.0689124881976157,0.0733422946173827,0.0495789808385494,0.42518946544439,0.360134348136521
2979,0.513663970083711,0.0847999005051986,0.0450713920184677,0.2493158642073,0.0940861826741825,0.0130626905111394
2980,0.0688199570640864,0.04097307361083,0.0113634760686139,0.357421549300944,0.450664094766682,0.0707578491888437
2981,0.111097424625982,0.118595088636168,0.0533511593175396,0.402367532380097,0.1376377174023,0.176951077637914
2983,0.182637095812133,0.229835656786505,0.309879566739193,0.0674917864375707,0.11305557871861,0.0971003155059886
2984,0.0528893319123444,0.0271048600094673,0.0220123248451375,0.433808113858278,0.396307516353404,0.067877853021369
2985,0.00794056318853728,0.14253814655961,0.0744550156848242,0.00706041121580132,0.264763903381655,0.503241959969571
2986,0.00968764789849721,0.0480910204103121,0.0682142618592938,0.0393688802706638,0.127261670594601,0.707376518966632
2987,0.228000284151874,0.252085574786309,0.108423835952565,0.0492630898948861,0.2945869406374,0.0676402745769661
2988,0.345119119483718,0.183296184547713,0.101013933676657,0.118182739417703,0.207860204577156,0.0445278182970532
2989,0.125492237503763,0.0868997228391211,0.0464185958588228,0.288043055745947,0.194804015513149,0.258342372539198
2990,0.0276386098083356,0.148432362534172,0.327844277600564,0.0363420466809597,0.102433307711152,0.357309395664816
2992,0.00914170123954363,0.0165040681622986,0.00551931618529876,0.237584279346861,0.692515040656703,0.0387355944092949
2993,0.0557761862017633,0.102533302865014,0.10018591788687,0.220641565274666,0.262358014405466,0.25850501336622
2994,0.0954044849385028,0.650322645053688,0.0337061603529771,0.0449072485358524,0.114186114501074,0.0614733466179058
2995,0.706864449421491,0.227600246061477,0.0245782465285812,0.0159958565148165,0.0207028089835893,0.00425839249004584
2996,0.00612219366482653,0.0220811761439778,0.0357797822871173,0.182253392538395,0.218321153654848,0.535442301710836
2997,0.0176239674559759,0.0533902756862594,0.0211798649058821,0.18692585332153,0.470654544896161,0.250225493734191
3000,0.0488956021638226,0.067704951268153,0.0321591661008858,0.0619107549252583,0.613605893039749,0.175723632502132
3002,0.120959614942511,0.0198788071930519,0.0202858742307498,0.595006355521228,0.129958194459376,0.113911153653083
3003,0.0191901978741901,0.0682493322220492,0.0403413073777288,0.0491932298716554,0.615324624161962,0.207701308492414
3004,0.42297286869827,0.157035759028868,0.120729078094996,0.131476499939426,0.0608068569144018,0.106978937324038
3005,0.00739503686221071,0.0412685479252314,0.0460469962301452,0.0184752497901747,0.31429118974139,0.572522979450848
3006,0.0484129333326583,0.140605088054194,0.164747581421815,0.203339280240867,0.34261275772571,0.100282359224756
3009,0.399616165920266,0.286690229154565,0.110063663993213,0.0766585985745373,0.0735308118625654,0.053440530494853
3011,0.117684494832955,0.186677305009335,0.0614621916600457,0.185669209268655,0.375800781799096,0.0727060174299137
3013,0.00144806264046738,0.022117949637655,0.0514084895664425,0.00632714682462693,0.389261591601151,0.529436759729657
3014,0.0376309623559031,0.112392223301416,0.255282437338341,0.0894501146158104,0.33012503261265,0.17511922977588
3015,0.0045453007102303,0.114111606206264,0.213374455534786,0.013343894073158,0.245640148370181,0.408984595105381
3017,0.00829242453640412,0.0222973086217272,0.156329349918128,0.0213934344642195,0.102093527863856,0.689593954595665
3018,0.502337601202683,0.172112617161314,0.0841160011797039,0.0907467120150833,0.0884702093810585,0.0622168590601573
3019,0.0285901864206837,0.14082513435177,0.222659442478202,0.0286428748029925,0.239115170446325,0.340167191500027
3020,0.0137724524823509,0.0249737054000723,0.0245058382024525,0.0676066686593962,0.466311332556309,0.402830002699419
3021,0.670134347810353,0.180967702067012,0.0169713285275057,0.0674555556212674,0.0470472576314659,0.0174238083423959
3022,0.0639548801063752,0.306397394387274,0.163922188399091,0.0357934574897196,0.311577822533491,0.11835425708405
3025,0.00550811190691853,0.0438549630544531,0.0999794429864331,0.0150741826771654,0.168131034607909,0.66745226476712
3027,0.0131734491456489,0.0376172450586257,0.0318384543324593,0.103857593637319,0.507424889187835,0.306088368638112
3029,0.654970151084394,0.181794459101505,0.0396082371670762,0.0513327638766563,0.0400656023874441,0.0322287863829239
3030,0.497415559439053,0.236086345835496,0.0620211735203373,0.0989689313206931,0.0495303846514966,0.0559776052329236
3031,0.00309615944761998,0.0196859082308953,0.0397397360610798,0.00706514910253011,0.140913542110825,0.78949950504705
3032,0.0107526947729835,0.0233914484485173,0.0303660115523676,0.0593819555809204,0.393067343134483,0.483040546510728
3036,0.0255150393849943,0.231516289176668,0.201500333508246,0.028271540049459,0.134580188886961,0.378616608993671
3037,0.116645483498082,0.0671063303636641,0.0355761928704441,0.359334775147996,0.312554678847381,0.108782539272433
3039,0.0238539044667084,0.0651819109925955,0.060063008375303,0.0427997373620215,0.414253215614368,0.393848223189004
3040,0.00752866179932033,0.0245308457333274,0.0116253244369649,0.164820921752009,0.67406947420505,0.117424772073329
3041,0.0113089030452873,0.0386440641473863,0.0901366744409485,0.107836596946031,0.42398886827614,0.328084893144207
3043,0.0348516087271263,0.455051834100579,0.0396718202677969,0.0139209362544472,0.406588348343712,0.0499154523063384
3044,0.100404872134059,0.119792890006464,0.0604462173014666,0.114962703962101,0.331266204299409,0.273127112296501
3045,0.54811568241512,0.378592528939935,0.0169888596299607,0.0272251568099493,0.0262534969277455,0.00282427527728952
3046,0.00552482660498658,0.0482353898624215,0.141627229537659,0.0223167220230358,0.221784060203482,0.560511771768414
3047,0.301564411039509,0.192510612367754,0.0596854223262208,0.306653092255262,0.105657860960099,0.0339286010511554
3049,0.00138540258558564,0.0136699691611415,0.0382282892838521,0.00698714209873728,0.0501103017535173,0.889618895117166
3050,0.00455339020865693,0.019817696025493,0.00973664337861351,0.0498858804311999,0.522229664800175,0.393776725155862
3051,0.0264515905689767,0.312102704858221,0.0406025979899056,0.00860242120555602,0.437898286040511,0.17434239933683
3052,0.022440624651239,0.501095474143643,0.162849620270238,0.0194019154283348,0.18926229776236,0.104950067744184
3055,0.0455597388676497,0.115439447990615,0.426608513519615,0.0226379669009577,0.124395380221198,0.265358952499964
3056,0.0837033913329713,0.44348234038335,0.124402747903505,0.0697590832460731,0.175409015945194,0.103243421188907
3059,0.149611129552051,0.151172666471548,0.0911187689335179,0.177965477328482,0.255223682126181,0.17490827558822
3060,0.346766693381321,0.314539637897499,0.0690622315379293,0.0326530564573057,0.169896789483965,0.06708159124198
3063,0.0696637576323843,0.0818967747695714,0.139129438513259,0.145312605094858,0.339117670998099,0.224879752991828
3065,0.158766451439963,0.38839417344259,0.198628175567239,0.0323712822141807,0.170694279078697,0.0511456382573296
3067,0.571357189510799,0.142602913072759,0.0235355112047298,0.152556203288121,0.083299289521625,0.0266488934019664
3068,0.0605811659538869,0.12525745886909,0.165909708193726,0.212550395910897,0.140774614330678,0.294926656741722
3069,0.0441968440571296,0.134870526785225,0.0332515811720084,0.0554000935811735,0.582316794060131,0.149964160344333
3071,0.337344067270697,0.212432746880562,0.120655644299503,0.0843645820967365,0.186659726825667,0.0585432326268346
3074,0.253378061832467,0.360227510394793,0.0619742785913808,0.0363025388381988,0.171052473853811,0.117065136489349
